3.927813163481953529e-01
4.161358811040339889e-01
3.248407643312101745e-01
4.267515923566879144e-01
4.267515923566879144e-01
4.309978768577494845e-01
4.309978768577494845e-01
4.140127388535032038e-01
4.352441613588110547e-01
4.352441613588110547e-01
4.394904458598726249e-01
4.394904458598726249e-01
4.394904458598726249e-01
4.437367303609341951e-01
4.437367303609341951e-01
4.458598726114649802e-01
4.458598726114649802e-01
4.458598726114649802e-01
4.479830148619957653e-01
4.479830148619957653e-01
4.479830148619957653e-01
4.543524416135881205e-01
4.543524416135881205e-01
4.543524416135881205e-01
4.543524416135881205e-01
4.543524416135881205e-01
4.543524416135881205e-01
4.543524416135881205e-01
4.543524416135881205e-01
4.543524416135881205e-01
4.543524416135881205e-01
4.543524416135881205e-01
4.543524416135881205e-01
4.543524416135881205e-01
4.543524416135881205e-01
4.543524416135881205e-01
4.543524416135881205e-01
4.543524416135881205e-01
4.543524416135881205e-01
4.543524416135881205e-01
4.458598726114649802e-01
4.458598726114649802e-01
4.543524416135881205e-01
4.543524416135881205e-01
4.543524416135881205e-01
4.543524416135881205e-01
4.543524416135881205e-01
4.543524416135881205e-01
4.543524416135881205e-01
4.140127388535032038e-01
4.352441613588110547e-01
4.331210191082802696e-01
4.288747346072186994e-01
4.416135881104034100e-01
4.522292993630573354e-01
4.543524416135881205e-01
4.564755838641189056e-01
4.564755838641189056e-01
4.564755838641189056e-01
4.564755838641189056e-01
4.564755838641189056e-01
4.564755838641189056e-01
3.864118895966029976e-01
3.736730360934182316e-01
3.800424628450106423e-01
4.522292993630573354e-01
4.543524416135881205e-01
4.479830148619957653e-01
4.055201698513800634e-01
4.182590233545647740e-01
4.458598726114649802e-01
4.479830148619957653e-01
4.501061571125265504e-01
4.458598726114649802e-01
4.267515923566879144e-01
4.182590233545647740e-01
3.800424628450106423e-01
4.394904458598726249e-01
4.331210191082802696e-01
4.309978768577494845e-01
4.394904458598726249e-01
3.290870488322717446e-01
5.732484076433121134e-02
1.613588110403396947e-01
2.929936305732483981e-01
2.993630573248407534e-01
2.993630573248407534e-01
3.651804670912950912e-01
4.501061571125265504e-01
4.458598726114649802e-01
4.352441613588110547e-01
4.394904458598726249e-01
4.161358811040339889e-01
4.055201698513800634e-01
4.055201698513800634e-01
4.203821656050955591e-01
4.309978768577494845e-01
4.543524416135881205e-01
4.543524416135881205e-01
4.288747346072186994e-01
4.246284501061571293e-01
4.246284501061571293e-01
4.225053078556263442e-01
4.225053078556263442e-01
4.416135881104034100e-01
4.373673036093418398e-01
3.864118895966029976e-01
3.949044585987261380e-01
3.927813163481953529e-01
3.885350318471337827e-01
3.757961783439490722e-01
3.949044585987261380e-01
4.288747346072186994e-01
4.288747346072186994e-01
4.203821656050955591e-01
4.394904458598726249e-01
4.416135881104034100e-01
4.479830148619957653e-01
4.033970276008492784e-01
3.864118895966029976e-01
4.076433121019108485e-01
3.121019108280254639e-01
3.121019108280254639e-01
3.121019108280254639e-01
3.121019108280254639e-01
3.121019108280254639e-01
2.972399150743099683e-01
3.099787685774946788e-01
3.036093418259023236e-01
4.501061571125265504e-01
4.479830148619957653e-01
4.437367303609341951e-01
3.736730360934182316e-01
3.588110403397027359e-01
3.970276008492569231e-01
4.437367303609341951e-01
4.649681528662420460e-01
4.692144373673036162e-01
4.777070063694267565e-01
4.607218683651804758e-01
4.585987261146496907e-01
5.774946921443736558e-01
6.157112526539277875e-01
5.902335456475583664e-01
6.050955414012738620e-01
6.390658174097664235e-01
7.006369426751591911e-01
7.303609341825901824e-01
7.303609341825901824e-01
7.303609341825901824e-01
7.346072186836517526e-01
7.409766454352441079e-01
7.876857749469214909e-01
7.876857749469214909e-01
7.876857749469214909e-01
7.876857749469214909e-01
7.919320594479830611e-01
7.919320594479830611e-01
7.919320594479830611e-01
7.940552016985138462e-01
7.961783439490446312e-01
7.983014861995754163e-01
7.983014861995754163e-01
7.983014861995754163e-01
7.983014861995754163e-01
7.983014861995754163e-01
7.983014861995754163e-01
7.983014861995754163e-01
8.004246284501062014e-01
8.004246284501062014e-01
8.004246284501062014e-01
8.004246284501062014e-01
8.004246284501062014e-01
8.004246284501062014e-01
8.004246284501062014e-01
8.004246284501062014e-01
8.025477707006369865e-01
8.025477707006369865e-01
8.025477707006369865e-01
8.067940552016985567e-01
8.089171974522293418e-01
8.110403397027601269e-01
8.110403397027601269e-01
8.110403397027601269e-01
8.152866242038216971e-01
8.152866242038216971e-01
8.471337579617834734e-01
8.471337579617834734e-01
8.471337579617834734e-01
8.492569002123142585e-01
8.471337579617834734e-01
8.492569002123142585e-01
8.535031847133758287e-01
8.492569002123142585e-01
8.492569002123142585e-01
8.025477707006369865e-01
8.471337579617834734e-01
8.492569002123142585e-01
8.492569002123142585e-01
8.428874734607219033e-01
8.428874734607219033e-01
8.025477707006369865e-01
8.025477707006369865e-01
8.025477707006369865e-01
8.046709129511677716e-01
8.195329087048832672e-01
8.471337579617834734e-01
7.027600849256899762e-01
9.766454352441613640e-01
9.766454352441613640e-01
9.766454352441613640e-01
9.766454352441613640e-01
9.766454352441613640e-01
9.766454352441613640e-01
9.766454352441613640e-01
9.787685774946921491e-01
9.766454352441613640e-01
9.766454352441613640e-01
9.766454352441613640e-01
9.766454352441613640e-01
9.957537154989384298e-01
9.957537154989384298e-01
9.957537154989384298e-01
9.957537154989384298e-01
9.957537154989384298e-01
9.978768577494692149e-01
9.978768577494692149e-01
9.978768577494692149e-01
9.978768577494692149e-01
9.978768577494692149e-01
9.978768577494692149e-01
9.978768577494692149e-01
9.978768577494692149e-01
9.978768577494692149e-01
9.978768577494692149e-01
9.978768577494692149e-01
9.978768577494692149e-01
9.978768577494692149e-01
9.978768577494692149e-01
9.978768577494692149e-01
9.978768577494692149e-01
9.978768577494692149e-01
9.978768577494692149e-01
9.978768577494692149e-01
9.978768577494692149e-01
9.978768577494692149e-01
9.978768577494692149e-01
9.978768577494692149e-01
9.978768577494692149e-01
9.978768577494692149e-01
9.978768577494692149e-01
9.978768577494692149e-01
9.978768577494692149e-01
1.000000000000000000e+00
1.000000000000000000e+00
1.000000000000000000e+00
1.000000000000000000e+00
1.000000000000000000e+00
1.000000000000000000e+00
1.000000000000000000e+00
1.000000000000000000e+00
1.000000000000000000e+00
1.000000000000000000e+00
1.000000000000000000e+00
1.000000000000000000e+00
1.000000000000000000e+00
1.000000000000000000e+00
1.000000000000000000e+00
1.000000000000000000e+00
9.978768577494692149e-01
9.978768577494692149e-01
9.978768577494692149e-01
9.978768577494692149e-01
9.978768577494692149e-01
1.000000000000000000e+00
1.000000000000000000e+00
1.000000000000000000e+00
1.000000000000000000e+00
1.000000000000000000e+00
1.000000000000000000e+00
3.588110403397027359e-01
3.800424628450106423e-01
9.872611464968152895e-01
9.872611464968152895e-01
9.702760084925690087e-01
1.000000000000000000e+00
1.000000000000000000e+00
1.000000000000000000e+00
9.872611464968152895e-01
1.000000000000000000e+00
1.000000000000000000e+00
1.000000000000000000e+00
1.000000000000000000e+00
1.000000000000000000e+00
1.000000000000000000e+00
1.000000000000000000e+00
1.000000000000000000e+00
1.000000000000000000e+00
1.000000000000000000e+00
1.000000000000000000e+00
1.000000000000000000e+00
9.872611464968152895e-01
9.872611464968152895e-01
1.000000000000000000e+00
1.000000000000000000e+00
1.000000000000000000e+00
1.000000000000000000e+00
1.000000000000000000e+00
1.000000000000000000e+00
1.000000000000000000e+00
1.000000000000000000e+00
1.000000000000000000e+00
1.000000000000000000e+00
1.000000000000000000e+00
1.000000000000000000e+00
1.000000000000000000e+00
1.000000000000000000e+00
1.000000000000000000e+00
1.000000000000000000e+00
1.000000000000000000e+00
1.000000000000000000e+00
1.000000000000000000e+00
1.000000000000000000e+00
1.000000000000000000e+00
1.000000000000000000e+00
1.000000000000000000e+00
1.000000000000000000e+00
1.000000000000000000e+00
1.000000000000000000e+00
9.978768577494692149e-01
1.000000000000000000e+00
1.000000000000000000e+00
1.000000000000000000e+00
1.000000000000000000e+00
1.000000000000000000e+00
1.000000000000000000e+00
1.000000000000000000e+00
1.000000000000000000e+00
1.000000000000000000e+00
1.000000000000000000e+00
1.000000000000000000e+00
1.000000000000000000e+00
1.000000000000000000e+00
1.000000000000000000e+00
1.000000000000000000e+00
1.000000000000000000e+00
1.000000000000000000e+00
1.000000000000000000e+00
9.872611464968152895e-01
1.000000000000000000e+00
9.872611464968152895e-01
1.000000000000000000e+00
9.978768577494692149e-01
1.000000000000000000e+00
1.000000000000000000e+00
1.000000000000000000e+00
1.000000000000000000e+00
1.000000000000000000e+00
1.000000000000000000e+00
1.000000000000000000e+00
1.000000000000000000e+00
1.000000000000000000e+00
1.000000000000000000e+00
1.000000000000000000e+00
1.000000000000000000e+00
1.000000000000000000e+00
1.000000000000000000e+00
1.000000000000000000e+00
1.000000000000000000e+00
1.000000000000000000e+00
1.000000000000000000e+00
9.915074309978768596e-01
9.915074309978768596e-01
9.915074309978768596e-01
9.915074309978768596e-01
1.000000000000000000e+00
1.000000000000000000e+00
1.000000000000000000e+00
1.000000000000000000e+00
1.000000000000000000e+00
1.000000000000000000e+00
1.000000000000000000e+00
1.000000000000000000e+00
9.384288747346072324e-01
1.000000000000000000e+00
1.000000000000000000e+00
1.000000000000000000e+00
1.000000000000000000e+00
1.000000000000000000e+00
1.000000000000000000e+00
1.000000000000000000e+00
1.000000000000000000e+00
1.000000000000000000e+00
1.000000000000000000e+00
1.000000000000000000e+00
1.000000000000000000e+00
1.000000000000000000e+00
1.000000000000000000e+00
9.957537154989384298e-01
1.000000000000000000e+00
1.000000000000000000e+00
1.000000000000000000e+00
9.808917197452229342e-01
9.957537154989384298e-01
1.000000000000000000e+00
9.681528662420382236e-01
1.000000000000000000e+00
1.000000000000000000e+00
1.000000000000000000e+00
1.000000000000000000e+00
1.000000000000000000e+00
1.000000000000000000e+00
1.000000000000000000e+00
1.000000000000000000e+00
1.000000000000000000e+00
1.000000000000000000e+00
1.000000000000000000e+00
1.000000000000000000e+00
1.000000000000000000e+00
1.000000000000000000e+00
1.000000000000000000e+00
1.000000000000000000e+00
1.000000000000000000e+00
1.000000000000000000e+00
1.000000000000000000e+00
1.000000000000000000e+00
9.893842887473460745e-01
1.000000000000000000e+00
1.000000000000000000e+00
1.000000000000000000e+00
1.000000000000000000e+00
1.000000000000000000e+00
1.000000000000000000e+00
1.000000000000000000e+00
1.000000000000000000e+00
1.000000000000000000e+00
1.000000000000000000e+00
1.000000000000000000e+00
1.000000000000000000e+00
9.978768577494692149e-01
9.978768577494692149e-01
1.000000000000000000e+00
1.000000000000000000e+00
1.000000000000000000e+00
1.000000000000000000e+00
1.000000000000000000e+00
1.000000000000000000e+00
1.000000000000000000e+00
1.000000000000000000e+00
1.000000000000000000e+00
1.000000000000000000e+00
1.000000000000000000e+00
1.000000000000000000e+00
1.000000000000000000e+00
1.000000000000000000e+00
1.000000000000000000e+00
1.000000000000000000e+00
1.000000000000000000e+00
1.000000000000000000e+00
1.000000000000000000e+00
1.000000000000000000e+00
1.000000000000000000e+00
1.000000000000000000e+00
1.000000000000000000e+00
1.000000000000000000e+00
1.000000000000000000e+00
1.000000000000000000e+00
1.000000000000000000e+00
1.000000000000000000e+00
1.000000000000000000e+00
1.000000000000000000e+00
1.000000000000000000e+00
1.000000000000000000e+00
1.000000000000000000e+00
1.000000000000000000e+00
1.000000000000000000e+00
1.000000000000000000e+00
1.000000000000000000e+00
1.000000000000000000e+00
1.000000000000000000e+00
1.000000000000000000e+00
1.000000000000000000e+00
1.000000000000000000e+00
1.000000000000000000e+00
1.000000000000000000e+00
1.000000000000000000e+00
1.000000000000000000e+00
1.000000000000000000e+00
1.000000000000000000e+00
1.000000000000000000e+00
1.000000000000000000e+00
1.000000000000000000e+00
1.000000000000000000e+00
1.000000000000000000e+00
1.000000000000000000e+00
1.000000000000000000e+00
1.000000000000000000e+00
1.000000000000000000e+00
1.000000000000000000e+00
1.000000000000000000e+00
1.000000000000000000e+00
1.000000000000000000e+00
1.000000000000000000e+00
1.000000000000000000e+00
1.000000000000000000e+00
1.000000000000000000e+00
1.000000000000000000e+00
9.978768577494692149e-01
1.000000000000000000e+00
9.957537154989384298e-01
1.000000000000000000e+00
1.000000000000000000e+00
1.000000000000000000e+00
1.000000000000000000e+00
1.000000000000000000e+00
1.000000000000000000e+00
1.000000000000000000e+00
1.000000000000000000e+00
1.000000000000000000e+00
1.000000000000000000e+00
1.000000000000000000e+00
9.893842887473460745e-01
9.893842887473460745e-01
1.000000000000000000e+00
1.000000000000000000e+00
1.000000000000000000e+00
1.000000000000000000e+00
9.936305732484076447e-01
1.000000000000000000e+00
9.872611464968152895e-01
1.000000000000000000e+00
1.000000000000000000e+00
1.000000000000000000e+00
9.957537154989384298e-01
1.000000000000000000e+00
9.851380042462845044e-01
9.978768577494692149e-01
9.936305732484076447e-01
9.957537154989384298e-01
1.000000000000000000e+00
9.978768577494692149e-01
9.978768577494692149e-01
1.000000000000000000e+00
9.936305732484076447e-01
1.000000000000000000e+00
1.000000000000000000e+00
9.978768577494692149e-01
1.000000000000000000e+00
1.000000000000000000e+00
1.000000000000000000e+00
1.000000000000000000e+00
1.000000000000000000e+00
1.000000000000000000e+00
1.000000000000000000e+00
1.000000000000000000e+00
9.978768577494692149e-01
9.978768577494692149e-01
9.978768577494692149e-01
9.978768577494692149e-01
9.978768577494692149e-01
9.851380042462845044e-01
9.851380042462845044e-01
9.830148619957537193e-01
1.000000000000000000e+00
1.000000000000000000e+00
1.000000000000000000e+00
1.000000000000000000e+00
9.851380042462845044e-01
1.000000000000000000e+00
1.000000000000000000e+00
9.978768577494692149e-01
5.414012738853503093e-01
1.000000000000000000e+00
9.872611464968152895e-01
1.000000000000000000e+00
9.957537154989384298e-01
1.000000000000000000e+00
1.000000000000000000e+00
1.000000000000000000e+00
1.000000000000000000e+00
1.000000000000000000e+00
1.000000000000000000e+00
1.000000000000000000e+00
1.000000000000000000e+00
1.000000000000000000e+00
9.978768577494692149e-01
9.978768577494692149e-01
9.978768577494692149e-01
9.957537154989384298e-01
9.426751592356688025e-01
9.936305732484076447e-01
9.915074309978768596e-01
1.000000000000000000e+00
1.000000000000000000e+00
9.766454352441613640e-01
1.000000000000000000e+00
1.000000000000000000e+00
1.000000000000000000e+00
1.000000000000000000e+00
1.000000000000000000e+00
1.000000000000000000e+00
9.872611464968152895e-01
9.872611464968152895e-01
1.000000000000000000e+00
1.000000000000000000e+00
1.000000000000000000e+00
1.000000000000000000e+00
1.000000000000000000e+00
1.000000000000000000e+00
1.000000000000000000e+00
1.000000000000000000e+00
9.978768577494692149e-01
9.978768577494692149e-01
9.978768577494692149e-01
9.978768577494692149e-01
9.978768577494692149e-01
9.978768577494692149e-01
9.978768577494692149e-01
9.978768577494692149e-01
9.957537154989384298e-01
9.957537154989384298e-01
9.957537154989384298e-01
9.957537154989384298e-01
9.957537154989384298e-01
9.957537154989384298e-01
9.957537154989384298e-01
9.957537154989384298e-01
9.957537154989384298e-01
9.957537154989384298e-01
9.957537154989384298e-01
9.957537154989384298e-01
9.957537154989384298e-01
9.957537154989384298e-01
9.957537154989384298e-01
9.957537154989384298e-01
9.957537154989384298e-01
9.957537154989384298e-01
9.936305732484076447e-01
9.957537154989384298e-01
9.957537154989384298e-01
9.957537154989384298e-01
9.957537154989384298e-01
9.957537154989384298e-01
9.957537154989384298e-01
9.957537154989384298e-01
9.957537154989384298e-01
9.957537154989384298e-01
9.957537154989384298e-01
9.957537154989384298e-01
9.957537154989384298e-01
9.915074309978768596e-01
9.702760084925690087e-01
9.957537154989384298e-01
9.957537154989384298e-01
9.957537154989384298e-01
9.957537154989384298e-01
9.957537154989384298e-01
9.957537154989384298e-01
9.957537154989384298e-01
9.957537154989384298e-01
9.957537154989384298e-01
9.957537154989384298e-01
9.957537154989384298e-01
9.957537154989384298e-01
9.915074309978768596e-01
9.915074309978768596e-01
9.915074309978768596e-01
9.915074309978768596e-01
9.915074309978768596e-01
9.915074309978768596e-01
9.915074309978768596e-01
9.915074309978768596e-01
9.915074309978768596e-01
