3.360890940236069269e-02
3.041740499964420419e-01
3.295476053652058313e-01
9.181321108663782482e-01
1.136599619243750414e+00
9.551343513839309907e-01
7.575686156301941754e-01
3.049551790126053818e-01
1.090697680157739713e+00
4.193029255894676899e-01
6.270582936742610247e-01
3.834343086399139566e-01
2.390786890719690527e-01
4.070629956264077975e-01
7.508999263563196358e-01
2.534723193840311972e-01
2.573186405438316338e-01
4.816023787938644718e-01
3.009234461033942487e-02
8.363910532917540053e-02
3.837909617272223239e-01
2.973661644190960657e-02
1.651325136194499998e-01
-0.000000000000000000e+00
8.266591911264618842e-02
1.355066347279949845e-01
-0.000000000000000000e+00
2.973661644190960657e-02
-0.000000000000000000e+00
-0.000000000000000000e+00
-0.000000000000000000e+00
-0.000000000000000000e+00
-0.000000000000000000e+00
-0.000000000000000000e+00
-0.000000000000000000e+00
2.160276287017610097e-01
2.973661644190960657e-02
7.374282329542919401e-02
2.773976906744710091e-01
3.265972155278381583e-01
1.426138721156084699e-01
9.175477937288123442e-01
1.225506126614539365e-01
2.574728512851131579e-01
4.871042141246637036e-01
1.574557018382078399e-01
2.983304658602929371e-01
1.009452056076532100e+00
5.710545345276936136e-01
3.368229230845962707e-01
1.388208755310634590e+00
6.815738349689357545e-01
3.703200342597294248e-01
2.753843021153951076e-01
3.448391721878700245e-01
2.626864856616134003e-01
2.962004108265712046e-02
2.962004108265712046e-02
-0.000000000000000000e+00
2.962004108265712046e-02
5.594397891008491275e-01
1.399633852308442006e-01
1.597628810939095423e-01
6.272733291646689358e-01
4.893088627517611644e-01
4.008815742615337019e-01
5.181861231447998373e-01
1.061098475720531953e+00
8.490238904111258034e-01
7.121324665411226107e-01
1.375065639900330705e+00
1.464698628615194398e+00
1.307284051083720700e+00
1.583143898278080330e+00
1.232215659208537373e+00
1.531556719631033792e+00
1.164875704591578076e+00
1.477593052213963531e+00
1.502607591296543532e+00
8.945157066704588766e-01
1.108189438014972161e+00
1.027718643816476929e+00
2.640520518256286864e-01
5.760198233885944763e-01
7.118340373080482841e-01
7.666883938182649239e-01
1.212755830185713091e+00
7.667475715096010447e-01
8.635319114306182486e-01
1.588475837559924386e+00
1.088159461484259793e+00
7.888638808959695936e-01
9.590894216093539537e-01
1.036745682505891830e+00
5.308415977976741473e-01
1.009950976104536213e+00
1.229224423412764944e+00
8.199088989085664414e-01
1.162489591477861905e+00
7.973988839398364892e-01
6.756684865802115025e-01
7.874041841921461948e-01
4.476364954522311090e-01
1.079173234184198860e+00
1.122923838819320341e+00
9.558954717475305340e-01
8.400453024772669419e-01
1.460006953664994223e+00
6.456295780501948300e-01
1.113350975359032491e+00
3.129280407420274579e-01
1.048257972856529552e+00
8.556341393932261896e-01
1.473219770055500533e+00
1.043106308755743949e+00
1.060184532618510422e+00
4.324350944315923928e-01
1.036192937436202666e+00
6.470343125406741169e-01
5.093095754784764395e-01
2.933010736935035001e-01
1.889201098706259629e-01
5.183715052427297909e-01
2.109734304476415523e-01
7.059374205737921626e-01
6.591002348995801396e-01
2.803778272980796404e-01
3.706799633828326557e-01
4.330674279732242837e-01
9.671748575242069546e-01
8.699854601274950028e-01
1.147590401930117299e+00
8.261717822368488395e-01
7.562611914208032804e-01
1.037686326731780628e+00
1.311772707166230845e+00
1.086287755761605966e+00
8.227244030304071698e-01
1.024655605002768644e+00
1.152807629758048735e+00
1.085799703826356710e+00
3.839089500381600573e-01
8.144576601192690113e-01
1.198941353910427221e+00
9.300901778461471148e-01
7.629573238457393325e-01
3.383757975954908015e-01
5.558869483037767734e-02
7.544455170889169393e-02
2.662501508722986410e-01
6.955695730796906950e-02
1.963793090868197477e-02
1.863841817034637971e-02
6.154972917914651453e-02
3.726955141887842993e-02
-0.000000000000000000e+00
3.709862010666156729e-02
-0.000000000000000000e+00
3.709862010666156729e-02
2.269887664826239770e-01
-0.000000000000000000e+00
1.842621855238368855e-02
1.842621855238368855e-02
-0.000000000000000000e+00
-0.000000000000000000e+00
-0.000000000000000000e+00
-0.000000000000000000e+00
3.169537314729506394e-01
-0.000000000000000000e+00
-0.000000000000000000e+00
2.100767503828074034e-01
-0.000000000000000000e+00
3.013261502946636972e-01
8.885485644130267091e-02
6.923554371342286462e-01
5.878649256306972548e-02
-0.000000000000000000e+00
1.834277850874100474e-02
1.834277850874100474e-02
1.826014291453781357e-02
8.237587176553387569e-02
3.634972893703599522e-02
5.451426900908939305e-02
5.451426900908939305e-02
7.300587948793465509e-01
5.427129757920324399e-02
3.154538231859908143e-02
3.501980427629304560e-02
1.015091065496640660e-01
2.924108590681895326e-01
4.904582286005351732e-02
6.639874206324652972e-02
1.043127163384880290e-01
6.639874206324652972e-02
1.475950844239613813e-01
6.966149034404581220e-02
2.481088010683421552e-01
2.885495220976049269e-01
3.053612939034284768e-01
3.167331123082172128e-01
2.519808305508812185e-01
5.500726509338645792e-02
9.164353284936761768e-02
6.460979059567426019e-02
1.830136090246821390e-02
2.000340175962322942e-01
2.608305259529311582e-01
-0.000000000000000000e+00
1.550030161837931235e-02
1.550030161837931235e-02
3.597104787696697725e-02
1.550030161837931235e-02
1.550030161837931235e-02
1.550030161837931235e-02
1.550030161837931235e-02
1.547139405468597566e-02
-0.000000000000000000e+00
2.798218364527848417e-02
-0.000000000000000000e+00
-0.000000000000000000e+00
1.113068632443731776e+00
-0.000000000000000000e+00
-0.000000000000000000e+00
-0.000000000000000000e+00
-0.000000000000000000e+00
5.382558328164618183e-02
5.382558328164618183e-02
7.410796748037462578e-02
1.521631512685949102e-02
1.521631512685949102e-02
1.521631512685949102e-02
1.521631512685949102e-02
1.521631512685949102e-02
-0.000000000000000000e+00
7.079860054086097865e-01
1.521631512685949102e-02
6.225578772031738206e-02
3.529512193542599235e-02
2.036792563012585766e-01
3.529512193542577725e-02
3.529512193542578419e-02
3.529512193542589521e-02
8.400785451341425958e-01
3.529512193542578419e-02
3.529512193542589521e-02
2.150279730552195068e-01
-0.000000000000000000e+00
1.521631512685949102e-02
1.521631512685949102e-02
1.521631512685949102e-02
1.521631512685949102e-02
3.042809366270284727e-02
1.521631512685949102e-02
1.518852605266189475e-02
1.518852605266189475e-02
-0.000000000000000000e+00
4.260871641434011564e-02
1.518852605266189475e-02
4.260871641434011564e-02
1.518852605266189475e-02
1.726607620452171865e-01
1.518852605266189475e-02
1.518852605266189475e-02
1.518852605266189475e-02
2.045939788418629501e-01
1.518852605266189475e-02
1.518852605266189475e-02
6.823824175847928442e-02
1.518852605266189475e-02
-0.000000000000000000e+00
-0.000000000000000000e+00
-0.000000000000000000e+00
2.657261094076591723e-01
2.587342017309468001e-01
1.518852605266189475e-02
6.560042643119915473e-01
1.901263489308679666e-01
8.524068371496464902e-01
1.489058142856880818e-01
1.222833672453834009e+00
3.550816402556501439e-01
1.994202236880061874e-01
2.608721447562297735e-01
1.108323586654026971e-01
5.511015301713960424e-02
2.743519412067138008e-01
2.742923464821198781e-02
1.397975718263127776e-01
3.474529202623957702e-01
-0.000000000000000000e+00
-0.000000000000000000e+00
5.475477169621494056e-02
3.855448604303558097e-02
3.855448604303558097e-02
-0.000000000000000000e+00
8.112237251908249736e-02
7.573361806515935268e-02
8.470056763620012474e-02
9.561291945502795042e-02
1.218583243713484837e-01
7.634670250108835377e-02
1.535690616158765995e-02
1.136508516803996366e-01
1.170826543533543540e-01
1.927737926954702086e-01
-0.000000000000000000e+00
9.561291945502795042e-02
7.397787499244494469e-02
6.823824175847928442e-02
2.742923464821198781e-02
6.823824175847928442e-02
6.823824175847928442e-02
7.706814214777796268e-02
9.445127941458758558e-02
6.823824175847928442e-02
6.823824175847928442e-02
6.823824175847928442e-02
6.823824175847928442e-02
8.112237251908249736e-02
7.987396569789109169e-01
7.397787499244494469e-02
1.326530742996752388e-01
6.823824175847928442e-02
6.823824175847928442e-02
7.706814214777796268e-02
3.037253477797820927e-02
6.823824175847928442e-02
4.436544780467879256e-01
7.866648098270670464e-02
4.907857230059813336e-01
2.549634639257424285e-01
-0.000000000000000000e+00
9.334034917304925849e-02
7.706814214777796268e-02
4.659654100184161263e-01
9.561291945502795042e-02
1.501602006288165203e-01
-0.000000000000000000e+00
2.742923464821198781e-02
1.046698878927013326e-01
3.974783929873201282e-01
2.742923464821198781e-02
9.561291945502793654e-02
5.475477169621471851e-02
7.573361806515924166e-02
5.881203230787956926e-02
1.359565929052756750e-01
5.881203230787956926e-02
3.835645049653226835e-01
2.044616842395283740e-01
7.661772038754612879e-01
1.077323383846253035e+00
1.078627695379233142e-01
4.292609514776014601e-01
5.881203230787956926e-02
4.895376115897696889e-02
1.875858094154476408e-01
4.223387476511142880e-01
8.204811305427696100e-01
9.445127941458758558e-02
4.895376115897696889e-02
1.875870756649045401e-01
3.599229504124851209e-01
7.001076020582164272e-02
-0.000000000000000000e+00
5.881203230787956926e-02
-0.000000000000000000e+00
1.518852605266189475e-02
1.186523058736444342e-01
2.742923464821198781e-02
2.742923464821198781e-02
2.762757039000960160e-02
1.271419566886575481e-01
4.929969988216078430e-02
-0.000000000000000000e+00
1.518852605266189475e-02
-0.000000000000000000e+00
-0.000000000000000000e+00
-0.000000000000000000e+00
-0.000000000000000000e+00
-0.000000000000000000e+00
-0.000000000000000000e+00
9.067739842758183455e-01
3.053421474817756831e-01
3.094735244284936848e-01
2.867314364940056204e-01
2.742923464821198781e-02
4.260871641434011564e-02
4.895376115897696889e-02
1.518852605266189475e-02
-0.000000000000000000e+00
2.742923464821198781e-02
1.962762528078259849e-01
4.895376115897696889e-02
6.962733239053802148e-01
-0.000000000000000000e+00
3.410358132837642553e-01
9.261289407760286974e-01
3.205863579144896947e-01
-0.000000000000000000e+00
7.736331120420437690e-01
1.228222875873200143e-01
2.255357404664504739e-01
8.588290560549765029e-01
3.503884106630590356e-01
1.511330167829501581e-01
1.015955220635988976e+00
1.245065985563588717e-01
6.823824175847928442e-02
5.372943117697109860e-02
8.745374891351682944e-02
8.112237251908249736e-02
5.484036141850941182e-02
-0.000000000000000000e+00
2.734714363290974282e-01
9.561291945502795042e-02
8.455151821524586886e-01
9.508450772170559118e-01
1.518852605266189475e-02
3.452972196849130593e-01
1.135613679778325336e-01
2.391071854095921934e-01
7.730437156128051879e-02
1.877724212181509089e-01
-0.000000000000000000e+00
1.436991277481612372e-01
7.914004519021977657e-01
4.991970800383699336e-01
3.144917180157698056e-01
1.824778118446394037e-01
4.518103179571145156e-01
7.719807735412362870e-01
8.951250836697693947e-01
3.767381466594872386e-01
1.186523058736444342e-01
1.337859791082378902e-01
1.610961082475516060e-01
3.082553020935315802e-01
2.879954415642217436e-01
-0.000000000000000000e+00
2.793542190537149916e-01
1.444205673948508462e-01
-0.000000000000000000e+00
-0.000000000000000000e+00
-0.000000000000000000e+00
1.269134410657095646e-01
-0.000000000000000000e+00
-0.000000000000000000e+00
-0.000000000000000000e+00
-0.000000000000000000e+00
-0.000000000000000000e+00
-0.000000000000000000e+00
-0.000000000000000000e+00
-0.000000000000000000e+00
1.012136948376448492e-01
7.454342203322723570e-01
1.482832634887766843e-01
1.518852605266189475e-02
-0.000000000000000000e+00
-0.000000000000000000e+00
8.339951854221228089e-02
8.553346222935978016e-01
2.906867386915028550e-01
9.729832231768906214e-02
1.186523058736444342e-01
9.302605266852441712e-01
3.362055065167551815e-01
5.484036141850941182e-02
1.825963817144133639e-01
2.742923464821198781e-02
-0.000000000000000000e+00
-0.000000000000000000e+00
1.518852605266189475e-02
-0.000000000000000000e+00
8.582014936845099307e-01
1.794531625379636175e-01
1.570418778762470713e-01
7.578053633325909644e-01
2.266125452438376986e-01
4.260871641434011564e-02
-0.000000000000000000e+00
-0.000000000000000000e+00
1.518852605266189475e-02
1.518852605266189475e-02
1.553235828492677273e-01
-0.000000000000000000e+00
-0.000000000000000000e+00
2.742923464821198781e-02
5.881203230787956926e-02
-0.000000000000000000e+00
-0.000000000000000000e+00
-0.000000000000000000e+00
-0.000000000000000000e+00
-0.000000000000000000e+00
-0.000000000000000000e+00
-0.000000000000000000e+00
-0.000000000000000000e+00
1.794531625379636175e-01
2.742923464821198781e-02
7.397787499244494469e-02
1.489058142856880818e-01
2.059004470253553709e-01
6.823824175847928442e-02
1.012136948376448492e-01
3.936175795708956038e-01
6.823824175847928442e-02
-0.000000000000000000e+00
2.906820204715682143e-01
7.768519167528937786e-01
1.487679019225034149e-01
-0.000000000000000000e+00
9.454811338841494217e-02
5.460357932356849631e-01
1.518852605266189475e-02
-0.000000000000000000e+00
-0.000000000000000000e+00
-0.000000000000000000e+00
-0.000000000000000000e+00
5.881203230787956926e-02
1.076747677183000906e-01
8.913915177617795504e-02
2.095457894854106662e-01
7.554838595648459831e-01
1.097009431394830647e+00
-0.000000000000000000e+00
2.039637913892421717e-01
9.305062037238536199e-01
1.420083180834014469e-01
3.800625100190027639e-01
3.892543452877778587e-01
2.042194458424911874e-01
5.820860914621581728e-01
1.473638675246170815e-01
1.016239843740760262e+00
1.188734956162421780e-01
1.464481470294511645e-01
-0.000000000000000000e+00
2.594530769341795162e-01
1.762575188357207168e-01
8.765670772456344295e-01
8.112441964869401279e-01
7.192599597767944664e-01
1.115694451981216861e+00
1.171274191204659809e-01
7.521503219008975893e-01
-0.000000000000000000e+00
2.974937622256749181e-01
1.671262437516378707e-01
1.066646803274032551e-01
7.634670250108835377e-02
1.324002630255957103e-01
4.314358410076170047e-01
2.673296617691762744e-01
9.938407759078025094e-01
4.685189424520088686e-01
4.880832122050192678e-01
9.901921179794865857e-01
9.262131018676272864e-02
1.039055758818006880e-01
6.158851027176445170e-01
3.294638541772926810e-01
4.301603400872283101e-01
8.368481226088948510e-01
6.181039844726325949e-01
3.220470849488678011e-01
3.365034587130266708e-01
1.159118938265998461e-01
1.231832523341175767e+00
2.742923464821198781e-02
9.150797928482135024e-02
8.634735435257918923e-02
3.306099384651305373e-01
2.475585113194198883e-01
1.022691185507999256e-01
5.608079365088702861e-01
5.309772948761807276e-01
8.020694699016361895e-01
2.179251417403227642e-01
3.855448604303558097e-02
-0.000000000000000000e+00
-0.000000000000000000e+00
3.990191345128694111e-01
1.444205673948508462e-01
-0.000000000000000000e+00
1.518852605266189475e-02
8.875216912262750002e-01
1.598341026623609773e-01
8.929691682304705114e-02
6.435200154337533673e-02
8.106740635078306390e-02
2.207861621479899061e-01
2.124805731246747487e-01
8.112237251908249736e-02
1.662808833848421208e-01
1.157242893901054170e+00
3.200135853335500102e-01
1.011930772176752091e+00
4.963756577991129681e-01
7.001076020582164272e-02
1.756937297132590281e-01
2.986902782997982730e-01
2.816143687518251060e-01
7.476593036163435568e-02
1.607171366794703515e-01
4.128242120281194749e-01
1.337814225657485978e-01
-0.000000000000000000e+00
-0.000000000000000000e+00
1.553235828492677273e-01
-0.000000000000000000e+00
-0.000000000000000000e+00
-0.000000000000000000e+00
-0.000000000000000000e+00
6.835612226080477194e-02
6.738649331529235065e-01
-0.000000000000000000e+00
8.354507160347719730e-02
1.521631512685949102e-02
3.042809366270284727e-02
-0.000000000000000000e+00
6.847444678893456482e-02
-0.000000000000000000e+00
-0.000000000000000000e+00
6.847444678893456482e-02
1.558288406571020634e-01
1.190479935292056701e-01
-0.000000000000000000e+00
-0.000000000000000000e+00
-0.000000000000000000e+00
2.688444410017594155e-01
1.487679019225034149e-01
-0.000000000000000000e+00
-0.000000000000000000e+00
-0.000000000000000000e+00
-0.000000000000000000e+00
-0.000000000000000000e+00
-0.000000000000000000e+00
-0.000000000000000000e+00
-0.000000000000000000e+00
-0.000000000000000000e+00
-0.000000000000000000e+00
-0.000000000000000000e+00
-0.000000000000000000e+00
1.183385099084602876e-01
-0.000000000000000000e+00
7.757003769329316734e-02
-0.000000000000000000e+00
7.024509221740316001e-01
-0.000000000000000000e+00
6.847444678893456482e-02
1.530033796322071739e-02
3.953685965399396374e-02
9.507192625881524251e-01
1.524421303165538095e-02
1.691014676619794765e-01
4.276310988834579330e-02
1.524421303165538095e-02
5.593305732434128430e-01
1.524421303165538095e-02
1.587899253565747681e-01
4.276310988834579330e-02
5.392210647586354738e-02
2.752801856889143875e-02
-0.000000000000000000e+00
2.268496674656726164e-01
2.762757039000960160e-02
5.922397021293614172e-02
-0.000000000000000000e+00
-0.000000000000000000e+00
-0.000000000000000000e+00
-0.000000000000000000e+00
1.530033796322071739e-02
-0.000000000000000000e+00
