1.0 -0.0 0.0 0.0 0.0 1.0 1.0 1.0 0.0 0.0 
0.0 0.9904630261725093 1.26712673929629 -0.0 0.39 0.989795918367347 0.989795918367347 0.989795918367347 724.3 0.1 
1.0 0.32745885731353896 0.22316277447127 0.02 0.03 1.0 0.9937888198757762 0.996894409937888 145.15 0.18 
0.0 -0.0 0.0 0.0 0.0 1.0 1.0 1.0 0.0 0.0 
1.0 0.08591550133466311 0.067739075695627 0.17 0.21 0.946938775510204 0.9632653061224488 0.955102040816327 245.0 1.75 
0.0 0.2929006197311461 0.146450309865573 0.02 0.02 0.996875 0.996875 0.996875 320.0 0.15 
1.0 -0.0 0.0 0.02 0.02 0.9968652037617554 0.9968652037617554 0.996865203761755 319.0 0.23 
0.0 0.032720686106879206 0.0163603430534396 0.0 -0.0 1.0 0.7732793522267206 0.88663967611336 0.0 0.0 
1.0 0.08658995362655052 0.0624608032366192 -0.0 0.0 1.0 1.0 1.0 0.03 0.0 
0.0 0.0693153717009415 0.0506667656699879 0.0 0.02 0.8448275862068965 0.9956896551724136 0.920258620689655 11.62 0.32 
1.0 -0.0 0.0 0.0 0.0 1.0 1.0 1.0 0.0 0.0 
0.0 0.2979800776557417 0.148990038827871 -0.0 0.0 1.0 0.9944903581267218 0.997245179063361 0.17 0.02 
1.0 0.02390689630310245 0.0119534481515512 0.01 0.02 1.0 0.9963898916967509 0.998194945848375 277.0 0.25 
0.0 0.2658313188847421 0.143960694241964 -0.0 0.0 1.0 1.0 1.0 0.06 0.01 
1.0 0.696576102069623 0.652529534346246 0.24 0.48 1.0 0.9970845481049562 0.998542274052478 649.4 2.34 
0.0 0.03201815963903439 0.125565214667869 0.02 0.04 0.8448275862068965 0.9956896551724136 0.920258620689655 239.51 0.01 
1.0 -0.0 0.0 0.0 -0.0 1.0 0.9842105263157896 0.992105263157895 0.0 0.0 
0.0 0.6359689346369413 0.390289196109337 -0.0 0.02 1.0 0.9904458598726114 0.995222929936306 10.93 0.1 
1.0 0.05822889373687884 0.119908207802929 -0.0 0.0 1.0 1.0 1.0 0.09 0.01 
0.0 0.09551752959899933 0.0477587647994997 0.0 0.0 1.0 1.0 1.0 0.0 0.0 
1.0 0.15813042339494393 0.079065211697472 -0.0 0.0 1.0 0.9968152866242038 0.998407643312102 0.0 0.0 
0.0 0.4465340893780313 0.223267044689016 0.0 0.0 1.0 1.0 1.0 0.0 0.0 
1.0 0.022214468734433918 0.011107234367217 -0.0 -0.0 1.0 1.0 1.0 0.0 0.0 
0.0 -0.0 0.0 0.0 0.0 1.0 1.0 1.0 0.0 0.0 
1.0 0.08587920343126318 0.0429396017156316 0.0 0.0 1.0 1.0 1.0 0.0 0.0 
0.0 0.06966149034404581 0.0440229437838263 -0.0 0.0 1.0 0.9973544973544972 0.998677248677249 0.02 0.0 
1.0 0.8700558516117761 0.445222001390814 0.01 0.05 0.9910979228486648 0.9910979228486648 0.991097922848665 338.35 0.13 
0.0 0.0712759023849943 0.0680933555121878 0.01 0.01 1.0 0.9627507163323779 0.981375358166189 110.17 0.1 
1.0 0.7444566706707163 0.401922775795896 -0.01 0.03 0.9380530973451328 0.9970501474926252 0.967551622418879 33.11 0.0 
0.0 -0.0 0.0 -0.0 0.0 1.0 1.0 1.0 0.0 0.0 
1.0 0.1738885233134171 0.721023138553172 -0.02 0.18 0.9933333333333332 0.9933333333333332 0.993333333333333 726.79 0.31 
0.0 0.08965960690855387 0.0448298034542769 0.0 0.0 1.0 1.0 1.0 0.0 0.0 
1.0 0.8181209067421056 0.460110496038362 0.17 0.24 0.7605177993527507 0.8673139158576052 0.813915857605178 159.97 0.65 
0.0 0.2338222085409008 0.64521771687644 0.01 0.06 0.9929328621908128 0.9929328621908128 0.992932862190813 287.92 0.19 
1.0 0.07546791682907909 0.0377339584145396 0.0 0.0 1.0 1.0 1.0 0.0 0.0 
0.0 0.04038525502705401 0.020192627513527 0.0 0.0 1.0 0.9933110367892976 0.996655518394649 0.0 0.0 
1.0 -0.0 0.0 -0.0 -0.0 1.0 1.0 1.0 0.0 0.0 
0.0 1.0895803914479159 0.544790195723958 0.0 -0.0 1.0 1.0 1.0 0.0 0.0 
1.0 1.3525520919415797 1.35255209194158 -0.74 0.0 0.9305135951661632 0.9305135951661632 0.930513595166163 0.0 1.3 
0.0 0.03907411550489949 0.0195370577524497 0.0 0.0 1.0 1.0 1.0 0.0 0.0 
1.0 0.42478094256309645 0.271823817096049 0.0 0.03 1.0 1.0 1.0 123.54 0.13 
0.0 -0.0 0.0 0.0 0.0 1.0 1.0 1.0 0.0 0.0 
1.0 0.20129389834742445 0.100646949173712 -0.0 0.0 1.0 1.0 1.0 0.0 0.0 
0.0 0.4592541629795401 0.241998536846129 -0.0 0.0 1.0 0.5112781954887218 0.755639097744361 1.05 0.03 
1.0 0.14373931159777967 0.788301718966914 -0.0 0.02 1.0 1.0 1.0 39.76 0.04 
0.0 0.7429759670851301 0.441533863056359 -0.03 0.05 1.0 0.9542682926829268 0.977134146341463 22.76 0.03 
1.0 0.944729522285408 0.624539254261196 0.02 0.16 0.9148264984227128 0.9621451104100947 0.938485804416404 224.37 0.33 
0.0 0.8565463996355953 0.768772771450503 0.05 0.66 1.0 0.9936908517350158 0.996845425867508 313.72 0.99 
1.0 0.6138129038747236 0.613812903874724 -0.14 0.0 0.9968652037617554 0.9968652037617554 0.996865203761755 0.0 2.1 
0.0 0.06736955992739492 0.0336847799636975 -0.0 0.0 0.9644012944983817 0.9967637540453076 0.980582524271845 0.05 0.01 
1.0 -0.0 0.0 0.0 0.0 1.0 1.0 1.0 0.0 0.0 
0.0 0.01949491299435019 0.00974745649717509 0.02 0.02 1.0 0.9971590909090908 0.998579545454545 352.0 0.21 
1.0 0.17313623477004397 0.145988627271801 0.04 0.04 0.968390804597701 0.9885057471264372 0.978448275862069 124.29 0.37 
0.0 0.027879870468395514 0.0139399352341978 -0.0 0.0 0.9870689655172414 0.9956896551724136 0.991379310344828 0.03 0.01 
1.0 0.02390689630310245 0.0119534481515512 0.01 0.02 1.0 0.9963898916967509 0.998194945848375 277.0 0.28 
0.0 0.06002390931952181 0.0407568574242889 -0.0 0.0 1.0 1.0 1.0 0.01 0.0 
1.0 0.326308742127741 0.222955144647323 -0.0 0.0 1.0 1.0 1.0 3.86 0.12 
0.0 0.8316960826803917 0.415848041340196 0.0 -0.0 1.0 0.9968652037617554 0.998432601880878 0.0 0.0 
1.0 0.01872477074468281 0.0093623853723414 0.03 0.03 0.9946091644204854 0.9946091644204854 0.994609164420485 371.0 0.39 
0.0 0.03971800666273055 0.0303483264515179 -0.0 0.0 0.9351851851851855 0.9969135802469133 0.966049382716049 0.15 0.02 
1.0 0.09962338946616205 0.146552850398037 -0.0 0.0 1.0 1.0 1.0 0.17 0.03 
0.0 1.1688527180954242 0.584426359047712 -0.0 0.0 1.0 0.8891752577319588 0.944587628865979 0.0 0.0 
1.0 0.36295127471398303 0.181475637356991 0.0 0.0 1.0 1.0 1.0 0.0 0.0 
0.0 2.0102414277758704 1.103950282571 0.0 0.22 0.7603092783505153 0.9072164948453608 0.833762886597938 509.93 0.21 
1.0 0.052436153002648894 0.109485626219717 0.04 0.05 0.9575757575757576 0.9848484848484848 0.971212121212121 114.74 0.52 
0.0 0.9363694874611495 0.480324378977105 0.01 0.02 1.0 0.9963235294117646 0.998161764705882 272.0 0.06 
1.0 0.036343991116405766 0.188062728419718 -0.0 0.0 1.0 1.0 1.0 0.17 0.02 
0.0 0.15813042339494393 0.148101049923984 -0.01 0.0 0.9904458598726114 0.9968152866242038 0.993630573248408 0.34 0.04 
1.0 0.05539603510551136 0.0276980175527557 0.0 0.0 1.0 1.0 1.0 0.0 0.0 
0.0 0.021259362908799616 0.718701556456728 -0.01 0.01 1.0 1.0 1.0 14.95 0.05 
1.0 0.186970843565626 0.093485421782813 -0.0 -0.0 1.0 1.0 1.0 0.0 0.0 
0.0 -0.0 0.0 -0.0 -0.0 1.0 0.9847560975609758 0.992378048780488 0.0 0.0 
1.0 0.4069858465797981 0.214537958089492 -0.0 0.0 1.0 1.0 1.0 0.11 0.01 
0.0 0.22739863511081604 0.124216393860632 -0.01 0.0 1.0 0.3788819875776397 0.68944099378882 1.78 0.04 
1.0 0.03836140891311494 0.0191807044565575 0.0 0.0 1.0 1.0 1.0 0.0 0.0 
0.0 0.3176998989466621 0.253361666319252 -0.01 0.03 1.0 0.9149484536082472 0.957474226804124 395.81 0.11 
1.0 -0.0 0.0 0.11 0.12 0.9609375 0.96875 0.96484375 101.57 1.13 
0.0 0.2533863028638452 0.126693151431923 -0.0 -0.0 1.0 0.9968652037617554 0.998432601880878 0.0 0.0 
1.0 0.04956265005659082 0.0950374425902223 0.16 0.21 0.946938775510204 0.9632653061224488 0.955102040816327 245.02 1.69 
0.0 0.7091251090716355 1.14940189341293 0.09 0.63 1.0 0.9916434540389972 0.995821727019499 334.21 0.24 
1.0 0.05297328328546583 0.0454617737814688 0.05 0.05 1.0 0.9968847352024922 0.998442367601246 321.0 0.48 
0.0 0.07714258307334852 0.0771425830733485 -0.03 0.0 0.9694656488549618 0.9694656488549618 0.969465648854962 0.0 1.29 
1.0 0.6812081464062815 0.681208146406281 -0.22 0.0 1.0 1.0 1.0 0.0 2.27 
0.0 0.04624639022456452 0.0231231951122823 -0.0 0.0 1.0 0.954861111111111 0.977430555555556 0.1 0.01 
1.0 0.6737228364112204 1.00103353557482 0.01 0.15 1.0 1.0 1.0 201.14 0.33 
0.0 -0.0 0.0 -0.0 -0.0 1.0 1.0 1.0 0.0 0.0 
1.0 0.027879870468395514 0.0139399352341978 0.0 0.0 1.0 0.9956896551724136 0.997844827586207 0.0 0.0 
0.0 0.2819902649994507 0.804311215745657 -0.06 0.04 1.0 0.9419354838709676 0.970967741935484 33.27 0.03 
1.0 0.02572977627813256 0.0128648881390663 0.06 0.06 0.9883268482490272 0.9883268482490272 0.988326848249027 257.0 0.54 
0.0 0.07851576409890412 0.0771334245511596 0.0 0.01 0.953757225433526 0.9971098265895952 0.975433526011561 20.98 0.06 
1.0 0.021906245315443034 0.0109531226577215 0.1 0.12 0.921921921921922 0.957957957957958 0.93993993993994 172.56 1.36 
0.0 0.022214468734433918 0.011107234367217 -0.0 -0.0 1.0 1.0 1.0 0.0 0.0 
1.0 0.16833630179621267 0.136278746197843 -0.0 0.0 1.0 1.0 1.0 0.3 0.04 
0.0 0.027982183645278484 0.027931027056837 -0.0 0.0 0.9913793103448276 0.9956896551724136 0.993534482758621 0.03 0.01 
1.0 0.03888742113579279 0.636752796799469 0.01 0.09 0.9585635359116021 0.9751381215469612 0.966850828729282 216.28 0.21 
0.0 0.09826205653251838 0.115566048311587 -0.05 0.01 0.8994845360824743 0.9072164948453608 0.903350515463918 6.36 0.27 
1.0 0.09292501557745118 0.142411578035291 -0.0 0.0 1.0 0.9936305732484078 0.996815286624204 0.36 0.04 
0.0 0.9099802582506228 0.541721441084505 -0.17 0.09 0.8348348348348349 0.9969969969969968 0.915915915915916 62.02 0.52 
1.0 0.03860739588192891 0.0289575250751642 0.07 0.13 0.9726775956284152 0.9726775956284152 0.972677595628415 366.01 0.97 
0.0 0.8694098504199583 0.8634850932525 0.07 0.23 0.9942693409742118 0.9942693409742118 0.994269340974212 280.85 0.94 
1.0 1.7774068038561743 1.75573434977253 0.19 1.12 0.8904593639575972 0.9187279151943462 0.904593639575972 1007.49 0.56 
0.0 0.023266578733959636 0.120018418425143 -0.0 0.0 1.0 0.993006993006993 0.996503496503496 0.07 0.01 
1.0 0.04708051459985158 0.0353135408491553 0.02 0.02 1.0 1.0 1.0 282.0 0.23 
0.0 0.9912943314946138 0.86522320694573 -0.06 0.18 0.9934210526315788 0.9967105263157896 0.995065789473684 232.58 0.51 
1.0 -0.0 0.0 -0.0 -0.0 1.0 1.0 1.0 0.0 0.0 
0.0 0.3270536257119778 0.163526812855989 -0.0 0.0 1.0 1.0 1.0 0.0 0.0 
1.0 -0.0 0.0 0.0 0.0 1.0 1.0 1.0 0.0 0.0 
0.0 0.022152081921215285 0.0110760409606076 -0.0 0.0 0.9934210526315788 0.9967105263157896 0.995065789473684 0.01 0.0 
1.0 0.7975126912869489 0.570369459163876 0.13 0.29 0.9288537549407112 0.9288537549407112 0.928853754940711 508.82 0.45 
0.0 0.050319038811679005 0.2365173719447 -0.0 0.0 1.0 0.9808917197452226 0.990445859872611 0.35 0.04 
1.0 0.019980547724361777 0.00999027386218089 0.0 0.0 1.0 1.0 1.0 0.0 0.0 
0.0 -0.0 0.0 -0.0 0.0 1.0 0.9896907216494846 0.994845360824742 0.0 0.0 
1.0 0.27200698739507007 0.146171607887355 -0.0 0.0 1.0 1.0 1.0 0.06 0.01 
0.0 0.184459293937032 0.092229646968516 0.0 0.0 1.0 1.0 1.0 0.0 0.0 
1.0 -0.0 0.0 0.0 -0.0 1.0 0.9842105263157896 0.992105263157895 0.0 0.0 
0.0 0.2658313188847421 0.132915659442371 0.0 0.0 1.0 1.0 1.0 0.0 0.0 
1.0 0.6890413185630394 0.356258606328319 0.02 0.02 1.0 1.0 1.0 283.0 0.08 
0.0 0.2565115368464931 0.128255768423247 0.02 0.02 1.0 0.997134670487106 0.998567335243553 349.0 0.14 
1.0 0.4839166435874528 0.241958321793726 -0.0 0.0 1.0 1.0 1.0 0.0 0.0 
0.0 0.8229610390544123 0.822961039054412 -0.44 0.0 1.0 1.0 1.0 0.0 0.15 
1.0 0.757078891007547 0.480712382197962 0.11 0.16 0.9853801169590644 0.9853801169590644 0.985380116959064 709.25 0.52 
0.0 -0.0 0.0 -0.0 -0.0 1.0 0.9937888198757762 0.996894409937888 0.0 0.0 
1.0 0.12070109643414505 0.648120886749026 -0.01 0.0 1.0 1.0 1.0 3.18 0.01 
0.0 0.8774062514504307 0.770691575408286 0.21 0.56 1.0 1.0 1.0 304.09 0.7 
1.0 0.7825244925771258 0.670477425198261 0.02 0.24 0.9417989417989414 0.955026455026455 0.948412698412698 336.9 0.2 
0.0 0.019354107082863236 0.00967705354143162 -0.0 0.0 0.9943977591036414 0.9971988795518208 0.995798319327731 0.01 0.0 
1.0 0.06002390931952181 0.0514966727786034 -0.0 0.0 1.0 1.0 1.0 0.02 0.0 
0.0 0.7293483142453033 0.434275640959532 0.03 0.15 0.9541984732824428 0.9694656488549618 0.961832061068702 212.85 0.84 
1.0 -0.0 0.0 0.0 0.0 1.0 1.0 1.0 0.0 0.0 
0.0 0.4540115915195649 0.284776148205596 -0.01 0.0 1.0 1.0 1.0 1.16 0.09 
1.0 0.8292750607643095 0.511302899240642 0.0 0.03 0.9972375690607737 0.9972375690607737 0.997237569060773 365.82 0.01 
0.0 0.210828475315056 0.156012652714427 -0.0 0.0 1.0 1.0 1.0 0.14 0.03 
1.0 0.5623945167633633 0.305461586084722 -0.01 0.12 0.3324022346368716 0.9804469273743016 0.656424581005587 59.86 0.62 
0.0 0.06506264053338344 0.0325313202666917 0.0 0.0 1.0 1.0 1.0 0.0 0.0 
1.0 0.05338403027678455 0.0992341695339248 -0.0 0.0 1.0 1.0 1.0 0.07 0.02 
0.0 0.8267010801842175 1.12110240415489 0.01 0.31 1.0 1.0 1.0 210.0 0.34 
1.0 0.36434859208232206 0.266658841841023 0.02 0.03 1.0 0.996875 0.9984375 351.31 0.11 
0.0 -0.0 0.0 0.0 0.0 1.0 1.0 1.0 0.0 0.0 
1.0 -0.0 0.0 0.0 0.0 1.0 0.9904458598726114 0.995222929936306 0.0 0.0 
0.0 0.4808414411893277 0.259749328566239 -0.03 0.02 1.0 0.8917378917378918 0.945868945868946 16.3 0.49 
