1.0 -0.0 0.0 -0.0 0.0 1.0 1.0 1.0 0.0 0.0 
0.0 0.03851501073265697 0.0192575053663285 -0.0 0.0 1.0 0.9971988795518208 0.99859943977591 0.01 0.0 
1.0 0.03201815963903439 0.125565214667869 0.02 0.04 0.8448275862068965 0.9956896551724136 0.920258620689655 239.51 0.01 
0.0 0.5817031925441088 0.301124415422862 0.1 0.14 0.9650145772594751 0.9679300291545188 0.966472303206997 329.65 0.7 
1.0 -0.0 0.0 0.0 0.0 1.0 1.0 1.0 0.0 0.0 
0.0 0.42016463717321856 0.306420422416677 -0.03 0.01 1.0 0.940721649484536 0.970360824742268 3.71 0.02 
1.0 -0.0 0.0 0.12 0.14 0.968944099378882 0.968944099378882 0.968944099378882 161.0 1.14 
0.0 0.8382272584994898 0.505815592013602 -0.06 0.05 0.9072164948453608 0.9072164948453608 0.907216494845361 94.46 0.02 
1.0 0.8682075750923891 1.13523184452131 0.26 0.54 0.9745042492917848 0.9745042492917848 0.974504249291785 1325.23 1.03 
0.0 0.03775336847879649 0.0188766842393982 -0.0 -0.0 1.0 1.0 1.0 0.0 0.0 
1.0 0.02398038796966051 0.0119901939848302 0.01 0.02 0.9963898916967509 0.9963898916967509 0.996389891696751 277.0 0.25 
0.0 0.027982183645278484 0.0139910918226392 0.0 0.0 1.0 0.9913793103448276 0.995689655172414 0.0 0.0 
1.0 0.04084371786340105 0.0318185554840255 -0.0 0.0 1.0 1.0 1.0 0.01 0.0 
0.0 1.6561257296416263 0.828062864820813 0.0 -0.0 1.0 1.0 1.0 0.0 0.0 
1.0 1.4038128859055425 1.38806901797169 0.14 0.57 1.0 0.9453551912568307 0.972677595628415 821.26 0.86 
0.0 0.9848735565226934 0.794842636469988 0.05 0.17 0.9745222929936304 0.9968152866242038 0.985668789808917 108.89 0.87 
1.0 -0.0 0.0 0.0 0.0 1.0 1.0 1.0 0.0 0.0 
0.0 0.5360571431279036 0.330321484786486 0.0 0.03 0.9621451104100947 0.9905362776025236 0.976340694006309 50.4 0.35 
1.0 0.5412404766975164 0.350698353587271 0.01 0.02 1.0 0.993710691823899 0.99685534591195 104.68 0.02 
0.0 0.5272617660706461 0.476115822808781 -0.03 0.02 1.0 1.0 1.0 6.73 0.39 
1.0 0.21548402605462638 0.107742013027313 0.09 0.1 0.9742120343839542 0.977077363896848 0.975644699140401 309.31 0.75 
0.0 0.2490268866339084 0.124513443316954 0.02 0.02 0.9968652037617554 0.9968652037617554 0.996865203761755 319.0 0.15 
1.0 0.5766502953334973 0.966245425876112 -0.0 0.18 1.0 0.9974554707379136 0.998727735368957 129.32 0.25 
0.0 0.4548575204760618 0.237701579388838 0.12 0.16 0.9650145772594751 0.9650145772594751 0.965014577259475 348.58 0.81 
1.0 -0.0 0.0 0.0 0.0 1.0 1.0 1.0 0.0 0.0 
0.0 0.7320792206803771 1.04728964351171 -0.04 0.19 1.0 0.9432989690721648 0.971649484536082 264.59 0.34 
1.0 0.24107466687909204 0.131934029991871 -0.0 0.0 1.0 1.0 1.0 0.05 0.01 
0.0 0.8299582291348218 0.501681077331268 -0.13 0.03 0.9072164948453608 0.9432989690721648 0.925257731958763 22.37 0.05 
1.0 0.03888742113579279 0.636752796799469 0.01 0.09 0.9585635359116021 0.9751381215469612 0.966850828729282 216.28 0.21 
0.0 0.1690444325621294 0.786428659233836 -0.01 0.04 1.0 0.9972677595628417 0.998633879781421 37.13 0.09 
1.0 0.05539603510551136 0.0387430523523487 -0.0 0.0 1.0 1.0 1.0 0.01 0.0 
0.0 0.8774257384430043 0.538163168478839 -0.01 0.03 0.9890909090909092 0.9963636363636365 0.992727272727273 22.58 0.21 
1.0 0.5421533344225952 0.542153334422595 -0.14 0.0 1.0 1.0 1.0 0.0 2.27 
0.0 0.018638418170346373 0.0186384181703464 -0.0 0.0 1.0 1.0 1.0 0.0 0.0 
1.0 0.09163485972326606 0.101934903833484 -0.0 0.0 1.0 1.0 1.0 0.08 0.02 
0.0 0.6128973406448402 0.336697817373571 0.01 0.02 1.0 0.9890109890109888 0.994505494505495 14.71 0.31 
1.0 -0.0 0.0 0.26 0.27 0.9245283018867924 0.9245283018867924 0.924528301886792 265.0 1.78 
0.0 0.022090069599185986 0.011045034799593 0.0 0.0 1.0 1.0 1.0 0.0 0.0 
1.0 0.061293913488030774 0.0927723754388308 -0.0 0.0 1.0 1.0 1.0 0.08 0.01 
0.0 0.09242652130229471 0.0462132606511474 0.0 0.0 1.0 1.0 1.0 0.0 0.0 
1.0 -0.0 0.0 0.02 0.02 0.9968652037617554 0.9968652037617554 0.996865203761755 319.0 0.25 
0.0 0.6886522874038874 0.68019293456986 -0.04 0.06 1.0 1.0 1.0 26.67 0.41 
1.0 0.2490268866339084 0.124513443316954 0.02 0.02 0.9968652037617554 0.9968652037617554 0.996865203761755 319.0 0.15 
0.0 0.11554070489162722 0.0577703524458136 0.0 0.0 1.0 1.0 1.0 0.0 0.0 
1.0 0.2596277339508934 0.129813866975447 -0.0 0.0 1.0 1.0 1.0 0.0 0.0 
0.0 0.055740919119538684 0.191397272415758 -0.0 0.0 1.0 0.9956896551724136 0.997844827586207 0.23 0.03 
1.0 0.0586151312253593 0.0293075656126797 0.02 0.02 0.9969135802469133 0.9969135802469133 0.996913580246914 324.0 0.21 
0.0 0.7794788427490477 0.736880755623696 0.01 0.05 1.0 0.9948453608247422 0.997422680412371 199.29 0.03 
1.0 0.02131647579064265 0.096430792983087 0.04 0.04 0.9968553459119496 0.9968553459119496 0.99685534591195 636.0 0.27 
0.0 -0.0 0.0 0.0 0.0 1.0 1.0 1.0 0.0 0.0 
1.0 0.02376135312603553 0.0118806765630178 -0.0 -0.0 1.0 1.0 1.0 0.0 0.0 
0.0 0.71532427206819 1.04152731951046 -0.03 0.17 1.0 0.9885057471264372 0.994252873563218 111.68 0.36 
1.0 0.6994688751825571 0.408472333379477 -0.0 0.01 1.0 1.0 1.0 2.18 0.12 
0.0 0.02120257700397865 0.701250512566078 -0.0 0.01 1.0 0.971786833855799 0.9858934169279 5.53 0.04 
1.0 -0.0 0.0 0.02 0.02 0.9967637540453076 0.9967637540453076 0.996763754045307 309.0 0.22 
0.0 0.019832155766290046 0.00991607788314502 -0.0 0.0 1.0 0.9942028985507246 0.997101449275362 0.01 0.0 
1.0 0.09244359525217268 0.0462217976260863 -0.0 -0.0 1.0 1.0 1.0 0.0 0.0 
0.0 0.07714258307334852 0.0649991591541946 0.05 0.09 0.9389312977099236 0.9694656488549618 0.954198473282443 126.95 0.86 
1.0 0.6573879873908814 0.328693993695441 -0.0 0.0 1.0 1.0 1.0 0.0 0.0 
0.0 0.3176998989466621 0.755623382592172 0.01 0.08 1.0 0.8994845360824743 0.949742268041237 123.31 0.15 
1.0 0.24107466687909204 0.120537333439546 0.0 -0.0 1.0 1.0 1.0 0.0 0.0 
0.0 0.3051261550840174 0.152563077542009 0.0 -0.0 1.0 0.9945652173913044 0.997282608695652 0.0 0.0 
1.0 0.3692056007821668 0.28343236907415 0.21 0.3 0.9072164948453608 0.9097938144329896 0.908505154639175 397.67 1.49 
0.0 0.5272617660706461 0.368787195387162 -0.05 0.01 1.0 0.986013986013986 0.993006993006993 4.39 0.18 
1.0 0.655041883754151 0.381756611395033 0.18 0.25 0.9305135951661632 0.9335347432024168 0.93202416918429 334.43 1.09 
0.0 0.027879870468395514 0.0139399352341978 0.02 0.02 0.9870689655172414 0.9956896551724136 0.991379310344828 76.67 0.23 
1.0 0.0727705510930352 0.0363852755465176 0.0 0.0 1.0 1.0 1.0 0.0 0.0 
0.0 1.1922731923952847 0.596136596197642 -0.12 0.05 0.8711340206185567 0.8943298969072165 0.882731958762887 28.76 0.91 
1.0 0.024279270493060005 0.02427927049306 -0.0 0.0 1.0 1.0 1.0 0.0 0.0 
0.0 0.05064557459684865 0.0253227872984243 -0.0 -0.0 1.0 1.0 1.0 0.0 0.0 
1.0 0.049314561447631994 0.024657280723816 -0.0 -0.0 1.0 1.0 1.0 0.0 0.0 
0.0 0.07851576409890412 0.0392578820494521 0.08 0.13 0.9190751445086704 0.953757225433526 0.936416184971098 190.61 1.09 
1.0 0.022152081921215285 0.0221520819212153 0.04 0.04 0.9967105263157896 0.9967105263157896 0.996710526315789 608.0 0.4 
0.0 0.05539603510551136 0.0276980175527557 0.0 0.0 1.0 1.0 1.0 0.0 0.0 
1.0 0.6183362527188963 1.04690053373423 0.12 0.46 0.9617834394904456 0.9617834394904456 0.961783439490446 574.43 1.39 
0.0 -0.0 0.0 0.0 0.0 1.0 0.9948453608247422 0.997422680412371 0.0 0.0 
1.0 0.9844036538557088 0.492201826927854 -0.0 0.0 1.0 1.0 1.0 0.0 0.0 
0.0 0.07597745058064577 0.0905405148819253 -0.0 0.0 1.0 0.9973958333333331 0.998697916666667 0.09 0.01 
1.0 0.021906245315443034 0.021906245315443 -0.03 0.0 0.921921921921922 0.921921921921922 0.921921921921922 0.0 2.51 
0.0 0.05594538109009752 0.0558431501048181 -0.0 0.0 0.9913793103448276 0.9956896551724136 0.993534482758621 0.05 0.01 
1.0 -0.0 0.0 0.12 0.14 0.968944099378882 0.968944099378882 0.968944099378882 161.0 1.15 
0.0 -0.0 0.0 -0.0 -0.0 1.0 0.988593155893536 0.994296577946768 0.0 0.0 
1.0 -0.0 0.0 -0.0 0.0 1.0 1.0 1.0 0.0 0.0 
0.0 0.06795125375562225 0.0566318229426351 0.0 0.0 1.0 1.0 1.0 0.02 0.0 
1.0 0.28516022523556966 0.244753049311973 0.05 0.08 0.9853801169590644 0.9853801169590644 0.985380116959064 342.99 0.33 
0.0 -0.0 0.0 0.0 0.0 1.0 1.0 1.0 0.0 0.0 
1.0 -0.0 0.0 -0.0 -0.0 1.0 1.0 1.0 0.0 0.0 
0.0 0.451330770166906 0.240080749363234 -0.0 0.0 1.0 1.0 1.0 0.13 0.02 
1.0 0.0678872387735005 0.98436432351018 -0.01 0.01 1.0 1.0 1.0 4.88 0.01 
0.0 0.061848503732346585 0.0440520944101354 -0.0 0.0 1.0 1.0 1.0 0.01 0.0 
1.0 -0.0 0.0 -0.0 -0.0 1.0 1.0 1.0 0.0 0.0 
0.0 0.7387103130230372 0.391135409023062 -0.01 0.0 1.0 1.0 1.0 0.59 0.04 
1.0 -0.0 0.0 0.1 0.1 0.9786585365853658 0.9786585365853658 0.978658536585366 328.0 0.92 
0.0 1.243021464178336 0.621510732089168 0.0 -0.0 1.0 1.0 1.0 0.0 0.0 
1.0 -0.0 0.0 0.0 0.0 1.0 1.0 1.0 0.0 0.0 
0.0 0.07896307715958502 0.0622690875475338 -0.01 0.0 0.9701986754966888 0.9834437086092715 0.97682119205298 0.35 0.04 
1.0 0.31161129254015263 0.155805646270076 0.02 0.02 0.9792899408284024 0.9940828402366864 0.986686390532544 95.13 0.24 
0.0 0.07586122011969715 0.0905552178278985 -0.0 0.0 1.0 1.0 1.0 0.09 0.01 
1.0 0.830237670572683 0.450582973704973 -0.0 0.0 1.0 1.0 1.0 1.34 0.07 
0.0 0.07453003613669933 0.0372650180683497 -0.0 0.0 1.0 0.997134670487106 0.998567335243553 0.01 0.0 
1.0 0.02625568508792424 0.0131278425439621 0.0 0.0 1.0 1.0 1.0 0.0 0.0 
0.0 0.42271570507772094 0.262823853578141 0.01 0.03 1.0 0.9808917197452226 0.990445859872611 163.99 0.14 
1.0 -0.0 0.0 0.0 0.0 1.0 1.0 1.0 0.0 0.0 
0.0 -0.0 0.0 0.0 0.0 1.0 1.0 1.0 0.0 0.0 
1.0 1.3266321664918628 1.23248203338398 0.05 0.45 0.9419354838709676 0.9870967741935486 0.964516129032258 600.22 0.14 
0.0 0.021259362908799616 0.0106296814543998 -0.0 0.0 0.971786833855799 0.9968652037617554 0.984326018808777 0.06 0.01 
1.0 0.11079108669504051 0.0553955433475202 0.11 0.15 0.9661654135338344 0.9661654135338344 0.966165413533835 266.0 1.04 
0.0 0.02757769791835 0.013788848959175 0.0 0.0 1.0 1.0 1.0 0.0 0.0 
1.0 0.019307654268399487 0.0981030786193468 0.06 0.13 0.9726775956284152 0.9726775956284152 0.972677595628415 366.03 0.85 
0.0 0.4307479110971219 0.944779002579171 -0.0 0.1 0.9943181818181815 0.9971590909090908 0.995738636363636 282.73 0.13 
1.0 -0.0 0.0 0.02 0.02 0.9963369963369966 0.9963369963369966 0.996336996336996 273.0 0.25 
0.0 0.17340392552771366 0.637811574001743 0.15 0.31 0.8994845360824743 0.9072164948453608 0.903350515463918 615.08 0.57 
1.0 0.019980547724361777 0.097908600613467 -0.0 0.0 1.0 1.0 1.0 0.04 0.01 
0.0 1.1109597073571271 0.555479853678564 0.0 -0.0 1.0 1.0 1.0 0.0 0.0 
1.0 -0.0 0.0 -0.0 -0.0 1.0 1.0 1.0 0.0 0.0 
0.0 0.06472619485752217 0.0323630974287611 0.0 0.0 1.0 1.0 1.0 0.0 0.0 
1.0 0.04292479502348651 0.0214623975117433 0.01 0.02 0.9963898916967509 0.9963898916967509 0.996389891696751 277.0 0.25 
0.0 0.07597745058064577 0.0983392735073954 -0.0 0.0 1.0 1.0 1.0 0.14 0.02 
1.0 0.04296943623768491 0.0322296208833705 -0.0 0.0 1.0 1.0 1.0 0.01 0.0 
0.0 0.15230387487719962 0.0761519374385998 0.0 0.0 0.9865229110512128 0.9919137466307276 0.98921832884097 6.66 0.09 
1.0 0.42468301451472845 0.271079403045562 0.0 0.02 1.0 0.5628415300546449 0.781420765027322 9.8 0.09 
0.0 0.8299582291348218 0.579934995307643 0.15 0.28 0.9329896907216496 0.9432989690721648 0.938144329896907 406.29 0.32 
1.0 0.024203802391878144 0.0121019011959391 0.02 0.02 0.9963503649635038 0.9963503649635038 0.996350364963504 274.0 0.24 
0.0 -0.0 0.0 0.12 0.13 0.971786833855799 0.971786833855799 0.971786833855799 319.0 1.06 
1.0 2.017355397925815 1.65176672662507 0.08 0.54 0.9692307692307695 0.9743589743589745 0.971794871794872 1034.41 0.02 
0.0 0.08148309234242727 0.0681189320193219 -0.0 0.0 1.0 1.0 1.0 0.02 0.0 
1.0 0.027778358172627568 0.0772659625692141 -0.0 0.0 1.0 1.0 1.0 0.02 0.01 
0.0 0.6279251062073414 0.324915675761392 -0.03 0.02 0.921921921921922 0.981981981981982 0.951951951951952 10.73 0.33 
1.0 0.3431393375525862 0.23510295396669 -0.02 0.02 1.0 0.7447552447552448 0.872377622377622 10.15 0.53 
0.0 0.8392488043821567 0.449601466583287 -0.01 0.01 0.9922779922779922 0.9922779922779922 0.992277992277992 2.4 0.12 
1.0 0.07217776154617153 0.336683452011202 -0.0 0.0 1.0 1.0 1.0 1.5 0.09 
0.0 0.1294376186729309 0.635775439586591 -0.03 0.04 1.0 0.943859649122807 0.971929824561404 67.54 0.26 
1.0 -0.0 0.0 0.0 0.0 1.0 1.0 1.0 0.0 0.0 
0.0 0.045688389073983635 0.0228441945369918 -0.0 0.0 1.0 0.9609375 0.98046875 0.04 0.02 
1.0 0.01949491299435019 0.00974745649717509 0.02 0.02 1.0 0.9971590909090908 0.998579545454545 352.0 0.2 
0.0 0.887731895101687 0.443865947550844 -0.0 0.0 1.0 1.0 1.0 0.0 0.0 
1.0 0.02450873730849492 0.0245087373084949 0.01 0.02 0.9962962962962962 0.9962962962962962 0.996296296296296 270.0 0.24 
0.0 0.0697628876274182 0.298512326849032 -0.01 0.0 1.0 1.0 1.0 0.86 0.07 
1.0 0.2338222085409008 0.91636596470673 -0.01 0.09 0.9929328621908128 0.9929328621908128 0.992932862190813 313.39 0.03 
0.0 0.21873807939286777 0.109369039696434 0.0 0.0 1.0 0.9967105263157896 0.998355263157895 0.0 0.0 
