1.0 0.09551752959899933 0.377812212589941 0.0 0.01 1.0 1.0 1.0 2.35 0.11 
0.0 0.0581557306257278 0.0290778653128639 0.0 0.0 1.0 1.0 1.0 0.0 0.0 
1.0 0.6465904702079327 0.617280351090911 0.49 0.79 0.75 0.75 0.75 770.03 1.87 
0.0 0.4057145749616423 0.202857287480821 0.0 0.0 1.0 0.9912280701754383 0.995614035087719 0.0 0.0 
1.0 0.9906696414695386 0.495334820734769 0.14 0.39 0.8654970760233917 0.8654970760233917 0.865497076023392 342.0 0.87 
0.0 0.8086274974243058 0.658025623306739 0.03 0.13 1.0 0.9974226804123713 0.998711340206186 113.3 1.2 
1.0 0.9553895593906424 0.792375692165706 0.11 0.3 1.0 1.0 1.0 519.9 1.64 
0.0 0.5457185956781171 0.272859297839058 0.0 0.0 1.0 1.0 1.0 0.0 0.0 
1.0 0.02466432081248941 0.0123321604062447 -0.0 -0.0 1.0 1.0 1.0 0.0 0.0 
0.0 1.1501700909326569 0.575085045466328 0.0 -0.0 1.0 0.98125 0.990625 0.0 0.0 
1.0 0.9504892042958712 0.497797211365513 0.01 0.05 0.9923664122137406 0.9923664122137406 0.99236641221374 395.26 0.05 
0.0 1.1785601323433743 0.589280066171687 -0.0 0.0 1.0 0.9881305637982196 0.99406528189911 0.0 0.0 
1.0 0.7975126912869489 0.570369459163876 0.13 0.29 0.9288537549407112 0.9288537549407112 0.928853754940711 508.82 0.45 
0.0 0.4465340893780313 0.234343085649623 0.0 0.0 1.0 0.9967105263157896 0.998355263157895 0.37 0.04 
1.0 0.28162709164599875 0.15426317107024 0.03 0.03 1.0 1.0 1.0 241.0 0.17 
0.0 0.5745738521892159 0.50248243755723 -0.03 0.0 1.0 1.0 1.0 2.23 0.04 
1.0 -0.0 0.0 0.0 0.0 1.0 1.0 1.0 0.0 0.0 
0.0 0.07198948573575523 0.0359947428678776 -0.0 0.0 0.9299719887955182 0.9943977591036414 0.96218487394958 0.18 0.02 
1.0 0.20719828409568317 0.103599142047842 0.0 0.04 0.5084175084175085 0.946127946127946 0.727272727272727 17.49 0.54 
0.0 0.8086274974243058 1.08556378188367 -0.01 0.21 1.0 0.9974226804123713 0.998711340206186 247.96 0.32 
1.0 0.03888742113579279 0.742268708946427 0.07 0.15 0.9751381215469612 0.9751381215469612 0.975138121546961 1086.0 0.26 
0.0 0.04084371786340105 0.0204218589317005 -0.0 -0.0 1.0 1.0 1.0 0.0 0.0 
1.0 0.054916877700729484 0.267879159445029 -0.0 0.0 1.0 0.9943019943019942 0.997150997150997 1.09 0.08 
0.0 -0.0 0.0 0.0 0.0 1.0 0.99375 0.996875 0.0 0.0 
1.0 0.020388151169850696 0.0203881511698507 0.07 0.07 0.9910979228486648 0.9910979228486648 0.991097922848665 674.0 0.65 
0.0 0.944729522285408 0.517266451379345 -0.11 0.02 0.9148264984227128 0.9400630914826498 0.927444794952681 10.83 0.01 
1.0 0.09478844509402591 0.0689373582520068 -0.0 0.0 1.0 1.0 1.0 0.04 0.01 
0.0 0.041432868137342684 0.0207164340686713 0.0 0.0 1.0 1.0 1.0 0.0 0.0 
1.0 0.017741822561726052 0.0606606864577389 -0.0 0.0 1.0 1.0 1.0 0.02 0.0 
0.0 0.055740919119538684 0.191397272415758 -0.0 0.0 1.0 0.9956896551724136 0.997844827586207 0.23 0.03 
1.0 0.019832155766290046 0.0613126141575899 0.02 0.02 1.0 1.0 1.0 345.0 0.16 
0.0 0.17509560300706856 0.0875478015035343 0.01 0.01 0.9912536443148688 0.9970845481049562 0.994169096209913 113.71 0.12 
1.0 0.03680102213006247 0.0184005110650312 0.0 0.0 1.0 1.0 1.0 0.0 0.0 
0.0 0.13262432766769944 0.0663121638338497 0.0 0.0 1.0 1.0 1.0 0.0 0.0 
1.0 0.8585818504987296 1.11315610872573 -0.0 0.27 1.0 1.0 1.0 159.37 0.11 
0.0 0.05204098300862845 0.607288689301479 -0.0 0.01 1.0 0.948170731707317 0.974085365853659 2.4 0.07 
1.0 0.019542337228798026 0.00977116861439901 0.0 0.0 1.0 1.0 1.0 0.0 0.0 
0.0 0.2929006197311461 0.146450309865573 -0.0 -0.0 1.0 0.996875 0.9984375 0.0 0.0 
1.0 0.42478094256309645 0.271823817096049 0.0 0.03 1.0 1.0 1.0 123.54 0.13 
0.0 0.6750708230780188 0.360987985830208 -0.03 0.02 1.0 0.96875 0.984375 4.72 0.06 
1.0 -0.0 0.0 0.0 0.0 1.0 1.0 1.0 0.0 0.0 
0.0 1.0691042476445762 0.534552123822288 0.0 -0.0 1.0 0.9804469273743016 0.990223463687151 0.0 0.0 
1.0 -0.0 0.0 -0.0 -0.0 1.0 1.0 1.0 0.0 0.0 
0.0 1.5989097208725602 1.4617142367396 0.06 0.63 0.9929328621908128 0.9929328621908128 0.992932862190813 607.89 0.18 
1.0 0.6192536084580995 0.913239114226958 0.09 0.25 0.9691358024691356 0.972222222222222 0.970679012345679 441.61 0.32 
0.0 0.5310542528871021 0.265527126443551 -0.0 0.0 1.0 1.0 1.0 0.0 0.0 
1.0 0.11422050999865882 0.0571102549993294 -0.0 -0.0 1.0 1.0 1.0 0.0 0.0 
0.0 0.05465882361802751 0.0382221648924157 -0.0 0.0 1.0 1.0 1.0 0.01 0.0 
1.0 -0.0 0.0 0.0 -0.0 1.0 0.9963898916967509 0.998194945848375 0.0 0.0 
0.0 0.4592541629795401 0.242077939004685 -0.0 0.0 0.5112781954887218 0.9924812030075189 0.75187969924812 1.38 0.04 
1.0 0.326308742127741 0.945586386246034 -0.02 0.07 1.0 1.0 1.0 35.79 0.68 
0.0 -0.0 0.0 0.0 -0.0 1.0 0.9190751445086704 0.959537572254335 0.0 0.0 
1.0 -0.0 0.0 -0.0 -0.0 1.0 1.0 1.0 0.0 0.0 
0.0 0.20700622049932121 0.789822279215585 0.1 0.26 0.9451476793248944 0.9535864978902951 0.949367088607595 477.62 0.64 
1.0 0.2164140891932277 0.162442714114572 0.0 0.0 1.0 1.0 1.0 0.05 0.04 
0.0 0.040976607555122384 0.112476017857213 -0.0 0.0 1.0 1.0 1.0 0.07 0.01 
1.0 -0.0 0.0 0.0 -0.0 1.0 0.9963898916967509 0.998194945848375 0.0 0.0 
0.0 0.08148309234242727 0.28982431398439 0.01 0.02 1.0 0.9968152866242038 0.998407643312102 157.09 0.04 
1.0 0.09137546664105897 0.302237383879781 0.05 0.1 0.36042402826855113 0.9681978798586572 0.664310954063604 475.4 0.08 
0.0 -0.0 0.0 0.0 -0.0 1.0 0.9842105263157896 0.992105263157895 0.0 0.0 
1.0 0.6274063209836465 0.396970710210216 0.11 0.2 0.9575757575757576 0.9666666666666665 0.962121212121212 695.39 1.05 
0.0 0.06031775118951819 0.229631518309715 -0.01 0.0 0.9820788530465951 0.989247311827957 0.985663082437276 0.92 0.09 
1.0 0.02160704778466883 0.0108035238923344 -0.0 0.0 1.0 0.996794871794872 0.998397435897436 0.0 0.0 
0.0 -0.0 0.0 -0.0 0.0 1.0 0.9896907216494846 0.994845360824742 0.0 0.0 
1.0 0.7220357838736617 0.46747367599248 0.0 0.02 1.0 1.0 1.0 8.86 0.16 
0.0 0.19882194117856927 0.108773355961626 -0.0 0.0 1.0 0.9946091644204854 0.997304582210243 0.13 0.01 
1.0 0.03960910401039758 0.0198045520051988 0.0 0.0 1.0 1.0 1.0 0.0 0.0 
0.0 0.022214468734433918 0.011107234367217 -0.0 -0.0 1.0 1.0 1.0 0.0 0.0 
1.0 0.4070388939085918 0.932924493984906 0.07 0.17 0.9943181818181815 0.9943181818181815 0.994318181818182 599.62 0.06 
0.0 0.944729522285408 0.493733656583009 -0.01 0.01 0.9148264984227128 0.996845425867508 0.95583596214511 13.8 0.04 
1.0 0.023833886302533577 0.0119169431512668 0.02 0.02 0.9928571428571425 0.9964285714285714 0.994642857142857 139.5 0.22 
0.0 0.020705755081089284 0.0103528775405446 -0.0 -0.0 1.0 1.0 1.0 0.0 0.0 
1.0 0.6138129038747236 0.306906451937362 0.01 0.02 0.9937304075235106 0.9968652037617554 0.995297805642633 159.17 0.05 
0.0 0.06489622226875695 0.0324481111343785 -0.0 -0.0 1.0 1.0 1.0 0.0 0.0 
1.0 0.7103682023888913 0.485315948683256 0.08 0.15 0.9802371541501976 0.9802371541501976 0.980237154150198 278.93 0.68 
0.0 0.09786130924602802 0.163833155715378 -0.01 0.0 1.0 0.9970149253731344 0.998507462686567 0.29 0.03 
1.0 0.038049545793566085 0.019024772896783 0.02 0.02 0.996875 0.996875 0.996875 320.0 0.19 
0.0 0.23564914246808455 0.198623687908662 0.05 0.06 1.0 1.0 1.0 268.96 0.39 
1.0 0.7000101747519452 1.26693740737619 0.22 0.79 0.5111731843575418 0.5335195530726257 0.522346368715084 643.93 0.64 
0.0 0.4787232934985055 0.328184706340485 0.01 0.02 0.9942528735632185 0.9971264367816092 0.995689655172414 349.28 0.02 
1.0 0.054916877700729484 0.780898599268884 0.02 0.04 0.9971428571428574 0.9971428571428574 0.997142857142857 530.21 0.07 
0.0 0.02097864624030526 0.0104893231201526 -0.0 0.0 0.9969135802469133 0.9969135802469133 0.996913580246914 0.01 0.0 
1.0 0.08665418601251205 0.043327093006256 0.07 0.08 0.9842105263157896 0.9842105263157896 0.984210526315789 190.0 0.72 
0.0 0.1718560268772759 0.085928013438638 0.0 0.0 1.0 1.0 1.0 0.0 0.0 
1.0 0.599228948735972 0.823136561963491 -0.02 0.07 1.0 1.0 1.0 39.09 0.27 
0.0 0.9848735565226934 0.703794630800207 -0.0 0.07 0.9808917197452226 0.9968152866242038 0.988853503184713 35.65 0.17 
1.0 0.03795026427747182 0.0784084779532361 0.03 0.03 1.0 0.9937888198757762 0.996894409937888 145.01 0.31 
0.0 -0.0 0.0 0.0 0.0 1.0 1.0 1.0 0.0 0.0 
1.0 0.6577026794313499 0.882751208485445 0.09 0.28 0.9482758620689656 0.9482758620689656 0.948275862068966 431.15 0.35 
0.0 0.02757769791835 0.013788848959175 0.0 0.0 1.0 1.0 1.0 0.0 0.0 
1.0 0.05553805678555587 0.0416582074790917 0.03 0.03 1.0 1.0 1.0 232.0 0.26 
0.0 -0.0 0.0 0.0 0.0 1.0 1.0 1.0 0.0 0.0 
1.0 0.05539603510551136 0.0387430523523487 -0.0 0.0 1.0 1.0 1.0 0.01 0.0 
0.0 0.738206170569417 0.397049775286315 -0.0 0.0 1.0 0.9946091644204854 0.997304582210243 1.16 0.06 
1.0 0.020923452826532903 0.0104617264132664 0.02 0.02 1.0 0.9969135802469133 0.998456790123457 324.0 0.24 
0.0 0.6639004844764248 0.35122748525973 -0.0 0.0 1.0 1.0 1.0 0.5 0.05 
1.0 0.22298278589189438 0.111491392945947 0.0 0.0 1.0 1.0 1.0 0.0 0.0 
0.0 0.8229610390544123 0.411480519527206 0.0 -0.0 1.0 1.0 1.0 0.0 0.0 
1.0 -0.0 0.0 0.0 0.0 1.0 1.0 1.0 0.0 0.0 
0.0 0.061232364724752575 0.0306161823623763 -0.0 -0.0 1.0 1.0 1.0 0.0 0.0 
1.0 0.028294027016483723 0.0141470135082419 -0.0 -0.0 1.0 1.0 1.0 0.0 0.0 
0.0 0.02240391125486527 0.0112019556274326 -0.0 0.0 1.0 0.9933110367892976 0.996655518394649 0.01 0.0 
1.0 0.09835154492369656 0.0491757724618483 -0.0 -0.0 1.0 1.0 1.0 0.0 0.0 
0.0 0.09123646704090793 0.045618233520454 -0.0 0.0 1.0 0.971786833855799 0.9858934169279 0.15 0.02 
1.0 0.902230540632502 1.17394026869478 0.02 0.62 0.5165745856353591 0.9751381215469612 0.74585635359116 407.06 0.34 
0.0 0.5623945167633633 0.387256101064975 -0.02 0.01 1.0 0.9804469273743016 0.990223463687151 5.99 0.24 
1.0 0.3854992865139399 0.733539346682201 0.06 0.13 0.9897435897435898 0.9897435897435898 0.98974358974359 214.26 0.64 
0.0 0.32353556896302926 0.161767784481515 -0.0 -0.0 1.0 1.0 1.0 0.0 0.0 
1.0 0.03988835734939116 0.1202701288851 -0.0 0.02 1.0 1.0 1.0 171.14 0.21 
0.0 0.6424220210762541 0.321211010538127 -0.0 0.0 1.0 1.0 1.0 0.0 0.0 
1.0 -0.0 0.0 -0.0 -0.0 1.0 1.0 1.0 0.0 0.0 
0.0 0.15863076707999446 0.131105158716873 -0.0 0.0 1.0 0.9898218829516542 0.994910941475827 0.3 0.03 
1.0 0.4001977289311496 0.200098864465575 0.31 0.38 0.8711340206185567 0.8711340206185567 0.871134020618557 388.0 2.37 
0.0 0.347048052758321 0.777136336377069 -0.02 0.06 0.972222222222222 0.984567901234568 0.978395061728395 41.26 0.2 
1.0 0.9363694874611495 0.745240733230783 -0.03 0.02 1.0 0.9963235294117646 0.998161764705882 7.85 0.22 
0.0 0.05196381076639665 0.0827716316333802 -0.0 0.0 1.0 0.99203187250996 0.99601593625498 0.07 0.01 
1.0 0.5541469943130721 0.290476118558747 0.23 0.34 0.8722627737226277 0.8832116788321167 0.877737226277372 256.2 1.21 
0.0 0.040560291944698436 0.0405089580900772 -0.01 0.0 0.9795918367346939 0.9825072886297378 0.981049562682216 0.22 0.03 
1.0 0.944729522285408 0.944729522285408 -0.25 0.0 0.9148264984227128 0.9148264984227128 0.914826498422713 0.0 1.27 
0.0 1.028128358603118 0.514064179301559 0.0 0.0 1.0 1.0 1.0 0.0 0.0 
1.0 0.024279270493060005 0.02427927049306 -0.0 0.0 1.0 1.0 1.0 0.0 0.0 
0.0 0.09292501557745118 0.225589563864842 -0.01 0.0 1.0 0.9936305732484078 0.996815286624204 0.73 0.07 
1.0 0.7769308610348622 0.398119257651631 0.01 0.13 0.9726775956284152 0.9726775956284152 0.972677595628415 366.64 0.33 
0.0 0.23640508582669126 0.118202542913346 -0.0 0.0 1.0 1.0 1.0 0.0 0.0 
1.0 -0.0 0.0 0.0 0.0 1.0 1.0 1.0 0.0 0.0 
0.0 0.06002390931952181 0.0300119546597609 -0.0 0.0 1.0 0.9904458598726114 0.995222929936306 0.03 0.01 
1.0 0.12207546366084696 0.0610377318304235 0.09 0.11 0.887218045112782 0.9586466165413536 0.922932330827068 99.71 1.1 
0.0 0.055740919119538684 0.0803833312491045 -0.0 0.0 1.0 0.9956896551724136 0.997844827586207 0.05 0.01 
1.0 0.09413158654282627 0.0737578084098054 -0.0 0.0 1.0 1.0 1.0 0.03 0.01 
0.0 -0.0 0.0 0.0 0.0 1.0 1.0 1.0 0.0 0.0 
1.0 0.09015080598088242 0.388393018808579 0.07 0.09 0.9923664122137406 0.9923664122137406 0.99236641221374 524.52 0.33 
0.0 0.7794788427490477 0.518457812430037 -0.01 0.06 1.0 0.9072164948453608 0.95360824742268 185.4 0.18 
1.0 0.350402542660334 0.188240187821866 0.15 0.21 0.9541984732824428 0.9541984732824428 0.954198473282443 524.0 1.2 
0.0 0.04296943623768491 0.232842570657703 0.0 0.01 1.0 0.9808917197452226 0.990445859872611 7.24 0.09 
1.0 -0.0 0.0 0.0 0.0 1.0 1.0 1.0 0.0 0.0 
0.0 0.11422050999865882 0.0571102549993294 -0.0 -0.0 1.0 1.0 1.0 0.0 0.0 
1.0 0.7059754019314555 0.560412973571748 0.21 0.39 0.8550295857988166 0.9230769230769232 0.88905325443787 1027.75 1.93 
0.0 0.8909796726328211 0.445489836316411 -0.09 0.04 0.825082508250825 0.8679867986798679 0.846534653465347 20.23 0.45 
1.0 0.3132216644563332 0.156610832228167 -0.0 -0.0 1.0 1.0 1.0 0.0 0.0 
0.0 0.03315839180969552 0.0329395389582874 -0.0 0.0 1.0 0.9842931937172774 0.992146596858639 0.02 0.01 
