1.0 0.040663519396744605 0.548848622668933 -0.01 0.0 0.08405797101449275 0.9710144927536232 0.527536231884058 1.14 0.01 
0.0 0.02757769791835 0.013788848959175 0.0 0.0 1.0 1.0 1.0 0.0 0.0 
1.0 -0.0 0.0 -0.0 0.0 1.0 1.0 1.0 0.0 0.0 
0.0 0.2878141901271997 0.154396418183752 -0.0 0.0 1.0 0.9845201238390092 0.992260061919505 0.08 0.01 
1.0 -0.0 0.0 0.0 0.0 1.0 1.0 1.0 0.0 0.0 
0.0 0.6279251062073414 0.313962553103671 0.0 -0.0 1.0 0.981981981981982 0.990990990990991 0.0 0.0 
1.0 0.30595700122045694 0.927434499269668 0.02 0.14 0.986449864498645 0.989159891598916 0.98780487804878 586.69 0.0 
0.0 0.6809991432654108 0.351157809528027 -0.0 0.0 1.0 0.9936908517350158 0.996845425867508 0.74 0.02 
1.0 0.02625568508792424 0.0131278425439621 0.0 0.0 1.0 1.0 1.0 0.0 0.0 
0.0 0.07610740857867801 0.038053704289339 -0.0 0.0 1.0 0.9854227405247814 0.992711370262391 0.08 0.01 
1.0 1.5402221601358936 0.826624832352163 0.16 0.31 0.9304635761589404 0.9304635761589404 0.93046357615894 646.76 0.63 
0.0 0.03865721594315093 0.0193286079715755 -0.0 -0.0 1.0 1.0 1.0 0.0 0.0 
1.0 0.6623464715562162 0.415341386676215 -0.01 0.02 1.0 1.0 1.0 8.18 0.19 
0.0 0.02097864624030526 0.0104893231201526 -0.0 -0.0 1.0 0.9969135802469133 0.998456790123457 0.0 0.0 
1.0 0.5705909754161566 0.285295487708078 0.0 0.0 1.0 1.0 1.0 0.0 0.0 
0.0 0.8792724601879401 0.814436832331567 -0.08 0.11 1.0 0.997134670487106 0.998567335243553 61.35 0.67 
1.0 0.020080804663228723 0.0100404023316144 0.05 0.05 0.9912536443148688 0.9912536443148688 0.991253644314869 343.0 0.47 
0.0 1.4606626971723649 0.730331348586182 -0.01 0.0 1.0 0.9892183288409704 0.994609164420485 2.2 0.06 
1.0 0.9363694874611495 0.601909736153785 0.02 0.07 0.9963235294117646 0.9963235294117646 0.996323529411765 291.07 0.06 
0.0 -0.0 0.0 -0.0 0.0 0.971786833855799 0.9968652037617554 0.984326018808777 0.03 0.0 
1.0 0.027185575146154974 0.0135927875730775 0.0 0.0 1.0 1.0 1.0 0.0 0.0 
0.0 0.07586122011969715 0.172811421398085 0.01 0.01 1.0 0.990625 0.9953125 52.33 0.09 
1.0 -0.0 0.0 0.0 0.0 1.0 1.0 1.0 0.0 0.0 
0.0 0.4981655356263516 0.368698288372891 -0.01 0.02 1.0 0.9968152866242038 0.998407643312102 13.96 0.04 
1.0 0.07774111978661197 0.0593588636708672 -0.0 0.0 1.0 1.0 1.0 0.02 0.01 
0.0 0.3299117614804645 0.23139090078556 0.11 0.17 0.9072164948453608 0.9329896907216496 0.920103092783505 251.09 1.18 
1.0 1.6321156904601775 0.880776654566554 0.13 0.25 0.943859649122807 0.943859649122807 0.943859649122807 323.2 0.37 
0.0 0.068147553913837 0.105943432755808 -0.0 0.0 1.0 0.98989898989899 0.994949494949495 0.17 0.02 
1.0 0.022090069599185986 0.022090069599186 0.02 0.02 1.0 1.0 1.0 304.0 0.24 
0.0 0.4965394604840957 0.260114376240671 -0.0 0.0 1.0 0.9928571428571425 0.996428571428571 0.17 0.02 
1.0 0.02398038796966051 0.0119901939848302 0.01 0.02 0.9963898916967509 0.9963898916967509 0.996389891696751 277.0 0.25 
0.0 0.05667761473063086 0.0379926344995152 -0.02 0.0 0.9726775956284152 0.9972677595628417 0.984972677595628 0.13 0.01 
1.0 0.0727705510930352 0.16631672166803 -0.0 0.0 1.0 1.0 1.0 0.32 0.03 
0.0 0.02108997467516504 0.0204122531467865 -0.0 0.0 1.0 0.92507204610951 0.962536023054755 0.08 0.01 
1.0 0.05734938118534689 0.19798254140158 0.04 0.05 0.9917127071823204 0.994475138121547 0.993093922651934 362.17 0.27 
0.0 0.6452750205454816 0.322637510272741 -0.0 0.0 1.0 0.9967105263157896 0.998355263157895 0.0 0.0 
1.0 0.04292479502348651 0.134696997430348 -0.0 0.0 1.0 1.0 1.0 0.11 0.02 
0.0 0.1845151756738565 0.15449398182391 -0.0 0.0 1.0 0.9830028328611898 0.991501416430595 0.64 0.06 
1.0 0.09006047508429844 0.0900604750842984 0.05 0.05 1.0 1.0 1.0 161.37 0.59 
0.0 0.7387103130230372 0.388892214263968 0.01 0.01 1.0 1.0 1.0 29.74 0.05 
1.0 0.7379973708368502 0.400958408989255 0.01 0.02 1.0 0.996845425867508 0.998422712933754 107.34 0.06 
0.0 0.30759070790312737 0.153795353951564 -0.0 0.0 1.0 1.0 1.0 0.0 0.0 
1.0 0.9906696414695386 0.495334820734769 0.14 0.39 0.8654970760233917 0.8654970760233917 0.865497076023392 342.0 0.8 
0.0 0.07586122011969715 0.109470882717991 0.0 0.01 1.0 0.96875 0.984375 14.73 0.1 
1.0 0.4495690211533613 0.417938194404055 -0.01 0.01 1.0 1.0 1.0 7.7 0.03 
0.0 -0.0 0.0 0.12 0.13 0.971786833855799 0.971786833855799 0.971786833855799 319.0 1.02 
1.0 0.027185575146154974 0.027185575146155 0.03 0.03 1.0 1.0 1.0 238.0 0.27 
0.0 0.08845126664967802 0.158411541531222 0.03 0.04 0.9776536312849162 0.9972067039106144 0.987430167597765 206.71 0.27 
1.0 0.796301381203358 0.430757872357395 0.06 0.08 0.9880952380952382 0.9910714285714286 0.989583333333333 376.0 0.23 
0.0 0.19348231132991175 0.189899677760231 -0.0 0.0 1.0 1.0 1.0 0.4 0.07 
1.0 0.0627416623209248 0.264577230714707 0.01 0.02 0.9729729729729728 0.975975975975976 0.974474474474474 38.67 0.13 
0.0 0.8086274974243058 0.413282454345277 -0.0 0.0 1.0 0.9974226804123713 0.998711340206186 0.43 0.03 
1.0 0.03865721594315093 0.0386572159431509 -0.0 0.0 1.0 1.0 1.0 0.01 0.0 
0.0 0.3770275829828065 0.188513791491403 0.0 -0.0 1.0 0.9094202898550722 0.954710144927536 0.0 0.0 
1.0 0.667925508689651 0.35326645228579 0.0 0.01 1.0 1.0 1.0 3.67 0.09 
0.0 0.02376135312603553 0.0118806765630178 -0.0 -0.0 1.0 1.0 1.0 0.0 0.0 
1.0 0.23564914246808455 0.198623687908662 0.05 0.06 1.0 1.0 1.0 268.96 0.39 
0.0 0.21911226969670367 0.109556134848352 -0.01 0.0 0.9870689655172414 0.9956896551724136 0.991379310344828 0.18 0.04 
1.0 0.72369587573823 1.02469067373925 0.11 0.24 0.9661016949152542 0.9728813559322032 0.969491525423729 339.62 0.04 
0.0 0.7642232507044483 0.382111625352224 -0.01 0.0 1.0 0.994011976047904 0.997005988023952 0.67 0.03 
1.0 0.09022197136551836 0.137710303592853 0.06 0.06 1.0 1.0 1.0 150.4 0.69 
0.0 0.5272617660706461 0.41310289856603 -0.02 0.02 1.0 0.9965034965034965 0.998251748251748 6.73 0.38 
1.0 0.25484050242007816 0.679967172841353 -0.02 0.09 0.9869791666666664 0.9869791666666664 0.986979166666667 395.03 0.17 
0.0 0.09554891382093413 0.0597279050620183 0.01 0.02 1.0 1.0 1.0 277.0 0.21 
1.0 0.02625568508792424 0.0262556850879242 -0.0 0.0 1.0 1.0 1.0 0.0 0.0 
0.0 0.3030117818551316 0.303011781855132 -0.05 0.0 0.982300884955752 0.982300884955752 0.982300884955752 0.0 2.49 
1.0 0.07124533401515272 0.0475033435705941 0.02 0.02 1.0 1.0 1.0 279.0 0.21 
0.0 0.7429759670851301 0.390364667781963 -0.05 0.02 1.0 0.9817073170731708 0.990853658536585 9.38 0.02 
1.0 0.08985109231047711 0.0449255461552385 0.03 0.03 1.0 0.9952830188679246 0.997641509433962 212.0 0.25 
0.0 -0.0 0.0 0.0 0.0 1.0 1.0 1.0 0.0 0.0 
1.0 0.16784458381144446 0.602453339677565 -0.02 0.03 0.9966442953020132 0.9966442953020132 0.996644295302013 301.44 0.01 
0.0 0.242608855653385 0.977952596492026 -0.14 0.1 0.4855643044619424 0.9973753280839898 0.741469816272966 98.99 0.09 
1.0 -0.0 0.0 0.0 0.0 1.0 1.0 1.0 0.0 0.0 
0.0 0.02572977627813256 0.804116556746558 -0.1 0.06 0.8819444444444444 0.9305555555555556 0.90625 25.13 0.25 
1.0 0.7480481802472602 0.440099987461602 -0.02 0.02 1.0 1.0 1.0 7.56 0.03 
0.0 0.830237670572683 1.22070328802993 0.09 0.49 1.0 0.994910941475827 0.997455470737914 567.48 1.09 
1.0 2.0558728982121255 2.03661414806897 0.12 0.94 0.8615384615384614 0.9743589743589745 0.917948717948718 1215.74 0.03 
0.0 -0.0 0.0 0.0 0.0 1.0 1.0 1.0 0.0 0.0 
1.0 0.8474923487397804 0.79927551795926 -0.0 0.24 1.0 1.0 1.0 163.32 0.01 
0.0 0.7387103130230372 0.673821466794062 0.01 0.03 1.0 1.0 1.0 22.07 0.43 
1.0 0.3969970036416722 0.317823545810083 0.22 0.32 0.9254237288135592 0.9457627118644067 0.935593220338983 540.53 1.64 
0.0 0.36434859208232206 0.275659717823974 -0.01 0.0 1.0 1.0 1.0 1.01 0.08 
1.0 1.160869305594259 1.09787712335657 0.03 0.48 1.0 0.996551724137931 0.998275862068966 304.28 0.82 
0.0 0.04624639022456452 0.246128655234199 -0.01 0.0 1.0 0.9930555555555556 0.996527777777778 0.38 0.04 
1.0 0.21873807939286777 0.218738079392868 -0.01 0.0 0.9967105263157896 0.9967105263157896 0.996710526315789 0.0 1.42 
0.0 0.050319038811679005 0.0251595194058395 0.0 0.0 1.0 1.0 1.0 0.0 0.0 
1.0 0.6310778821855729 0.62816546443415 -0.02 0.02 1.0 0.9964664310954064 0.998233215547703 5.7 0.32 
0.0 0.7739164845227186 0.386958242261359 -0.0 0.0 1.0 1.0 1.0 0.0 0.0 
1.0 0.9672482270893722 0.571396344290136 -0.02 0.03 1.0 1.0 1.0 8.39 0.1 
0.0 -0.0 0.0 0.0 0.0 1.0 0.9870689655172414 0.993534482758621 0.0 0.0 
1.0 0.06489622226875695 0.0324481111343785 -0.0 -0.0 1.0 1.0 1.0 0.0 0.0 
0.0 0.23923104111942964 0.177385873005528 -0.0 0.0 1.0 1.0 1.0 0.31 0.03 
1.0 0.09006047508429833 0.0693917927210634 0.02 0.02 1.0 1.0 1.0 80.25 0.3 
0.0 0.8120455419805839 0.416738618061535 -0.01 0.02 0.9936908517350158 0.996845425867508 0.995268138801262 160.26 0.09 
1.0 0.855107850352062 0.486916858022533 0.01 0.05 0.982300884955752 0.9941002949852508 0.988200589970502 140.89 0.05 
0.0 0.27273593039169325 0.892326193897833 -0.04 0.09 0.5165745856353591 0.9751381215469612 0.74585635359116 222.78 0.12 
1.0 0.059954128784417776 0.0599541287844178 -0.0 0.0 0.9922779922779922 0.9922779922779922 0.992277992277992 0.0 0.84 
0.0 0.7293483142453033 0.364674157122652 0.05 0.14 0.9694656488549618 0.9694656488549618 0.969465648854962 262.0 0.59 
1.0 0.061848503732346585 0.0309242518661733 0.0 0.0 1.0 1.0 1.0 0.0 0.0 
0.0 0.03855448604303559 0.038153927260916 -0.0 0.0 1.0 0.9751552795031057 0.987577639751553 0.03 0.01 
1.0 0.6812081464062815 0.406762611814671 0.01 0.05 1.0 1.0 1.0 454.87 0.01 
0.0 0.5272617660706461 0.340032114442999 -0.01 0.01 1.0 1.0 1.0 2.33 0.16 
1.0 0.07789607193187488 0.0389480359659374 0.0 0.0 1.0 1.0 1.0 0.0 0.0 
0.0 0.7812341605774255 0.390617080288713 -0.01 0.0 1.0 0.9969230769230768 0.998461538461539 0.94 0.0 
1.0 0.6756916479515236 0.490729143569173 0.3 0.53 0.7888446215139443 0.8007968127490038 0.794820717131474 644.62 1.7 
0.0 0.6775861075254633 0.406690033138529 -0.01 0.01 0.9933110367892976 0.9966555183946488 0.994983277591973 4.76 0.09 
1.0 0.04296943623768491 0.0322296208833705 -0.0 0.0 1.0 1.0 1.0 0.01 0.0 
0.0 0.045688389073983635 0.0228441945369918 0.0 0.0 1.0 1.0 1.0 0.0 0.0 
1.0 0.03860739588192891 0.0289575250751642 0.07 0.13 0.9726775956284152 0.9726775956284152 0.972677595628415 366.01 0.97 
0.0 0.9619011358089464 0.633833887497885 0.2 0.55 0.7888446215139443 0.8007968127490038 0.794820717131474 801.51 0.95 
1.0 0.3943211619593595 0.776902802405172 0.04 0.12 0.9825581395348836 0.9825581395348836 0.982558139534884 382.61 0.07 
0.0 0.7387103130230372 0.369355156511519 -0.0 0.0 1.0 1.0 1.0 0.0 0.0 
1.0 0.0707274255828398 0.0530538743293863 -0.0 0.0 1.0 1.0 1.0 0.01 0.0 
0.0 0.6192536084580995 0.30962680422905 -0.02 0.0 0.9691358024691356 0.984567901234568 0.976851851851852 0.99 0.08 
1.0 0.17009280776188 0.152444646514581 0.03 0.04 0.9932659932659934 0.9932659932659934 0.993265993265993 297.35 0.19 
0.0 0.08853099300531124 0.0442654965026556 -0.0 0.0 1.0 0.971786833855799 0.9858934169279 0.15 0.02 
1.0 0.8774257384430043 0.469052876672995 0.02 0.07 0.9890909090909092 0.9890909090909092 0.989090909090909 277.39 0.06 
0.0 0.020284588054283816 0.0101422940271419 0.0 0.0 1.0 1.0 1.0 0.0 0.0 
1.0 0.09737823614486597 0.101338342797111 -0.0 0.0 1.0 1.0 1.0 0.09 0.02 
0.0 0.06002390931952181 0.0877823071055745 -0.0 0.0 1.0 1.0 1.0 0.06 0.01 
1.0 0.7614096993709722 0.484207959935147 0.05 0.2 0.9535864978902951 0.9535864978902951 0.953586497890295 241.32 0.53 
0.0 0.019980547724361777 0.097908600613467 -0.0 0.0 1.0 1.0 1.0 0.04 0.01 
1.0 0.027778358172627568 0.0138891790863138 0.0 0.0 1.0 1.0 1.0 0.0 0.0 
0.0 0.0614657494492936 0.0549972024276869 -0.0 0.01 0.3324022346368716 0.9972067039106144 0.664804469273743 8.7 0.1 
1.0 0.2980024009348442 0.158540662567303 0.04 0.05 0.9863387978142077 0.9890710382513662 0.987704918032787 292.08 0.38 
0.0 -0.0 0.0 0.0 -0.0 1.0 0.8986784140969162 0.949339207048458 0.0 0.0 
1.0 0.33741562335763503 0.168707811678817 -0.0 0.0 1.0 1.0 1.0 0.0 0.0 
0.0 0.4307479110971219 0.371946718044583 -0.03 0.01 0.9147727272727272 0.9971590909090908 0.955965909090909 4.56 0.15 
1.0 0.08665418601251205 0.043327093006256 0.07 0.08 0.9842105263157896 0.9842105263157896 0.984210526315789 190.0 0.72 
0.0 0.02450873730849492 0.0122543686542475 -0.0 0.0 1.0 0.9888475836431224 0.994423791821561 0.01 0.0 
1.0 0.696576102069623 0.652529534346246 0.24 0.48 1.0 0.9970845481049562 0.998542274052478 649.4 2.34 
0.0 0.3299117614804645 0.700227126265074 -0.01 0.04 1.0 0.9329896907216496 0.966494845360825 24.19 0.34 
1.0 0.05064557459684865 0.0253227872984243 -0.0 -0.0 1.0 1.0 1.0 0.0 0.0 
0.0 0.043560505023086844 0.0413173102639932 -0.0 0.0 1.0 1.0 1.0 0.01 0.0 
1.0 0.020705755081089284 0.0207057550810893 -0.01 0.0 0.973293768545994 0.973293768545994 0.973293768545994 0.0 1.05 
0.0 0.04557509793548258 0.0338947833349583 -0.0 0.0 1.0 0.9701986754966888 0.985099337748344 0.04 0.01 
1.0 0.2890231704632554 0.22233631381326 0.28 0.46 0.831081081081081 0.831081081081081 0.831081081081081 296.74 2.6 
0.0 0.40522682240917607 0.907256704121127 0.0 0.11 1.0 0.878125 0.9390625 221.29 0.0 
1.0 -0.0 0.0 0.31 0.35 0.8859649122807017 0.8859649122807017 0.885964912280702 342.0 2.74 
0.0 0.8086274974243058 0.92292731878965 -0.06 0.2 0.8402061855670103 0.9974226804123713 0.918814432989691 208.63 0.41 
