1.0 -0.0 0.0 0.0 0.0 1.0 1.0 1.0 0.0 0.0 
0.0 0.06049829410230215 0.0302491470511511 0.0 0.0 1.0 1.0 1.0 0.0 0.0 
1.0 0.21063755204937504 0.96141666785893 0.01 0.07 1.0 1.0 1.0 90.23 0.17 
0.0 0.8382272584994898 0.808853050624269 0.05 0.15 1.0 0.9072164948453608 0.95360824742268 260.76 0.41 
1.0 1.076655743996979 0.591809156594621 0.0 0.02 1.0 1.0 1.0 77.34 0.0 
0.0 0.05465882361802751 0.0931751900752226 -0.0 0.0 1.0 1.0 1.0 0.09 0.01 
1.0 -0.0 0.0 -0.0 -0.0 1.0 1.0 1.0 0.0 0.0 
0.0 0.3582541121522332 0.179127056076117 -0.0 0.0 1.0 1.0 1.0 0.0 0.0 
1.0 0.6071038019529311 0.399890004806533 0.22 0.29 0.940721649484536 0.9432989690721648 0.94201030927835 708.45 1.31 
0.0 0.06437341627073791 0.162318555624179 0.01 0.01 1.0 0.9802371541501976 0.990118577075099 16.3 0.27 
1.0 -0.0 0.0 0.0 0.0 1.0 1.0 1.0 0.0 0.0 
0.0 0.08587920343126318 0.0429396017156316 0.0 0.0 1.0 1.0 1.0 0.0 0.0 
1.0 0.08587920343126318 0.0429396017156316 0.0 0.0 1.0 1.0 1.0 0.0 0.0 
0.0 0.1671013635278275 0.0835506817639138 -0.0 -0.0 1.0 1.0 1.0 0.0 0.0 
1.0 0.020388151169850696 0.0101940755849253 0.02 0.02 0.9970149253731344 0.9970149253731344 0.997014925373134 335.0 0.24 
0.0 0.08665418601251205 0.043327093006256 0.07 0.08 0.9842105263157896 0.9842105263157896 0.984210526315789 190.0 0.72 
1.0 -0.0 0.0 0.04 0.04 0.99375 0.99375 0.99375 160.0 0.39 
0.0 0.4540115915195649 0.345208338673128 -0.02 0.01 1.0 1.0 1.0 3.19 0.2 
1.0 0.05076907587532184 0.0253845379376609 0.02 0.02 0.9970501474926252 0.9970501474926252 0.997050147492625 339.0 0.17 
0.0 0.028085307477329197 0.0140426537386646 0.0 0.0 1.0 0.9870689655172414 0.993534482758621 0.0 0.0 
1.0 0.8292750607643095 0.511302899240642 0.0 0.03 0.9972375690607737 0.9972375690607737 0.997237569060773 365.82 0.01 
0.0 0.7445555330020763 0.468615870331106 0.01 0.05 0.940721649484536 0.9974226804123713 0.969072164948454 127.22 0.06 
1.0 0.9089089417480326 1.32933007541562 0.1 0.53 0.997032640949555 0.997032640949555 0.997032640949555 866.37 0.65 
0.0 1.3391870324096355 1.18820708628231 -0.07 0.21 1.0 0.8402061855670103 0.920103092783505 273.4 0.14 
1.0 -0.0 0.0 -0.0 -0.0 1.0 1.0 1.0 0.0 0.0 
0.0 0.08591550133466311 0.0429577506673315 0.0 -0.0 1.0 0.9632653061224488 0.981632653061224 0.0 0.0 
1.0 0.5744285255541567 0.359706187310592 0.06 0.1 0.9731343283582092 0.9761194029850744 0.974626865671642 297.55 0.5 
0.0 0.6359689346369413 0.317984467318471 -0.0 0.0 1.0 1.0 1.0 0.0 0.0 
1.0 0.09242652130229471 0.0740837202109167 0.05 0.05 1.0 0.9956896551724136 0.997844827586207 441.81 0.48 
0.0 0.09554891382093413 0.0477744569104671 0.0 -0.0 1.0 1.0 1.0 0.0 0.0 
1.0 -0.0 0.0 0.12 0.14 0.968944099378882 0.968944099378882 0.968944099378882 161.0 1.14 
0.0 -0.0 0.0 0.0 0.0 1.0 1.0 1.0 0.0 0.0 
1.0 0.07978404380165302 0.548613301937359 0.03 0.04 1.0 1.0 1.0 206.42 0.19 
0.0 0.13876938584199588 0.61189353019284 -0.01 0.06 1.0 0.8385964912280703 0.919298245614035 134.92 0.1 
1.0 0.7663816776588379 0.383190838829419 -0.0 0.0 1.0 1.0 1.0 0.0 0.0 
0.0 0.6274063209836465 0.396970710210216 0.11 0.2 0.9575757575757576 0.9666666666666665 0.962121212121212 695.39 1.05 
1.0 0.1863170441905495 0.0931585220952748 -0.0 0.0 1.0 1.0 1.0 0.0 0.0 
0.0 0.06628833883710114 0.0658510775615712 -0.0 0.0 1.0 0.9842931937172774 0.992146596858639 0.05 0.02 
1.0 -0.0 0.0 -0.0 -0.0 1.0 1.0 1.0 0.0 0.0 
0.0 0.02883072855956151 0.0144153642797808 0.0 0.0 1.0 1.0 1.0 0.0 0.0 
1.0 0.027185575146154974 0.107206061448604 -0.0 0.0 1.0 1.0 1.0 0.05 0.01 
0.0 0.7108322574201772 0.355416128710089 0.0 -0.0 1.0 1.0 1.0 0.0 0.0 
1.0 0.778815694507566 0.389407847253783 0.0 0.0 1.0 0.9807692307692306 0.990384615384615 0.0 0.0 
0.0 0.6274370336771098 0.313718516838555 -0.01 0.03 0.971786833855799 0.9968652037617554 0.984326018808777 19.7 0.31 
1.0 0.7220357838736617 0.628869503744012 0.0 0.1 1.0 1.0 1.0 146.01 0.64 
0.0 -0.0 0.0 0.0 0.0 1.0 0.9929577464788734 0.996478873239437 0.0 0.0 
1.0 0.27805089844440245 0.139025449222201 -0.0 0.0 1.0 1.0 1.0 0.0 0.0 
0.0 1.4026554179389017 1.31375834678459 0.15 0.73 0.9929328621908128 0.9929328621908128 0.992932862190813 610.94 0.3 
1.0 0.02376135312603553 0.0237613531260355 -0.0 0.0 1.0 1.0 1.0 0.0 0.0 
0.0 0.7320792206803771 0.432474630385516 0.07 0.22 0.9072164948453608 0.9432989690721648 0.925257731958763 421.6 0.81 
1.0 0.9554918972884292 0.89070110239669 0.03 0.48 0.989795918367347 0.997448979591837 0.993622448979592 413.15 0.0 
0.0 0.808814311512711 0.432277615316125 -0.01 0.0 1.0 0.9956896551724136 0.997844827586207 0.97 0.08 
1.0 0.03201815963903439 0.029949015053715 -0.0 0.01 0.8448275862068965 0.9956896551724136 0.920258620689655 5.65 0.09 
0.0 0.65548853629439 0.572384230284715 0.22 0.75 0.6630434782608695 0.6847826086956521 0.673913043478261 287.94 1.96 
1.0 0.019734531618407967 0.0751725974848146 -0.0 0.0 1.0 1.0 1.0 0.03 0.0 
0.0 0.23564914246808455 0.641346658829547 -0.02 0.03 1.0 1.0 1.0 18.08 0.02 
1.0 0.7168258488455511 0.4746503777455 -0.05 0.02 1.0 1.0 1.0 8.68 0.0 
0.0 0.03835078340871136 0.0191753917043557 -0.0 0.0 1.0 0.9841772151898734 0.992088607594937 0.03 0.01 
1.0 -0.0 0.0 0.02 0.02 0.9968652037617554 0.9968652037617554 0.996865203761755 319.0 0.25 
0.0 0.2858075492859829 0.229605737406848 -0.02 0.02 0.9072164948453608 0.9974226804123713 0.952319587628866 100.44 0.04 
1.0 -0.0 0.0 0.0 0.0 1.0 1.0 1.0 0.0 0.0 
0.0 0.08591550133466311 0.0429577506673315 0.0 -0.0 1.0 0.9632653061224488 0.981632653061224 0.0 0.0 
1.0 0.7222557009395802 0.424397834195707 0.0 0.02 1.0 1.0 1.0 18.85 0.08 
0.0 0.055740919119538684 0.0418103947939671 -0.0 0.0 0.9956896551724136 0.9956896551724136 0.995689655172414 0.03 0.01 
1.0 0.7050575594494202 0.35252877972471 0.01 0.02 0.9967637540453076 0.9967637540453076 0.996763754045307 309.0 0.08 
0.0 0.02178550616680388 0.593028644477797 -0.01 0.0 1.0 1.0 1.0 1.2 0.01 
1.0 0.020705755081089284 0.0103528775405446 -0.0 -0.0 1.0 1.0 1.0 0.0 0.0 
0.0 -0.0 0.0 0.2 0.28 0.9190751445086704 0.9190751445086704 0.919075144508671 346.0 1.95 
1.0 0.04292479502348651 0.0214623975117433 0.01 0.02 0.9963898916967509 0.9963898916967509 0.996389891696751 277.0 0.25 
0.0 0.02154825572686733 0.0107741278634337 -0.0 -0.0 1.0 1.0 1.0 0.0 0.0 
1.0 0.021845696904517597 0.0109228484522588 0.02 0.02 0.9967637540453076 0.9967637540453076 0.996763754045307 309.0 0.21 
0.0 0.07198948573575523 0.0456254626325951 -0.0 0.0 1.0 0.9299719887955182 0.964985994397759 0.09 0.01 
1.0 0.02376135312603553 0.0237613531260355 -0.0 0.0 1.0 1.0 1.0 0.0 0.0 
0.0 0.8189142708899442 0.428837404702807 -0.0 0.0 1.0 0.9615384615384615 0.980769230769231 0.81 0.05 
1.0 0.02376135312603553 0.0118806765630178 -0.0 -0.0 1.0 1.0 1.0 0.0 0.0 
0.0 0.9548978214921024 0.749250606106764 0.07 0.26 1.0 0.9923664122137406 0.99618320610687 282.32 0.91 
1.0 1.7774068038561743 1.75573434977253 0.19 1.12 0.8904593639575972 0.9187279151943462 0.904593639575972 1007.49 0.56 
0.0 0.02883072855956151 0.0144153642797808 0.0 0.0 1.0 1.0 1.0 0.0 0.0 
1.0 0.689856498589211 0.414650669839747 -0.05 0.05 0.9352331606217616 0.9585492227979274 0.946891191709845 27.68 0.02 
0.0 0.055740919119538684 0.0417596386460831 -0.0 0.0 1.0 0.9956896551724136 0.997844827586207 0.01 0.0 
1.0 0.02059871506110972 0.0102993575305549 -0.0 -0.0 1.0 1.0 1.0 0.0 0.0 
0.0 0.6639004844764248 0.331950242238213 -0.0 0.0 1.0 1.0 1.0 0.0 0.0 
1.0 0.08403108191743977 0.663526273047888 0.0 0.02 1.0 1.0 1.0 50.14 0.02 
0.0 0.08068769483073149 0.0403438474153657 -0.0 0.0 0.9876160990712074 0.9969040247678018 0.992260061919505 0.03 0.0 
1.0 0.7794788427490477 1.07098945454604 0.14 0.25 1.0 1.0 1.0 560.18 0.22 
0.0 0.02625568508792424 0.143259690032772 0.08 0.1 0.9802371541501976 0.9802371541501976 0.980237154150198 253.08 0.6 
1.0 0.0581557306257278 0.127798827643854 0.01 0.01 1.0 1.0 1.0 14.59 0.21 
0.0 0.6639768993661407 0.33198844968307 -0.0 0.0 1.0 1.0 1.0 0.0 0.0 
1.0 0.31314552499204457 0.156572762496022 0.24 0.29 0.9147727272727272 0.9147727272727272 0.914772727272727 352.0 1.59 
0.0 -0.0 0.0 -0.0 -0.0 1.0 1.0 1.0 0.0 0.0 
1.0 -0.0 0.0 0.0 0.0 1.0 1.0 1.0 0.0 0.0 
0.0 0.0693153717009415 0.0625281454102401 -0.0 0.0 0.9956896551724136 0.9956896551724136 0.995689655172414 0.05 0.01 
1.0 1.4133183550562096 1.29335899554478 0.07 0.58 1.0 1.0 1.0 529.43 0.11 
0.0 0.018768269049291516 0.00938413452464576 -0.0 0.0 0.9919137466307276 0.9946091644204854 0.993261455525607 0.02 0.0 
1.0 0.018384397223606727 0.0884430653340612 0.02 0.02 0.9973544973544972 0.9973544973544972 0.997354497354497 378.03 0.12 
0.0 0.594577819662421 0.493486060712175 0.03 0.12 1.0 0.9954954954954957 0.997747747747748 82.11 1.05 
1.0 -0.0 0.0 0.0 0.0 1.0 1.0 1.0 0.0 0.0 
0.0 -0.0 0.0 0.0 0.0 1.0 0.984375 0.9921875 0.0 0.0 
1.0 -0.0 0.0 0.05 0.05 0.9865229110512128 0.9892183288409704 0.987870619946092 295.99 0.6 
0.0 0.42271570507772094 0.21135785253886 -0.0 0.0 1.0 0.9808917197452226 0.990445859872611 0.0 0.0 
1.0 -0.0 0.0 0.0 0.0 1.0 1.0 1.0 0.0 0.0 
0.0 0.5988648945735348 0.40849026560526 0.36 0.48 0.8458333333333332 0.8916666666666668 0.86875 543.07 2.47 
1.0 0.022152081921215285 0.0221210757602006 0.02 0.02 1.0 0.9967105263157896 0.998355263157895 304.0 0.24 
0.0 0.5928243344808257 0.910868314735189 0.37 0.64 0.9605263157894736 0.9638157894736842 0.962171052631579 548.98 1.94 
1.0 0.6866352316362762 0.403408251739597 0.05 0.07 0.9923664122137406 0.9923664122137406 0.99236641221374 525.33 0.15 
0.0 0.2387884541794901 0.128756612462087 0.05 0.05 0.9946091644204854 0.9946091644204854 0.994609164420485 742.0 0.41 
1.0 2.4535399283313226 1.33270090570865 0.01 0.12 0.958579881656805 0.9970414201183434 0.977810650887574 376.97 0.04 
0.0 0.5457185956781171 0.428727225107284 -0.01 0.02 1.0 1.0 1.0 25.2 0.14 
1.0 0.476305553807033 0.476305553807033 -0.05 0.0 0.9957983193277314 0.9957983193277314 0.995798319327731 0.0 2.15 
0.0 -0.0 0.0 0.0 0.0 1.0 1.0 1.0 0.0 0.0 
1.0 0.913972938784685 0.793082292618551 -0.03 0.12 0.9867724867724866 0.9867724867724866 0.986772486772487 414.99 0.37 
0.0 0.025989873531936835 0.0129949367659684 0.02 0.02 0.9920948616600794 0.9960474308300395 0.994071146245059 126.0 0.24 
1.0 0.0863128372055108 0.0691117632991936 -0.0 0.0 1.0 1.0 1.0 0.05 0.01 
0.0 0.0581557306257278 0.107452738233607 -0.0 0.0 1.0 0.9947643979057592 0.99738219895288 0.07 0.01 
1.0 0.07610740857867801 0.150814568165537 -0.0 0.0 1.0 1.0 1.0 0.3 0.03 
0.0 0.7794788427490477 1.05933293757934 0.01 0.14 1.0 1.0 1.0 232.38 0.16 
1.0 0.8546388517476876 1.06870395978662 0.09 0.3 1.0 1.0 1.0 258.74 0.25 
0.0 0.07597745058064577 0.0608823127007918 -0.0 0.0 1.0 0.9973958333333331 0.998697916666667 0.05 0.01 
1.0 0.5541469943130721 0.290476118558747 0.23 0.34 0.8722627737226277 0.8832116788321167 0.877737226277372 256.2 1.21 
0.0 0.0800824403230777 0.0400412201615388 -0.0 -0.0 1.0 0.9817073170731708 0.990853658536585 0.0 0.0 
1.0 0.0914736159053587 0.0457368079526793 0.0 0.0 1.0 1.0 1.0 0.0 0.0 
0.0 0.0744486206082655 0.0574169378176597 -0.0 0.0 0.9933110367892976 0.9966555183946488 0.994983277591973 0.05 0.01 
1.0 0.9547866641040146 0.498053653056293 0.01 0.01 1.0 1.0 1.0 217.42 0.04 
0.0 0.02059871506110972 0.0102993575305549 -0.0 -0.0 1.0 1.0 1.0 0.0 0.0 
1.0 1.8263691661755623 1.62912204126324 -0.02 0.61 1.0 1.0 1.0 668.44 0.13 
0.0 0.055740919119538684 0.0278704595597693 0.0 0.0 1.0 0.9956896551724136 0.997844827586207 0.0 0.0 
1.0 0.5623945167633633 0.305461586084722 -0.01 0.12 0.3324022346368716 0.9804469273743016 0.656424581005587 59.86 0.62 
0.0 0.2944096283538114 0.214293140625808 0.01 0.03 1.0 0.9764397905759162 0.988219895287958 52.4 0.43 
1.0 0.27200698739507007 0.146171607887355 -0.0 0.0 1.0 1.0 1.0 0.06 0.01 
0.0 0.06685739284696796 0.033428696423484 -0.0 -0.0 1.0 1.0 1.0 0.0 0.0 
1.0 0.40402573586735513 0.339759988378852 0.13 0.23 0.9971671388101983 0.9971671388101983 0.997167138810198 970.58 1.59 
0.0 0.09167492896130204 0.045837464480651 -0.0 0.0 1.0 0.9963235294117646 0.998161764705882 0.02 0.0 
1.0 0.05539603510551136 0.0276980175527557 -0.0 0.0 1.0 0.9967105263157896 0.998355263157895 0.01 0.0 
0.0 0.36434859208232206 0.268136318837778 -0.01 0.0 1.0 0.990625 0.9953125 1.28 0.1 
1.0 0.01770325075828995 0.0177032507582899 0.03 0.03 0.9949494949494948 0.9949494949494948 0.994949494949495 396.0 0.32 
0.0 0.05475477169621643 0.0381222886126362 -0.0 0.0 1.0 1.0 1.0 0.01 0.0 
1.0 0.038049545793566085 0.019024772896783 0.08 0.08 0.984567901234568 0.984567901234568 0.984567901234568 324.0 0.7 
0.0 0.027982183645278484 0.027931027056837 -0.0 0.0 0.9913793103448276 0.9956896551724136 0.993534482758621 0.03 0.01 
1.0 0.043680818046858444 0.0436808180468585 -0.0 0.0 1.0 1.0 1.0 0.01 0.0 
0.0 0.6823259356244296 0.89602786366293 -0.0 0.28 0.815625 0.98125 0.8984375 201.39 0.76 
