1.0 -0.0 0.0 -0.0 -0.0 1.0 1.0 1.0 0.0 0.0 
0.0 0.7429759670851301 0.371487983542565 0.0 -0.0 1.0 1.0 1.0 0.0 0.0 
1.0 0.24482387760407764 0.132764816342583 0.02 0.02 1.0 1.0 1.0 328.0 0.14 
0.0 0.15991595531465677 0.0799579776573284 -0.01 0.0 0.9356725146198828 0.9941520467836256 0.964912280701754 0.22 0.02 
1.0 -0.0 0.0 -0.0 -0.0 1.0 1.0 1.0 0.0 0.0 
0.0 -0.0 0.0 0.0 -0.0 1.0 0.9190751445086704 0.959537572254335 0.0 0.0 
1.0 0.020440358808449285 0.0610655269635137 -0.0 0.0 1.0 1.0 1.0 0.02 0.0 
0.0 0.024742910712718332 0.0637342643417528 -0.0 0.0 1.0 1.0 1.0 0.02 0.0 
1.0 -0.0 0.0 0.0 0.0 1.0 1.0 1.0 0.0 0.0 
0.0 -0.0 0.0 -0.0 -0.0 1.0 1.0 1.0 0.0 0.0 
1.0 0.028085307477329197 0.0140426537386646 0.06 0.07 0.9870689655172414 0.9870689655172414 0.987068965517241 232.0 0.66 
0.0 0.024279270493060005 0.01213963524653 0.0 0.0 1.0 1.0 1.0 0.0 0.0 
1.0 0.8575603360850413 0.857560336085041 -0.14 0.0 0.9942693409742118 0.9942693409742118 0.994269340974212 0.0 2.45 
0.0 0.502071399812433 0.805677414097174 -0.01 0.12 1.0 0.9696132596685084 0.984806629834254 87.34 0.38 
1.0 0.02757769791835 0.013788848959175 0.0 0.0 1.0 1.0 1.0 0.0 0.0 
0.0 0.02148980552905605 0.021489805529056 -0.0 0.0 0.9691358024691356 0.9691358024691356 0.969135802469136 0.0 1.14 
1.0 1.1501700909326569 1.12994994131704 0.09 0.44 0.98125 0.98125 0.98125 543.57 0.47 
0.0 0.3308628991597242 0.177458632685273 -0.0 0.0 1.0 0.9890909090909092 0.994545454545455 0.12 0.02 
1.0 0.019542337228798026 0.00977116861439901 0.0 0.0 1.0 1.0 1.0 0.0 0.0 
0.0 0.8086274974243058 0.588916549103236 -0.12 0.04 0.9097938144329896 0.9974226804123713 0.95360824742268 33.97 0.44 
1.0 -0.0 0.0 0.01 0.01 0.9662447257383966 0.9957805907172994 0.981012658227848 28.75 0.21 
0.0 0.0572068608923343 0.0286034304461672 0.0 -0.0 1.0 0.986784140969163 0.993392070484582 0.0 0.0 
1.0 0.8024684613025314 0.425005094652159 0.0 0.0 1.0 0.9945652173913044 0.997282608695652 0.86 0.02 
0.0 0.8374578440934884 0.444686710970699 -0.04 0.03 0.8859649122807017 0.9619883040935674 0.923976608187135 35.49 0.34 
1.0 0.08327901470975449 0.0694085357476552 -0.0 0.0 1.0 1.0 1.0 0.03 0.01 
0.0 0.02059871506110972 0.0205987150611097 -0.0 0.0 1.0 1.0 1.0 0.0 0.0 
1.0 0.2164140891932277 0.108207044596614 -0.0 0.0 1.0 1.0 1.0 0.0 0.0 
0.0 -0.0 0.0 0.0 0.0 1.0 1.0 1.0 0.0 0.0 
1.0 0.2446883027728781 0.782152384145976 -0.0 0.06 0.9972527472527472 0.9972527472527472 0.997252747252747 422.7 0.01 
0.0 0.02097864624030526 0.0104893231201526 -0.0 -0.0 1.0 1.0 1.0 0.0 0.0 
1.0 0.05970457751036834 0.0597045775103683 0.19 0.19 0.969325153374233 0.969325153374233 0.969325153374233 978.0 1.21 
0.0 1.3391870324096355 0.736028536250146 -0.08 0.08 1.0 0.9072164948453608 0.95360824742268 142.47 0.13 
1.0 -0.0 0.0 0.0 0.0 1.0 1.0 1.0 0.0 0.0 
0.0 0.045688389073983635 0.0228441945369918 0.0 0.0 1.0 1.0 1.0 0.0 0.0 
1.0 0.08578017223261401 0.042890086116307 0.0 0.0 1.0 1.0 1.0 0.0 0.0 
0.0 0.5705909754161566 0.808817575303583 -0.01 0.12 1.0 1.0 1.0 170.65 0.21 
1.0 0.0352954379540603 0.079585681077477 -0.0 0.0 1.0 1.0 1.0 0.04 0.01 
0.0 -0.0 0.0 -0.0 -0.0 1.0 0.9945652173913044 0.997282608695652 0.0 0.0 
1.0 0.3210106478398682 0.684027411515439 -0.05 0.03 1.0 1.0 1.0 23.76 0.06 
0.0 0.03775336847879649 0.0188766842393982 -0.0 0.0 1.0 0.9813664596273292 0.990683229813665 0.02 0.01 
1.0 0.05408418388023685 0.0270420919401184 0.02 0.02 0.9968152866242038 0.9968152866242038 0.996815286624204 314.0 0.21 
0.0 0.5074237491891713 0.412561824067917 0.0 0.03 1.0 1.0 1.0 83.0 0.01 
1.0 -0.0 0.0 0.0 0.0 1.0 1.0 1.0 0.0 0.0 
0.0 1.1190203808341403 0.55951019041707 -0.0 0.0 1.0 0.4494047619047619 0.724702380952381 0.0 0.0 
1.0 -0.0 0.0 0.0 0.0 1.0 1.0 1.0 0.0 0.0 
0.0 0.045182252980910435 0.0437323435684409 -0.0 0.0 1.0 0.925 0.9625 0.18 0.02 
1.0 0.020923452826532903 0.0209234528265329 -0.0 0.0 1.0 1.0 1.0 0.0 0.23 
0.0 0.021845696904517597 0.0925585702080758 -0.01 0.01 0.44012944983818764 0.9967637540453076 0.718446601941748 2.7 0.09 
1.0 0.5800804508011576 0.318643655846746 0.05 0.09 0.986784140969163 0.986784140969163 0.986784140969163 250.29 0.52 
0.0 0.02178550616680388 0.0108927530834019 0.0 0.0 1.0 1.0 1.0 0.0 0.0 
1.0 -0.0 0.0 -0.0 0.0 1.0 1.0 1.0 0.0 0.0 
0.0 1.076655743996979 0.538327871998489 0.0 -0.0 1.0 1.0 1.0 0.0 0.0 
1.0 0.23742589404963216 1.15229634338085 0.04 0.15 0.9911764705882354 0.9941176470588236 0.992647058823529 800.84 0.11 
0.0 1.1087658609025726 0.554382930451286 -0.01 0.0 1.0 0.996875 0.9984375 3.06 0.04 
1.0 0.08564575870678871 0.0521420884385676 -0.0 0.0 1.0 1.0 1.0 0.01 0.0 
0.0 -0.0 0.0 -0.0 -0.0 1.0 1.0 1.0 0.0 0.0 
1.0 -0.0 0.0 0.0 0.0 1.0 1.0 1.0 0.0 0.0 
0.0 0.9363694874611495 0.468184743730575 -0.0 0.0 1.0 0.9963235294117646 0.998161764705882 0.0 0.0 
1.0 0.05064557459684865 0.0253227872984243 -0.0 -0.0 1.0 1.0 1.0 0.0 0.0 
0.0 0.06018495865622546 0.209219535404229 -0.0 0.0 1.0 0.9968152866242038 0.998407643312102 0.41 0.04 
1.0 0.09498223910622348 0.0578439970936564 0.13 0.14 0.973293768545994 0.973293768545994 0.973293768545994 674.0 0.98 
0.0 0.7417183166471224 0.370859158323561 0.0 -0.0 1.0 1.0 1.0 0.0 0.0 
1.0 -0.0 0.0 0.0 0.0 1.0 1.0 1.0 0.0 0.0 
0.0 0.7794788427490477 1.07098945454604 0.14 0.25 1.0 1.0 1.0 560.18 0.22 
1.0 1.284892274077827 0.642446137038914 -0.0 0.0 1.0 1.0 1.0 0.0 0.0 
0.0 0.7320792206803771 0.50894338498318 -0.05 0.02 0.9432989690721648 0.9974226804123713 0.970360824742268 13.69 0.01 
1.0 0.03775336847879649 0.0377533684787965 -0.0 0.0 1.0 1.0 1.0 0.0 0.44 
0.0 0.029972755033097268 0.112312621768804 -0.0 0.0 1.0 1.0 1.0 0.04 0.01 
1.0 0.08709952319177523 0.782919133593207 0.04 0.08 0.9886363636363636 0.9886363636363636 0.988636363636364 364.78 0.09 
0.0 0.08148309234242727 0.412096393622351 -0.01 0.0 1.0 0.9904458598726114 0.995222929936306 1.41 0.08 
1.0 0.07789607193187488 0.369001483756378 0.0 0.0 1.0 1.0 1.0 1.56 0.08 
0.0 0.07845146855543751 0.0501485827299776 0.01 0.02 0.9676375404530746 0.9967637540453076 0.982200647249191 139.24 0.12 
1.0 0.07223335113958412 0.0914052675556846 -0.0 0.0 1.0 0.996551724137931 0.998275862068966 0.07 0.01 
0.0 0.020440358808449285 0.0102201794042246 -0.0 -0.0 1.0 1.0 1.0 0.0 0.0 
1.0 0.3770275829828065 0.188513791491403 0.0 -0.0 1.0 0.9094202898550722 0.954710144927536 0.0 0.0 
0.0 0.027879870468395514 0.0139399352341978 0.02 0.02 0.9870689655172414 0.9956896551724136 0.991379310344828 76.67 0.23 
1.0 0.09280364653160081 0.0464018232658004 -0.0 -0.0 1.0 1.0 1.0 0.0 0.0 
0.0 0.14051223512385375 0.0702561175619269 0.0 -0.0 1.0 0.9632653061224488 0.981632653061224 0.0 0.0 
1.0 0.043560505023086844 0.0326730055949454 0.15 0.18 0.956656346749226 0.956656346749226 0.956656346749226 323.01 1.25 
0.0 0.06966149034404581 0.212146006824118 -0.0 0.0 1.0 1.0 1.0 0.29 0.03 
1.0 0.14423448269607075 0.140664603126605 0.53 0.66 0.7118644067796609 0.7152542372881358 0.713559322033898 880.13 3.24 
0.0 0.1758366535025723 0.0879183267512861 -0.0 0.0 1.0 1.0 1.0 0.0 0.0 
1.0 0.24107466687909204 0.120537333439546 0.0 -0.0 1.0 1.0 1.0 0.0 0.0 
0.0 0.022214468734433918 0.011107234367217 -0.0 -0.0 1.0 1.0 1.0 0.0 0.0 
1.0 -0.0 0.0 0.0 0.0 1.0 1.0 1.0 0.0 0.0 
0.0 0.17457802278461543 0.0872890113923077 -0.0 -0.0 1.0 1.0 1.0 0.0 0.0 
1.0 0.08177127940433396 0.081771279404334 -0.01 0.0 0.9920948616600794 0.9920948616600794 0.992094861660079 0.0 0.91 
0.0 0.8316960826803917 0.79321333573995 0.11 0.38 1.0 0.9968652037617554 0.998432601880878 199.89 0.32 
1.0 -0.0 0.0 0.0 0.0 1.0 1.0 1.0 0.0 0.0 
0.0 0.04869773529126096 0.0243488676456305 -0.0 0.0 0.9873949579831934 0.9957983193277314 0.991596638655462 0.04 0.01 
1.0 0.5074237491891713 0.271645955986861 -0.0 0.0 1.0 1.0 1.0 0.32 0.03 
0.0 0.7794788427490477 0.574342221765607 0.01 0.09 1.0 0.9097938144329896 0.954896907216495 131.88 0.21 
1.0 0.34832154723549924 0.258279106911932 0.56 0.67 0.3644859813084112 0.3644859813084112 0.364485981308411 426.65 0.81 
0.0 0.07935767315304856 0.0396788365765243 -0.0 0.0 0.9557522123893804 0.9941002949852508 0.974926253687316 0.12 0.02 
1.0 0.046659453836944406 0.148879335144451 0.11 0.12 0.9827586206896552 0.9827586206896552 0.982758620689655 611.31 0.88 
0.0 0.0744486206082655 0.0372243103041328 -0.0 0.0 0.9933110367892976 0.9966555183946488 0.994983277591973 0.03 0.0 
1.0 0.1050257433786704 0.0525128716893352 0.0 0.0 1.0 1.0 1.0 0.0 0.0 
0.0 0.08957802666754391 0.0659963792628307 -0.0 0.0 1.0 1.0 1.0 0.04 0.01 
1.0 0.2121176853665875 0.106058842683294 -0.0 -0.0 1.0 1.0 1.0 0.0 0.0 
0.0 0.2077903634625465 0.103895181731273 0.0 0.0 1.0 1.0 1.0 0.0 0.0 
1.0 0.05741792303006031 0.0448565811017383 -0.0 0.0 1.0 1.0 1.0 0.01 0.0 
0.0 0.08148309234242727 0.252099398710074 -0.0 0.0 1.0 0.9808917197452226 0.990445859872611 2.97 0.05 
1.0 -0.0 0.0 -0.0 -0.0 1.0 1.0 1.0 0.0 0.0 
0.0 0.08770501640138596 0.0952490444751378 -0.0 0.0 1.0 1.0 1.0 0.11 0.01 
1.0 1.8263691661755623 1.62912204126324 -0.02 0.61 1.0 1.0 1.0 668.44 0.13 
0.0 0.6639004844764248 0.383416243277493 0.01 0.03 1.0 1.0 1.0 167.83 0.18 
1.0 0.018768269049291516 0.0187682690492915 -0.0 0.0 0.9919137466307276 0.9919137466307276 0.991913746630728 0.0 0.53 
0.0 0.8086274974243058 0.958859402196123 0.13 0.46 0.9561855670103092 0.9974226804123713 0.97680412371134 371.81 1.83 
1.0 0.04107719423124237 0.116994643367164 -0.0 0.0 1.0 1.0 1.0 0.1 0.02 
0.0 0.09163485972326606 0.101934903833484 -0.0 0.0 1.0 1.0 1.0 0.08 0.02 
1.0 0.04038525502705401 0.020192627513527 0.04 0.04 0.9933110367892976 0.9933110367892976 0.993311036789298 299.0 0.36 
0.0 0.3176998989466621 0.255188053303399 -0.02 0.01 1.0 0.940721649484536 0.970360824742268 8.39 0.08 
1.0 0.07257095661513852 0.313358975464105 -0.02 0.03 0.8722627737226277 0.9963503649635038 0.934306569343066 27.72 0.23 
0.0 0.9089089417480326 0.870140870797744 0.02 0.34 1.0 0.997032640949555 0.998516320474777 202.76 0.72 
1.0 0.06031775118951819 0.213272031332037 -0.01 0.03 0.6523297491039427 0.9820788530465951 0.817204301075269 15.45 0.33 
0.0 0.05762288789854216 0.0571502513145865 -0.02 0.0 0.9781420765027322 0.9972677595628417 0.987704918032787 0.13 0.01 
1.0 0.5107904450998305 0.329697873908943 0.0 0.02 1.0 1.0 1.0 48.59 0.02 
0.0 0.3063770164173898 0.262246326527188 0.01 0.04 1.0 0.8458333333333332 0.922916666666667 36.58 0.64 
1.0 -0.0 0.0 0.0 0.0 1.0 1.0 1.0 0.0 0.0 
0.0 0.36434859208232206 0.182174296041161 -0.0 -0.0 1.0 1.0 1.0 0.0 0.0 
1.0 0.029504444501537695 0.0147522222507689 -0.0 -0.0 1.0 1.0 1.0 0.0 0.0 
0.0 0.035868162784549934 0.643924012875148 -0.0 0.01 1.0 0.9896907216494846 0.994845360824742 4.74 0.01 
1.0 -0.0 0.0 0.0 0.0 1.0 1.0 1.0 0.0 0.0 
0.0 0.06002390931952181 0.0514966727786034 -0.0 0.0 1.0 1.0 1.0 0.02 0.0 
1.0 0.03865721594315093 0.0193286079715755 0.23 0.34 0.8917378917378918 0.8917378917378918 0.891737891737892 351.0 2.23 
0.0 0.01499699576815311 0.0149835250541313 -0.0 0.0 1.0 0.9979123173277662 0.998956158663883 0.0 0.0 
1.0 0.6573879873908814 0.328693993695441 -0.0 0.0 1.0 1.0 1.0 0.0 0.0 
0.0 0.4057145749616423 0.202857287480821 -0.02 0.02 0.9210526315789472 0.9912280701754383 0.956140350877193 18.26 0.13 
1.0 0.04852865540608026 0.0378571152761176 -0.0 0.0 1.0 1.0 1.0 0.01 0.0 
0.0 0.022214468734433918 0.011107234367217 -0.0 -0.0 1.0 1.0 1.0 0.0 0.0 
1.0 -0.0 0.0 0.01 0.02 0.9963898916967509 0.9963898916967509 0.996389891696751 277.0 0.25 
0.0 0.5079790030444618 0.27582991054566 -0.0 0.0 1.0 0.9935064935064936 0.996753246753247 0.3 0.03 
1.0 0.03625404900740782 0.0181270245037039 -0.0 -0.0 1.0 1.0 1.0 0.0 0.0 
0.0 0.19333073771697448 0.914114383785967 -0.0 0.05 0.9972375690607737 0.9972375690607737 0.997237569060773 384.39 0.03 
1.0 0.03676173986471086 0.0275730685441588 0.02 0.02 0.9973544973544972 0.9973544973544972 0.997354497354497 378.01 0.16 
0.0 0.05191557784790981 0.140165591715355 -0.06 0.02 0.5526315789473684 0.8859649122807017 0.719298245614035 14.83 0.35 
1.0 0.08683990651974514 0.0711908378378456 0.02 0.02 1.0 0.996774193548387 0.998387096774194 310.02 0.17 
0.0 0.18333112347374717 0.16466254808553 0.0 0.0 1.0 0.9969604863221886 0.998480243161094 2.57 0.06 
1.0 0.15890893855832144 0.0794544692791607 -0.0 -0.0 1.0 1.0 1.0 0.0 0.0 
0.0 -0.0 0.0 0.0 0.0 1.0 0.9933110367892976 0.996655518394649 0.0 0.0 
