1.0 0.021034152610448338 0.0799105564100587 -0.0 0.0 1.0 0.996894409937888 0.998447204968944 0.03 0.0 
0.0 0.19765913736613375 0.700667394677278 0.12 0.29 0.9020618556701032 0.9072164948453608 0.904639175257732 528.16 0.36 
1.0 0.15813042339494393 0.079065211697472 -0.0 0.0 1.0 0.9968152866242038 0.998407643312102 0.0 0.0 
0.0 1.1594844428509845 0.579742221425492 0.0 -0.0 1.0 0.9825581395348836 0.991279069767442 0.0 0.0 
1.0 0.8712535457073128 0.446256454308056 0.01 0.02 0.9968652037617554 0.9968652037617554 0.996865203761755 319.7 0.04 
0.0 0.06018495865622546 0.0408373820926407 -0.0 0.0 1.0 0.9968152866242038 0.998407643312102 0.01 0.0 
1.0 -0.0 0.0 -0.0 -0.0 1.0 1.0 1.0 0.0 0.0 
0.0 0.03851501073265697 0.028888225131046 -0.0 0.0 1.0 1.0 1.0 0.01 0.0 
1.0 0.7444566706707163 0.401922775795896 -0.01 0.03 0.9380530973451328 0.9970501474926252 0.967551622418879 33.11 0.0 
0.0 0.02390689630310245 0.023834124714569 -0.0 0.0 1.0 0.992831541218638 0.996415770609319 0.01 0.0 
1.0 0.8353082137327255 0.542571611705984 0.14 0.36 0.904225352112676 0.904225352112676 0.904225352112676 381.28 0.62 
0.0 0.07124533401515272 0.0475033435705941 -0.0 0.0 1.0 1.0 1.0 0.01 0.0 
1.0 0.8393594131249864 0.474351730157658 0.01 0.04 0.9973958333333331 0.9973958333333331 0.997395833333333 441.9 0.04 
0.0 0.8548387522121371 0.742544679355502 -0.04 0.08 1.0 1.0 1.0 67.63 0.86 
1.0 0.8829901277461703 0.479483789163408 -0.0 0.01 1.0 1.0 1.0 2.59 0.1 
0.0 0.018855917943417073 0.664813319954969 -0.02 0.01 1.0 0.9865229110512128 0.993261455525607 7.06 0.02 
1.0 0.09554891382093413 0.0929504453927974 0.01 0.02 1.0 1.0 1.0 54.63 0.16 
0.0 0.7445555330020763 0.738317376841227 -0.03 0.08 0.9432989690721648 0.9974226804123713 0.970360824742268 116.16 0.43 
1.0 0.022152081921215285 0.0221520819212153 -0.0 0.0 0.9967105263157896 0.9967105263157896 0.996710526315789 0.0 0.46 
0.0 0.09206631061558694 0.11084077970958 0.03 0.04 0.9863387978142077 0.9918032786885246 0.989071038251366 218.53 0.29 
1.0 0.9873589682765656 0.756845521632897 0.0 0.18 0.96875 0.96875 0.96875 336.95 0.25 
0.0 0.09244359525217268 0.0462217976260863 -0.0 -0.0 1.0 1.0 1.0 0.0 0.0 
1.0 -0.0 0.0 0.0 0.0 1.0 1.0 1.0 0.0 0.0 
0.0 0.7624587684104074 1.05082290041002 -0.05 0.12 1.0 0.9561855670103092 0.978092783505155 134.25 0.03 
1.0 0.6516960441756733 1.07243736761597 0.13 0.53 1.0 0.9967426710097722 0.998371335504886 312.45 0.03 
0.0 0.027879870468395514 0.12349607008255 -0.0 0.0 0.9956896551724136 0.9956896551724136 0.995689655172414 0.12 0.03 
1.0 0.027778358172627568 0.0277783581726276 -0.0 0.0 1.0 1.0 1.0 0.0 0.0 
0.0 0.15813042339494393 0.148101049923984 -0.01 0.0 0.9904458598726114 0.9968152866242038 0.993630573248408 0.34 0.04 
1.0 -0.0 0.0 0.0 0.0 1.0 1.0 1.0 0.0 0.0 
0.0 0.0800824403230777 0.0400412201615388 0.06 0.07 0.9817073170731708 0.9847560975609758 0.983231707317073 272.49 0.7 
1.0 0.9640101891820066 0.566243264149815 0.04 0.07 0.9973544973544972 0.9973544973544972 0.997354497354497 505.39 0.36 
0.0 0.8579133774485439 0.725153724070682 -0.07 0.01 1.0 0.9919137466307276 0.995956873315364 3.21 0.05 
1.0 -0.0 0.0 -0.0 -0.0 1.0 1.0 1.0 0.0 0.0 
0.0 0.9215857165728834 1.01565775413716 -0.0 0.22 1.0 0.98125 0.990625 174.17 0.59 
1.0 0.0665854743974204 0.0499462934584756 0.09 0.1 0.9790575916230366 0.9790575916230366 0.979057591623037 191.01 0.76 
0.0 0.08148309234242727 0.412096393622351 -0.01 0.0 1.0 0.9904458598726114 0.995222929936306 1.41 0.08 
1.0 0.913972938784685 0.793082292618551 -0.03 0.12 0.9867724867724866 0.9867724867724866 0.986772486772487 414.99 0.37 
0.0 0.20700622049932121 0.103503110249661 -0.0 0.0 1.0 0.9535864978902951 0.976793248945148 0.0 0.0 
1.0 -0.0 0.0 0.04 0.04 0.9933774834437082 0.9933774834437082 0.993377483443709 151.0 0.43 
0.0 0.7220357838736617 0.46747367599248 0.0 0.02 1.0 1.0 1.0 8.86 0.16 
1.0 0.20129389834742445 0.100646949173712 -0.0 0.0 1.0 1.0 1.0 0.0 0.0 
0.0 0.16896909159972415 0.0844845457998621 -0.0 -0.0 1.0 0.996875 0.9984375 0.0 0.0 
1.0 -0.0 0.0 0.0 0.0 1.0 1.0 1.0 0.0 0.0 
0.0 0.0382498004034815 0.0298118594792563 -0.0 0.0 1.0 0.996845425867508 0.998422712933754 0.01 0.0 
1.0 0.6303873475309135 0.329032492336754 -0.0 0.0 1.0 1.0 1.0 0.2 0.03 
0.0 0.9011818521020956 0.463585862817016 -0.02 0.01 1.0 0.9920948616600794 0.99604743083004 2.08 0.1 
1.0 -0.0 0.0 0.0 0.0 1.0 1.0 1.0 0.0 0.0 
0.0 0.03775336847879649 0.0188766842393982 -0.0 -0.0 1.0 0.9817073170731708 0.990853658536585 0.0 0.0 
1.0 -0.0 0.0 0.0 0.0 1.0 1.0 1.0 0.0 0.0 
0.0 -0.0 0.0 0.01 0.01 0.9662447257383966 0.9957805907172994 0.981012658227848 28.75 0.22 
1.0 0.6866352316362762 0.424829430565321 0.02 0.06 0.9923664122137406 0.9923664122137406 0.99236641221374 210.42 0.65 
0.0 0.7648871092878222 0.382443554643911 -0.11 0.04 0.8711340206185567 0.9072164948453608 0.889175257731959 21.66 0.67 
1.0 0.8267010801842175 0.953919439658023 0.01 0.28 1.0 1.0 1.0 180.39 1.13 
0.0 2.0102414277758704 1.103950282571 0.0 0.22 0.7603092783505153 0.9072164948453608 0.833762886597938 509.93 0.21 
1.0 0.7568055046080526 0.443121561640492 0.18 0.22 0.943859649122807 0.943859649122807 0.943859649122807 286.31 0.98 
0.0 0.021906245315443034 0.0874012092040886 0.2 0.25 0.9189189189189186 0.921921921921922 0.92042042042042 306.72 2.03 
1.0 0.04296943623768491 0.0322296208833705 -0.0 0.0 1.0 1.0 1.0 0.01 0.0 
0.0 0.039460734195219074 0.0295493325519505 -0.0 0.0 1.0 0.9942693409742118 0.997134670487106 0.01 0.0 
1.0 0.021034152610448338 0.0105170763052242 0.0 0.0 1.0 1.0 1.0 0.0 0.0 
0.0 0.5661954279814504 0.391440646179529 -0.08 0.02 0.8675078864353312 0.9779179810725552 0.922712933753943 7.36 0.13 
1.0 -0.0 0.0 0.0 0.0 1.0 1.0 1.0 0.0 0.0 
0.0 0.038049545793566085 0.019024772896783 -0.0 0.0 0.984567901234568 0.9969135802469133 0.990740740740741 0.02 0.0 
1.0 0.13038985857872243 0.123532350524313 0.08 0.08 0.9932885906040269 0.9966442953020132 0.99496644295302 386.1 0.71 
0.0 0.08203060371551939 0.105646732248063 0.12 0.15 0.9504504504504504 0.9729729729729728 0.961711711711712 179.93 1.16 
1.0 0.2980024009348442 0.689694948357932 -0.03 0.08 0.9890710382513662 0.9890710382513662 0.989071038251366 399.8 0.17 
0.0 0.022993637240889042 0.0667854106063371 0.02 0.02 1.0 1.0 1.0 94.41 0.21 
1.0 0.027185575146154974 0.027185575146155 -0.0 0.0 1.0 1.0 1.0 0.0 0.0 
0.0 0.3243691273232743 0.162184563661637 -0.0 -0.0 1.0 0.9784946236559142 0.989247311827957 0.0 0.0 
1.0 0.913972938784685 0.880433999291602 0.03 0.21 0.9867724867724866 0.9867724867724866 0.986772486772487 508.17 0.71 
0.0 0.02757769791835 0.114435798132887 -0.0 0.0 1.0 1.0 1.0 0.04 0.01 
1.0 -0.0 0.0 0.07 0.07 0.986798679867987 0.986798679867987 0.986798679867987 303.0 0.65 
0.0 0.8316960826803917 0.426449329842185 -0.0 0.0 1.0 0.9968652037617554 0.998432601880878 0.98 0.01 
1.0 0.19112604967982927 0.729641901736378 -0.01 0.06 0.9933333333333332 0.9933333333333332 0.993333333333333 311.9 0.05 
0.0 0.03661672937971218 0.0831320030726587 -0.0 0.0 1.0 1.0 1.0 0.02 0.01 
1.0 0.9374723317261004 0.46873616586305 -0.0 0.0 1.0 0.9870689655172414 0.993534482758621 0.0 0.0 
0.0 0.787007043964789 0.393503521982395 -0.0 0.0 1.0 1.0 1.0 0.0 0.0 
1.0 0.028294027016483723 0.0141470135082419 -0.0 -0.0 1.0 1.0 1.0 0.0 0.0 
0.0 0.8086274974243058 0.707865649688618 -0.07 0.08 0.9432989690721648 0.9974226804123713 0.970360824742268 57.44 0.48 
1.0 0.7894866775585219 0.394743338779261 -0.0 0.0 1.0 1.0 1.0 0.0 0.0 
0.0 -0.0 0.0 -0.0 -0.0 1.0 1.0 1.0 0.0 0.0 
1.0 -0.0 0.0 0.0 0.0 1.0 1.0 1.0 0.0 0.0 
0.0 0.04241473185811745 0.0212073659290587 0.0 0.0 1.0 1.0 1.0 0.0 0.0 
1.0 0.032720686106879206 0.0295331392229723 -0.0 0.0 1.0 0.7732793522267206 0.88663967611336 0.3 0.03 
0.0 0.026993969543528583 0.099745976057132 -0.0 0.0 1.0 0.8458333333333332 0.922916666666667 0.22 0.03 
1.0 0.2979800776557417 0.148990038827871 -0.0 -0.0 1.0 1.0 1.0 0.0 0.0 
0.0 1.2681577537929265 0.691019070380892 -0.04 0.12 0.9666666666666665 0.9933333333333332 0.98 281.51 0.19 
1.0 0.18397542815930434 0.149222163827375 -0.0 0.0 1.0 1.0 1.0 0.21 0.02 
0.0 0.04854497464319881 0.0364501100685325 -0.0 0.0 1.0 0.9963235294117646 0.998161764705882 0.01 0.0 
1.0 0.02767763714259363 0.0138388185712968 0.0 0.0 1.0 1.0 1.0 0.0 0.0 
0.0 -0.0 0.0 0.0 0.0 1.0 0.9929577464788734 0.996478873239437 0.0 0.0 
1.0 0.04809546099204767 0.149999815360384 0.34 0.43 0.843076923076923 0.846153846153846 0.844615384615385 642.52 2.42 
0.0 0.6359689346369413 0.497111523394587 -0.01 0.01 1.0 1.0 1.0 6.56 0.32 
1.0 0.9011818521020956 0.450590926051048 -0.0 0.0 1.0 1.0 1.0 0.0 0.0 
0.0 0.055740919119538684 0.0417596386460831 -0.0 0.0 1.0 0.9956896551724136 0.997844827586207 0.01 0.0 
1.0 0.0663550962706155 0.0331775481353078 0.0 0.0 1.0 0.9969325153374232 0.998466257668712 0.0 0.0 
0.0 0.8267010801842175 1.12110240415489 0.01 0.31 1.0 1.0 1.0 210.0 0.34 
1.0 -0.0 0.0 0.0 0.0 1.0 1.0 1.0 0.0 0.0 
0.0 0.8579133774485439 0.438340823248918 0.0 0.0 0.9919137466307276 0.9919137466307276 0.991913746630728 2.08 0.08 
1.0 0.07283318852715068 0.202139266716158 -0.0 0.0 1.0 1.0 1.0 0.33 0.04 
0.0 0.026345592339065287 0.0262560133799676 -0.0 0.0 1.0 0.9919678714859436 0.995983935742972 0.01 0.0 
1.0 0.03479520226816607 0.0270980010661486 0.06 0.06 0.9779005524861876 0.9806629834254144 0.979281767955801 230.32 0.74 
0.0 0.09685065652160472 0.227552384336919 0.02 0.03 1.0 1.0 1.0 35.18 0.29 
1.0 -0.0 0.0 -0.0 -0.0 1.0 1.0 1.0 0.0 0.0 
0.0 0.02883072855956151 0.0144153642797808 0.0 0.0 1.0 1.0 1.0 0.0 0.0 
1.0 0.07851576409890412 0.0392578820494521 0.01 0.01 0.953757225433526 0.9971098265895952 0.975433526011561 20.68 0.14 
0.0 0.9619011358089464 0.633833887497885 0.2 0.55 0.7888446215139443 0.8007968127490038 0.794820717131474 801.51 0.95 
1.0 0.02883072855956151 0.0144153642797808 0.0 0.0 1.0 1.0 1.0 0.0 0.0 
0.0 0.02059871506110972 0.0102993575305549 -0.0 0.0 0.9909909909909907 0.993993993993994 0.992492492492492 0.02 0.0 
1.0 0.09551752959899933 0.0477587647994997 0.0 0.0 1.0 1.0 1.0 0.0 0.0 
0.0 1.1642717827887903 0.582135891394395 -0.0 0.0 1.0 1.0 1.0 0.0 0.0 
1.0 0.1718560268772759 0.085928013438638 0.0 0.0 1.0 1.0 1.0 0.0 0.0 
0.0 0.08665418601251205 0.043327093006256 0.07 0.08 0.9842105263157896 0.9842105263157896 0.984210526315789 190.0 0.72 
1.0 0.07546791682907909 0.0377339584145396 0.0 0.0 1.0 1.0 1.0 0.0 0.0 
0.0 0.08770501640138596 0.053768586083838 -0.0 0.0 1.0 1.0 1.0 0.02 0.0 
1.0 0.05031903881167891 0.121108589652405 0.01 0.01 1.0 1.0 1.0 17.99 0.12 
0.0 0.030092344610339425 0.0150461723051697 0.03 0.03 0.9952830188679246 0.9952830188679246 0.995283018867924 212.0 0.29 
1.0 0.7825244925771258 0.670477425198261 0.02 0.24 0.9417989417989414 0.955026455026455 0.948412698412698 336.9 0.2 
0.0 0.7445555330020763 0.53723364724127 -0.02 0.03 0.9329896907216496 0.9974226804123713 0.96520618556701 13.05 0.32 
1.0 0.07789607193187488 0.369001483756378 0.0 0.0 1.0 1.0 1.0 1.56 0.08 
0.0 0.6811525651599237 0.426555775176571 -0.04 0.01 1.0 0.9936908517350158 0.996845425867508 4.89 0.08 
1.0 0.03865721594315093 0.0193286079715755 -0.0 -0.0 1.0 1.0 1.0 0.0 0.0 
0.0 0.07546791682907909 0.0566106426539378 0.04 0.04 1.0 1.0 1.0 161.0 0.36 
1.0 0.038049545793566085 0.0295140960169357 0.01 0.01 0.984567901234568 0.9969135802469133 0.990740740740741 64.01 0.16 
0.0 -0.0 0.0 -0.0 -0.0 1.0 1.0 1.0 0.0 0.0 
1.0 -0.0 0.0 0.02 0.02 0.996875 0.996875 0.996875 320.0 0.22 
0.0 0.07597745058064577 0.107941114364946 -0.0 0.0 1.0 0.9921875 0.99609375 0.21 0.02 
1.0 -0.0 0.0 0.0 0.0 1.0 1.0 1.0 0.0 0.0 
0.0 0.6942826684983437 0.505991283722503 0.07 0.09 1.0 0.9948453608247422 0.997422680412371 409.55 0.44 
1.0 0.01826014291453781 0.0182601429145378 -0.0 0.0 1.0 1.0 1.0 0.0 0.0 
0.0 0.7769308610348622 0.417276874466702 0.01 0.13 0.9726775956284152 0.9781420765027322 0.975409836065574 366.64 0.33 
1.0 -0.0 0.0 0.0 0.0 1.0 1.0 1.0 0.0 0.0 
0.0 -0.0 0.0 -0.0 -0.0 1.0 1.0 1.0 0.0 0.0 
1.0 0.9207139363490046 0.460356968174502 0.07 0.11 0.9769736842105264 0.9769736842105264 0.976973684210526 304.0 0.38 
0.0 -0.0 0.0 0.0 0.01 0.9351851851851855 0.984567901234568 0.959876543209877 9.41 0.2 
1.0 0.04228925478114467 0.633575265205716 0.01 0.04 0.9929328621908128 0.9929328621908128 0.992932862190813 283.95 0.09 
0.0 -0.0 0.0 0.0 0.0 1.0 1.0 1.0 0.0 0.0 
1.0 0.8546388517476876 1.06870395978662 0.09 0.3 1.0 1.0 1.0 258.74 0.25 
0.0 0.09826205653251838 0.567744598343756 -0.06 0.06 0.8402061855670103 0.8994845360824743 0.869845360824742 50.82 0.41 
1.0 0.628362243986335 0.516766892441639 0.2 0.46 0.94017094017094 0.9444444444444444 0.942307692307692 643.23 1.97 
0.0 0.08148309234242727 0.136690616417779 -0.0 0.0 1.0 1.0 1.0 0.2 0.02 
