1.0 0.03876053851567018 0.0193802692578351 -0.0 0.0 1.0 0.996794871794872 0.998397435897436 0.01 0.0 
0.0 0.3692056007821668 0.343452749864414 -0.01 0.03 1.0 0.9097938144329896 0.954896907216495 47.81 0.15 
1.0 0.3063770164173898 0.166685492980459 0.01 0.01 1.0 1.0 1.0 9.95 0.19 
0.0 -0.0 0.0 0.0 0.0 1.0 1.0 1.0 0.0 0.0 
1.0 0.020652086479660176 0.0858537862787745 0.03 0.04 0.9969696969696968 0.9969696969696968 0.996969696969697 439.33 0.28 
0.0 0.8774257384430043 0.462760599717526 -0.01 0.0 1.0 0.9890909090909092 0.994545454545455 1.61 0.05 
1.0 0.0251440699125892 0.0125720349562946 0.18 0.19 0.9456521739130433 0.9492753623188402 0.947463768115942 256.62 1.56 
0.0 1.4787387439946396 1.42113635668027 -0.02 0.47 0.9886363636363636 0.9943181818181815 0.991477272727273 306.77 0.74 
1.0 0.1384539996346234 0.0692269998173117 0.07 0.07 0.9860724233983286 0.9860724233983286 0.986072423398329 359.0 0.62 
0.0 0.3582541121522332 0.179127056076117 -0.0 0.0 1.0 1.0 1.0 0.0 0.0 
1.0 0.08985109231047711 0.0599119236717872 0.03 0.03 1.0 1.0 1.0 212.0 0.24 
0.0 0.17340392552771366 0.605315532841354 -0.06 0.09 0.8402061855670103 0.9072164948453608 0.873711340206186 153.63 0.37 
1.0 0.12425083738963087 0.0621254186948154 -0.0 -0.0 1.0 1.0 1.0 0.0 0.0 
0.0 0.7405106565548961 0.389792386029898 -0.0 0.0 1.0 1.0 1.0 1.52 0.02 
1.0 0.6310778821855729 0.62816546443415 -0.02 0.02 1.0 0.9964664310954064 0.998233215547703 5.7 0.32 
0.0 0.3431393375525862 0.23510295396669 -0.02 0.02 1.0 0.7447552447552448 0.872377622377622 10.15 0.53 
1.0 0.2259904569600043 0.687056745254449 0.05 0.1 1.0 1.0 1.0 249.26 0.37 
0.0 0.02376135312603553 0.0118806765630178 -0.0 -0.0 1.0 1.0 1.0 0.0 0.0 
1.0 0.5988648945735348 0.385681438572135 0.38 0.49 0.8458333333333332 0.8916666666666668 0.86875 591.22 2.64 
0.0 0.5079790030444618 0.27582991054566 -0.0 0.0 1.0 0.9935064935064936 0.996753246753247 0.3 0.03 
1.0 0.035380323075932765 0.0176901615379664 -0.0 -0.0 1.0 1.0 1.0 0.0 0.0 
0.0 0.045688389073983635 0.143034186592614 0.03 0.04 0.9884169884169884 0.9922779922779922 0.99034749034749 172.12 0.25 
1.0 -0.0 0.0 0.08 0.09 0.9823943661971832 0.9823943661971832 0.982394366197183 284.0 0.82 
0.0 1.3107707219665214 0.655385360983261 -0.01 0.01 1.0 0.9865229110512128 0.993261455525607 5.69 0.03 
1.0 0.6866352316362762 0.424829430565321 0.02 0.06 0.9923664122137406 0.9923664122137406 0.99236641221374 210.42 0.65 
0.0 0.07871453823942896 0.0393572691197145 -0.0 -0.0 1.0 1.0 1.0 0.0 0.0 
1.0 -0.0 0.0 0.0 0.0 1.0 1.0 1.0 0.0 0.0 
0.0 0.8292750607643095 0.414637530382155 0.01 0.02 0.994475138121547 0.9972375690607737 0.99585635359116 180.96 0.04 
1.0 0.03865721594315093 0.0193286079715755 0.23 0.34 0.8917378917378918 0.8917378917378918 0.891737891737892 351.0 2.23 
0.0 0.045688389073983635 0.0228441945369918 0.0 0.0 1.0 1.0 1.0 0.0 0.0 
1.0 -0.0 0.0 0.0 0.0 1.0 1.0 1.0 0.0 0.0 
0.0 -0.0 0.0 0.11 0.12 0.9754601226993864 0.9754601226993864 0.975460122699387 326.0 1.08 
1.0 -0.0 0.0 0.02 0.02 0.9968652037617554 0.9968652037617554 0.996865203761755 319.0 0.25 
0.0 -0.0 0.0 -0.0 0.0 0.971786833855799 0.9968652037617554 0.984326018808777 0.03 0.0 
1.0 0.02108997467516504 0.021089974675165 0.06 0.06 0.9938080495356034 0.9938080495356034 0.993808049535604 646.0 0.5 
0.0 0.2259904569600043 0.168978926970697 -0.01 0.0 1.0 0.9969604863221886 0.998480243161094 0.39 0.05 
1.0 -0.0 0.0 -0.0 -0.0 1.0 1.0 1.0 0.0 0.0 
0.0 0.19348231132991175 0.0967411556649559 -0.0 0.0 1.0 1.0 1.0 0.0 0.0 
1.0 0.8664601284276787 0.452533762154804 0.05 0.06 0.9944134078212288 0.9944134078212288 0.994413407821229 443.43 0.27 
0.0 0.022090069599185986 0.011045034799593 0.0 0.0 1.0 1.0 1.0 0.0 0.0 
1.0 0.6812081464062815 0.406762611814671 0.01 0.05 1.0 1.0 1.0 454.87 0.01 
0.0 -0.0 0.0 0.0 0.0 1.0 1.0 1.0 0.0 0.0 
1.0 1.3051116481758671 1.30026752924757 -0.01 0.47 0.9921465968586388 0.9973821989528798 0.994764397905759 416.05 0.01 
0.0 0.9906696414695386 0.495334820734769 -0.0 0.0 1.0 0.8654970760233917 0.932748538011696 0.0 0.0 
1.0 0.3030117818551316 0.151505890927566 0.07 0.08 0.982300884955752 0.982300884955752 0.982300884955752 291.07 0.66 
0.0 0.04524949730111543 0.0353623518242999 -0.0 0.0 1.0 0.9922779922779922 0.996138996138996 0.02 0.0 
1.0 0.020388151169850696 0.0101940755849253 0.05 0.05 0.9910979228486648 0.9910979228486648 0.991097922848665 337.0 0.53 
0.0 0.7480481802472602 0.498387212008496 0.0 0.03 1.0 1.0 1.0 17.61 0.13 
1.0 0.020440358808449285 0.0610655269635137 -0.0 0.0 1.0 1.0 1.0 0.02 0.0 
0.0 0.1380716764530249 0.719005582342883 -0.01 0.04 1.0 0.9904458598726114 0.995222929936306 36.04 0.02 
1.0 0.03888742113579279 0.742268708946427 0.07 0.15 0.9751381215469612 0.9751381215469612 0.975138121546961 1086.0 0.26 
0.0 0.02097864624030526 0.0104893231201526 -0.0 -0.0 1.0 1.0 1.0 0.0 0.0 
1.0 0.06002390931952181 0.0514966727786034 -0.0 0.0 1.0 1.0 1.0 0.02 0.0 
0.0 0.11810740365695928 0.0590537018284797 0.0 0.0 1.0 1.0 1.0 0.0 0.0 
1.0 -0.0 0.0 -0.0 -0.0 1.0 1.0 1.0 0.0 0.0 
0.0 0.27805089844440245 0.139025449222201 -0.0 0.0 1.0 1.0 1.0 0.0 0.0 
1.0 0.6316066864192929 0.315803343209646 -0.0 0.0 1.0 1.0 1.0 0.0 0.0 
0.0 -0.0 0.0 -0.0 -0.0 1.0 1.0 1.0 0.0 0.0 
1.0 0.2555210288721024 0.642166600716909 0.02 0.04 1.0 1.0 1.0 39.79 0.01 
0.0 0.09137546664105897 0.141127563685929 0.01 0.02 0.9681978798586572 0.9929328621908128 0.980565371024735 70.52 0.05 
1.0 -0.0 0.0 -0.0 0.0 1.0 1.0 1.0 0.0 0.0 
0.0 0.1946524885045099 0.0973262442522549 -0.0 0.0 1.0 0.9952830188679246 0.997641509433962 0.04 0.01 
1.0 0.019832155766290046 0.0613126141575899 0.02 0.02 1.0 1.0 1.0 345.0 0.16 
0.0 0.8712535457073128 0.435626772853656 -0.01 0.0 0.9968652037617554 0.9968652037617554 0.996865203761755 1.71 0.04 
1.0 0.059954128784417776 0.0599541287844178 -0.0 0.0 0.9922779922779922 0.9922779922779922 0.992277992277992 0.0 0.84 
0.0 1.1755406770639067 0.642131188578935 -0.01 0.02 1.0 0.9973958333333331 0.998697916666667 21.27 0.0 
1.0 -0.0 0.0 0.0 0.0 1.0 1.0 1.0 0.0 0.0 
0.0 0.02279339310465005 0.011396696552325 -0.0 -0.0 1.0 1.0 1.0 0.0 0.0 
1.0 0.09420498859979856 0.0471024942998993 0.0 0.0 1.0 1.0 1.0 0.0 0.0 
0.0 0.27004803754506446 0.148521003544297 -0.0 0.0 1.0 1.0 1.0 0.07 0.01 
1.0 -0.0 0.0 0.0 0.0 1.0 1.0 1.0 0.0 0.0 
0.0 0.2533863028638452 0.137294439933912 -0.0 0.0 1.0 0.9968652037617554 0.998432601880878 0.06 0.01 
1.0 0.6812081464062815 0.351711307570358 -0.0 0.0 1.0 1.0 1.0 1.97 0.06 
0.0 0.17340392552771366 0.64699091858159 -0.12 0.04 1.0 0.9072164948453608 0.95360824742268 44.92 0.23 
1.0 0.7114238761682317 0.592137261504541 -0.01 0.06 1.0 1.0 1.0 20.76 0.03 
0.0 0.05475477169621643 0.0381222886126362 -0.0 0.0 1.0 1.0 1.0 0.01 0.0 
1.0 -0.0 0.0 0.02 0.02 0.9967637540453076 0.9967637540453076 0.996763754045307 309.0 0.22 
0.0 0.4527410230171909 0.237233346439476 -0.01 0.01 1.0 0.9337349397590362 0.966867469879518 4.09 0.21 
1.0 1.2408260737149903 1.24082607371499 -0.75 0.0 0.9385964912280702 0.9385964912280702 0.93859649122807 0.0 0.42 
0.0 1.1688527180954242 1.1355359702856 -0.16 0.28 0.8891752577319588 0.8994845360824743 0.894329896907216 324.51 0.4 
1.0 0.40522682240917607 0.202613411204588 -0.0 -0.0 1.0 1.0 1.0 0.0 0.0 
0.0 0.020923452826532903 0.0104617264132664 -0.0 0.0 1.0 0.984567901234568 0.992283950617284 0.02 0.0 
1.0 -0.0 0.0 0.0 0.0 1.0 1.0 1.0 0.0 0.0 
0.0 0.08591550133466311 0.0429577506673315 0.0 -0.0 1.0 0.9632653061224488 0.981632653061224 0.0 0.0 
1.0 0.05101804678019193 0.155562639598684 0.36 0.49 0.7801418439716312 0.7943262411347519 0.787234042553192 270.44 2.55 
0.0 0.8433288234818285 0.490053758347354 -0.01 0.03 0.9829545454545452 0.9971590909090908 0.990056818181818 68.11 0.06 
1.0 0.1929635162666538 0.698221968612091 0.01 0.13 0.982608695652174 0.982608695652174 0.982608695652174 379.34 0.38 
0.0 0.9096610437814356 0.525086639452645 -0.09 0.02 0.9591836734693876 0.9632653061224488 0.961224489795918 6.48 0.16 
1.0 0.6924009874615964 0.346200493730798 -0.0 0.0 1.0 1.0 1.0 0.0 0.0 
0.0 0.07124533401515272 0.0356226670075764 -0.0 -0.0 1.0 1.0 1.0 0.0 0.0 
1.0 0.029504444501537695 0.0295044445015377 -0.0 0.0 1.0 1.0 1.0 0.0 0.0 
0.0 1.0447978257633252 0.522398912881663 -0.14 0.1 0.784256559766764 0.9154518950437318 0.849854227405248 47.56 0.9 
1.0 0.2384990450191552 0.119249522509578 0.0 0.0 1.0 1.0 1.0 0.0 0.0 
0.0 0.2658313188847421 0.143960694241964 0.01 0.01 1.0 1.0 1.0 32.89 0.16 
1.0 0.09786130924602802 0.0590987688128339 -0.0 0.0 1.0 1.0 1.0 0.02 0.0 
0.0 1.2681577537929265 0.634078876896463 -0.0 0.0 1.0 0.9933333333333332 0.996666666666667 0.0 0.0 
1.0 1.2807410037915694 1.15226575037083 0.43 1.02 0.7935103244837757 0.7964601769911503 0.794985250737463 678.24 0.35 
0.0 0.04084371786340105 0.0768306396554816 -0.0 0.0 1.0 1.0 1.0 0.05 0.01 
1.0 -0.0 0.0 0.0 0.0 1.0 1.0 1.0 0.0 0.0 
0.0 -0.0 0.0 0.0 0.0 1.0 1.0 1.0 0.0 0.0 
1.0 0.8908200643875142 0.452908530077834 0.01 0.02 0.9979123173277662 0.9979123173277662 0.997912317327766 480.38 0.04 
0.0 0.024279270493060005 0.01213963524653 0.0 0.0 1.0 1.0 1.0 0.0 0.0 
1.0 0.02376135312603553 0.0118806765630178 -0.0 -0.0 1.0 1.0 1.0 0.0 0.0 
0.0 0.02581585215487724 0.0129079260774386 -0.0 0.0 1.0 0.9960474308300395 0.99802371541502 0.0 0.0 
1.0 0.6534181947937018 0.40299466406689 -0.01 0.01 1.0 1.0 1.0 5.82 0.01 
0.0 0.7611601600148685 0.500770072063056 0.01 0.05 0.9922779922779922 0.9922779922779922 0.992277992277992 262.42 0.09 
1.0 0.05064557459684865 0.0253227872984243 -0.0 -0.0 1.0 1.0 1.0 0.0 0.0 
0.0 0.04228243415597148 0.563108621188644 -0.01 0.01 1.0 0.9968847352024922 0.998442367601246 2.17 0.07 
1.0 0.14994000858789552 0.0749700042939478 0.02 0.02 0.9969969969969968 0.9969969969969968 0.996996996996997 333.0 0.15 
0.0 -0.0 0.0 0.0 0.0 1.0 1.0 1.0 0.0 0.0 
1.0 0.06018495865622546 0.0574698651762209 -0.0 0.0 1.0 0.9968152866242038 0.998407643312102 0.02 0.0 
0.0 0.11554070489162722 0.0577703524458136 0.0 0.0 1.0 1.0 1.0 0.0 0.0 
1.0 0.04320378967310572 0.0216018948365529 0.02 0.02 0.9968051118210864 0.9968051118210864 0.996805111821086 313.0 0.22 
0.0 0.3326958231564261 0.230473684403652 -0.01 0.02 0.8177083333333331 0.9973958333333331 0.907552083333333 28.31 0.01 
1.0 0.06391944714166062 0.0426755706420729 0.02 0.02 1.0 0.9936908517350158 0.996845425867508 158.01 0.18 
0.0 0.028294027016483723 0.0141470135082419 -0.0 -0.0 1.0 1.0 1.0 0.0 0.0 
1.0 0.6928970806025976 0.346448540301299 0.02 0.02 0.9968152866242038 0.9968152866242038 0.996815286624204 314.0 0.05 
0.0 0.08148309234242727 0.0622262642900561 -0.0 0.0 1.0 1.0 1.0 0.03 0.0 
1.0 0.09206631061558694 0.195034355775216 0.01 0.03 0.9863387978142077 0.9890710382513662 0.987704918032787 163.24 0.19 
0.0 -0.0 0.0 0.0 0.0 1.0 0.9923664122137406 0.99618320610687 0.0 0.0 
1.0 0.02108997467516504 0.0210620636428067 0.04 0.04 0.9938080495356034 0.9969040247678018 0.995356037151703 484.0 0.33 
0.0 0.021725669861761727 0.0108628349308809 0.0 -0.0 1.0 0.9337349397590362 0.966867469879518 0.0 0.0 
1.0 0.09713852942100243 0.0625603565331405 0.26 0.32 0.9019607843137256 0.9058823529411764 0.903921568627451 255.01 2.23 
0.0 0.04205863046985207 0.158248332546111 -0.0 0.01 1.0 0.9817073170731708 0.990853658536585 13.82 0.05 
1.0 0.4618303073933867 0.241268031237238 -0.0 0.0 1.0 1.0 1.0 0.21 0.02 
0.0 -0.0 0.0 0.0 -0.0 1.0 0.9963898916967509 0.998194945848375 0.0 0.0 
1.0 0.07978404380165302 0.548613301937359 0.03 0.04 1.0 1.0 1.0 206.42 0.19 
0.0 0.07264006382932542 0.0363200319146627 -0.0 0.0 1.0 0.9259259259259262 0.962962962962963 0.0 0.0 
1.0 -0.0 0.0 -0.0 -0.0 1.0 1.0 1.0 0.0 0.0 
0.0 0.17346262391838746 0.0867313119591937 -0.02 0.0 0.8348348348348349 0.9969969969969968 0.915915915915916 0.23 0.02 
1.0 0.36416639636829046 0.182083198184145 -0.0 -0.0 1.0 1.0 1.0 0.0 0.0 
0.0 -0.0 0.0 -0.0 -0.0 1.0 1.0 1.0 0.0 0.0 
1.0 0.0914852535930533 0.0457426267965266 0.03 0.04 0.9942028985507246 0.9942028985507246 0.994202898550725 345.0 0.35 
0.0 0.09338697037523398 0.046693485187617 -0.0 -0.0 1.0 0.993939393939394 0.996969696969697 0.0 0.0 
1.0 0.027982183645278484 0.0139910918226392 0.07 0.12 0.9662447257383966 0.970464135021097 0.968354430379747 206.47 1.05 
0.0 0.027879870468395514 0.0139399352341978 0.02 0.02 0.9870689655172414 0.9956896551724136 0.991379310344828 76.67 0.23 
1.0 0.22298278589189438 0.111491392945947 0.0 0.0 1.0 1.0 1.0 0.0 0.0 
0.0 0.020705755081089284 0.0103528775405446 -0.0 -0.0 1.0 1.0 1.0 0.0 0.0 
1.0 0.6750708230780188 0.33753541153901 -0.02 0.0 1.0 0.984375 0.9921875 0.73 0.09 
0.0 0.09835154492369656 0.0491757724618483 -0.0 -0.0 1.0 1.0 1.0 0.0 0.0 
