1.0 0.028399643095318942 0.0283468350559013 0.23 0.27 0.922448979591837 0.926530612244898 0.924489795918367 245.0 1.79 
0.0 0.055740919119538684 0.0418103947939671 -0.0 0.0 0.9956896551724136 0.9956896551724136 0.995689655172414 0.03 0.01 
1.0 0.15890893855832144 0.0794544692791607 -0.0 -0.0 1.0 1.0 1.0 0.0 0.0 
0.0 0.08955952716594741 0.61225550354938 0.04 0.09 0.980544747081712 0.9922178988326849 0.986381322957198 415.52 0.28 
1.0 -0.0 0.0 0.0 0.0 1.0 1.0 1.0 0.0 0.0 
0.0 -0.0 0.0 0.12 0.13 0.971786833855799 0.971786833855799 0.971786833855799 319.0 1.06 
1.0 0.2596277339508934 0.129813866975447 -0.0 0.0 1.0 1.0 1.0 0.0 0.0 
0.0 0.05996015212476478 0.13539431371991 -0.0 0.0 1.0 1.0 1.0 0.09 0.02 
1.0 1.6278845533520208 1.48335255097543 0.28 0.86 0.948051948051948 0.951298701298701 0.949675324675325 766.47 0.61 
0.0 0.6750708230780188 0.360379606076001 -0.01 0.0 1.0 1.0 1.0 0.36 0.05 
1.0 0.9339842147523802 0.766606581744176 -0.0 0.08 1.0 1.0 1.0 148.72 0.39 
0.0 0.2338222085409008 0.91636596470673 -0.01 0.09 0.9929328621908128 0.9929328621908128 0.992932862190813 313.39 0.03 
1.0 0.30595700122045694 0.927434499269668 0.02 0.14 0.986449864498645 0.989159891598916 0.98780487804878 586.69 0.0 
0.0 -0.0 0.0 0.0 0.0 1.0 1.0 1.0 0.0 0.0 
1.0 1.3812984481281763 0.690649224064088 0.04 0.13 0.971786833855799 0.971786833855799 0.971786833855799 319.0 0.24 
0.0 0.05840626493337912 0.0408710846399929 0.14 0.17 0.9595959595959596 0.9595959595959596 0.95959595959596 297.01 1.36 
1.0 1.3930335781090064 1.35877616535782 0.1 0.67 0.9929328621908128 0.9929328621908128 0.992932862190813 668.63 0.09 
0.0 0.8774257384430043 0.450740052326913 -0.0 0.0 1.0 0.9890909090909092 0.994545454545455 0.8 0.03 
1.0 0.05158802644565516 0.752133806394589 0.11 0.23 0.9361702127659574 0.9404255319148936 0.938297872340426 250.06 0.57 
0.0 0.040976607555122384 0.112476017857213 -0.0 0.0 1.0 1.0 1.0 0.07 0.01 
1.0 0.9235692339395724 0.526503426306252 0.04 0.1 0.743859649122807 0.943859649122807 0.843859649122807 61.97 0.38 
0.0 0.055740919119538684 0.0278704595597693 0.0 0.0 1.0 0.9956896551724136 0.997844827586207 0.0 0.0 
1.0 -0.0 0.0 -0.0 0.0 0.996794871794872 0.996794871794872 0.996794871794872 0.0 0.22 
0.0 0.02466432081248941 0.0123321604062447 -0.0 -0.0 1.0 1.0 1.0 0.0 0.0 
1.0 0.04439848702821478 0.0221992435141074 0.0 0.0 1.0 1.0 1.0 0.0 0.0 
0.0 0.02625568508792424 0.0131278425439621 0.0 0.0 1.0 1.0 1.0 0.0 0.0 
1.0 0.05297328328546583 0.0454617737814688 0.05 0.05 1.0 0.9968847352024922 0.998442367601246 321.0 0.48 
0.0 0.02097864624030526 0.0765652204581242 -0.0 0.0 1.0 1.0 1.0 0.02 0.0 
1.0 0.05830585895677606 0.029152929478388 0.0 0.0 1.0 1.0 1.0 0.0 0.0 
0.0 0.33741562335763503 0.183123175958598 -0.0 0.0 1.0 1.0 1.0 0.08 0.02 
1.0 -0.0 0.0 -0.0 0.0 1.0 1.0 1.0 0.0 0.0 
0.0 0.03836140891311494 0.0191807044565575 0.0 0.0 1.0 1.0 1.0 0.0 0.0 
1.0 1.52382286384939 1.29135338206765 0.27 0.48 0.9972972972972972 0.9972972972972972 0.997297297297297 670.99 0.14 
0.0 1.1625363955943298 0.581268197797165 -0.06 0.02 0.948170731707317 0.9847560975609758 0.966463414634146 12.23 0.16 
1.0 0.07312811735619988 0.11912164231759 0.02 0.02 1.0 0.995967741935484 0.997983870967742 123.55 0.15 
0.0 0.9089089417480326 0.454454470874016 -0.0 0.0 1.0 0.997032640949555 0.998516320474777 0.0 0.0 
1.0 0.2338222085409008 0.818238813239901 0.01 0.11 0.9929328621908128 0.9929328621908128 0.992932862190813 434.69 0.22 
0.0 0.2819902649994507 0.804311215745657 -0.06 0.04 1.0 0.9419354838709676 0.970967741935484 33.27 0.03 
1.0 0.08177127940433396 0.081771279404334 -0.01 0.0 0.9920948616600794 0.9920948616600794 0.992094861660079 0.0 0.91 
0.0 0.09608527084080484 0.058729594697918 0.02 0.02 1.0 0.996845425867508 0.998422712933754 317.01 0.17 
1.0 0.019590009201610598 0.0097950046008053 -0.0 0.0 0.9915014164305948 0.9943342776203966 0.992917847025496 0.02 0.0 
0.0 0.12926286078060673 0.0646314303903034 -0.0 0.0 0.9504504504504504 0.9954954954954957 0.972972972972973 0.08 0.02 
1.0 0.2767002993788032 0.138350149689402 0.0 0.0 1.0 1.0 1.0 0.0 0.0 
0.0 0.42261527491331197 0.268542087204378 0.0 0.01 1.0 1.0 1.0 13.46 0.04 
1.0 0.05204098300862845 0.0260204915043142 -0.0 -0.0 1.0 1.0 1.0 0.0 0.0 
0.0 0.5707096708311864 0.398455300627867 -0.01 0.02 1.0 0.9923664122137406 0.99618320610687 33.82 0.05 
1.0 0.024742910712718332 0.0637342643417528 -0.0 0.0 1.0 1.0 1.0 0.02 0.0 
0.0 -0.0 0.0 0.0 0.0 1.0 0.9948453608247422 0.997422680412371 0.0 0.0 
1.0 0.5421533344225952 0.542153334422595 -0.14 0.0 1.0 1.0 1.0 0.0 2.27 
0.0 0.04708051459985158 0.0353135408491553 0.02 0.02 1.0 1.0 1.0 282.0 0.23 
1.0 0.03423054971755021 0.0816544064400647 -0.0 0.0 1.0 1.0 1.0 0.02 0.01 
0.0 -0.0 0.0 -0.0 -0.0 1.0 1.0 1.0 0.0 0.0 
1.0 0.9363694874611495 0.601909736153785 0.02 0.07 0.9963235294117646 0.9963235294117646 0.996323529411765 291.07 0.06 
0.0 0.972890737844 0.78264240426841 -0.14 0.13 1.0 1.0 1.0 68.1 0.76 
1.0 0.08150346432745215 0.0650160598667662 -0.0 0.0 1.0 1.0 1.0 0.03 0.01 
0.0 0.14051223512385375 0.0702561175619269 0.0 -0.0 1.0 0.9632653061224488 0.981632653061224 0.0 0.0 
1.0 -0.0 0.0 0.11 0.12 0.9609375 0.96875 0.96484375 101.57 1.13 
0.0 0.7103682023888913 0.417420348186233 -0.02 0.28 0.5138339920948617 0.9802371541501976 0.74703557312253 119.89 0.8 
1.0 0.40402573586735513 0.339759988378852 0.13 0.23 0.9971671388101983 0.9971671388101983 0.997167138810198 970.58 1.59 
0.0 0.23531376388810035 0.11765688194405 -0.0 0.0 1.0 1.0 1.0 0.0 0.0 
1.0 0.582038460656839 0.414881932547163 0.24 0.28 0.9244604316546762 0.9244604316546762 0.924460431654676 287.48 1.03 
0.0 0.021845696904517597 0.0109228484522588 0.02 0.02 0.9967637540453076 0.9967637540453076 0.996763754045307 309.0 0.2 
1.0 0.04004863019043305 0.0200243150952165 -0.0 -0.0 1.0 1.0 1.0 0.0 0.0 
0.0 -0.0 0.0 0.0 0.0 1.0 1.0 1.0 0.0 0.0 
1.0 -0.0 0.0 0.0 0.0 1.0 1.0 1.0 0.0 0.0 
0.0 -0.0 0.0 -0.0 -0.0 1.0 1.0 1.0 0.0 0.0 
1.0 0.030710110846276655 0.0153550554231383 0.04 0.04 0.9933554817275748 0.9966777408637872 0.995016611295681 293.43 0.4 
0.0 0.6071038019529311 0.973145417181283 -0.05 0.12 1.0 0.9432989690721648 0.971649484536082 84.08 0.28 
1.0 0.15505710060877428 0.762866760730055 -0.01 0.18 0.9623188405797102 0.965217391304348 0.963768115942029 362.16 0.26 
0.0 0.8606185834564639 1.19931506330399 0.02 0.57 0.9327485380116958 0.9912280701754383 0.961988304093567 410.97 0.19 
1.0 0.17356895352175472 0.173568953521755 -0.0 0.0 1.0 1.0 1.0 0.0 1.7 
0.0 0.9128763258808285 0.60394731964769 -0.01 0.02 1.0 1.0 1.0 11.07 0.06 
1.0 -0.0 0.0 0.0 0.0 1.0 1.0 1.0 0.0 0.0 
0.0 0.16302362949436594 0.586772335085506 -0.01 0.02 1.0 1.0 1.0 4.77 0.29 
1.0 1.533054884762514 0.766527442381257 -0.0 0.0 1.0 1.0 1.0 0.0 0.0 
0.0 0.07874352521823422 0.0393717626091171 -0.0 0.0 0.9933110367892976 0.9966555183946488 0.994983277591973 0.03 0.01 
1.0 1.1532957369804067 0.576647868490203 -0.0 0.0 1.0 1.0 1.0 0.0 0.0 
0.0 0.02120257700397865 0.646036833080105 0.01 0.03 0.990625 0.996875 0.99375 212.66 0.09 
1.0 1.5030902393192356 0.751545119659618 0.01 0.02 0.9972677595628417 0.9972677595628417 0.997267759562842 366.0 0.02 
0.0 0.1851986358201874 0.0925993179100937 -0.0 -0.0 1.0 1.0 1.0 0.0 0.0 
1.0 -0.0 0.0 -0.0 0.0 0.9935691318327972 0.9935691318327972 0.993569131832797 0.0 0.37 
0.0 0.020652086479660176 0.0103260432398301 0.0 0.0 1.0 0.9791666666666664 0.989583333333333 0.0 0.0 
1.0 0.08203060371551939 0.105646732248063 0.12 0.15 0.9504504504504504 0.9729729729729728 0.961711711711712 179.93 1.16 
0.0 0.050319038811679005 0.0251595194058395 -0.0 0.0 1.0 0.9904458598726114 0.995222929936306 0.02 0.0 
1.0 0.09244359525217268 0.498527352926597 -0.0 0.0 1.0 1.0 1.0 1.56 0.04 
0.0 -0.0 0.0 -0.0 -0.0 1.0 1.0 1.0 0.0 0.0 
1.0 0.23564914246808455 0.641346658829547 -0.02 0.03 1.0 1.0 1.0 18.08 0.02 
0.0 0.08591550133466311 0.413276241940595 -0.03 0.02 1.0 0.9632653061224488 0.981632653061224 8.08 0.17 
1.0 0.02059871506110972 0.0205987150611097 -0.0 0.0 1.0 1.0 1.0 0.0 0.0 
0.0 0.6452750205454816 0.350335527825496 -0.0 0.0 1.0 0.9967105263157896 0.998355263157895 1.62 0.07 
1.0 0.09167492896130204 0.045837464480651 0.0 0.0 1.0 1.0 1.0 0.0 0.0 
0.0 0.5272617660706461 0.411886015835235 -0.03 0.01 1.0 1.0 1.0 3.14 0.27 
1.0 0.02086856966292297 0.020868569662923 0.02 0.02 0.9969325153374232 0.9969325153374232 0.996932515337423 326.0 0.18 
0.0 0.11281756144756208 0.056408780723781 -0.0 0.0 1.0 0.9965870307167234 0.998293515358362 0.02 0.0 
1.0 0.918722914685611 0.560058658929651 0.02 0.06 0.9879518072289154 0.9939759036144576 0.990963855421687 181.05 0.09 
0.0 -0.0 0.0 0.0 0.0 1.0 1.0 1.0 0.0 0.0 
1.0 0.06325195083657176 0.0429569559651917 0.0 0.0 1.0 1.0 1.0 0.01 0.0 
0.0 0.12712969694900975 0.0635648484745049 -0.0 -0.0 1.0 0.6775510204081633 0.838775510204082 0.0 0.0 
1.0 0.8682075750923891 0.540501281187212 0.04 0.08 0.9745042492917848 0.9830028328611898 0.978753541076487 269.68 0.24 
0.0 0.09206631061558694 0.195034355775216 0.01 0.03 0.9863387978142077 0.9890710382513662 0.987704918032787 163.24 0.19 
1.0 0.3210106478398682 0.160505323919934 0.0 0.0 1.0 1.0 1.0 0.0 0.0 
0.0 0.055740919119538684 0.0417596386460831 -0.0 0.0 1.0 0.9956896551724136 0.997844827586207 0.01 0.0 
1.0 0.16903412505979679 0.0845170625298984 -0.0 -0.0 1.0 1.0 1.0 0.0 0.0 
0.0 0.027778358172627568 0.0277783581726276 -0.0 0.0 1.0 1.0 1.0 0.0 0.0 
1.0 0.05553805678555587 0.0416582074790917 -0.0 0.0 1.0 1.0 1.0 0.01 0.0 
0.0 0.03855448604303559 0.115226313268083 -0.0 0.0 1.0 1.0 1.0 0.1 0.01 
1.0 0.027185575146154974 0.0135927875730775 0.0 0.0 1.0 1.0 1.0 0.0 0.0 
0.0 0.13876938584199588 0.0693846929209979 -0.0 -0.0 1.0 1.0 1.0 0.0 0.0 
1.0 0.0605098655008392 0.237000577866614 0.01 0.01 1.0 1.0 1.0 15.91 0.11 
0.0 0.8585818504987296 1.11315610872573 -0.0 0.27 1.0 1.0 1.0 159.37 0.11 
1.0 0.06489622226875695 0.0324481111343785 -0.0 -0.0 1.0 1.0 1.0 0.0 0.0 
0.0 -0.0 0.0 0.0 0.0 1.0 0.9941520467836256 0.997076023391813 0.0 0.0 
1.0 0.08578017223261401 0.0571968061607767 0.0 0.0 1.0 1.0 1.0 0.01 0.0 
0.0 1.1688527180954242 1.16813681413748 -0.22 0.25 0.8891752577319588 0.8917525773195876 0.890463917525773 193.38 0.3 
1.0 0.1615982333492403 0.670079182846307 -0.0 0.04 1.0 0.9881305637982196 0.99406528189911 62.83 0.2 
0.0 0.03201815963903439 0.0685219515088524 0.01 0.03 1.0 0.8448275862068965 0.922413793103448 16.71 0.32 
1.0 0.8392488043821567 0.539814394246701 -0.0 0.05 0.9922779922779922 0.9922779922779922 0.992277992277992 261.42 0.04 
0.0 0.03201815963903439 0.029898258905831 -0.0 0.0 1.0 0.8448275862068965 0.922413793103448 0.19 0.03 
1.0 0.04991801430261973 0.0776063350451102 0.03 0.04 0.994236311239193 0.994236311239193 0.994236311239193 347.05 0.25 
0.0 0.08403108191743977 0.38653620024024 -0.0 0.01 1.0 1.0 1.0 2.22 0.08 
1.0 1.076655743996979 0.591809156594621 0.0 0.02 1.0 1.0 1.0 77.34 0.0 
0.0 0.17374999186400675 0.0868749959320034 -0.0 0.0 1.0 0.5950704225352113 0.797535211267606 0.0 0.0 
1.0 0.7648871092878222 0.469145517407768 0.13 0.34 0.9072164948453608 0.9072164948453608 0.907216494845361 453.6 1.24 
0.0 0.09001124790298305 0.0450056239514915 0.0 -0.0 1.0 0.9817073170731708 0.990853658536585 0.0 0.0 
1.0 0.6823259356244296 1.04580626072875 0.4 0.79 0.815625 0.878125 0.846875 636.62 1.52 
0.0 0.03907411550489949 0.0195370577524497 0.0 0.0 1.0 1.0 1.0 0.0 0.0 
1.0 0.02148980552905605 0.021489805529056 -0.0 0.0 0.9691358024691356 0.9691358024691356 0.969135802469136 0.0 1.14 
0.0 0.03876053851567018 0.0301837931501695 -0.0 0.0 1.0 1.0 1.0 0.01 0.0 
1.0 0.052855735235040675 0.0396459494384617 -0.0 0.0 1.0 1.0 1.0 0.01 0.0 
0.0 0.5711490065340494 0.34913935174153 0.27 0.38 0.6775510204081633 0.7673469387755103 0.722448979591837 167.57 1.39 
1.0 1.43354674361514 0.71677337180757 0.04 0.19 0.9436997319034852 0.9436997319034852 0.943699731903485 336.36 0.41 
0.0 0.9363694874611495 0.480324378977105 0.01 0.02 1.0 0.9963235294117646 0.998161764705882 272.0 0.06 
1.0 0.06765541026861041 0.0474204927073827 -0.0 0.0 1.0 1.0 1.0 0.01 0.0 
0.0 0.02883072855956151 0.0144153642797808 0.0 0.0 1.0 1.0 1.0 0.0 0.0 
1.0 0.021034152610448338 0.0799105564100587 -0.0 0.0 1.0 0.996894409937888 0.998447204968944 0.03 0.0 
0.0 0.5510799280869728 0.275539964043486 0.0 -0.0 1.0 1.0 1.0 0.0 0.0 
1.0 0.04852865540608026 0.117877601578566 -0.0 0.0 1.0 1.0 1.0 0.1 0.02 
0.0 0.850713860611364 0.425356930305682 0.0 -0.0 1.0 1.0 1.0 0.0 0.0 
1.0 -0.0 0.0 0.03 0.03 0.9957081545064378 0.9957081545064378 0.995708154506438 233.0 0.29 
0.0 0.3735612473015543 0.371854707054377 -0.01 0.0 1.0 1.0 1.0 3.12 0.12 
