1.0 1.3571663066434942 0.732826425092825 0.01 0.03 1.0 0.9973958333333331 0.998697916666667 210.58 0.02 
0.0 0.024279270493060005 0.01213963524653 0.0 0.0 1.0 1.0 1.0 0.0 0.0 
1.0 0.6639699041842487 0.331984952092124 -0.0 0.0 1.0 1.0 1.0 0.0 0.0 
0.0 1.1755406770639067 0.642131188578935 -0.01 0.02 1.0 0.9973958333333331 0.998697916666667 21.27 0.0 
1.0 0.7132405300876173 0.488137499309084 0.05 0.11 0.9868421052631576 0.9868421052631576 0.986842105263158 829.1 0.26 
0.0 0.07968440668573698 0.0588669762396516 -0.0 0.0 1.0 0.984567901234568 0.992283950617284 0.11 0.02 
1.0 0.667925508689651 0.393305950430787 -0.03 0.01 1.0 0.9775280898876404 0.98876404494382 5.57 0.08 
0.0 0.020233227837119512 0.097664415422094 0.01 0.01 0.9825072886297378 0.9970845481049562 0.989795918367347 56.49 0.09 
1.0 0.0581557306257278 0.0290778653128639 0.0 0.0 1.0 1.0 1.0 0.0 0.0 
0.0 0.5576080435520234 0.278804021776012 -0.0 0.0 1.0 1.0 1.0 0.0 0.0 
1.0 -0.0 0.0 0.0 0.0 1.0 1.0 1.0 0.0 0.0 
0.0 -0.0 0.0 -0.01 0.0 0.8654970760233917 0.9941520467836256 0.929824561403509 0.31 0.03 
1.0 -0.0 0.0 -0.0 -0.0 1.0 1.0 1.0 0.0 0.0 
0.0 0.04296943623768491 0.200611774194959 0.02 0.02 1.0 1.0 1.0 314.1 0.1 
1.0 0.3978647591522306 0.367640191254933 -0.05 0.03 1.0 1.0 1.0 45.55 0.1 
0.0 0.0678872387735005 0.0962106963913966 -0.0 0.0 1.0 1.0 1.0 0.07 0.01 
1.0 0.28162709164599875 0.15426317107024 0.03 0.03 1.0 1.0 1.0 241.0 0.17 
0.0 0.08068769483073149 0.0403438474153657 -0.0 0.0 0.9876160990712074 0.9969040247678018 0.992260061919505 0.03 0.0 
1.0 0.08358306376156628 0.0578006117003003 0.03 0.04 0.8448275862068965 0.9956896551724136 0.920258620689655 243.14 0.33 
0.0 0.07217776154617153 0.0565107397047863 -0.0 0.0 1.0 1.0 1.0 0.03 0.01 
1.0 0.01872477074468281 0.708920962962009 0.02 0.05 0.9946091644204854 0.9946091644204854 0.994609164420485 742.0 0.08 
0.0 0.808814311512711 0.432176184149133 -0.0 0.0 1.0 1.0 1.0 0.64 0.06 
1.0 0.09478844509402591 0.0689373582520068 -0.0 0.0 1.0 1.0 1.0 0.04 0.01 
0.0 0.09608527084080484 0.388618918000364 -0.01 0.01 1.0 1.0 1.0 6.94 0.08 
1.0 0.8546388517476876 1.06870395978662 0.09 0.3 1.0 1.0 1.0 258.74 0.25 
0.0 0.21849725860896016 0.10924862930448 -0.0 0.0 1.0 0.9962686567164178 0.998134328358209 0.06 0.01 
1.0 0.23564914246808455 0.641346658829547 -0.02 0.03 1.0 1.0 1.0 18.08 0.02 
0.0 0.19267620766013585 0.190849820675989 -0.04 0.01 0.9149484536082472 0.940721649484536 0.927835051546392 11.63 0.22 
1.0 1.5896786777542251 1.33494349508728 0.09 0.61 0.9916434540389972 0.9916434540389972 0.991643454038997 1029.55 0.16 
0.0 0.04809546099204767 0.149999815360384 0.34 0.43 0.843076923076923 0.846153846153846 0.844615384615385 642.52 2.42 
1.0 0.3146589482949868 0.216005230875178 0.19 0.25 0.9135446685878964 0.9221902017291066 0.917867435158501 310.91 1.4 
0.0 0.021725669861761727 0.0108628349308809 0.0 -0.0 1.0 0.9337349397590362 0.966867469879518 0.0 0.0 
1.0 0.027185575146154974 0.107206061448604 -0.0 0.0 1.0 1.0 1.0 0.05 0.01 
0.0 0.8392488043821567 0.445092008811064 0.01 0.05 0.9922779922779922 0.9922779922779922 0.992277992277992 260.19 0.07 
1.0 0.2983173313715373 0.271502817072208 0.03 0.03 1.0 0.9972527472527472 0.998626373626374 98.78 0.23 
0.0 0.06986794993891596 0.0965467390687617 -0.01 0.0 1.0 0.9081967213114754 0.954098360655738 0.51 0.05 
1.0 0.024742910712718332 0.0637342643417528 0.02 0.02 1.0 1.0 1.0 266.0 0.23 
0.0 0.06002390931952181 0.209139010735878 -0.0 0.0 1.0 1.0 1.0 0.31 0.03 
1.0 0.850713860611364 0.425356930305682 0.0 -0.0 1.0 1.0 1.0 0.0 0.0 
0.0 0.10422119059947395 0.052110595299737 -0.0 0.0 1.0 0.9351851851851855 0.967592592592593 0.5 0.06 
1.0 -0.0 0.0 0.0 0.0 1.0 1.0 1.0 0.0 0.0 
0.0 0.09000620146362419 0.0450031007318121 -0.0 -0.0 1.0 1.0 1.0 0.0 0.0 
1.0 0.036343991116405766 0.188062728419718 -0.0 0.0 1.0 1.0 1.0 0.17 0.02 
0.0 0.043321997190798975 0.111798848959963 -0.0 0.0 1.0 0.9936102236421724 0.996805111821086 0.12 0.02 
1.0 0.04004863019043305 0.0200243150952165 -0.0 -0.0 1.0 1.0 1.0 0.0 0.0 
0.0 1.1392335079768343 0.569616753988417 0.0 -0.0 1.0 0.9972067039106144 0.998603351955307 0.0 0.0 
1.0 0.06795125375562225 0.337833675565522 0.0 0.01 1.0 1.0 1.0 4.42 0.03 
0.0 0.6639004844764248 0.353434960357055 0.01 0.02 1.0 1.0 1.0 161.92 0.17 
1.0 0.04852865540608026 0.0378571152761176 -0.0 0.0 1.0 1.0 1.0 0.01 0.0 
0.0 0.8382272584994898 1.00353998829746 0.12 0.46 0.8891752577319588 0.9072164948453608 0.89819587628866 656.25 0.92 
1.0 0.21263524295523997 0.10631762147762 0.0 -0.0 1.0 1.0 1.0 0.0 0.0 
0.0 0.055740919119538684 0.0278704595597693 -0.0 0.0 0.9870689655172414 0.9956896551724136 0.991379310344828 0.04 0.01 
1.0 0.9906696414695386 0.495334820734769 -0.03 0.19 0.8654970760233917 0.9210526315789472 0.89327485380117 188.63 0.53 
0.0 0.11554070489162722 0.0577703524458136 0.0 0.0 1.0 1.0 1.0 0.0 0.0 
1.0 -0.0 0.0 0.0 0.0 1.0 1.0 1.0 0.0 0.0 
0.0 1.4092865858330776 0.704643292916539 0.0 -0.0 1.0 0.878125 0.9390625 0.0 0.0 
1.0 0.03563245853376573 0.0356324585337657 0.04 0.04 0.9923857868020304 0.9923857868020304 0.99238578680203 394.01 0.42 
0.0 0.6274370336771098 0.324319805340544 -0.0 0.0 1.0 0.9968652037617554 0.998432601880878 0.48 0.02 
1.0 0.03641887534057641 0.0313372802142503 -0.0 0.0 1.0 1.0 1.0 0.0 0.0 
0.0 0.1380716764530249 0.0690358382265124 -0.0 0.0 1.0 0.9904458598726114 0.995222929936306 0.0 0.0 
1.0 0.05196381076639665 0.0259819053831983 0.0 0.0 1.0 1.0 1.0 0.0 0.0 
0.0 0.09001124790298305 0.0450056239514915 0.0 -0.0 1.0 0.9817073170731708 0.990853658536585 0.0 0.0 
1.0 0.4764511118846591 0.341526458700847 0.07 0.13 0.9746835443037976 0.9746835443037976 0.974683544303797 323.44 0.44 
0.0 0.06685739284696796 0.033428696423484 0.0 0.0 1.0 1.0 1.0 0.0 0.0 
1.0 0.914253887912842 0.771222403579663 0.19 0.26 1.0 1.0 1.0 338.73 1.41 
0.0 1.4328641263360475 0.716432063168024 -0.04 0.03 1.0 0.946127946127946 0.973063973063973 14.21 0.04 
1.0 -0.0 0.0 0.0 0.0 1.0 1.0 1.0 0.0 0.0 
0.0 0.8120455419805839 0.746522342622997 0.05 0.69 0.9936908517350158 0.996845425867508 0.995268138801262 549.47 0.75 
1.0 0.19978131761407877 0.956538827472373 0.36 0.69 0.4776902887139108 0.4855643044619424 0.481627296587927 404.62 0.27 
0.0 0.06201998821945535 0.0620199882194553 -0.0 0.0 1.0 1.0 1.0 0.03 0.01 
1.0 0.021666184788399698 0.0216661847883997 0.13 0.16 0.9628482972136226 0.9628482972136226 0.962848297213622 323.0 1.37 
0.0 0.02097864624030526 0.0209510495334191 -0.0 0.0 1.0 0.9969135802469133 0.998456790123457 0.01 0.0 
1.0 0.6928970806025976 0.346448540301299 0.02 0.02 0.9968152866242038 0.9968152866242038 0.996815286624204 314.0 0.05 
0.0 0.02108997467516504 0.0210343104577351 -0.0 0.0 1.0 0.9938080495356034 0.996904024767802 0.01 0.0 
1.0 0.476305553807033 0.251745564476594 -0.0 0.0 1.0 0.9957983193277314 0.997899159663866 0.13 0.02 
0.0 -0.0 0.0 0.0 0.0 1.0 1.0 1.0 0.0 0.0 
1.0 0.8086274974243058 0.413282454345277 -0.0 0.0 1.0 0.9974226804123713 0.998711340206186 0.43 0.03 
0.0 0.01821912306957769 0.69656390899792 -0.03 0.01 0.9921875 0.9973958333333331 0.994791666666667 6.02 0.02 
1.0 0.9885301521120642 1.26616030226607 0.05 0.75 0.9872448979591836 0.989795918367347 0.988520408163265 725.61 0.1 
0.0 0.09492415944835747 0.167999413163725 -0.0 0.0 1.0 1.0 1.0 0.26 0.04 
1.0 0.5712047455257367 0.285602372762868 0.08 0.14 0.9694656488549618 0.9694656488549618 0.969465648854962 262.0 0.7 
0.0 0.04854497464319881 0.0242724873215994 0.0 0.0 1.0 1.0 1.0 0.0 0.0 
1.0 0.8909796726328211 0.757546378885382 0.13 0.41 0.8679867986798679 0.9735973597359736 0.920792079207921 523.26 1.31 
0.0 0.055740919119538684 0.041913113298434 -0.0 0.0 0.9870689655172414 0.9956896551724136 0.991379310344828 0.05 0.01 
1.0 0.3122714772804242 0.156135738640212 -0.0 -0.0 1.0 1.0 1.0 0.0 0.0 
0.0 1.1532957369804067 0.576647868490203 -0.0 0.0 1.0 1.0 1.0 0.0 0.0 
1.0 0.05822889373687884 0.0582288937368788 -0.0 0.0 1.0 1.0 1.0 0.0 0.35 
0.0 0.09685065652160472 0.259783180799663 -0.01 0.0 1.0 0.9808917197452226 0.990445859872611 0.89 0.09 
1.0 0.02450873730849492 0.0245087373084949 0.01 0.02 0.9962962962962962 0.9962962962962962 0.996296296296296 270.0 0.24 
0.0 -0.0 0.0 0.0 0.0 1.0 1.0 1.0 0.0 0.0 
1.0 0.09275633717779637 0.341804573510918 0.07 0.11 0.9779874213836478 0.9779874213836478 0.977987421383648 323.83 0.45 
0.0 0.6274370336771098 0.324348198292955 0.01 0.02 0.9968652037617554 0.9968652037617554 0.996865203761755 319.48 0.03 
1.0 0.1323170772230607 0.0661585386115303 -0.0 -0.0 1.0 1.0 1.0 0.0 0.0 
0.0 1.415503728125571 1.41239515697932 0.06 0.57 1.0 0.878125 0.9390625 523.27 0.59 
1.0 0.1718560268772759 0.085928013438638 0.0 0.0 1.0 1.0 1.0 0.0 0.0 
0.0 0.05475477169621643 0.0381222886126362 -0.0 0.0 1.0 1.0 1.0 0.01 0.0 
1.0 2.4535399283313226 1.33270090570865 0.01 0.12 0.958579881656805 0.9970414201183434 0.977810650887574 376.97 0.04 
0.0 0.7028121741209523 0.351406087060476 -0.0 0.0 1.0 0.9970501474926252 0.998525073746313 0.56 0.02 
1.0 0.2338222085409008 0.818238813239901 0.01 0.11 0.9929328621908128 0.9929328621908128 0.992932862190813 434.69 0.22 
0.0 0.4540115915195649 0.299310524550649 -0.02 0.01 1.0 0.9904458598726114 0.995222929936306 2.16 0.14 
1.0 0.024822040210269496 0.0124110201051347 0.0 0.0 1.0 1.0 1.0 0.0 0.0 
0.0 0.1323170772230607 0.0661585386115303 -0.0 -0.0 1.0 1.0 1.0 0.0 0.0 
1.0 0.02757769791835 0.013788848959175 0.0 0.0 1.0 1.0 1.0 0.0 0.0 
0.0 0.05204098300862845 0.0960663710181083 -0.0 0.0 1.0 0.9542682926829268 0.977134146341463 0.22 0.02 
1.0 0.05840626493337912 0.0408710846399929 0.14 0.17 0.9595959595959596 0.9595959595959596 0.95959595959596 297.01 1.39 
0.0 0.9906696414695386 0.495334820734769 -0.01 0.01 0.8654970760233917 0.9941520467836256 0.929824561403509 5.01 0.03 
1.0 0.1615982333492403 0.670079182846307 -0.0 0.04 1.0 0.9881305637982196 0.99406528189911 62.83 0.2 
0.0 0.9154010612316814 0.798200102248546 -0.01 0.57 0.981072555205047 0.9936908517350158 0.987381703470032 284.11 0.57 
1.0 0.09244359525217268 0.0462217976260863 -0.0 -0.0 1.0 1.0 1.0 0.0 0.0 
0.0 0.7406369825465265 0.564092943105425 -0.01 0.02 1.0 1.0 1.0 9.6 0.05 
1.0 0.6090220729262696 0.304511036463135 0.06 0.07 0.9867549668874174 0.9867549668874174 0.986754966887417 302.0 0.32 
0.0 0.06002390931952181 0.257017750419543 -0.01 0.0 1.0 1.0 1.0 0.57 0.05 
1.0 0.08665418601251205 0.043327093006256 0.07 0.08 0.9842105263157896 0.9842105263157896 0.984210526315789 190.0 0.72 
0.0 0.8905616504463674 0.835020246597708 0.03 0.13 1.0 0.8969072164948454 0.948453608247423 306.85 0.68 
1.0 -0.0 0.0 -0.0 -0.0 1.0 1.0 1.0 0.0 0.0 
0.0 0.04557509793548258 0.0342174111517035 0.12 0.12 0.9668874172185432 0.9701986754966888 0.968543046357616 270.88 1.01 
1.0 0.4495690211533613 0.341174987431528 0.01 0.03 1.0 1.0 1.0 78.19 0.14 
0.0 -0.0 0.0 -0.0 -0.0 1.0 1.0 1.0 0.0 0.0 
1.0 0.07546791682907909 0.0377339584145396 0.0 0.0 1.0 1.0 1.0 0.0 0.0 
0.0 0.1718560268772759 0.085928013438638 -0.0 0.0 1.0 0.9948453608247422 0.997422680412371 0.04 0.01 
1.0 0.8392488043821567 0.432362005364821 0.01 0.05 0.9922779922779922 0.9922779922779922 0.992277992277992 259.59 0.1 
0.0 -0.0 0.0 -0.0 -0.0 1.0 0.996875 0.9984375 0.0 0.0 
1.0 0.9246811048591118 0.547605480653312 -0.0 0.01 1.0 1.0 1.0 4.13 0.13 
0.0 0.8908200643875142 0.445410032193757 -0.01 0.0 0.9979123173277662 0.9979123173277662 0.997912317327766 1.39 0.01 
1.0 0.6584298908958386 0.359192009840128 -0.0 0.0 0.9922779922779922 0.996138996138996 0.994208494208494 1.37 0.11 
0.0 0.03661672937971218 0.0183083646898561 -0.0 -0.0 1.0 1.0 1.0 0.0 0.0 
1.0 0.22298278589189438 0.111491392945947 0.0 0.0 1.0 1.0 1.0 0.0 0.0 
0.0 0.03775336847879649 0.0188766842393982 -0.0 -0.0 1.0 1.0 1.0 0.0 0.0 
1.0 0.028294027016483723 0.0141470135082419 -0.0 -0.0 1.0 1.0 1.0 0.0 0.0 
0.0 0.2574367821110266 0.798311907260331 -0.08 0.08 1.0 0.9072164948453608 0.95360824742268 130.04 0.18 
1.0 0.04392359467299709 0.1603119470259 -0.01 0.0 1.0 1.0 1.0 0.12 0.02 
0.0 0.7050575594494202 0.35252877972471 -0.0 0.0 1.0 0.9967637540453076 0.998381877022654 0.0 0.0 
1.0 -0.0 0.0 0.0 0.0 1.0 1.0 1.0 0.0 0.0 
0.0 0.04624639022456452 0.0438396291809536 -0.0 0.0 1.0 1.0 1.0 0.01 0.0 
1.0 0.0727705510930352 0.16631672166803 -0.0 0.0 1.0 1.0 1.0 0.32 0.03 
0.0 0.09826205653251838 0.175406617340743 0.17 0.25 0.8994845360824743 0.9097938144329896 0.904639175257732 323.13 1.88 
1.0 0.4615864564112995 0.999356018898977 0.08 0.21 0.9886363636363636 0.9886363636363636 0.988636363636364 504.48 0.37 
0.0 0.9096610437814356 0.64860497372288 -0.0 0.05 1.0 0.9591836734693876 0.979591836734694 19.67 0.4 
1.0 0.08762905025492956 0.444225436539663 0.22 0.29 0.9176136363636364 0.9176136363636364 0.917613636363636 369.07 1.25 
0.0 0.020652086479660176 0.0988816370253728 -0.0 0.0 1.0 1.0 1.0 0.04 0.01 
