1.0 0.06500189380978766 0.0325009469048938 -0.0 -0.0 1.0 1.0 1.0 0.0 0.0 
0.0 0.06472619485752217 0.0323630974287611 0.0 0.0 1.0 1.0 1.0 0.0 0.0 
1.0 0.27273593039169325 0.753677051427419 0.05 0.19 0.9585635359116021 0.9751381215469612 0.966850828729282 611.9 0.39 
0.0 0.4540115915195649 0.23775069852431 -0.0 0.0 1.0 1.0 1.0 0.19 0.02 
1.0 0.3210106478398682 0.684027411515439 -0.05 0.03 1.0 1.0 1.0 23.76 0.06 
0.0 0.19765913736613375 0.649939179920953 0.16 0.31 0.8994845360824743 0.9072164948453608 0.903350515463918 479.36 0.57 
1.0 -0.0 0.0 -0.0 -0.0 1.0 1.0 1.0 0.0 0.0 
0.0 0.1768985029702941 0.0884492514851471 0.06 0.13 0.9726775956284152 0.9726775956284152 0.972677595628415 366.0 0.87 
1.0 -0.0 0.0 0.0 0.0 1.0 1.0 1.0 0.0 0.0 
0.0 0.09608527084080484 0.0587584824916451 -0.0 0.0 1.0 0.9936908517350158 0.996845425867508 0.05 0.01 
1.0 -0.0 0.0 -0.0 -0.0 1.0 1.0 1.0 0.0 0.0 
0.0 0.024279270493060005 0.01213963524653 0.0 0.0 1.0 1.0 1.0 0.0 0.0 
1.0 0.14388731815037328 0.0719436590751866 0.0 0.0 1.0 1.0 1.0 0.0 0.0 
0.0 0.6344452822885998 1.13467165607178 0.02 0.15 0.9972375690607737 0.9972375690607737 0.997237569060773 822.22 0.08 
1.0 0.046383203994584926 0.0231916019972925 0.0 0.0 1.0 1.0 1.0 0.0 0.0 
0.0 0.0582807055404028 0.0382704242274703 -0.0 0.0 1.0 0.9973753280839898 0.998687664041995 0.02 0.0 
1.0 0.02160704778466883 0.0108035238923344 -0.0 0.0 1.0 0.996794871794872 0.998397435897436 0.0 0.0 
0.0 0.6183362527188963 0.562440690183732 0.22 0.4 0.9617834394904456 0.9681528662420382 0.964968152866242 439.13 2.27 
1.0 -0.0 0.0 0.0 0.0 1.0 1.0 1.0 0.0 0.0 
0.0 0.9339842147523802 0.50537519937046 0.0 0.02 1.0 1.0 1.0 44.5 0.1 
1.0 0.6756916479515236 0.490729143569173 0.3 0.53 0.7888446215139443 0.8007968127490038 0.794820717131474 644.62 1.7 
0.0 0.1380716764530249 0.719005582342883 -0.01 0.04 1.0 0.9904458598726114 0.995222929936306 36.04 0.02 
1.0 0.28162709164599875 0.15426317107024 0.03 0.03 1.0 1.0 1.0 241.0 0.17 
0.0 0.6084829666228696 0.314514302462242 -0.05 0.01 0.9650145772594751 0.9970845481049562 0.981049562682216 4.73 0.22 
1.0 0.06018495865622546 0.0574698651762209 -0.0 0.0 1.0 0.9968152866242038 0.998407643312102 0.02 0.0 
0.0 0.028085307477329197 0.0140426537386646 0.0 0.0 1.0 0.9870689655172414 0.993534482758621 0.0 0.0 
1.0 -0.0 0.0 0.11 0.12 0.9609375 0.96875 0.96484375 101.57 1.13 
0.0 0.6697401318544347 0.334870065927217 -0.02 0.01 1.0 0.9870689655172414 0.993534482758621 4.71 0.13 
1.0 -0.0 0.0 0.03 0.03 0.9955752212389378 0.9955752212389378 0.995575221238938 226.0 0.29 
0.0 0.08327901470975449 0.446046663111233 -0.0 0.0 1.0 1.0 1.0 0.97 0.08 
1.0 0.0627416623209248 0.264577230714707 0.01 0.02 0.9729729729729728 0.975975975975976 0.974474474474474 38.67 0.13 
0.0 0.068147553913837 0.0340737769569185 0.01 0.01 0.946127946127946 0.98989898989899 0.968013468013468 22.46 0.21 
1.0 -0.0 0.0 0.02 0.02 0.9964285714285714 0.9964285714285714 0.996428571428571 280.0 0.25 
0.0 0.02013133843277965 0.635426786218179 -0.03 0.04 1.0 0.9630681818181815 0.981534090909091 27.14 0.19 
1.0 0.3051261550840174 0.152563077542009 0.0 -0.0 1.0 0.9945652173913044 0.997282608695652 0.0 0.0 
0.0 0.7894866775585219 0.67179932827947 -0.02 0.03 1.0 1.0 1.0 12.66 0.05 
1.0 0.42380180699756154 0.822531245985305 -0.02 0.13 0.9935691318327972 0.9935691318327972 0.993569131832797 377.28 0.04 
0.0 -0.0 0.0 0.0 0.0 1.0 1.0 1.0 0.0 0.0 
1.0 0.2077903634625465 0.176967554735555 -0.0 0.0 1.0 1.0 1.0 0.4 0.06 
0.0 0.0649157045465794 0.181929867803996 -0.0 0.0 1.0 0.9965034965034965 0.998251748251748 0.25 0.03 
1.0 0.04852865540608026 0.0378571152761176 -0.0 0.0 1.0 1.0 1.0 0.01 0.0 
0.0 -0.0 0.0 -0.0 -0.0 1.0 1.0 1.0 0.0 0.0 
1.0 0.04296943623768491 0.0322296208833705 -0.0 0.0 1.0 1.0 1.0 0.01 0.0 
0.0 -0.0 0.0 0.02 0.02 0.9971590909090908 0.9971590909090908 0.997159090909091 352.0 0.21 
1.0 0.03201815963903439 0.029949015053715 -0.0 0.01 0.8448275862068965 0.9956896551724136 0.920258620689655 5.65 0.09 
0.0 -0.0 0.0 -0.0 -0.0 1.0 0.9847560975609758 0.992378048780488 0.0 0.0 
1.0 0.018811984226504784 0.00940599211325239 0.06 0.06 0.9892183288409704 0.9892183288409704 0.98921832884097 371.0 0.63 
0.0 0.021259362908799616 0.0106296814543998 -0.0 0.0 0.9968652037617554 0.9968652037617554 0.996865203761755 0.01 0.0 
1.0 0.3854992865139399 0.733539346682201 0.06 0.13 0.9897435897435898 0.9897435897435898 0.98974358974359 214.26 0.64 
0.0 0.02689925049448106 0.0134496252472405 0.0 0.0 1.0 1.0 1.0 0.0 0.0 
1.0 0.8664601284276787 0.452533762154804 0.05 0.06 0.9944134078212288 0.9944134078212288 0.994413407821229 443.43 0.27 
0.0 1.7340618956888827 1.52929032414776 -0.05 0.59 0.8904593639575972 0.9929328621908128 0.941696113074205 377.88 0.07 
1.0 -0.0 0.0 -0.0 0.0 1.0 1.0 1.0 0.0 0.0 
0.0 0.06961268786108545 0.054665347261908 -0.0 0.0 0.9351851851851855 0.9938271604938274 0.964506172839506 0.38 0.04 
1.0 1.3266321664918628 1.23248203338398 0.05 0.45 0.9419354838709676 0.9870967741935486 0.964516129032258 600.22 0.14 
0.0 0.04296943623768491 0.141100238678557 -0.0 0.0 1.0 1.0 1.0 0.1 0.01 
1.0 0.0665854743974204 0.0499462934584756 0.09 0.1 0.9790575916230366 0.9790575916230366 0.979057591623037 191.01 0.76 
0.0 0.6310778821855729 0.410978771458186 -0.01 0.01 0.9929328621908128 0.9964664310954064 0.99469964664311 3.29 0.06 
1.0 0.09608527084080484 0.0587008733157238 0.02 0.02 1.0 1.0 1.0 317.0 0.19 
0.0 0.050768012104687225 0.145573998107966 -0.0 0.0 0.9922779922779922 0.996138996138996 0.994208494208494 0.19 0.03 
1.0 0.09478844509402591 0.0667228305185884 -0.0 0.0 1.0 1.0 1.0 0.04 0.01 
0.0 0.02160704778466883 0.0789981271610261 -0.0 0.0 1.0 0.996794871794872 0.998397435897436 0.03 0.0 
1.0 0.03888742113579279 0.636752796799469 0.01 0.09 0.9585635359116021 0.9751381215469612 0.966850828729282 216.28 0.21 
0.0 0.06018495865622546 0.279175247141289 -0.01 0.0 0.9968152866242038 0.9968152866242038 0.996815286624204 0.8 0.07 
1.0 0.028085307477329197 0.0140426537386646 0.06 0.07 0.9870689655172414 0.9870689655172414 0.987068965517241 232.0 0.66 
0.0 0.05191557784790981 0.0259577889239549 0.31 0.35 0.8859649122807017 0.8859649122807017 0.885964912280702 342.0 2.27 
1.0 0.40522682240917607 0.202613411204588 -0.0 -0.0 1.0 1.0 1.0 0.0 0.0 
0.0 0.03775336847879649 0.0188766842393982 -0.0 0.0 1.0 0.968944099378882 0.984472049689441 0.03 0.01 
1.0 -0.0 0.0 -0.0 -0.0 1.0 1.0 1.0 0.0 0.0 
0.0 0.850713860611364 0.425356930305682 0.0 -0.0 1.0 1.0 1.0 0.0 0.0 
1.0 0.451330770166906 0.240080749363234 0.02 0.02 1.0 1.0 1.0 73.33 0.15 
0.0 0.0663550962706155 0.0331775481353078 0.0 0.0 1.0 0.9969325153374232 0.998466257668712 0.0 0.0 
1.0 0.5661954279814504 0.478739639798251 0.25 0.62 0.8675078864353312 0.8675078864353312 0.867507886435331 701.14 2.78 
0.0 0.6812081464062815 0.340604073203141 0.0 -0.0 1.0 1.0 1.0 0.0 0.0 
1.0 -0.0 0.0 0.0 0.0 1.0 1.0 1.0 0.0 0.0 
0.0 0.04296943623768491 0.0937894469097091 -0.0 0.0 1.0 0.9904458598726114 0.995222929936306 0.07 0.01 
1.0 0.8292750607643095 0.511302899240642 0.0 0.03 0.9972375690607737 0.9972375690607737 0.997237569060773 365.82 0.01 
0.0 -0.0 0.0 -0.0 -0.0 1.0 1.0 1.0 0.0 0.0 
1.0 -0.0 0.0 -0.0 -0.0 1.0 1.0 1.0 0.0 0.0 
0.0 0.02279339310465005 0.011396696552325 -0.0 0.0 1.0 0.9965870307167234 0.998293515358362 0.0 0.0 
1.0 -0.0 0.0 0.08 0.09 0.9823943661971832 0.9823943661971832 0.982394366197183 284.0 0.82 
0.0 0.8267010801842175 0.754513507904323 0.08 0.3 1.0 0.815625 0.9078125 231.26 0.78 
1.0 0.024279270493060005 0.02427927049306 -0.0 0.0 1.0 1.0 1.0 0.0 0.0 
0.0 0.050935213239972035 0.275012650412909 -0.02 0.0 1.0 0.9922779922779922 0.996138996138996 0.47 0.06 
1.0 0.06506264053338344 0.0325313202666917 0.0 0.0 1.0 1.0 1.0 0.0 0.0 
0.0 0.2602636949776197 0.13013184748881 -0.0 0.0 1.0 0.9802371541501976 0.990118577075099 0.0 0.0 
1.0 0.05539603510551136 0.0387430523523487 -0.0 0.0 1.0 1.0 1.0 0.01 0.0 
0.0 0.02148980552905605 0.0797807409910405 -0.0 0.0 1.0 0.9904458598726114 0.995222929936306 0.03 0.01 
1.0 -0.0 0.0 -0.0 -0.0 1.0 1.0 1.0 0.0 0.0 
0.0 -0.0 0.0 0.0 -0.0 1.0 0.968944099378882 0.984472049689441 0.0 0.0 
1.0 1.4588100940612199 0.79779439363705 -0.01 0.05 0.9943181818181815 0.9971590909090908 0.995738636363636 230.23 0.05 
0.0 0.06002390931952181 0.0573893405078691 -0.0 0.0 1.0 1.0 1.0 0.02 0.0 
1.0 0.5988648945735348 0.385681438572135 0.38 0.49 0.8458333333333332 0.8916666666666668 0.86875 591.22 2.64 
0.0 0.06489622226875695 0.0324481111343785 -0.0 -0.0 1.0 1.0 1.0 0.0 0.0 
1.0 2.290811944366733 1.7810359667159 0.14 0.72 0.9164265129682996 0.962536023054755 0.939481268011527 1182.35 0.13 
0.0 0.26349230648873684 0.131746153244368 0.04 0.05 0.9847560975609758 0.9847560975609758 0.984756097560976 208.31 0.45 
1.0 0.08327901470975449 0.0416395073548772 0.0 0.0 1.0 1.0 1.0 0.0 0.0 
0.0 0.10825994442614714 0.0541299722130736 -0.0 0.0 1.0 0.997134670487106 0.998567335243553 0.02 0.0 
1.0 0.3875489036643238 0.193774451832162 -0.0 -0.0 1.0 1.0 1.0 0.0 0.0 
0.0 0.3176998989466621 0.225284969518659 0.04 0.08 1.0 0.9072164948453608 0.95360824742268 398.42 0.46 
1.0 0.340789061758103 0.170394530879051 0.0 0.0 1.0 1.0 1.0 0.0 0.0 
0.0 0.031347329404312875 0.0156736647021564 0.0 0.0 1.0 0.9901477832512318 0.995073891625616 0.0 0.0 
1.0 0.1718560268772759 0.085928013438638 0.0 0.0 1.0 1.0 1.0 0.0 0.0 
0.0 -0.0 0.0 0.0 0.0 1.0 1.0 1.0 0.0 0.0 
1.0 -0.0 0.0 0.04 0.04 0.982300884955752 0.9911504424778762 0.986725663716814 111.99 0.45 
0.0 0.7406369825465265 0.564092943105425 -0.01 0.02 1.0 1.0 1.0 9.6 0.05 
1.0 0.05830585895677606 0.029152929478388 0.0 0.0 1.0 1.0 1.0 0.0 0.0 
0.0 0.594577819662421 0.29728890983121 -0.0 0.0 1.0 0.9954954954954957 0.997747747747748 0.0 0.0 
1.0 0.1566711530327376 0.156671153032738 -0.0 0.0 0.9939577039274926 0.9939577039274926 0.993957703927492 0.0 1.63 
0.0 0.4654645413525627 0.243625023759683 -0.0 0.0 1.0 1.0 1.0 0.13 0.01 
1.0 -0.0 0.0 0.11 0.15 0.9662447257383966 0.9662447257383966 0.966244725738397 237.0 1.21 
0.0 -0.0 0.0 -0.0 -0.0 1.0 1.0 1.0 0.0 0.0 
1.0 -0.0 0.0 -0.0 -0.0 1.0 1.0 1.0 0.0 0.0 
0.0 0.9125867655764234 0.847555629076775 -0.07 0.17 0.9417989417989414 0.9973544973544972 0.96957671957672 117.48 0.62 
1.0 0.8359334027148267 0.550425945847412 0.07 0.09 0.990625 0.99375 0.9921875 256.17 0.33 
0.0 0.07217776154617153 0.336683452011202 -0.0 0.0 1.0 1.0 1.0 1.5 0.09 
1.0 -0.0 0.0 0.4 0.52 0.784256559766764 0.784256559766764 0.784256559766764 343.0 2.34 
0.0 0.039952520724972435 0.0199762603624862 0.0 0.0 1.0 1.0 1.0 0.0 0.0 
1.0 0.65548853629439 0.327744268147195 0.22 0.64 0.6630434782608695 0.6630434782608695 0.66304347826087 184.0 1.63 
0.0 0.3299117614804645 0.173924586373357 0.0 0.01 1.0 0.9329896907216496 0.966494845360825 9.51 0.09 
1.0 0.342104185004753 0.186038470018925 0.11 0.13 0.9723502304147464 0.976958525345622 0.974654377880184 217.0 0.84 
0.0 0.0904388751185517 0.110043075942078 -0.0 0.0 1.0 0.994011976047904 0.997005988023952 0.1 0.03 
1.0 0.043321997190798975 0.0216609985953995 0.05 0.05 0.9904153354632588 0.9936102236421724 0.992012779552716 313.0 0.51 
0.0 0.451330770166906 0.421862535964417 -0.03 0.02 1.0 1.0 1.0 16.79 0.13 
1.0 0.16903412505979679 0.0845170625298984 -0.0 -0.0 1.0 1.0 1.0 0.0 0.0 
0.0 0.7034665456711977 0.372762588070525 -0.05 0.02 0.9786585365853658 0.9817073170731708 0.980182926829268 11.15 0.08 
1.0 0.7400730443032769 0.421592870700042 0.23 0.46 0.8333333333333331 0.8333333333333331 0.833333333333333 333.07 0.99 
0.0 0.8316960826803917 0.426449329842185 0.01 0.02 1.0 0.9968652037617554 0.998432601880878 319.0 0.07 
1.0 0.6138129038747236 0.306906451937362 0.01 0.02 0.9937304075235106 0.9968652037617554 0.995297805642633 159.17 0.05 
0.0 0.5311485121515958 0.531101382519349 -0.06 0.0 1.0 1.0 1.0 0.34 0.02 
1.0 0.5412404766975164 0.350698353587271 0.01 0.02 1.0 0.993710691823899 0.99685534591195 104.68 0.02 
0.0 0.03855448604303559 0.0915819718123844 -0.0 0.0 1.0 0.9904458598726114 0.995222929936306 0.07 0.01 
1.0 0.25484050242007816 0.917735524124645 0.0 0.12 0.9869791666666664 0.9869791666666664 0.986979166666667 479.93 0.06 
0.0 0.5272617660706461 0.332816370728885 -0.02 0.01 1.0 1.0 1.0 2.03 0.15 
1.0 0.028085307477329197 0.0140426537386646 0.07 0.07 0.9870689655172414 0.9870689655172414 0.987068965517241 232.0 0.62 
0.0 0.06588148795610516 0.582862687839818 -0.01 0.03 1.0 0.9929328621908128 0.996466431095406 53.03 0.09 
1.0 0.02390689630310245 0.0119534481515512 0.01 0.02 1.0 0.9963898916967509 0.998194945848375 277.0 0.28 
0.0 0.7547305887995075 1.06801451846384 -0.01 0.39 1.0 0.971786833855799 0.9858934169279 217.42 0.75 
1.0 0.02059871506110972 0.0205987150611097 -0.0 0.0 0.9909909909909907 0.9909909909909907 0.990990990990991 0.0 0.57 
0.0 0.7559727955653189 1.16041841296482 -0.0 0.14 1.0 1.0 1.0 169.48 0.3 
