1.0 0.8171797694773422 0.428953910204852 -0.01 0.0 0.9932432432432432 0.9966216216216216 0.994932432432432 1.4 0.11 
0.0 0.7611601600148685 0.410557144399643 -0.0 0.01 0.9922779922779922 0.9922779922779922 0.992277992277992 3.84 0.02 
1.0 0.05101804678019193 0.155562639598684 0.36 0.49 0.7801418439716312 0.7943262411347519 0.787234042553192 270.44 2.55 
0.0 0.3176998989466621 0.754986545670973 -0.03 0.07 1.0 0.8943298969072165 0.947164948453608 148.71 0.0 
1.0 0.9548978214921024 1.28303336348964 0.0 0.4 0.9923664122137406 0.994910941475827 0.993638676844784 598.5 0.54 
0.0 0.9225665119739048 0.905031149903356 -0.01 0.28 0.9786096256684492 0.9946524064171124 0.986631016042781 163.15 0.38 
1.0 0.05707863871170449 0.0380787814557331 0.07 0.07 0.9863387978142077 0.9890710382513662 0.987704918032787 366.01 0.62 
0.0 -0.0 0.0 0.0 0.0 1.0 1.0 1.0 0.0 0.0 
1.0 0.09946508824765289 0.0600585873636565 -0.0 0.0 1.0 0.9939209726443768 0.996960486322188 0.02 0.0 
0.0 -0.0 0.0 0.0 0.0 1.0 1.0 1.0 0.0 0.0 
1.0 0.5074237491891713 0.271645955986861 -0.0 0.0 1.0 1.0 1.0 0.32 0.03 
0.0 0.030092344610339425 0.0300325498217183 0.03 0.03 1.0 0.9952830188679246 0.997641509433962 212.0 0.28 
1.0 0.16302362949436594 0.586772335085506 -0.01 0.02 1.0 1.0 1.0 4.77 0.29 
0.0 0.7320792206803771 0.471542454279041 0.17 0.28 0.9432989690721648 0.9432989690721648 0.943298969072165 1070.66 0.76 
1.0 -0.0 0.0 -0.0 -0.0 1.0 1.0 1.0 0.0 0.0 
0.0 0.6138129038747236 0.333598467075754 0.02 0.03 0.9968652037617554 0.9968652037617554 0.996865203761755 328.35 0.24 
1.0 0.02390689630310245 0.0119534481515512 0.01 0.02 1.0 0.9963898916967509 0.998194945848375 277.0 0.25 
0.0 0.3204567616631412 0.319078330304902 0.03 0.08 1.0 0.8891752577319588 0.944587628865979 396.64 0.32 
1.0 1.7774068038561743 1.61291101665131 0.23 1.04 0.901060070671378 0.9187279151943462 0.909893992932862 1051.75 0.46 
0.0 0.5310542528871021 0.285064184196001 -0.0 0.0 1.0 1.0 1.0 0.58 0.04 
1.0 0.1556494571632645 0.155649457163265 -0.17 0.0 0.831081081081081 0.831081081081081 0.831081081081081 0.0 3.61 
0.0 0.9619011358089464 0.537740294154655 -0.03 0.02 0.8007968127490038 0.99203187250996 0.896414342629482 7.89 0.08 
1.0 0.3692056007821668 0.27130476315494 0.23 0.32 0.9072164948453608 0.9097938144329896 0.908505154639175 452.48 1.69 
0.0 0.8502341661361879 0.425117083068094 -0.01 0.0 0.9844236760124608 0.9906542056074766 0.987538940809969 1.69 0.07 
1.0 0.6812081464062815 0.351711307570358 -0.0 0.0 1.0 1.0 1.0 1.97 0.06 
0.0 0.08985109231047711 0.0449255461552385 0.03 0.03 1.0 0.9952830188679246 0.997641509433962 212.0 0.25 
1.0 0.2110056878777056 0.201840947768921 0.33 0.38 0.940721649484536 0.9432989690721648 0.94201030927835 1380.6 2.39 
0.0 -0.0 0.0 0.0 0.0 1.0 0.9921875 0.99609375 0.0 0.0 
1.0 0.7769308610348622 0.388465430517431 0.01 0.13 0.9726775956284152 0.9726775956284152 0.972677595628415 366.0 0.35 
0.0 0.0413206420085714 0.0295312322851487 -0.0 0.0 1.0 1.0 1.0 0.0 0.0 
1.0 0.14733423058314676 0.147334230583147 -0.1 0.0 0.790794979079498 0.790794979079498 0.790794979079498 0.0 2.49 
0.0 0.9339842147523802 0.752287595084268 -0.05 0.06 1.0 1.0 1.0 83.36 0.23 
1.0 1.3525520919415797 1.33282144080798 0.16 0.79 0.9305135951661632 0.9305135951661632 0.930513595166163 753.67 0.64 
0.0 0.03855448604303559 0.137479785934863 -0.0 0.0 1.0 1.0 1.0 0.11 0.01 
1.0 0.8929438409276712 0.645682024528868 -0.0 0.11 1.0 0.9967213114754097 0.998360655737705 345.4 0.06 
0.0 0.06002390931952181 0.0407568574242889 -0.0 0.0 1.0 1.0 1.0 0.01 0.0 
1.0 0.024742910712718332 0.0637342643417528 0.02 0.02 1.0 1.0 1.0 266.0 0.23 
0.0 0.03971800666273055 0.0198590033313653 -0.0 0.0 0.9351851851851855 0.9969135802469133 0.966049382716049 0.08 0.01 
1.0 0.9048271974415416 0.705686162545055 0.18 0.39 0.964968152866242 0.9681528662420382 0.96656050955414 495.05 1.59 
0.0 1.324518752606643 1.21218132016509 0.18 0.64 1.0 0.9929328621908128 0.996466431095406 470.41 0.08 
1.0 -0.0 0.0 -0.0 -0.0 1.0 1.0 1.0 0.0 0.0 
0.0 0.5661954279814504 0.391440646179529 -0.08 0.02 0.8675078864353312 0.9779179810725552 0.922712933753943 7.36 0.13 
1.0 0.2929006197311461 0.146450309865573 0.02 0.02 0.996875 0.996875 0.996875 320.0 0.15 
0.0 0.08177127940433396 0.040885639702167 0.02 0.02 0.9920948616600794 0.9960474308300395 0.994071146245059 126.0 0.19 
1.0 -0.0 0.0 0.0 0.0 1.0 1.0 1.0 0.0 0.0 
0.0 0.43091132449276826 0.285408051321007 -0.01 0.01 1.0 0.9921875 0.99609375 2.23 0.14 
1.0 0.42468301451472845 0.271079403045562 0.0 0.02 1.0 0.5628415300546449 0.781420765027322 9.8 0.09 
0.0 0.027982183645278484 0.027931027056837 -0.0 0.0 0.9913793103448276 0.9956896551724136 0.993534482758621 0.03 0.01 
1.0 0.9339842147523802 0.766606581744176 -0.0 0.08 1.0 1.0 1.0 148.72 0.39 
0.0 0.04453791243977348 0.152400803708697 -0.02 0.06 0.5217391304347826 0.9802371541501976 0.75098814229249 22.87 0.38 
1.0 0.0614657494492936 0.144918782931029 0.02 0.02 0.9972067039106144 0.9972067039106144 0.997206703910614 358.18 0.09 
0.0 -0.0 0.0 -0.0 -0.0 1.0 1.0 1.0 0.0 0.0 
1.0 0.2979800776557417 0.148990038827871 -0.0 -0.0 1.0 1.0 1.0 0.0 0.0 
0.0 0.5458278442333655 0.859340537630257 0.0 0.16 0.6703910614525139 0.9944134078212288 0.832402234636871 104.46 0.55 
1.0 0.09737823614486597 0.101338342797111 -0.0 0.0 1.0 1.0 1.0 0.09 0.02 
0.0 0.7480481802472602 0.432051623927662 -0.0 0.02 1.0 1.0 1.0 9.34 0.07 
1.0 0.03836140891311494 0.0191807044565575 0.0 0.0 1.0 1.0 1.0 0.0 0.0 
0.0 0.02120257700397865 0.0106012885019893 -0.0 0.0 1.0 0.971786833855799 0.9858934169279 0.03 0.0 
1.0 0.027282478746759924 0.01364123937338 0.0 0.0 1.0 1.0 1.0 0.0 0.0 
0.0 0.14495238198478544 0.134601609687208 0.01 0.01 1.0 0.9969969969969968 0.998498498498498 13.44 0.2 
1.0 0.4295469863230361 0.417611609893529 0.01 0.09 0.9868421052631576 0.9901315789473684 0.988486842105263 551.67 0.36 
0.0 0.9619011358089464 0.480950567904473 -0.0 0.0 1.0 0.8007968127490038 0.900398406374502 0.0 0.0 
1.0 -0.0 0.0 0.0 0.0 1.0 1.0 1.0 0.0 0.0 
0.0 0.7156654062366209 0.423991241729841 -0.02 0.01 1.0 0.9801324503311258 0.990066225165563 5.49 0.09 
1.0 -0.0 0.0 0.12 0.14 0.96875 0.96875 0.96875 128.0 1.2 
0.0 0.023266578733959636 0.0116332893669798 -0.0 -0.0 1.0 1.0 1.0 0.0 0.0 
1.0 0.7217550585446044 1.14193022901591 0.14 0.44 0.991957104557641 0.991957104557641 0.991957104557641 871.12 0.69 
0.0 0.09137546664105897 0.302237383879781 0.05 0.1 0.36042402826855113 0.9681978798586572 0.664310954063604 475.4 0.08 
1.0 0.2456644807052099 0.958902458244846 0.0 0.08 1.0 0.996527777777778 0.998263888888889 185.97 0.03 
0.0 0.07264006382932542 0.0363200319146627 -0.0 0.0 1.0 0.9259259259259262 0.962962962962963 0.0 0.0 
1.0 0.4960050189255151 0.248002509462758 -0.0 0.0 1.0 1.0 1.0 0.0 0.0 
0.0 0.08442632746634111 0.689924868892806 0.01 0.1 0.968586387434555 0.9973821989528798 0.982984293193717 235.88 0.09 
1.0 0.8765158059889027 0.480125311661411 0.03 0.05 1.0 0.9967213114754097 0.998360655737705 618.47 0.21 
0.0 0.452631365743122 0.765472226286156 0.01 0.07 1.0 0.989159891598916 0.994579945799458 55.01 0.19 
1.0 1.5030902393192356 0.751545119659618 0.01 0.02 0.9972677595628417 0.9972677595628417 0.997267759562842 366.0 0.02 
0.0 0.02652740657925252 0.0835198208515531 -0.0 0.0 1.0 0.9632653061224488 0.981632653061224 0.07 0.01 
1.0 0.09551752959899933 0.0672432562536427 -0.0 0.0 1.0 1.0 1.0 0.04 0.01 
0.0 0.05375055728088882 0.605308349552811 -0.01 0.03 1.0 0.9916897506925209 0.99584487534626 320.34 0.02 
1.0 -0.0 0.0 -0.0 -0.0 1.0 1.0 1.0 0.0 0.0 
0.0 0.03960910401039758 0.0198045520051988 0.0 0.0 1.0 1.0 1.0 0.0 0.0 
1.0 -0.0 0.0 -0.0 0.0 1.0 1.0 1.0 0.0 0.0 
0.0 0.7387103130230372 0.38024790959492 -0.0 0.0 1.0 1.0 1.0 0.29 0.02 
1.0 0.13035347850121698 0.0651767392506085 0.04 0.05 0.9915611814345991 0.9915611814345991 0.991561181434599 237.0 0.42 
0.0 0.09000620146362419 0.0450031007318121 -0.0 -0.0 1.0 1.0 1.0 0.0 0.0 
1.0 0.855107850352062 0.486916858022533 0.01 0.05 0.982300884955752 0.9941002949852508 0.988200589970502 140.89 0.05 
0.0 0.045182252980910435 0.0998475273312216 -0.01 0.0 1.0 0.925 0.9625 0.82 0.07 
1.0 1.212468294935542 0.606234147467771 0.33 0.46 0.825082508250825 0.825082508250825 0.825082508250825 303.0 1.3 
0.0 -0.0 0.0 0.0 0.0 1.0 1.0 1.0 0.0 0.0 
1.0 0.032720686106879206 0.115081305384429 -0.0 0.0 1.0 1.0 1.0 0.04 0.01 
0.0 0.07747972025146718 0.0576165443651318 -0.0 0.0 1.0 0.968944099378882 0.984472049689441 0.05 0.01 
1.0 -0.0 0.0 0.39 0.42 0.8522167487684728 0.8522167487684728 0.852216748768473 203.0 2.77 
0.0 -0.0 0.0 -0.0 -0.0 1.0 0.9943342776203966 0.997167138810198 0.0 0.0 
1.0 -0.0 0.0 0.0 0.0 1.0 1.0 1.0 0.0 0.0 
0.0 0.4512929953590296 0.87335820283915 -0.04 0.11 0.9712041884816756 0.9973821989528798 0.984293193717278 267.02 0.09 
1.0 -0.0 0.0 0.0 0.0 1.0 1.0 1.0 0.0 0.0 
0.0 0.9504892042958712 0.484115513428799 -0.0 0.0 1.0 0.9923664122137406 0.99618320610687 0.76 0.03 
1.0 0.04296943623768491 0.0407619611403603 -0.0 0.0 1.0 1.0 1.0 0.01 0.0 
0.0 0.3030117818551316 0.151505890927566 0.0 -0.0 1.0 0.982300884955752 0.991150442477876 0.0 0.0 
1.0 0.7648871092878222 0.469145517407768 0.13 0.34 0.9072164948453608 0.9072164948453608 0.907216494845361 453.6 1.24 
0.0 0.8267010801842175 0.423923597694674 -0.0 0.0 1.0 1.0 1.0 0.43 0.03 
1.0 0.4069858465797981 0.214537958089492 -0.0 0.0 1.0 1.0 1.0 0.11 0.01 
0.0 0.027982183645278484 0.0139910918226392 0.0 0.0 1.0 0.9913793103448276 0.995689655172414 0.0 0.0 
1.0 0.8694098504199583 0.95301317236857 -0.01 0.32 0.9942693409742118 0.9942693409742118 0.994269340974212 521.26 0.13 
0.0 0.08591550133466311 0.0429577506673315 0.0 -0.0 1.0 0.9632653061224488 0.981632653061224 0.0 0.0 
1.0 0.31314552499204457 0.156572762496022 0.24 0.29 0.9147727272727272 0.9147727272727272 0.914772727272727 352.0 1.59 
0.0 0.045105218435153915 0.0354605352950156 -0.0 0.0 1.0 0.5138339920948617 0.756916996047431 1.06 0.05 
1.0 0.6850914051596677 0.342545702579834 -0.0 0.0 1.0 1.0 1.0 0.0 0.0 
0.0 0.03661672937971218 0.0831320030726587 -0.0 0.0 1.0 1.0 1.0 0.02 0.01 
1.0 0.07575108500341506 0.0378755425017075 0.02 0.02 0.9971098265895952 0.9971098265895952 0.997109826589595 346.0 0.17 
0.0 0.3176998989466621 0.287568340528844 -0.03 0.01 1.0 0.9072164948453608 0.95360824742268 11.84 0.06 
1.0 -0.0 0.0 -0.0 0.0 1.0 1.0 1.0 0.0 0.0 
0.0 0.9548978214921024 0.486319822026914 -0.0 0.0 1.0 0.9923664122137406 0.99618320610687 0.8 0.03 
1.0 -0.0 0.0 0.0 0.0 1.0 1.0 1.0 0.0 0.0 
0.0 0.21911226969670367 0.109556134848352 -0.01 0.0 0.9870689655172414 0.9956896551724136 0.991379310344828 0.18 0.04 
1.0 0.020705755081089284 0.0207057550810893 -0.0 0.0 1.0 1.0 1.0 0.0 0.0 
0.0 -0.0 0.0 0.02 0.02 0.982300884955752 0.9955752212389378 0.988938053097345 55.75 0.23 
1.0 0.830237670572683 0.450582973704973 -0.0 0.0 1.0 1.0 1.0 1.34 0.07 
0.0 0.3176998989466621 0.719138905291064 -0.01 0.06 1.0 1.0 1.0 220.95 0.12 
1.0 0.06325195083657176 0.0429569559651917 0.0 0.0 1.0 1.0 1.0 0.01 0.0 
0.0 0.11433803820386065 0.593174985301753 -0.02 0.02 1.0 0.9969418960244648 0.998470948012232 7.77 0.01 
1.0 0.017741822561726052 0.0606606864577389 -0.0 0.0 1.0 1.0 1.0 0.02 0.0 
0.0 0.0868001863622652 0.358593766946589 0.03 0.04 1.0 1.0 1.0 34.61 0.42 
1.0 0.0678872387735005 0.98436432351018 -0.01 0.01 1.0 1.0 1.0 4.88 0.01 
0.0 0.9005595058270913 1.17448736763677 -0.03 0.21 0.901060070671378 0.9929328621908128 0.946996466431095 385.77 0.18 
1.0 0.06588148795610516 0.0540853713686249 0.04 0.04 0.9929328621908128 0.9929328621908128 0.992932862190813 283.02 0.34 
0.0 0.3176998989466621 0.694121194998172 0.02 0.04 1.0 1.0 1.0 44.51 0.18 
1.0 0.4070388939085918 0.932924493984906 0.07 0.17 0.9943181818181815 0.9943181818181815 0.994318181818182 599.62 0.06 
0.0 0.16833630179621267 0.0841681508981063 -0.0 0.0 1.0 0.9969135802469133 0.998456790123457 0.04 0.01 
1.0 0.6812081464062815 0.406762611814671 0.01 0.05 1.0 1.0 1.0 454.87 0.01 
0.0 0.08411560713869044 0.0495563014534218 -0.0 0.0 0.9979123173277662 0.9979123173277662 0.997912317327766 0.03 0.0 
1.0 0.09000620146362419 0.0633114654216682 -0.0 0.0 1.0 1.0 1.0 0.02 0.01 
0.0 0.6359689346369413 0.620390325527112 0.0 0.08 1.0 0.9745222929936304 0.987261146496815 36.49 0.76 
1.0 0.5493625663800342 0.541186885064793 -0.01 0.05 1.0 0.7263157894736842 0.863157894736842 32.43 0.35 
0.0 0.8482986230898207 0.601674205751484 0.08 0.15 0.9370860927152318 0.9635761589403972 0.950331125827815 327.22 0.19 
1.0 -0.0 0.0 0.0 0.0 1.0 1.0 1.0 0.0 0.0 
0.0 0.20700622049932121 0.103503110249661 -0.0 0.0 1.0 0.9535864978902951 0.976793248945148 0.0 0.0 
1.0 0.7614096993709722 0.453487310290658 0.06 0.21 0.9535864978902951 0.9535864978902951 0.953586497890295 254.07 0.63 
0.0 0.05707863871170449 0.0380787814557331 0.07 0.07 0.9863387978142077 0.9890710382513662 0.987704918032787 366.01 0.62 
1.0 0.7379973708368502 0.51310438047344 -0.01 0.04 0.996845425867508 0.996845425867508 0.996845425867508 327.23 0.05 
0.0 0.09324495259672128 0.055984861670702 -0.0 0.0 0.9946091644204854 0.9973045822102424 0.995956873315364 0.06 0.01 
