1.0 0.019215460994747392 0.0096077304973737 -0.0 -0.0 1.0 1.0 1.0 0.0 0.0 
0.0 0.850713860611364 0.425356930305682 0.0 -0.0 1.0 1.0 1.0 0.0 0.0 
1.0 0.1373768512200766 0.0686884256100383 0.14 0.17 0.9598765432098764 0.9598765432098764 0.959876543209877 324.0 1.58 
0.0 0.07546791682907909 0.0570112014360573 -0.0 0.0 1.0 0.9751552795031057 0.987577639751553 0.06 0.02 
1.0 1.52382286384939 1.29135338206765 0.27 0.48 0.9972972972972972 0.9972972972972972 0.997297297297297 670.99 0.14 
0.0 0.06049829410230215 0.111760961798334 -0.0 0.0 1.0 1.0 1.0 0.08 0.02 
1.0 0.7222557009395802 0.424397834195707 0.0 0.02 1.0 1.0 1.0 18.85 0.08 
0.0 0.6623464715562162 0.331173235778108 -0.03 0.02 1.0 0.9351851851851855 0.967592592592593 10.35 0.25 
1.0 0.17009280776188 0.152444646514581 0.03 0.04 0.9932659932659934 0.9932659932659934 0.993265993265993 297.35 0.19 
0.0 0.04529569972570256 0.147565354702473 -0.01 0.0 0.904225352112676 0.9971830985915492 0.950704225352113 0.56 0.05 
1.0 -0.0 0.0 0.0 -0.0 1.0 0.9963898916967509 0.998194945848375 0.0 0.0 
0.0 0.09137546664105897 0.358314256661893 0.02 0.03 1.0 0.9681978798586572 0.984098939929329 30.32 0.32 
1.0 0.1718560268772759 0.085928013438638 0.0 0.0 1.0 1.0 1.0 0.0 0.0 
0.0 0.03988835734939116 0.0398883573493912 0.01 0.02 1.0 1.0 1.0 202.07 0.27 
1.0 0.2387884541794901 0.128756612462087 0.05 0.05 0.9946091644204854 0.9946091644204854 0.994609164420485 742.0 0.38 
0.0 0.05375055728088882 0.0440302802052062 -0.0 0.0 1.0 0.9916897506925209 0.99584487534626 0.03 0.0 
1.0 0.045105218435153915 0.197618408723777 0.32 0.65 0.5138339920948617 0.5217391304347826 0.517786561264822 245.31 1.8 
0.0 0.8792724601879401 0.678643119544068 0.12 0.23 1.0 1.0 1.0 162.79 1.27 
1.0 -0.0 0.0 -0.0 0.0 1.0 1.0 1.0 0.0 0.0 
0.0 -0.0 0.0 0.0 0.0 1.0 0.9964285714285714 0.998214285714286 0.0 0.0 
1.0 0.08985109231047711 0.0599119236717872 -0.0 0.0 1.0 1.0 1.0 0.01 0.0 
0.0 0.09338697037523398 0.0569928427181719 -0.0 0.0 1.0 0.993939393939394 0.996969696969697 0.02 0.0 
1.0 0.8664601284276787 0.452533762154804 0.05 0.06 0.9944134078212288 0.9944134078212288 0.994413407821229 443.43 0.27 
0.0 0.07597745058064577 0.0983392735073954 -0.0 0.0 1.0 1.0 1.0 0.14 0.02 
1.0 0.2164140891932277 0.108207044596614 -0.0 0.0 1.0 1.0 1.0 0.0 0.0 
0.0 0.17340392552771366 0.683475395882697 0.13 0.27 0.8994845360824743 0.9072164948453608 0.903350515463918 350.69 0.81 
1.0 0.020080804663228723 0.0100404023316144 0.05 0.05 0.9912536443148688 0.9912536443148688 0.991253644314869 343.0 0.47 
0.0 0.6823259356244296 0.89602786366293 -0.0 0.28 0.815625 0.98125 0.8984375 201.39 0.76 
1.0 0.708382368967001 0.368716983046468 0.22 0.25 0.9319148936170212 0.9361702127659574 0.934042553191489 235.0 0.65 
0.0 0.1768985029702941 0.0884492514851471 0.06 0.13 0.9726775956284152 0.9726775956284152 0.972677595628415 366.0 0.87 
1.0 0.0352954379540603 0.079585681077477 -0.0 0.0 1.0 1.0 1.0 0.04 0.01 
0.0 0.059954128784417776 0.0553610704445525 0.02 0.02 0.9922779922779922 0.996138996138996 0.994208494208494 246.64 0.2 
1.0 0.08957802666754391 0.253020879835347 0.0 0.0 1.0 1.0 1.0 0.87 0.07 
0.0 0.098039113279732 0.049019556639866 -0.0 -0.0 1.0 1.0 1.0 0.0 0.0 
1.0 0.4731460798799359 1.08568891095318 -0.02 0.07 1.0 1.0 1.0 40.96 0.22 
0.0 0.0413206420085714 0.0206603210042857 0.0 0.0 1.0 1.0 1.0 0.0 0.0 
1.0 0.8705270591591469 0.473252254869896 -0.0 0.01 1.0 1.0 1.0 2.44 0.1 
0.0 0.808814311512711 0.404407155756355 -0.0 0.0 1.0 1.0 1.0 0.0 0.0 
1.0 0.6812081464062815 0.340604073203141 0.0 -0.0 1.0 1.0 1.0 0.0 0.0 
0.0 0.5272617660706461 0.476115822808781 -0.03 0.02 1.0 1.0 1.0 6.73 0.39 
1.0 0.5711490065340494 0.34913935174153 0.27 0.38 0.6775510204081633 0.7673469387755103 0.722448979591837 167.57 1.39 
0.0 0.16833630179621267 0.0841681508981063 -0.0 0.0 1.0 0.984567901234568 0.992283950617284 0.21 0.03 
1.0 0.027879870468395514 0.0139399352341978 0.0 0.0 1.0 0.9956896551724136 0.997844827586207 0.0 0.0 
0.0 0.08327901470975449 0.0556821610935418 -0.0 0.0 1.0 0.9870689655172414 0.993534482758621 0.05 0.01 
1.0 0.036164585581436086 0.0361645855814361 -0.0 0.0 1.0 1.0 1.0 0.0 0.37 
0.0 0.7547305887995075 0.377365294399754 -0.0 0.0 1.0 0.9968652037617554 0.998432601880878 1.69 0.03 
1.0 0.5567565061040037 0.935905005105882 -0.02 0.11 1.0 1.0 1.0 86.15 0.39 
0.0 0.184459293937032 0.858757089349773 -0.01 0.02 1.0 1.0 1.0 11.08 0.0 
1.0 0.342104185004753 0.342104185004753 -0.06 0.0 0.9723502304147464 0.9723502304147464 0.972350230414747 0.0 2.23 
0.0 0.6613548935445007 0.33067744677225 0.09 0.13 0.971518987341772 0.971518987341772 0.971518987341772 316.0 0.45 
1.0 0.23600497492564984 0.209668049199699 0.02 0.03 0.9969604863221886 0.9969604863221886 0.996960486322188 338.4 0.12 
0.0 -0.0 0.0 0.0 0.0 1.0 1.0 1.0 0.0 0.0 
1.0 0.022340379843483558 0.0900118666039382 -0.0 0.0 1.0 1.0 1.0 0.03 0.0 
0.0 0.5800804508011576 0.304187238908821 -0.0 0.0 1.0 0.986784140969163 0.993392070484582 0.21 0.03 
1.0 0.05539603510551136 0.0276980175527557 0.0 0.0 1.0 1.0 1.0 0.0 0.0 
0.0 0.6420672833219068 0.514808093493115 0.07 0.08 1.0 0.9918367346938776 0.995918367346939 41.92 1.26 
1.0 0.7050575594494202 0.660335504725267 0.18 0.29 0.9935275080906149 0.9967637540453076 0.995145631067961 361.13 1.87 
0.0 0.09737823614486597 0.218841105428814 -0.0 0.0 1.0 1.0 1.0 0.45 0.06 
1.0 0.7444566706707163 0.372228335335358 0.02 0.02 0.9970501474926252 0.9970501474926252 0.997050147492625 339.0 0.06 
0.0 0.5074237491891713 0.412561824067917 0.0 0.03 1.0 1.0 1.0 83.0 0.01 
1.0 0.31161129254015263 0.155805646270076 0.02 0.02 0.9792899408284024 0.9940828402366864 0.986686390532544 95.13 0.24 
0.0 0.22422915400735358 0.112114577003677 -0.0 -0.0 1.0 0.9909638554216867 0.995481927710843 0.0 0.0 
1.0 0.750705377382028 1.60212265285667 0.12 0.48 0.958579881656805 0.9940828402366864 0.976331360946746 1197.41 0.08 
0.0 0.5661954279814504 0.293813561061968 -0.01 0.0 0.8675078864353312 0.9936908517350158 0.930599369085173 0.99 0.08 
1.0 0.06795125375562225 0.337833675565522 0.0 0.01 1.0 1.0 1.0 4.42 0.03 
0.0 0.04228243415597148 0.0211412170779857 -0.0 -0.0 1.0 1.0 1.0 0.0 0.0 
1.0 1.3525520919415797 1.33282144080798 0.16 0.79 0.9305135951661632 0.9305135951661632 0.930513595166163 753.67 0.64 
0.0 -0.0 0.0 -0.0 -0.0 1.0 1.0 1.0 0.0 0.0 
1.0 0.15890893855832144 0.0794544692791607 -0.0 -0.0 1.0 1.0 1.0 0.0 0.0 
0.0 0.055893380003212575 0.0279466900016063 -0.0 0.0 1.0 0.9865229110512128 0.993261455525607 0.04 0.01 
1.0 0.03775336847879649 0.0188766842393982 -0.0 -0.0 1.0 1.0 1.0 0.0 0.0 
0.0 0.0904388751185517 0.0902225382910879 -0.0 0.0 1.0 0.994011976047904 0.997005988023952 0.07 0.02 
1.0 0.3922912171596764 0.196145608579838 0.31 0.33 1.0 0.8986784140969162 0.949339207048458 226.45 2.46 
0.0 0.5725266462787764 0.312749964782121 -0.01 0.0 1.0 0.9844236760124608 0.992211838006231 1.13 0.07 
1.0 0.04004863019043305 0.0200243150952165 -0.0 -0.0 1.0 1.0 1.0 0.0 0.0 
0.0 0.1851986358201874 0.0925993179100937 -0.0 -0.0 1.0 1.0 1.0 0.0 0.0 
1.0 0.655041883754151 1.00379698784786 0.24 0.73 0.9305135951661632 0.9335347432024168 0.93202416918429 684.57 1.11 
0.0 0.02767763714259363 0.0138388185712968 -0.0 0.0 1.0 0.9957081545064378 0.997854077253219 0.0 0.0 
1.0 0.1296152488035736 0.605501372292297 0.0 0.07 0.9890710382513662 0.9918032786885246 0.990437158469945 365.51 0.04 
0.0 0.7118386051816155 0.355919302590808 -0.0 0.02 0.9865771812080536 0.9932885906040269 0.98993288590604 148.96 0.05 
1.0 0.08985109231047711 0.0449255461552385 0.03 0.03 1.0 0.9952830188679246 0.997641509433962 212.0 0.25 
0.0 0.02625568508792424 0.0262556850879242 -0.0 0.0 1.0 1.0 1.0 0.0 0.0 
1.0 -0.0 0.0 0.0 0.0 1.0 1.0 1.0 0.0 0.0 
0.0 -0.0 0.0 -0.0 -0.0 1.0 1.0 1.0 0.0 0.0 
1.0 0.08104826118919567 0.0618930260349027 0.04 0.04 0.996845425867508 0.996845425867508 0.996845425867508 634.01 0.33 
0.0 0.43091132449276826 0.803226000778338 -0.01 0.05 1.0 1.0 1.0 51.36 0.03 
1.0 0.476305553807033 0.238152776903516 0.0 0.0 1.0 0.9957983193277314 0.997899159663866 0.0 0.0 
0.0 0.4057145749616423 0.282815265138149 -0.02 0.02 0.9356725146198828 0.9912280701754383 0.963450292397661 31.68 0.19 
1.0 0.6615641740566868 0.417031078313711 0.33 0.42 0.8458333333333332 0.9333333333333332 0.889583333333333 1008.69 2.21 
0.0 0.3000065771529554 0.150003288576478 -0.0 0.0 1.0 0.8204225352112676 0.910211267605634 0.0 0.0 
1.0 0.6931425045526944 0.379583634597455 -0.01 0.0 1.0 1.0 1.0 1.0 0.01 
0.0 0.8774257384430043 0.469052876672995 0.02 0.07 0.9890909090909092 0.9890909090909092 0.989090909090909 277.39 0.06 
1.0 0.04038525502705401 0.020192627513527 0.04 0.04 0.9933110367892976 0.9933110367892976 0.993311036789298 299.0 0.36 
0.0 0.8579133774485439 0.428956688724272 -0.0 -0.0 1.0 0.9919137466307276 0.995956873315364 0.0 0.0 
1.0 0.855107850352062 0.486916858022533 0.01 0.05 0.982300884955752 0.9941002949852508 0.988200589970502 140.89 0.05 
0.0 0.3063770164173898 0.166685492980459 0.01 0.01 1.0 1.0 1.0 9.95 0.19 
1.0 1.212468294935542 0.606234147467771 0.33 0.46 0.825082508250825 0.825082508250825 0.825082508250825 303.0 1.3 
0.0 0.795416396299481 0.760423067862387 -0.03 0.18 1.0 1.0 1.0 99.3 0.35 
1.0 0.2979800776557417 0.297980077655742 -0.02 0.0 1.0 1.0 1.0 0.0 1.8 
0.0 0.3299117614804645 1.17007659462817 -0.08 0.1 0.7603092783505153 0.9329896907216496 0.846649484536082 77.3 0.33 
1.0 0.2767002993788032 0.149333727029545 -0.01 0.0 1.0 1.0 1.0 0.06 0.01 
0.0 0.7320792206803771 0.920585263824159 0.12 0.47 0.9432989690721648 0.9561855670103092 0.949742268041237 706.51 1.61 
1.0 0.030092344610339425 0.0300325498217183 0.03 0.03 1.0 0.9952830188679246 0.997641509433962 212.0 0.28 
0.0 0.051910689392876415 0.0989523310450947 -0.0 0.0 1.0 1.0 1.0 0.09 0.01 
1.0 0.018768269049291516 0.00938413452464576 0.05 0.05 0.9919137466307276 0.9919137466307276 0.991913746630728 371.0 0.48 
0.0 0.5510799280869728 0.295564279138703 -0.0 0.0 1.0 1.0 1.0 0.32 0.05 
1.0 0.3204567616631412 0.160228380831571 0.22 0.3 0.8711340206185567 0.8891752577319588 0.880154639175258 326.99 1.87 
0.0 0.23923104111942964 0.119615520559715 -0.0 0.0 1.0 1.0 1.0 0.0 0.0 
1.0 0.08845126664967802 0.0684899610278791 -0.02 0.02 0.3324022346368716 0.9776536312849162 0.655027932960894 14.16 0.03 
0.0 0.19267620766013585 0.0963381038300679 0.1 0.15 0.8711340206185567 0.940721649484536 0.905927835051546 180.27 1.65 
1.0 0.8548387522121371 1.08869815909567 0.18 0.63 1.0 1.0 1.0 572.24 1.99 
0.0 0.1323170772230607 0.0661585386115303 -0.0 -0.0 1.0 1.0 1.0 0.0 0.0 
1.0 0.027185575146154974 0.0135927875730775 0.0 0.0 1.0 1.0 1.0 0.0 0.0 
0.0 0.9154010612316814 0.468387489893356 -0.02 0.01 0.981072555205047 0.996845425867508 0.988958990536278 3.89 0.03 
1.0 0.059954128784417776 0.0599541287844178 -0.0 0.0 0.9922779922779922 0.9922779922779922 0.992277992277992 0.0 0.84 
0.0 0.034151491787468076 0.017075745893734 -0.0 -0.0 1.0 1.0 1.0 0.0 0.0 
1.0 0.0693153717009415 0.0346576858504707 -0.0 -0.0 1.0 1.0 1.0 0.0 0.0 
0.0 0.9848735565226934 0.55020713070716 -0.01 0.01 1.0 0.9968152866242038 0.998407643312102 4.15 0.13 
1.0 0.04296943623768491 0.0322296208833705 -0.0 0.0 1.0 1.0 1.0 0.01 0.0 
0.0 0.03855448604303559 0.138892763581233 -0.0 0.0 1.0 1.0 1.0 0.1 0.01 
1.0 0.6138129038747236 0.306906451937362 0.01 0.02 0.9937304075235106 0.9968652037617554 0.995297805642633 159.17 0.05 
0.0 0.09000620146362419 0.0450031007318121 -0.0 -0.0 1.0 1.0 1.0 0.0 0.0 
1.0 -0.0 0.0 0.04 0.04 0.982300884955752 0.9911504424778762 0.986725663716814 111.99 0.45 
0.0 0.06491080863938135 0.0324554043196907 0.0 0.0 1.0 1.0 1.0 0.0 0.0 
1.0 0.04296943623768491 0.0792550705646561 -0.0 0.0 1.0 1.0 1.0 0.04 0.01 
0.0 0.2882113901100298 0.154763932950336 -0.0 0.0 1.0 0.996845425867508 0.998422712933754 0.07 0.01 
1.0 0.06685739284696796 0.033428696423484 -0.0 -0.0 1.0 1.0 1.0 0.0 0.0 
0.0 0.06541381628604136 0.110894499401103 0.03 0.03 1.0 0.9790575916230366 0.989528795811518 191.05 0.22 
1.0 -0.0 0.0 -0.0 0.0 1.0 1.0 1.0 0.0 0.0 
0.0 0.6697401318544347 0.334870065927217 -0.0 0.0 1.0 1.0 1.0 0.0 0.0 
1.0 -0.0 0.0 -0.0 -0.0 1.0 1.0 1.0 0.0 0.0 
0.0 0.7812341605774255 0.390617080288713 0.0 -0.0 1.0 1.0 1.0 0.0 0.0 
1.0 0.36434859208232206 0.266658841841023 0.02 0.03 1.0 0.996875 0.9984375 351.31 0.11 
0.0 0.06961268786108545 0.0536342162448818 0.02 0.02 0.9938271604938274 0.9969135802469133 0.99537037037037 161.52 0.16 
1.0 0.04578717482093773 0.7103479348736 0.01 0.03 0.9973958333333331 0.9973958333333331 0.997395833333333 397.59 0.02 
0.0 0.5458278442333655 0.272913922116683 0.0 -0.0 1.0 0.6703910614525139 0.835195530726257 0.0 0.0 
1.0 -0.0 0.0 -0.0 -0.0 1.0 1.0 1.0 0.0 0.0 
0.0 0.7359990025234726 0.735999002523473 -0.31 0.0 0.9869281045751634 0.9869281045751634 0.986928104575163 0.0 0.33 
1.0 -0.0 0.0 -0.0 -0.0 1.0 1.0 1.0 0.0 0.0 
0.0 0.4990900875858468 0.262282646966666 -0.01 0.0 1.0 0.9922779922779922 0.996138996138996 0.35 0.04 
