1.0 0.05191557784790981 0.0259577889239549 0.31 0.35 0.8859649122807017 0.8859649122807017 0.885964912280702 342.0 2.27 
0.0 0.05227572834868318 0.807190563917947 0.02 0.07 0.991957104557641 0.991957104557641 0.991957104557641 457.36 0.12 
1.0 0.07198948573575523 0.0519257809585327 0.2 0.26 0.927170868347339 0.9299719887955182 0.928571428571429 699.24 1.77 
0.0 0.3692056007821668 0.27130476315494 0.23 0.32 0.9072164948453608 0.9097938144329896 0.908505154639175 452.48 1.69 
1.0 -0.0 0.0 0.0 0.0 1.0 1.0 1.0 0.0 0.0 
0.0 1.0811377991318287 0.540568899565914 0.0 -0.0 1.0 1.0 1.0 0.0 0.0 
1.0 0.04296943623768491 0.0322296208833705 -0.0 0.0 1.0 1.0 1.0 0.01 0.0 
0.0 0.02450873730849492 0.0122543686542475 -0.0 0.0 1.0 0.9888475836431224 0.994423791821561 0.01 0.0 
1.0 -0.0 0.0 0.06 0.06 0.9892183288409704 0.9892183288409704 0.98921832884097 371.0 0.62 
0.0 0.8374578440934884 0.747617404465856 -0.04 0.14 0.5935672514619882 0.9619883040935674 0.777777777777778 111.74 0.51 
1.0 0.8579133774485439 0.438319074096613 0.04 0.05 0.9919137466307276 0.9946091644204854 0.993261455525607 371.0 0.15 
0.0 0.09492415944835747 0.0474620797241787 -0.0 0.0 1.0 0.9965870307167234 0.998293515358362 0.02 0.0 
1.0 0.8548387522121371 1.08869815909567 0.18 0.63 1.0 1.0 1.0 572.24 1.99 
0.0 0.022859724367924498 0.0228597243679245 -0.01 0.0 0.9668874172185432 0.9668874172185432 0.966887417218543 0.0 1.19 
1.0 0.6738089552424604 1.08279442600059 0.25 0.38 0.946875 0.9875 0.9671875 280.61 0.07 
0.0 0.21873807939286777 0.218738079392868 -0.01 0.0 0.9967105263157896 0.9967105263157896 0.996710526315789 0.0 1.42 
1.0 0.04292479502348651 0.134696997430348 -0.0 0.0 1.0 1.0 1.0 0.11 0.02 
0.0 0.018178299906907443 0.656800855113089 -0.0 0.0 1.0 0.9973821989528798 0.99869109947644 1.9 0.01 
1.0 0.017741822561726052 0.0606606864577389 -0.0 0.0 1.0 1.0 1.0 0.02 0.0 
0.0 0.028294027016483723 0.0141470135082419 -0.0 -0.0 1.0 1.0 1.0 0.0 0.0 
1.0 -0.0 0.0 -0.0 -0.0 1.0 1.0 1.0 0.0 0.0 
0.0 0.02148980552905605 0.660714646880899 -0.0 0.0 1.0 1.0 1.0 2.21 0.01 
1.0 0.30113411681677044 0.150567058408385 -0.0 -0.0 1.0 1.0 1.0 0.0 0.0 
0.0 0.7794788427490477 0.486077525204592 0.05 0.11 1.0 0.940721649484536 0.970360824742268 350.73 0.27 
1.0 2.356590977368515 1.81392548321679 0.23 0.83 0.9164265129682996 0.9308357348703168 0.923631123919308 1977.75 0.24 
0.0 0.04624639022456452 0.0231231951122823 0.0 0.0 1.0 1.0 1.0 0.0 0.0 
1.0 0.08578017223261401 0.0571968061607767 0.0 0.0 1.0 1.0 1.0 0.01 0.0 
0.0 0.02148980552905605 0.010744902764528 0.0 0.0 1.0 1.0 1.0 0.0 0.0 
1.0 0.8881378489450643 0.444068924472532 -0.0 0.0 1.0 1.0 1.0 0.0 0.0 
0.0 0.5310542528871021 0.357756773412067 -0.01 0.0 1.0 1.0 1.0 0.55 0.09 
1.0 0.4761414557722609 0.340548307017455 0.31 0.38 0.9163636363636364 0.9163636363636364 0.916363636363636 408.27 2.08 
0.0 0.9640101891820066 0.873267340879566 -0.04 0.22 0.9417989417989414 0.9973544973544972 0.96957671957672 255.91 0.62 
1.0 -0.0 0.0 -0.0 -0.0 1.0 1.0 1.0 0.0 0.0 
0.0 0.6316066864192929 0.315803343209646 -0.0 0.0 1.0 1.0 1.0 0.0 0.0 
1.0 0.2944096283538114 0.156293964130359 -0.0 0.0 1.0 1.0 1.0 0.09 0.01 
0.0 0.20889975708752803 0.104449878543764 0.0 0.0 1.0 1.0 1.0 0.0 0.0 
1.0 0.5923940706928204 0.305516244431583 -0.0 0.0 1.0 1.0 1.0 0.36 0.02 
0.0 0.3456568399633956 0.172828419981698 0.0 0.0 1.0 1.0 1.0 0.0 0.0 
1.0 0.09015080598088242 0.388393018808579 0.07 0.09 0.9923664122137406 0.9923664122137406 0.99236641221374 524.52 0.33 
0.0 0.4618303073933867 0.803058891934747 0.13 0.39 1.0 1.0 1.0 274.74 1.9 
1.0 0.09137546664105897 0.302237383879781 0.05 0.1 0.36042402826855113 0.9681978798586572 0.664310954063604 475.4 0.08 
0.0 -0.0 0.0 0.02 0.02 0.996875 0.996875 0.996875 320.0 0.22 
1.0 0.07586122011969715 0.0485036676624137 -0.0 0.0 1.0 1.0 1.0 0.01 0.0 
0.0 0.021146115205130343 0.715216350519104 0.0 0.01 1.0 0.878125 0.9390625 10.89 0.04 
1.0 0.02097864624030526 0.0209786462403053 0.02 0.02 1.0 1.0 1.0 323.0 0.23 
0.0 0.6452750205454816 0.494602476871643 0.03 0.12 1.0 0.9967105263157896 0.998355263157895 63.42 0.85 
1.0 1.3106798725713282 1.24899269969452 0.23 0.66 0.98050139275766 0.9832869080779943 0.981894150417827 709.4 1.17 
0.0 -0.0 0.0 0.0 0.0 1.0 1.0 1.0 0.0 0.0 
1.0 0.4402819112593236 0.324590834173426 0.02 0.02 1.0 1.0 1.0 20.54 0.6 
0.0 0.6752066242484 0.668085095412386 0.1 0.39 1.0 0.9938080495356034 0.996904024767802 220.67 0.77 
1.0 0.06002390931952181 0.0514966727786034 -0.0 0.0 1.0 1.0 1.0 0.02 0.0 
0.0 0.03896898290828606 0.171658984572635 0.03 0.06 0.9621451104100947 0.9779179810725552 0.970031545741325 132.1 0.62 
1.0 1.3051116481758671 1.30026752924757 -0.01 0.47 0.9921465968586388 0.9973821989528798 0.994764397905759 416.05 0.01 
0.0 0.3083727042963771 0.154186352148188 -0.0 -0.0 1.0 1.0 1.0 0.0 0.0 
1.0 0.06219281179296066 0.0310964058964803 0.02 0.02 0.9966887417218544 0.9966887417218544 0.996688741721854 302.0 0.19 
0.0 0.9688912276632634 0.840364916422439 0.13 0.6 0.9865771812080536 0.9966442953020132 0.991610738255034 566.95 0.0 
1.0 0.11949293989298446 0.0597464699464922 -0.0 -0.0 1.0 1.0 1.0 0.0 0.0 
0.0 0.8502341661361879 0.425117083068094 -0.01 0.0 0.9844236760124608 0.9906542056074766 0.987538940809969 1.69 0.07 
1.0 0.038049545793566085 0.019024772896783 0.02 0.02 0.996875 0.996875 0.996875 320.0 0.19 
0.0 0.0744486206082655 0.0372243103041328 -0.0 0.0 0.9933110367892976 0.9966555183946488 0.994983277591973 0.03 0.0 
1.0 0.7467670671848305 0.927766464043701 0.09 0.57 1.0 1.0 1.0 291.69 1.25 
0.0 1.1755406770639067 0.587770338531953 -0.03 0.01 1.0 0.9817708333333331 0.990885416666667 4.58 0.03 
1.0 -0.0 0.0 0.0 0.0 1.0 1.0 1.0 0.0 0.0 
0.0 0.9215857165728834 0.642967154327603 -0.02 0.02 1.0 1.0 1.0 9.21 0.3 
1.0 0.08177127940433396 0.196721760970262 0.03 0.05 0.9920948616600794 0.9920948616600794 0.992094861660079 253.35 0.2 
0.0 0.8712535457073128 0.435626772853656 0.0 -0.0 1.0 0.9968652037617554 0.998432601880878 0.0 0.0 
1.0 0.5712047455257367 0.285602372762868 0.08 0.14 0.9694656488549618 0.9694656488549618 0.969465648854962 262.0 0.7 
0.0 0.041727642634605 0.0208638213173025 -0.0 0.0 1.0 0.9969230769230768 0.998461538461539 0.01 0.0 
1.0 0.5705909754161566 0.285295487708078 0.0 0.0 1.0 1.0 1.0 0.0 0.0 
0.0 0.05762288789854216 0.0571502513145865 -0.02 0.0 0.9781420765027322 0.9972677595628417 0.987704918032787 0.13 0.01 
1.0 0.09786130924602802 0.0590987688128339 -0.0 0.0 1.0 1.0 1.0 0.02 0.0 
0.0 1.4328641263360475 0.716432063168024 -0.04 0.03 1.0 0.946127946127946 0.973063973063973 14.21 0.04 
1.0 0.4615864564112995 0.999356018898977 0.08 0.21 0.9886363636363636 0.9886363636363636 0.988636363636364 504.48 0.37 
0.0 -0.0 0.0 -0.0 -0.0 1.0 0.996875 0.9984375 0.0 0.0 
1.0 0.08770501640138596 0.0877050164013859 -0.0 0.0 1.0 1.0 1.0 0.0 0.74 
0.0 0.03201815963903439 0.029898258905831 -0.0 0.0 1.0 0.8448275862068965 0.922413793103448 0.19 0.02 
1.0 0.913972938784685 0.456986469392343 0.03 0.05 0.9867724867724866 0.9894179894179894 0.988095238095238 301.59 0.15 
0.0 -0.0 0.0 0.0 0.0 1.0 1.0 1.0 0.0 0.0 
1.0 0.514173491909297 0.514173491909297 -0.13 0.0 0.9134328358208958 0.9134328358208958 0.913432835820896 0.0 2.41 
0.0 0.6865039343552846 0.343251967177642 -0.0 0.0 1.0 1.0 1.0 0.0 0.0 
1.0 1.491779896758723 0.810297690247468 0.05 0.16 0.946875 0.975 0.9609375 369.02 0.25 
0.0 0.15230387487719962 0.606788514441752 0.0 0.04 0.9865229110512128 0.9919137466307276 0.98921832884097 59.39 0.12 
1.0 0.5412404766975164 0.420535748111411 0.02 0.05 0.993710691823899 0.993710691823899 0.993710691823899 323.03 0.07 
0.0 0.8881378489450643 0.444068924472532 -0.0 0.0 1.0 1.0 1.0 0.0 0.0 
1.0 0.04991801430261973 0.0776063350451102 0.03 0.04 0.994236311239193 0.994236311239193 0.994236311239193 347.05 0.25 
0.0 0.0889360779877459 0.0704233836903111 -0.0 0.0 1.0 1.0 1.0 0.05 0.01 
1.0 0.3326958231564261 0.332695823156426 -0.02 0.0 0.9973958333333331 0.9973958333333331 0.997395833333333 0.0 1.78 
0.0 0.5311485121515958 0.498306526752079 -0.03 0.01 1.0 1.0 1.0 5.93 0.03 
1.0 0.06002390931952181 0.0600239093195218 -0.0 0.0 1.0 1.0 1.0 0.0 0.53 
0.0 0.6890413185630394 0.657147182622883 -0.0 0.04 1.0 1.0 1.0 19.85 0.12 
1.0 0.09244359525217268 0.0462217976260863 -0.0 -0.0 1.0 1.0 1.0 0.0 0.0 
0.0 -0.0 0.0 0.0 0.0 1.0 1.0 1.0 0.0 0.0 
1.0 0.023405674664599526 0.0117028373322998 0.0 0.0 1.0 1.0 1.0 0.0 0.0 
0.0 0.08104826118919567 0.0600086220487409 -0.01 0.0 0.9779179810725552 0.996845425867508 0.987381703470032 0.15 0.02 
1.0 0.09445020190741311 0.0563142509071603 -0.0 0.0 1.0 1.0 1.0 0.02 0.0 
0.0 0.0778041344031273 0.0389020672015637 -0.0 -0.0 1.0 1.0 1.0 0.0 0.0 
1.0 0.10635323476359827 0.104966392558675 -0.0 0.0 1.0 1.0 1.0 0.11 0.02 
0.0 0.2110056878777056 0.689929202986565 0.02 0.21 0.8891752577319588 0.9432989690721648 0.916237113402062 391.45 0.54 
1.0 0.2324749066454489 0.116237453322724 0.0 0.0 1.0 1.0 1.0 0.0 0.0 
0.0 0.3176998989466621 0.742560404563098 0.02 0.09 1.0 0.8917525773195876 0.945876288659794 244.17 0.15 
1.0 0.8575603360850413 0.857560336085041 -0.14 0.0 0.9942693409742118 0.9942693409742118 0.994269340974212 0.0 2.45 
0.0 0.5623945167633633 0.387256101064975 -0.02 0.01 1.0 0.9804469273743016 0.990223463687151 5.99 0.24 
1.0 0.5661954279814504 0.478739639798251 0.25 0.62 0.8675078864353312 0.8675078864353312 0.867507886435331 701.14 2.78 
0.0 0.19267620766013585 0.192676207660136 -0.05 0.0 0.940721649484536 0.940721649484536 0.940721649484536 0.0 2.69 
1.0 0.7000101747519452 1.26693740737619 0.22 0.79 0.5111731843575418 0.5335195530726257 0.522346368715084 643.93 0.64 
0.0 1.3266321664918628 0.717275762448873 0.01 0.03 1.0 0.9419354838709676 0.970967741935484 19.91 0.11 
1.0 0.4573386430810641 1.00056454775057 0.07 0.75 0.5153061224489796 0.989795918367347 0.752551020408163 546.42 0.14 
0.0 0.09280364653160081 0.78151146945508 -0.01 0.0 1.0 0.92 0.96 2.52 0.01 
1.0 0.7220357838736617 0.628869503744012 0.0 0.1 1.0 1.0 1.0 146.01 0.64 
0.0 1.1755406770639067 0.642131188578935 -0.01 0.02 1.0 0.9973958333333331 0.998697916666667 21.27 0.0 
1.0 0.599228948735972 0.380413591042606 0.02 0.03 1.0 1.0 1.0 35.94 0.28 
0.0 0.6717335817358335 0.38722959985331 0.02 0.03 1.0 1.0 1.0 65.35 0.06 
1.0 0.6445490932262417 0.322274546613121 -0.0 0.0 1.0 1.0 1.0 0.0 0.0 
0.0 0.4495690211533613 0.320255347779147 -0.01 0.0 1.0 1.0 1.0 1.4 0.13 
1.0 0.830237670572683 0.609404838854525 0.12 0.29 1.0 1.0 1.0 307.57 1.44 
0.0 0.7400050906933933 0.525870472614922 -0.03 0.03 1.0 1.0 1.0 10.63 0.39 
1.0 0.6294523664912527 0.33375095614241 0.32 0.47 0.8221649484536082 0.8221649484536082 0.822164948453608 388.65 1.76 
0.0 -0.0 0.0 -0.0 -0.0 1.0 1.0 1.0 0.0 0.0 
1.0 0.902230540632502 1.17394026869478 0.02 0.62 0.5165745856353591 0.9751381215469612 0.74585635359116 407.06 0.34 
0.0 0.0254752063474844 0.0863515559653256 -0.01 0.0 0.9922779922779922 0.9922779922779922 0.992277992277992 0.1 0.02 
1.0 0.0572068608923343 0.105641482281682 0.0 0.0 1.0 1.0 1.0 0.07 0.02 
0.0 -0.0 0.0 0.0 0.0 1.0 1.0 1.0 0.0 0.0 
1.0 0.6732723695523724 0.394279131757595 0.01 0.02 1.0 1.0 1.0 120.28 0.01 
0.0 0.6623464715562162 0.341634962191375 -0.0 0.0 1.0 1.0 1.0 0.61 0.02 
1.0 0.0404576242354559 0.0303454260362877 0.1 0.11 0.9825072886297378 0.9825072886297378 0.982507288629738 686.0 0.88 
0.0 0.19765913736613375 0.0988295686830669 0.0 0.0 1.0 0.9072164948453608 0.95360824742268 0.0 0.0 
1.0 1.6355172536750597 0.81775862683753 -0.0 0.0 1.0 1.0 1.0 0.0 0.0 
0.0 0.2882113901100298 0.206398608277549 -0.02 0.0 0.9905362776025236 0.996845425867508 0.993690851735016 0.73 0.07 
1.0 0.5311485121515958 0.498306526752079 -0.03 0.01 1.0 1.0 1.0 5.93 0.03 
0.0 -0.0 0.0 0.0 0.0 1.0 1.0 1.0 0.0 0.0 
1.0 0.055740919119538684 0.0418103947939671 0.03 0.03 0.9956896551724136 0.9956896551724136 0.995689655172414 232.01 0.24 
0.0 -0.0 0.0 0.0 0.01 0.9292035398230089 0.982300884955752 0.95575221238938 11.4 0.27 
1.0 -0.0 0.0 -0.0 -0.0 1.0 1.0 1.0 0.0 0.0 
0.0 0.6673546279322191 0.624537899768753 0.08 0.18 0.9753424657534246 0.9753424657534246 0.975342465753425 422.73 0.6 
1.0 0.045688389073983635 0.0456883890739836 -0.0 0.0 1.0 1.0 1.0 0.01 0.0 
0.0 0.8905616504463674 0.835020246597708 0.03 0.13 1.0 0.8969072164948454 0.948453608247423 306.85 0.68 
1.0 -0.0 0.0 -0.0 -0.0 1.0 1.0 1.0 0.0 0.0 
0.0 0.06628833883710114 0.0658510775615712 -0.0 0.0 1.0 0.9842931937172774 0.992146596858639 0.05 0.02 
1.0 0.20386429079659474 0.893760143134482 0.01 0.06 1.0 0.9151193633952256 0.957559681697613 184.08 0.04 
0.0 0.027778358172627568 0.0138891790863138 -0.0 0.0 1.0 0.9870689655172414 0.993534482758621 0.01 0.0 
