1.0 0.08572157070354136 0.157115360996111 0.11 0.12 0.9916201117318434 0.9916201117318434 0.991620111731844 643.17 0.88 
0.0 0.9848735565226934 0.513921496380189 -0.0 0.0 1.0 0.9968152866242038 0.998407643312102 1.37 0.05 
1.0 0.541952602754964 0.33778337053467 0.05 0.11 0.9841772151898734 0.9841772151898734 0.984177215189873 402.15 0.46 
0.0 0.8267010801842175 0.490606940932875 0.04 0.08 1.0 1.0 1.0 382.74 0.45 
1.0 0.5800804508011576 0.318643655846746 0.05 0.09 0.986784140969163 0.986784140969163 0.986784140969163 250.29 0.52 
0.0 -0.0 0.0 -0.0 -0.0 1.0 1.0 1.0 0.0 0.0 
1.0 0.17509560300706856 0.677132544033576 0.01 0.05 0.9970845481049562 0.9970845481049562 0.997084548104956 372.07 0.13 
0.0 0.07682534714633986 0.0384126735731699 -0.0 -0.0 1.0 1.0 1.0 0.0 0.0 
1.0 -0.0 0.0 -0.0 -0.0 1.0 1.0 1.0 0.0 0.0 
0.0 0.021034152610448338 0.0105170763052242 -0.0 -0.0 1.0 0.9817073170731708 0.990853658536585 0.0 0.0 
1.0 -0.0 0.0 0.0 0.0 1.0 1.0 1.0 0.0 0.0 
0.0 0.32745885731353896 0.16372942865677 0.0 -0.0 1.0 0.9937888198757762 0.996894409937888 0.0 0.0 
1.0 0.039952520724972435 0.0199762603624862 0.0 0.0 1.0 1.0 1.0 0.0 0.0 
0.0 0.04708051459985158 0.0353135408491553 0.02 0.02 1.0 1.0 1.0 282.0 0.23 
1.0 0.6359689346369413 0.967954211434841 0.25 0.36 1.0 1.0 1.0 216.1 0.22 
0.0 -0.0 0.0 -0.0 0.0 1.0 1.0 1.0 0.0 0.0 
1.0 0.061848503732346585 0.0309242518661733 0.0 0.0 1.0 1.0 1.0 0.0 0.0 
0.0 -0.0 0.0 -0.0 -0.0 1.0 1.0 1.0 0.0 0.0 
1.0 0.07546791682907909 0.0377339584145396 0.0 0.0 1.0 1.0 1.0 0.0 0.0 
0.0 0.5130993011185021 0.878060382648419 -0.02 0.41 1.0 0.36042402826855113 0.680212014134276 198.65 0.35 
1.0 0.514173491909297 1.25864750532747 0.11 0.42 0.9134328358208958 0.9402985074626864 0.926865671641791 800.28 0.31 
0.0 0.09167492896130204 0.045837464480651 -0.0 0.0 1.0 0.9963235294117646 0.998161764705882 0.02 0.0 
1.0 0.27200698739507007 0.790305992246019 0.0 0.04 1.0 1.0 1.0 51.48 0.07 
0.0 0.7387103130230372 1.28001550369693 -0.07 0.13 1.0 1.0 1.0 227.92 0.04 
1.0 0.2592890720819163 0.129644536040958 0.04 0.06 0.9801980198019802 0.986798679867987 0.983498349834983 200.65 0.51 
0.0 0.594577819662421 0.29728890983121 -0.0 0.0 1.0 0.9954954954954957 0.997747747747748 0.0 0.0 
1.0 0.022214468734433918 0.011107234367217 -0.0 -0.0 1.0 1.0 1.0 0.0 0.0 
0.0 -0.0 0.0 0.0 0.0 1.0 1.0 1.0 0.0 0.0 
1.0 0.16488320739843235 0.0824416036992162 -0.0 0.0 1.0 0.9820788530465951 0.991039426523298 0.15 0.02 
0.0 0.7756467599439204 0.452964277072262 0.01 0.03 1.0 1.0 1.0 109.6 0.07 
1.0 0.6430164980766218 0.321508249038311 0.11 0.13 0.9713375796178344 0.9713375796178344 0.971337579617834 314.0 0.64 
0.0 0.03836140891311494 0.0191807044565575 0.0 0.0 1.0 1.0 1.0 0.0 0.0 
1.0 0.5311485121515958 0.498306526752079 -0.03 0.01 1.0 1.0 1.0 5.93 0.03 
0.0 0.2874590698037652 0.208360965292186 -0.04 0.01 1.0 0.9504504504504504 0.975225225225225 1.53 0.16 
1.0 0.05707863871170449 0.569233067246362 -0.0 0.04 0.9890710382513662 0.9890710382513662 0.989071038251366 206.51 0.03 
0.0 -0.0 0.0 -0.0 0.0 0.996794871794872 0.996794871794872 0.996794871794872 0.0 0.22 
1.0 0.11198449260177885 0.0559922463008894 0.0 0.0 1.0 1.0 1.0 0.0 0.0 
0.0 0.04038525502705401 0.0313945831409596 -0.0 0.0 1.0 0.9933110367892976 0.996655518394649 0.01 0.0 
1.0 -0.0 0.0 -0.0 -0.0 1.0 1.0 1.0 0.0 0.0 
0.0 0.024355245493866216 0.0121776227469331 0.0 0.0 1.0 0.9963235294117646 0.998161764705882 0.0 0.0 
1.0 0.021034152610448338 0.0105170763052242 0.0 0.0 1.0 1.0 1.0 0.0 0.0 
0.0 0.05475477169621643 0.0273773858481082 0.0 0.0 1.0 1.0 1.0 0.0 0.0 
1.0 0.8571024332964365 0.51278938620703 0.04 0.07 0.9973544973544972 0.9973544973544972 0.997354497354497 502.33 0.39 
0.0 0.15303827878085166 0.0765191393904258 -0.0 0.0 1.0 0.9941002949852508 0.997050147492625 0.05 0.01 
1.0 -0.0 0.0 0.0 0.0 1.0 1.0 1.0 0.0 0.0 
0.0 0.3978647591522306 0.213347743855896 -0.0 0.0 1.0 1.0 1.0 0.12 0.02 
1.0 0.6623464715562162 0.415341386676215 -0.01 0.02 1.0 1.0 1.0 8.18 0.19 
0.0 0.1718560268772759 0.085928013438638 0.0 0.0 1.0 1.0 1.0 0.0 0.0 
1.0 -0.0 0.0 0.0 0.0 1.0 1.0 1.0 0.0 0.0 
0.0 1.0399735594610926 0.519986779730546 -0.0 0.0 1.0 0.997032640949555 0.998516320474777 0.0 0.0 
1.0 0.6732723695523724 0.35013316954795 -0.0 0.0 1.0 1.0 1.0 0.23 0.02 
0.0 0.3299117614804645 0.716065491978119 -0.09 0.03 0.8994845360824743 0.9329896907216496 0.916237113402062 18.31 0.11 
1.0 0.06325195083657176 0.0429569559651917 0.0 0.0 1.0 1.0 1.0 0.01 0.0 
0.0 -0.0 0.0 0.0 0.0 1.0 1.0 1.0 0.0 0.0 
1.0 0.5711490065340494 0.34913935174153 0.27 0.38 0.6775510204081633 0.7673469387755103 0.722448979591837 167.57 1.39 
0.0 0.06510641407332453 0.296184090071985 -0.02 0.0 1.0 0.9965034965034965 0.998251748251748 1.15 0.09 
1.0 0.021666184788399698 0.0216661847883997 0.13 0.16 0.9628482972136226 0.9628482972136226 0.962848297213622 323.0 1.37 
0.0 0.3243691273232743 0.174065240224655 -0.0 0.0 1.0 0.9784946236559142 0.989247311827957 0.11 0.02 
1.0 1.160869305594259 1.09787712335657 0.03 0.48 1.0 0.996551724137931 0.998275862068966 304.28 0.82 
0.0 0.06002390931952181 0.0573893405078691 -0.0 0.0 1.0 1.0 1.0 0.02 0.0 
1.0 0.9099802582506228 0.465236555978423 -0.01 0.02 0.9969969969969968 0.9969969969969968 0.996996996996997 333.42 0.04 
0.0 -0.0 0.0 0.0 0.0 1.0 0.9933110367892976 0.996655518394649 0.0 0.0 
1.0 -0.0 0.0 -0.0 -0.0 1.0 1.0 1.0 0.0 0.0 
0.0 0.09163485972326606 0.101934903833484 -0.0 0.0 1.0 1.0 1.0 0.08 0.02 
1.0 0.017741822561726052 0.0606606864577389 -0.0 0.0 1.0 1.0 1.0 0.02 0.0 
0.0 0.3692056007821668 0.27130476315494 0.23 0.32 0.9072164948453608 0.9097938144329896 0.908505154639175 452.48 1.69 
1.0 0.04392359467299709 0.0219617973364985 0.0 0.0 1.0 1.0 1.0 0.0 0.0 
0.0 0.027879870468395514 0.0139399352341978 -0.0 0.0 0.9870689655172414 0.9956896551724136 0.991379310344828 0.03 0.01 
1.0 0.6138129038747236 0.613812903874724 -0.14 0.0 0.9968652037617554 0.9968652037617554 0.996865203761755 0.0 2.1 
0.0 0.027879870468395514 0.12349607008255 -0.0 0.0 0.9956896551724136 0.9956896551724136 0.995689655172414 0.12 0.02 
1.0 0.03865721594315093 0.0193286079715755 -0.0 -0.0 1.0 1.0 1.0 0.0 0.0 
0.0 0.6279251062073414 0.324915675761392 -0.03 0.02 0.921921921921922 0.981981981981982 0.951951951951952 10.73 0.33 
1.0 0.026993969543528583 0.831255611609294 0.0 0.01 1.0 1.0 1.0 5.02 0.0 
0.0 0.5576080435520234 0.278804021776012 -0.0 0.0 1.0 1.0 1.0 0.0 0.0 
1.0 0.022214468734433918 0.011107234367217 -0.0 -0.0 1.0 1.0 1.0 0.0 0.0 
0.0 0.09292501557745118 0.348868365997367 -0.02 0.01 0.9745222929936304 0.9936305732484078 0.984076433121019 2.37 0.13 
1.0 1.6355172536750597 0.81775862683753 -0.0 0.0 1.0 1.0 1.0 0.0 0.0 
0.0 0.050935213239972035 0.025467606619986 -0.0 0.0 0.9922779922779922 0.996138996138996 0.994208494208494 0.02 0.0 
1.0 0.4839166435874528 0.241958321793726 -0.0 0.0 1.0 1.0 1.0 0.0 0.0 
0.0 0.5576080435520234 0.278804021776012 -0.0 0.0 1.0 1.0 1.0 0.0 0.0 
1.0 -0.0 0.0 0.0 0.0 1.0 1.0 1.0 0.0 0.0 
0.0 0.07668224356121618 0.0936297137665007 0.03 0.03 1.0 0.9931034482758618 0.996551724137931 180.34 0.33 
1.0 0.027982183645278484 0.0139910918226392 0.07 0.12 0.9662447257383966 0.970464135021097 0.968354430379747 206.47 1.05 
0.0 1.1625363955943298 0.581268197797165 0.0 -0.0 1.0 0.948170731707317 0.974085365853659 0.0 0.0 
1.0 0.08014920146189754 0.0400746007309488 -0.0 -0.0 1.0 1.0 1.0 0.0 0.0 
0.0 0.6842561283330871 0.671655285582369 -0.0 0.11 1.0 0.9791666666666664 0.989583333333333 108.41 1.16 
1.0 0.4548575204760618 0.237701579388838 0.12 0.16 0.9650145772594751 0.9650145772594751 0.965014577259475 348.58 0.81 
0.0 0.35715209587888663 0.243399686322246 0.0 0.0 1.0 0.9880239520958086 0.994011976047904 0.59 0.1 
1.0 -0.0 0.0 -0.0 0.0 1.0 1.0 1.0 0.0 0.0 
0.0 0.06795125375562225 0.062444239096627 -0.0 0.0 1.0 0.9966101694915254 0.998305084745763 0.04 0.01 
1.0 0.07851576409890412 0.0392578820494521 0.01 0.01 0.953757225433526 0.9971098265895952 0.975433526011561 20.68 0.14 
0.0 0.027879870468395514 0.077316718717098 -0.0 0.0 1.0 0.9956896551724136 0.997844827586207 0.04 0.01 
1.0 0.09242652130229471 0.0740837202109167 0.05 0.05 1.0 0.9956896551724136 0.997844827586207 441.81 0.48 
0.0 0.944729522285408 0.706006808560889 -0.11 0.18 0.8706624605678234 0.9148264984227128 0.892744479495268 287.66 0.38 
1.0 0.0352954379540603 0.079585681077477 -0.0 0.0 1.0 1.0 1.0 0.04 0.01 
0.0 0.038049545793566085 0.07113536819652 -0.0 0.0 1.0 0.984567901234568 0.992283950617284 0.16 0.02 
1.0 0.023266578733959636 0.0232665787339596 -0.0 0.0 1.0 1.0 1.0 0.0 0.0 
0.0 0.038049545793566085 0.0295140960169357 0.01 0.01 0.984567901234568 0.9969135802469133 0.990740740740741 64.01 0.16 
1.0 -0.0 0.0 0.11 0.11 0.977077363896848 0.977077363896848 0.977077363896848 349.0 1.14 
0.0 0.7624587684104074 0.546185264945436 0.11 0.18 0.9329896907216496 0.9561855670103092 0.944587628865979 287.55 0.86 
1.0 0.5576080435520234 0.306133433585025 0.02 0.02 1.0 1.0 1.0 18.25 0.25 
0.0 0.08177127940433396 0.0538805764681354 0.04 0.05 0.9920948616600794 0.9920948616600794 0.992094861660079 253.02 0.35 
1.0 -0.0 0.0 -0.0 -0.0 1.0 1.0 1.0 0.0 0.0 
0.0 0.06588148795610516 0.899971691822494 -0.02 0.03 0.8904593639575972 0.9929328621908128 0.941696113074205 26.65 0.01 
1.0 0.04991801430261973 0.0776063350451102 0.03 0.04 0.994236311239193 0.994236311239193 0.994236311239193 347.05 0.25 
0.0 0.08104826118919567 0.0618930260349027 0.04 0.04 0.996845425867508 0.996845425867508 0.996845425867508 634.01 0.33 
1.0 0.04956265005659082 0.0950374425902223 0.16 0.21 0.946938775510204 0.9632653061224488 0.955102040816327 245.02 1.69 
0.0 0.1050257433786704 0.0525128716893352 0.0 0.0 1.0 1.0 1.0 0.0 0.0 
1.0 0.36434859208232206 0.266658841841023 0.02 0.03 1.0 0.996875 0.9984375 351.31 0.11 
0.0 0.030092344610339425 0.0300325498217183 0.03 0.03 1.0 0.9952830188679246 0.997641509433962 212.0 0.28 
1.0 0.736181438737093 0.391420446287019 0.07 0.11 0.9827586206896552 0.9827586206896552 0.982758620689655 581.55 0.31 
0.0 0.7642232507044483 0.560687673291667 -0.02 0.03 1.0 0.9880239520958086 0.994011976047904 9.86 0.2 
1.0 0.03896898290828606 0.0303473263850239 0.19 0.23 0.9393939393939392 0.9393939393939392 0.939393939393939 330.01 1.78 
0.0 0.3393594232485059 0.266017815454321 -0.01 0.02 0.940721649484536 0.9974226804123713 0.969072164948454 79.3 0.11 
1.0 0.01872477074468281 0.708920962962009 0.02 0.05 0.9946091644204854 0.9946091644204854 0.994609164420485 742.0 0.08 
0.0 0.02148980552905605 0.0622109038038088 -0.0 0.0 1.0 1.0 1.0 0.02 0.0 
1.0 0.7427096949022739 0.440390685677649 0.04 0.09 0.9904458598726114 0.9904458598726114 0.990445859872611 485.89 0.26 
0.0 0.0800824403230777 0.0400412201615388 -0.01 0.0 0.9786585365853658 0.9817073170731708 0.980182926829268 0.25 0.03 
1.0 0.1341766528978053 0.0670883264489027 0.08 0.1 0.9712041884816756 0.9764397905759162 0.973821989528796 310.88 1.03 
0.0 0.04344090020222118 0.685036533347042 0.01 0.02 1.0 0.9419354838709676 0.970967741935484 155.47 0.01 
1.0 -0.0 0.0 0.0 0.0 1.0 1.0 1.0 0.0 0.0 
0.0 0.8086274974243058 0.608164663127599 -0.1 0.04 0.8943298969072165 0.9974226804123713 0.945876288659794 32.83 0.03 
1.0 0.6756916479515236 0.490729143569173 0.3 0.53 0.7888446215139443 0.8007968127490038 0.794820717131474 644.62 1.7 
0.0 0.3270536257119778 0.177415991942303 -0.0 0.0 1.0 1.0 1.0 0.07 0.01 
1.0 0.4402819112593236 0.324590834173426 0.02 0.02 1.0 1.0 1.0 20.54 0.6 
0.0 0.6098065722776325 0.304903286138816 0.0 0.01 0.9587020648967554 0.9970501474926252 0.97787610619469 4.76 0.07 
1.0 0.05251546963977522 0.0450223016966085 0.12 0.13 0.970976253298153 0.970976253298153 0.970976253298153 379.02 1.0 
0.0 0.13147462230374174 0.121062692489706 0.2 0.29 0.8909090909090908 0.9181818181818182 0.904545454545455 922.98 1.87 
1.0 0.8489520154493642 0.544082176542333 0.09 0.18 0.962264150943396 0.962264150943396 0.962264150943396 333.39 0.89 
0.0 1.1087658609025726 0.554382930451286 -0.01 0.0 1.0 0.996875 0.9984375 3.06 0.04 
1.0 0.05594538109009752 0.0419126257792465 0.05 0.05 0.9913793103448276 0.9956896551724136 0.993534482758621 347.5 0.48 
0.0 0.6812081464062815 0.340604073203141 0.0 -0.0 1.0 1.0 1.0 0.0 0.0 
1.0 0.021034152610448338 0.0105170763052242 0.0 0.0 1.0 1.0 1.0 0.0 0.0 
0.0 0.8024684613025314 0.470928497415713 0.01 0.02 0.9945652173913044 0.9945652173913044 0.994565217391304 5.68 0.04 
1.0 0.850713860611364 0.425356930305682 0.0 -0.0 1.0 1.0 1.0 0.0 0.0 
0.0 0.07968440668573698 0.0398422033428685 -0.0 0.0 1.0 0.9351851851851855 0.967592592592593 0.35 0.04 
1.0 0.09962338946616205 0.146552850398037 -0.0 0.0 1.0 1.0 1.0 0.17 0.03 
0.0 0.9548978214921024 1.19681590580129 -0.01 0.29 0.9923664122137406 0.9974554707379136 0.994910941475827 239.7 0.68 
1.0 0.02625568508792424 0.0131278425439621 0.0 0.0 1.0 1.0 1.0 0.0 0.0 
0.0 0.02581585215487724 0.0761779098033559 -0.0 0.0 1.0 1.0 1.0 0.03 0.01 
