1.0 0.06685739284696796 0.033428696423484 -0.0 -0.0 1.0 1.0 1.0 0.0 0.0 
0.0 0.08824020342034751 0.29515580161639 0.0 0.03 1.0 0.9696132596685084 0.984806629834254 62.52 0.33 
1.0 0.04038525502705401 0.020192627513527 0.04 0.04 0.9933110367892976 0.9933110367892976 0.993311036789298 299.0 0.36 
0.0 0.8316960826803917 0.415848041340196 -0.0 0.0 0.9968652037617554 0.9968652037617554 0.996865203761755 1.14 0.01 
1.0 0.02160704778466883 0.0216070477846688 -0.0 0.0 1.0 1.0 1.0 0.0 0.0 
0.0 0.10564048160168153 0.0528202408008408 0.0 0.0 1.0 1.0 1.0 0.0 0.0 
1.0 -0.0 0.0 0.12 0.13 0.971786833855799 0.971786833855799 0.971786833855799 319.0 1.02 
0.0 0.0904388751185517 0.470576367864958 0.04 0.06 1.0 0.994011976047904 0.997005988023952 61.92 0.23 
1.0 0.4548575204760618 0.237701579388838 0.12 0.16 0.9650145772594751 0.9650145772594751 0.965014577259475 348.58 0.81 
0.0 1.567692060874186 1.51895567662637 0.01 0.39 1.0 0.92 0.96 382.18 0.3 
1.0 1.1642717827887903 0.582135891394395 -0.0 0.0 1.0 1.0 1.0 0.0 0.0 
0.0 -0.0 0.0 -0.0 0.0 1.0 1.0 1.0 0.0 0.0 
1.0 0.061848503732346585 0.0309242518661733 0.0 0.0 1.0 1.0 1.0 0.0 0.0 
0.0 0.1050257433786704 0.0525128716893352 -0.0 0.0 1.0 0.9870689655172414 0.993534482758621 0.05 0.01 
1.0 0.4764511118846591 0.341526458700847 0.07 0.13 0.9746835443037976 0.9746835443037976 0.974683544303797 323.44 0.44 
0.0 0.1718560268772759 0.085928013438638 0.0 0.0 1.0 1.0 1.0 0.0 0.0 
1.0 0.8181209067421056 0.460110496038362 0.17 0.24 0.7605177993527507 0.8673139158576052 0.813915857605178 159.97 0.65 
0.0 0.022152081921215285 0.0221210757602006 -0.0 0.0 1.0 0.9967105263157896 0.998355263157895 0.01 0.0 
1.0 0.23531376388810035 0.11765688194405 -0.0 0.0 1.0 1.0 1.0 0.0 0.0 
0.0 0.06391944714166062 0.0942526367933646 0.01 0.02 1.0 0.9905362776025236 0.995268138801262 105.05 0.15 
1.0 0.9837100363861178 0.619275269403098 0.05 0.13 0.9869791666666664 0.9869791666666664 0.986979166666667 609.18 0.33 
0.0 0.808814311512711 0.418296334842669 -0.0 0.0 1.0 1.0 1.0 0.32 0.03 
1.0 0.6890413185630394 0.356258606328319 0.02 0.02 1.0 1.0 1.0 283.0 0.08 
0.0 0.2338222085409008 0.841118718993676 -0.01 0.08 0.901060070671378 0.9929328621908128 0.946996466431095 218.39 0.16 
1.0 0.08511656826887955 0.0943480593113157 -0.0 0.0 1.0 1.0 1.0 0.09 0.01 
0.0 0.18027570072912744 0.0901378503645637 -0.0 -0.0 1.0 1.0 1.0 0.0 0.0 
1.0 1.749751209083218 1.39486238427216 0.11 0.7 0.997032640949555 0.997032640949555 0.997032640949555 748.68 0.67 
0.0 0.8571024332964365 0.819813462936781 -0.1 0.15 0.9417989417989414 0.9973544973544972 0.96957671957672 203.57 0.42 
1.0 -0.0 0.0 0.0 0.0 1.0 1.0 1.0 0.0 0.0 
0.0 0.4654645413525627 0.232732270676281 -0.0 0.0 1.0 1.0 1.0 0.0 0.0 
1.0 -0.0 0.0 0.0 0.0 1.0 1.0 1.0 0.0 0.0 
0.0 0.024279270493060005 0.01213963524653 0.0 0.0 1.0 1.0 1.0 0.0 0.0 
1.0 0.049314561447631994 0.024657280723816 -0.0 -0.0 1.0 1.0 1.0 0.0 0.0 
0.0 0.022214468734433918 0.011107234367217 -0.0 -0.0 1.0 1.0 1.0 0.0 0.0 
1.0 0.0800824403230777 0.0589179044009371 0.08 0.09 0.9817073170731708 0.9817073170731708 0.981707317073171 328.03 0.88 
0.0 0.09123646704090793 0.46146627486065 0.0 0.02 1.0 0.9968652037617554 0.998432601880878 79.66 0.05 
1.0 0.04439848702821478 0.0221992435141074 0.0 0.0 1.0 1.0 1.0 0.0 0.0 
0.0 0.42261527491331197 0.268542087204378 0.0 0.01 1.0 1.0 1.0 13.46 0.04 
1.0 0.1384539996346234 0.0692269998173117 0.01 0.01 0.9860724233983286 0.9972144846796656 0.991643454038997 71.0 0.15 
0.0 0.9374723317261004 0.482778819601715 0.05 0.07 0.9870689655172414 0.9870689655172414 0.987068965517241 232.6 0.14 
1.0 -0.0 0.0 0.02 0.02 0.9962686567164178 0.9962686567164178 0.996268656716418 268.0 0.28 
0.0 0.4069858465797981 0.275825355362232 -0.0 0.0 1.0 1.0 1.0 0.35 0.0 
1.0 0.8086274974243058 0.964602704529886 0.16 0.44 1.0 0.9974226804123713 0.998711340206186 591.15 1.51 
0.0 0.07371681675582349 0.0368584083779118 0.0 -0.0 1.0 0.9146757679180888 0.957337883959044 0.0 0.0 
1.0 0.07575108500341506 0.0378755425017075 0.02 0.02 0.9971098265895952 0.9971098265895952 0.997109826589595 346.0 0.17 
0.0 0.06002390931952181 0.241369807198621 0.0 0.0 1.0 0.9808917197452226 0.990445859872611 2.8 0.07 
1.0 0.021034152610448338 0.0105170763052242 0.0 0.0 1.0 1.0 1.0 0.0 0.0 
0.0 0.2338222085409008 0.818238813239901 0.01 0.11 0.9929328621908128 0.9929328621908128 0.992932862190813 434.69 0.22 
1.0 0.9834552612199718 0.576340676149347 -0.01 0.0 1.0 1.0 1.0 2.84 0.07 
0.0 1.5340347915697958 1.50638676778222 0.14 0.82 0.9857954545454544 0.9886363636363636 0.987215909090909 810.75 1.6 
1.0 0.5243535929883677 0.338089917908632 0.03 0.05 0.9972144846796656 0.9972144846796656 0.997214484679666 386.2 0.38 
0.0 0.7417183166471224 0.370859158323561 -0.01 0.0 1.0 0.994011976047904 0.997005988023952 0.8 0.02 
1.0 0.3875489036643238 0.193774451832162 -0.0 -0.0 1.0 1.0 1.0 0.0 0.0 
0.0 0.6794877718346207 0.509634618778825 -0.01 0.03 1.0 1.0 1.0 14.57 0.25 
1.0 0.0348775115189437 0.0866657555767835 0.07 0.07 0.9860724233983286 0.9860724233983286 0.986072423398329 359.07 0.54 
0.0 0.7326426142215506 0.377335521271053 -0.0 0.0 1.0 1.0 1.0 1.01 0.0 
1.0 0.06588148795610516 0.582862687839818 -0.01 0.03 1.0 0.9929328621908128 0.996466431095406 53.03 0.09 
0.0 0.8606185834564639 0.430309291728232 -0.14 0.06 0.9210526315789472 0.9912280701754383 0.956140350877193 39.88 0.1 
1.0 0.656837738121801 0.913530304951317 0.04 0.49 1.0 0.9971014492753626 0.998550724637681 483.65 1.19 
0.0 2.0141535139935844 1.00707675699679 -0.0 0.0 1.0 0.9971264367816092 0.998563218390805 1.45 0.03 
1.0 0.5707096708311864 0.506661141895308 0.08 0.15 1.0 1.0 1.0 187.32 1.26 
0.0 0.3299117614804645 0.164955880740232 0.0 0.0 1.0 0.9329896907216496 0.966494845360825 0.0 0.0 
1.0 0.2937493899492937 0.146874694974647 0.0 0.0 1.0 1.0 1.0 0.0 0.0 
0.0 0.4182909823457828 0.308626241924147 -0.05 0.03 0.7908847184986596 0.9544235924932976 0.872654155495979 13.64 0.45 
1.0 -0.0 0.0 -0.0 0.0 1.0 1.0 1.0 0.0 0.0 
0.0 -0.0 0.0 0.0 0.0 1.0 0.9941520467836256 0.997076023391813 0.0 0.0 
1.0 0.3665053293883657 0.291595596882987 0.07 0.13 0.9747634069400634 0.9779179810725552 0.976340694006309 711.54 0.74 
0.0 0.08177127940433396 0.040885639702167 0.02 0.02 0.9920948616600794 0.9960474308300395 0.994071146245059 126.0 0.2 
1.0 0.9339842147523802 0.584816678610232 0.0 0.04 1.0 1.0 1.0 125.46 0.02 
0.0 0.6108447906896114 0.322819996478889 0.06 0.08 0.9751381215469612 0.9806629834254144 0.977900552486188 246.25 0.55 
1.0 0.06391944714166062 0.0426755706420729 0.02 0.02 1.0 0.9936908517350158 0.996845425867508 158.01 0.18 
0.0 -0.0 0.0 -0.0 -0.0 1.0 1.0 1.0 0.0 0.0 
1.0 0.14733423058314676 0.147334230583147 -0.1 0.0 0.790794979079498 0.790794979079498 0.790794979079498 0.0 2.49 
0.0 -0.0 0.0 -0.0 -0.0 1.0 0.9938461538461536 0.996923076923077 0.0 0.0 
1.0 0.028085307477329197 0.0140426537386646 0.06 0.07 0.9870689655172414 0.9870689655172414 0.987068965517241 232.0 0.66 
0.0 0.451330770166906 0.225665385083453 -0.0 0.0 1.0 1.0 1.0 0.0 0.0 
1.0 0.1718560268772759 0.085928013438638 0.0 0.0 1.0 1.0 1.0 0.0 0.0 
0.0 1.533054884762514 0.832373220647466 -0.0 0.04 1.0 1.0 1.0 22.21 0.13 
1.0 -0.0 0.0 0.0 0.0 1.0 1.0 1.0 0.0 0.0 
0.0 0.09006047508429833 0.0860907721947677 0.05 0.05 1.0 1.0 1.0 165.66 0.67 
1.0 0.619066288955174 0.333797472180627 0.01 0.02 1.0 1.0 1.0 12.1 0.22 
0.0 1.8213206943708171 1.4927962385798 0.1 0.57 1.0 1.0 1.0 370.32 0.08 
1.0 0.07940617799097693 0.0794061779909769 -0.0 0.0 1.0 1.0 1.0 0.0 0.79 
0.0 -0.0 0.0 -0.0 -0.0 1.0 1.0 1.0 0.0 0.0 
1.0 0.07978404380165302 0.82373805233792 0.01 0.04 1.0 1.0 1.0 216.87 0.04 
0.0 0.050935213239972035 0.025467606619986 -0.0 0.0 0.9922779922779922 0.996138996138996 0.994208494208494 0.02 0.0 
1.0 0.06905856764132845 0.0345292838206642 -0.0 0.0 1.0 0.997134670487106 0.998567335243553 0.01 0.0 
0.0 1.7340618956888827 1.65805312675597 0.07 0.62 0.8904593639575972 0.9929328621908128 0.941696113074205 508.14 0.15 
1.0 0.9548978214921024 0.954897821492103 -0.3 0.0 0.9923664122137406 0.9923664122137406 0.99236641221374 0.0 1.89 
0.0 0.18333112347374717 0.0916655617368736 0.0 0.0 1.0 0.9969604863221886 0.998480243161094 0.0 0.0 
1.0 0.616873558099527 0.810647523470929 0.13 0.27 1.0 1.0 1.0 235.6 0.98 
0.0 0.09676034952812122 0.0483801747640606 0.0 0.0 1.0 1.0 1.0 0.0 0.0 
1.0 -0.0 0.0 0.0 0.0 1.0 1.0 1.0 0.0 0.0 
0.0 0.8585818504987296 1.11315610872573 -0.0 0.27 1.0 1.0 1.0 159.37 0.11 
1.0 0.6755022098303356 0.337751104915168 0.09 0.17 0.9603658536585364 0.9603658536585364 0.960365853658537 328.0 0.45 
0.0 0.5360571431279036 0.278744418635194 -0.01 0.0 0.9621451104100947 0.9936908517350158 0.977917981072555 0.55 0.05 
1.0 1.1733996360333463 1.1357163608728 0.06 0.55 1.0 1.0 1.0 357.8 0.01 
0.0 0.09006047508429844 0.0695136656269503 0.05 0.05 1.0 0.9944134078212288 0.997206703910614 165.66 0.53 
1.0 0.06806224792969214 0.779921072344208 0.02 0.07 0.946875 0.984375 0.965625 137.37 0.13 
0.0 0.03375101207781669 0.0168755060389083 0.0 -0.0 1.0 0.9854014598540148 0.992700729927007 0.0 0.0 
1.0 0.04708051459985158 0.0353135408491553 0.02 0.02 1.0 1.0 1.0 282.0 0.23 
0.0 0.050319038811679005 0.0829298718516531 -0.0 0.0 1.0 1.0 1.0 0.04 0.01 
1.0 0.40402573586735513 0.339759988378852 0.13 0.23 0.9971671388101983 0.9971671388101983 0.997167138810198 970.58 1.59 
0.0 -0.0 0.0 -0.0 -0.0 1.0 0.9968652037617554 0.998432601880878 0.0 0.0 
1.0 -0.0 0.0 0.07 0.08 0.9847560975609758 0.9847560975609758 0.984756097560976 328.0 0.8 
0.0 0.6359689346369413 0.317984467318471 -0.0 0.0 1.0 1.0 1.0 0.0 0.0 
1.0 0.24107466687909204 0.120537333439546 0.0 -0.0 1.0 1.0 1.0 0.0 0.0 
0.0 0.17340392552771366 0.767951995935374 -0.04 0.09 1.0 0.9072164948453608 0.95360824742268 279.4 0.11 
1.0 0.05227572834868318 0.807190563917947 0.02 0.07 0.991957104557641 0.991957104557641 0.991957104557641 457.36 0.12 
0.0 0.01963793090868197 0.00981896545434099 0.0 0.0 1.0 1.0 1.0 0.0 0.0 
1.0 0.4895166735184531 0.255275413064451 -0.0 0.0 1.0 0.3788819875776397 0.68944099378882 2.02 0.04 
0.0 0.09167492896130204 0.199632818432215 -0.0 0.0 1.0 1.0 1.0 0.4 0.05 
1.0 0.9339842147523802 0.766606581744176 -0.0 0.08 1.0 1.0 1.0 148.72 0.39 
0.0 0.3045056521059639 0.226934900109235 -0.01 0.0 1.0 0.9969604863221886 0.998480243161094 0.61 0.07 
1.0 0.1051843130054936 0.0525921565027468 -0.0 -0.0 1.0 1.0 1.0 0.0 0.0 
0.0 0.1768985029702941 0.0884492514851471 0.06 0.13 0.9726775956284152 0.9726775956284152 0.972677595628415 366.0 0.87 
1.0 0.3854992865139399 0.733539346682201 0.06 0.13 0.9897435897435898 0.9897435897435898 0.98974358974359 214.26 0.64 
0.0 1.2036756519884226 1.18626418504192 -0.17 0.3 0.8891752577319588 0.9020618556701032 0.895618556701031 236.76 0.05 
1.0 0.582038460656839 0.414881932547163 0.24 0.28 0.9244604316546762 0.9244604316546762 0.924460431654676 287.48 1.03 
0.0 0.1918981404931311 0.0959490702465655 0.0 0.0 1.0 1.0 1.0 0.0 0.0 
1.0 0.2882113901100298 0.154821542126258 0.03 0.04 0.9936908517350158 0.996845425867508 0.995268138801262 317.06 0.23 
0.0 1.0920366740098395 0.54601833700492 0.0 0.0 1.0 1.0 1.0 0.0 0.0 
1.0 -0.0 0.0 0.0 0.0 1.0 1.0 1.0 0.0 0.0 
0.0 -0.0 0.0 0.11 0.12 0.9754601226993864 0.9754601226993864 0.975460122699387 326.0 1.08 
1.0 0.9825998047366316 0.491299902368316 0.0 -0.0 1.0 1.0 1.0 0.0 0.0 
0.0 0.3875489036643238 0.207038155121788 -0.0 0.0 1.0 1.0 1.0 0.15 0.02 
1.0 0.046383203994584926 0.0231916019972925 0.0 0.0 1.0 1.0 1.0 0.0 0.0 
0.0 0.35715209587888663 0.243399686322246 0.0 0.0 1.0 0.9880239520958086 0.994011976047904 0.59 0.1 
1.0 0.026993969543528583 0.831255611609294 0.0 0.01 1.0 1.0 1.0 5.02 0.0 
0.0 -0.0 0.0 0.0 0.0 1.0 0.9929577464788734 0.996478873239437 0.0 0.0 
1.0 1.533054884762514 0.766527442381257 -0.0 0.0 1.0 1.0 1.0 0.0 0.0 
0.0 -0.0 0.0 0.0 0.0 1.0 1.0 1.0 0.0 0.0 
1.0 0.028294027016483723 0.0141470135082419 0.23 0.27 0.922448979591837 0.926530612244898 0.924489795918367 245.0 2.22 
0.0 0.7975126912869489 0.398756345643474 -0.01 0.01 0.9288537549407112 0.9960474308300395 0.962450592885375 13.11 0.05 
1.0 0.050319038811679005 0.144775039965554 -0.0 0.0 1.0 1.0 1.0 0.1 0.01 
0.0 0.5272617660706461 0.435200551811616 -0.0 0.03 1.0 1.0 1.0 9.82 0.47 
1.0 0.046659453836944406 0.148879335144451 0.11 0.12 0.9827586206896552 0.9827586206896552 0.982758620689655 611.31 0.88 
0.0 0.04991801430261973 0.0348262729605138 -0.0 0.0 1.0 0.994236311239193 0.997118155619596 0.01 0.0 
1.0 0.3735612473015543 0.373561247301554 -0.01 0.0 1.0 1.0 1.0 0.0 2.84 
0.0 0.2693739018407884 0.252657866814415 -0.01 0.02 0.9493243243243246 0.9966216216216216 0.972972972972973 19.79 0.03 
