1.0 -0.0 0.0 -0.0 -0.0 1.0 1.0 1.0 0.0 0.0 
0.0 0.9548978214921024 0.486319822026914 -0.0 0.0 1.0 0.9923664122137406 0.99618320610687 0.8 0.03 
1.0 -0.0 0.0 -0.0 -0.0 1.0 1.0 1.0 0.0 0.0 
0.0 0.8565463996355953 0.496075959386281 -0.02 0.03 1.0 0.981072555205047 0.990536277602524 13.83 0.12 
1.0 0.09551752959899933 0.0672432562536427 -0.0 0.0 1.0 1.0 1.0 0.04 0.01 
0.0 0.04084371786340105 0.0318185554840255 -0.0 0.0 1.0 1.0 1.0 0.01 0.0 
1.0 0.019542337228798026 0.00977116861439901 0.03 0.03 0.9943342776203966 0.9943342776203966 0.994334277620397 353.0 0.37 
0.0 0.7559727955653189 1.37854586847051 -0.01 0.17 1.0 0.9972067039106144 0.998603351955307 183.46 0.28 
1.0 0.9048271974415416 0.705686162545055 0.18 0.39 0.964968152866242 0.9681528662420382 0.96656050955414 495.05 1.59 
0.0 -0.0 0.0 -0.0 0.0 0.971786833855799 0.9968652037617554 0.984326018808777 0.03 0.0 
1.0 0.5803757402034665 0.80119298126031 -0.01 0.14 1.0 1.0 1.0 70.12 0.32 
0.0 0.2596277339508934 0.129813866975447 -0.0 0.0 1.0 1.0 1.0 0.0 0.0 
1.0 1.562105399487211 1.56210539948721 -0.48 0.0 0.991957104557641 0.991957104557641 0.991957104557641 0.0 1.13 
0.0 -0.0 0.0 -0.0 -0.0 1.0 1.0 1.0 0.0 0.0 
1.0 0.4592541629795401 0.28502262483729 -0.06 0.03 0.5112781954887218 0.9661654135338344 0.738721804511278 12.79 0.28 
0.0 0.018638418170346373 0.0664091543013502 0.01 0.01 1.0 1.0 1.0 40.33 0.14 
1.0 0.05741792303006031 0.0448565811017383 -0.0 0.0 1.0 1.0 1.0 0.01 0.0 
0.0 0.04038525502705401 0.0313945831409596 -0.0 0.0 1.0 0.9933110367892976 0.996655518394649 0.01 0.0 
1.0 1.8765175757073675 1.77361367333737 0.04 0.86 0.97953216374269 0.997076023391813 0.988304093567251 895.75 0.83 
0.0 0.574268791184449 0.287134395592224 0.0 -0.0 1.0 1.0 1.0 0.0 0.0 
1.0 0.022214468734433918 0.0772657729787473 -0.0 0.0 1.0 1.0 1.0 0.02 0.0 
0.0 -0.0 0.0 0.0 0.0 1.0 1.0 1.0 0.0 0.0 
1.0 -0.0 0.0 -0.0 -0.0 1.0 1.0 1.0 0.0 0.0 
0.0 1.6892055335566576 1.61316555747166 0.06 0.72 0.9886363636363636 0.9943181818181815 0.991477272727273 866.18 0.29 
1.0 -0.0 0.0 -0.0 -0.0 1.0 1.0 1.0 0.0 0.0 
0.0 0.027879870468395514 0.0278798704683955 0.03 0.03 0.9956896551724136 0.9956896551724136 0.995689655172414 232.0 0.24 
1.0 0.022214468734433918 0.011107234367217 -0.0 -0.0 1.0 1.0 1.0 0.0 0.0 
0.0 0.22422915400735358 0.122977411934558 -0.01 0.0 0.9337349397590362 0.9909638554216867 0.962349397590361 0.99 0.02 
1.0 0.2845273821634549 0.227393438686945 0.02 0.03 1.0 1.0 1.0 63.06 0.22 
0.0 0.9904630261725093 0.59549568118768 0.05 0.12 0.982142857142857 0.989795918367347 0.985969387755102 344.62 0.69 
1.0 0.036343991116405766 0.188062728419718 -0.0 0.0 1.0 1.0 1.0 0.17 0.02 
0.0 0.5458278442333655 1.35840279085865 0.1 0.38 1.0 0.6703910614525139 0.835195530726257 476.75 0.4 
1.0 0.023833886302533577 0.0119169431512668 0.02 0.02 0.9928571428571425 0.9964285714285714 0.994642857142857 139.5 0.22 
0.0 0.08358306376156628 0.0417915318807831 0.0 0.0 1.0 0.9956896551724136 0.997844827586207 0.0 0.0 
1.0 -0.0 0.0 0.0 0.0 1.0 0.9929577464788734 0.996478873239437 0.0 0.0 
0.0 -0.0 0.0 0.0 0.0 1.0 1.0 1.0 0.0 0.0 
1.0 0.22175309477946567 0.110876547389733 0.18 0.22 0.9409448818897636 0.9409448818897636 0.940944881889764 254.0 1.66 
0.0 -0.0 0.0 -0.0 0.0 1.0 0.9896907216494846 0.994845360824742 0.0 0.0 
1.0 0.72369587573823 0.72369587573823 -0.09 0.0 0.9661016949152542 0.9661016949152542 0.966101694915254 0.0 2.22 
0.0 0.594577819662421 0.29728890983121 -0.0 0.0 1.0 0.9954954954954957 0.997747747747748 0.0 0.0 
1.0 0.34392993319780507 0.171964966598903 -0.0 0.0 1.0 1.0 1.0 0.0 0.0 
0.0 0.02108997467516504 0.0105449873375825 0.0 0.0 1.0 1.0 1.0 0.0 0.0 
1.0 0.3083727042963771 0.163505561233362 -0.0 0.0 1.0 1.0 1.0 0.07 0.01 
0.0 0.08358306376156628 0.0417915318807831 -0.0 0.0 0.9870689655172414 0.9956896551724136 0.991379310344828 0.05 0.01 
1.0 0.06002390931952181 0.0514966727786034 -0.0 0.0 1.0 1.0 1.0 0.02 0.0 
0.0 1.243021464178336 0.621510732089168 0.0 -0.0 1.0 1.0 1.0 0.0 0.0 
1.0 -0.0 0.0 0.0 0.0 1.0 1.0 1.0 0.0 0.0 
0.0 -0.0 0.0 0.0 0.0 1.0 1.0 1.0 0.0 0.0 
1.0 0.04228925478114467 0.633575265205716 0.01 0.04 0.9929328621908128 0.9929328621908128 0.992932862190813 283.95 0.09 
0.0 0.028085307477329197 0.0279318328249784 -0.0 0.0 1.0 0.9870689655172414 0.993534482758621 0.02 0.0 
1.0 0.6866352316362762 0.403408251739597 0.05 0.07 0.9923664122137406 0.9923664122137406 0.99236641221374 525.33 0.15 
0.0 0.5623351446188082 0.353037228108294 -0.02 0.0 1.0 0.983164983164983 0.991582491582492 1.06 0.08 
1.0 0.09946508824765289 0.0600585873636565 -0.0 0.0 1.0 0.9939209726443768 0.996960486322188 0.02 0.0 
0.0 0.22739863511081604 0.113699317555408 -0.0 0.0 1.0 0.3788819875776397 0.68944099378882 0.0 0.0 
1.0 0.8400485752832387 0.430218363226545 0.03 0.06 1.0 0.9910979228486648 0.995548961424332 369.79 0.16 
0.0 -0.0 0.0 0.0 -0.0 1.0 0.9842105263157896 0.992105263157895 0.0 0.0 
1.0 -0.0 0.0 0.0 0.0 1.0 1.0 1.0 0.0 0.0 
0.0 0.2638574155153741 0.131928707757687 -0.0 -0.0 1.0 1.0 1.0 0.0 0.0 
1.0 0.23531376388810035 0.11765688194405 -0.0 0.0 1.0 1.0 1.0 0.0 0.0 
0.0 0.4654645413525627 0.232732270676281 -0.0 0.0 1.0 1.0 1.0 0.0 0.0 
1.0 0.06687878438883882 0.32963642754083 0.29 0.52 1.0 0.7439353099730459 0.871967654986523 350.53 2.48 
0.0 0.6573879873908814 0.328693993695441 -0.0 0.0 1.0 1.0 1.0 0.0 0.0 
1.0 0.8929438409276712 0.645682024528868 -0.0 0.11 1.0 0.9967213114754097 0.998360655737705 345.4 0.06 
0.0 0.23531376388810035 0.11765688194405 -0.0 0.0 1.0 1.0 1.0 0.0 0.0 
1.0 0.020705755081089284 0.0103528775405446 -0.0 -0.0 1.0 1.0 1.0 0.0 0.0 
0.0 0.07253489020862718 0.0922511435950083 0.0 0.01 1.0 0.9969604863221886 0.998480243161094 16.82 0.14 
1.0 0.6302506064988658 0.342628935796126 -0.0 0.0 1.0 1.0 1.0 0.71 0.05 
0.0 0.028085307477329197 0.0140426537386646 -0.0 0.0 1.0 0.9870689655172414 0.993534482758621 0.0 0.0 
1.0 -0.0 0.0 0.0 0.0 1.0 1.0 1.0 0.0 0.0 
0.0 0.07124533401515272 0.197807230669213 -0.0 0.0 1.0 0.9784946236559142 0.989247311827957 0.34 0.04 
1.0 0.022090069599185986 0.022090069599186 -0.0 0.0 1.0 1.0 1.0 0.0 0.27 
0.0 0.02625568508792424 0.0131278425439621 0.0 0.0 1.0 1.0 1.0 0.0 0.0 
1.0 -0.0 0.0 -0.0 -0.0 1.0 1.0 1.0 0.0 0.0 
0.0 0.03836140891311494 0.0191807044565575 0.0 0.0 1.0 1.0 1.0 0.0 0.0 
1.0 0.8433288234818285 0.431435580355313 -0.01 0.02 0.9829545454545452 0.9971590909090908 0.990056818181818 64.67 0.11 
0.0 0.03855448604303559 0.0192772430215178 0.0 0.0 1.0 1.0 1.0 0.0 0.0 
1.0 0.03625404900740782 0.0181270245037039 -0.0 -0.0 1.0 1.0 1.0 0.0 0.0 
0.0 0.3299117614804645 0.725244836557965 -0.05 0.07 1.0 0.9329896907216496 0.966494845360825 44.29 0.54 
1.0 0.476305553807033 0.300202928018565 -0.01 0.0 1.0 0.9957983193277314 0.997899159663866 0.68 0.07 
0.0 0.02154825572686733 0.0107741278634337 -0.0 0.0 1.0 0.9968051118210864 0.998402555910543 0.0 0.0 
1.0 0.8705270591591469 0.473252254869896 -0.0 0.01 1.0 1.0 1.0 2.44 0.1 
0.0 0.031862076181310116 0.0159310380906551 -0.0 0.0 0.927170868347339 0.9971988795518208 0.96218487394958 0.08 0.01 
1.0 -0.0 0.0 -0.0 0.0 1.0 1.0 1.0 0.0 0.0 
0.0 0.9291544317080916 0.85431663722857 -0.06 0.11 1.0 0.9355670103092784 0.967783505154639 158.12 0.57 
1.0 0.7894866775585219 0.469358683678885 -0.02 0.01 1.0 1.0 1.0 2.87 0.01 
0.0 0.7217550585446044 0.387015393446644 0.03 0.06 0.991957104557641 0.991957104557641 0.991957104557641 382.81 0.28 
1.0 0.03988835734939116 0.1202701288851 -0.0 0.02 1.0 1.0 1.0 171.14 0.21 
0.0 0.8881378489450643 0.444068924472532 -0.0 0.0 1.0 1.0 1.0 0.0 0.0 
1.0 0.5949463895158831 0.960789278003873 0.09 0.18 0.9419354838709676 0.9935483870967742 0.967741935483871 527.7 0.17 
0.0 0.020492853706224064 0.010246426853112 0.02 0.06 0.784256559766764 0.9679300291545188 0.876093294460641 45.2 0.61 
1.0 -0.0 0.0 -0.0 -0.0 1.0 1.0 1.0 0.0 0.0 
0.0 -0.0 0.0 0.0 0.0 1.0 1.0 1.0 0.0 0.0 
1.0 0.09275633717779637 0.341804573510918 0.07 0.11 0.9779874213836478 0.9779874213836478 0.977987421383648 323.83 0.45 
0.0 0.03860739588192891 0.154929204463804 -0.0 0.0 0.9944134078212288 0.9972067039106144 0.995810055865922 0.26 0.03 
1.0 0.059954128784417776 0.103591017183792 0.01 0.01 0.9922779922779922 0.9922779922779922 0.992277992277992 63.81 0.17 
0.0 -0.0 0.0 0.0 0.0 1.0 1.0 1.0 0.0 0.0 
1.0 0.023129244292156827 0.522569733304655 -0.0 0.0 1.0 1.0 1.0 2.56 0.04 
0.0 0.8120455419805839 0.473825530558775 -0.02 0.02 0.981072555205047 0.996845425867508 0.988958990536278 12.09 0.1 
1.0 0.9548978214921024 1.28303336348964 0.0 0.4 0.9923664122137406 0.994910941475827 0.993638676844784 598.5 0.54 
0.0 0.07896307715958502 0.380085611782933 -0.02 0.03 1.0 0.9834437086092715 0.991721854304636 18.19 0.38 
1.0 0.04852865540608026 0.0378571152761176 -0.0 0.0 1.0 1.0 1.0 0.01 0.0 
0.0 0.8086274974243058 0.470748768757481 -0.07 0.07 0.9072164948453608 0.9974226804123713 0.952319587628866 94.33 0.32 
1.0 0.36295127471398303 0.181475637356991 0.0 0.0 1.0 1.0 1.0 0.0 0.0 
0.0 0.0649157045465794 0.137614164625129 -0.0 0.0 1.0 0.986013986013986 0.993006993006993 0.16 0.02 
1.0 0.4689654226500483 0.25556781839102 0.01 0.01 1.0 1.0 1.0 79.64 0.09 
0.0 0.2533863028638452 0.137294439933912 0.02 0.02 1.0 0.9968652037617554 0.998432601880878 319.0 0.14 
1.0 0.9963357706111988 0.508712872643182 0.21 0.31 0.9039548022598872 0.9067796610169492 0.905367231638418 400.59 1.3 
0.0 0.0289826220377761 0.0144913110188881 -0.0 0.0 1.0 0.909375 0.9546875 0.09 0.01 
1.0 0.9011818521020956 0.463498852128487 0.02 0.03 1.0 1.0 1.0 253.0 0.08 
0.0 0.02059871506110972 0.0656247388683904 -0.0 0.0 1.0 0.9181818181818182 0.959090909090909 0.11 0.01 
1.0 0.09275633717779637 0.0737804484989567 0.06 0.09 0.9685534591194968 0.9779874213836478 0.973270440251572 220.5 0.84 
0.0 0.36434859208232206 0.259430696881927 -0.01 0.0 1.0 1.0 1.0 0.75 0.06 
1.0 -0.0 0.0 0.0 0.0 1.0 1.0 1.0 0.0 0.0 
0.0 0.4944440789943124 0.247222039497156 -0.0 -0.0 1.0 1.0 1.0 0.0 0.0 
1.0 0.09851705188391217 0.15452337546717 0.1 0.13 0.9721362229102168 0.9721362229102168 0.972136222910217 323.3 0.7 
0.0 -0.0 0.0 0.0 0.0 1.0 0.99375 0.996875 0.0 0.0 
1.0 0.03589902844099615 0.0179495142204981 0.0 0.0 1.0 1.0 1.0 0.0 0.0 
0.0 0.4965394604840957 0.248269730242048 -0.01 0.0 0.9928571428571425 0.9964285714285714 0.994642857142857 0.17 0.02 
1.0 0.03896898290828606 0.0389689829082861 -0.04 0.0 0.9393939393939392 0.9393939393939392 0.939393939393939 0.0 1.86 
0.0 0.944729522285408 0.624539254261196 0.02 0.16 0.9148264984227128 0.9621451104100947 0.938485804416404 224.37 0.33 
1.0 0.5412404766975164 0.420535748111411 0.02 0.05 0.993710691823899 0.993710691823899 0.993710691823899 323.03 0.07 
0.0 0.03851501073265697 0.0289345589077601 -0.0 0.0 1.0 0.9943977591036414 0.997198879551821 0.02 0.0 
1.0 0.029504444501537695 0.0295044445015377 -0.0 0.0 1.0 1.0 1.0 0.0 0.0 
0.0 0.5310542528871021 0.265527126443551 -0.0 0.0 1.0 1.0 1.0 0.0 0.0 
1.0 -0.0 0.0 0.09 0.09 0.982300884955752 0.982300884955752 0.982300884955752 226.0 0.79 
0.0 0.03855448604303559 0.0192772430215178 0.0 0.0 1.0 1.0 1.0 0.0 0.0 
1.0 0.7444566706707163 0.372228335335358 0.02 0.02 0.9970501474926252 0.9970501474926252 0.997050147492625 339.0 0.06 
0.0 0.0586151312253593 0.0397692920259461 -0.0 0.0 1.0 0.9969135802469133 0.998456790123457 0.01 0.0 
1.0 0.027778358172627568 0.0138891790863138 0.0 0.0 1.0 1.0 1.0 0.0 0.0 
0.0 0.3102741465416358 0.155137073270818 -0.0 -0.0 1.0 1.0 1.0 0.0 0.0 
1.0 0.07081491984621154 0.740050752839645 0.21 0.38 0.878125 0.878125 0.878125 322.22 0.92 
0.0 0.022214468734433918 0.011107234367217 -0.0 -0.0 1.0 1.0 1.0 0.0 0.0 
1.0 0.12964727676560514 0.0648236383828026 -0.0 -0.0 1.0 1.0 1.0 0.0 0.0 
0.0 0.03988835734939116 0.0969822305102103 -0.0 0.0 1.0 1.0 1.0 0.04 0.01 
1.0 0.25484050242007816 0.917735524124645 0.0 0.12 0.9869791666666664 0.9869791666666664 0.986979166666667 479.93 0.06 
0.0 0.0649157045465794 0.204027521049583 -0.0 0.0 1.0 1.0 1.0 0.37 0.04 
1.0 0.8548387522121371 0.604734637758164 -0.04 0.04 1.0 1.0 1.0 24.73 0.03 
0.0 0.19267620766013585 0.722328035312941 -0.03 0.08 0.940721649484536 0.9896907216494846 0.96520618556701 114.78 0.27 
1.0 0.22565525233063266 0.112827626165316 -0.0 -0.0 1.0 0.9940828402366864 0.997041420118343 0.0 0.0 
0.0 -0.0 0.0 0.0 -0.0 1.0 0.968944099378882 0.984472049689441 0.0 0.0 
