1.0 0.05594538109009752 0.0419126257792465 0.05 0.05 0.9913793103448276 0.9956896551724136 0.993534482758621 347.5 0.48 
0.0 0.020440358808449285 0.0723455980990401 -0.0 0.0 1.0 1.0 1.0 0.03 0.0 
1.0 0.476305553807033 0.300202928018565 -0.01 0.0 1.0 0.9957983193277314 0.997899159663866 0.68 0.07 
0.0 0.15813042339494393 0.079065211697472 -0.0 0.0 1.0 0.9968152866242038 0.998407643312102 0.0 0.0 
1.0 0.5744285255541567 0.359706187310592 0.06 0.1 0.9731343283582092 0.9761194029850744 0.974626865671642 297.55 0.5 
0.0 -0.0 0.0 0.0 0.0 1.0 0.9963235294117646 0.998161764705882 0.0 0.0 
1.0 0.020705755081089284 0.0103528775405446 -0.0 -0.0 1.0 1.0 1.0 0.0 0.0 
0.0 -0.0 0.0 -0.0 -0.0 1.0 0.9968652037617554 0.998432601880878 0.0 0.0 
1.0 1.2676791086147792 0.63383955430739 0.0 0.08 0.9692832764505122 0.9863481228668942 0.977815699658703 147.18 0.09 
0.0 0.2574367821110266 0.22754795973858 -0.06 0.02 0.9072164948453608 0.9072164948453608 0.907216494845361 9.07 0.36 
1.0 1.6278845533520208 1.48335255097543 0.28 0.86 0.948051948051948 0.951298701298701 0.949675324675325 766.47 0.61 
0.0 -0.0 0.0 0.0 0.0 1.0 1.0 1.0 0.0 0.0 
1.0 0.8474923487397804 0.79927551795926 -0.0 0.24 1.0 1.0 1.0 163.32 0.01 
0.0 0.6156134500011134 1.07433416738181 0.11 0.36 1.0 0.9935275080906149 0.996763754045307 241.25 0.5 
1.0 0.07789607193187488 0.369001483756378 0.0 0.0 1.0 1.0 1.0 1.56 0.08 
0.0 1.301893331738055 1.28502554276549 0.11 0.56 0.9933333333333332 0.9933333333333332 0.993333333333333 777.43 0.16 
1.0 0.7559727955653189 1.02752825201928 -0.01 0.1 1.0 0.9944134078212288 0.997206703910614 83.99 0.15 
0.0 -0.0 0.0 0.02 0.02 0.9971098265895952 0.9971098265895952 0.997109826589595 346.0 0.25 
1.0 0.02376135312603553 0.0118806765630178 -0.0 -0.0 1.0 1.0 1.0 0.0 0.0 
0.0 0.15230387487719962 0.0761519374385998 -0.0 0.0 0.9892183288409704 0.9919137466307276 0.990566037735849 0.16 0.02 
1.0 0.05734938118534689 0.0573493811853469 -0.0 0.0 0.994475138121547 0.994475138121547 0.994475138121547 0.0 0.68 
0.0 0.09418816922975808 0.508377340601831 -0.01 0.02 0.9786096256684492 0.9946524064171124 0.986631016042781 78.38 0.05 
1.0 0.07124533401515272 0.0475033435705941 0.02 0.02 1.0 1.0 1.0 279.0 0.21 
0.0 0.04750981331278936 0.0825198085149387 -0.0 0.0 1.0 1.0 1.0 0.04 0.01 
1.0 0.08955952716594741 0.808569984802386 -0.02 0.06 0.9883268482490272 0.9922178988326849 0.990272373540856 182.98 0.0 
0.0 0.059954128784417776 0.0553610704445525 0.02 0.02 0.9922779922779922 0.996138996138996 0.994208494208494 246.64 0.2 
1.0 0.07774111978661197 0.0593588636708672 -0.0 0.0 1.0 1.0 1.0 0.02 0.01 
0.0 0.8316960826803917 0.415848041340196 -0.03 0.03 0.971786833855799 0.9968652037617554 0.984326018808777 24.64 0.11 
1.0 0.15890893855832144 0.0794544692791607 -0.0 -0.0 1.0 1.0 1.0 0.0 0.0 
0.0 0.6639768993661407 0.568473405933604 -0.05 0.06 1.0 0.9821958456973294 0.991097922848665 28.81 0.44 
1.0 0.8585818504987296 1.11315610872573 -0.0 0.27 1.0 1.0 1.0 159.37 0.11 
0.0 0.9425445783538406 1.21064166117424 0.16 0.72 0.9886363636363636 0.9886363636363636 0.988636363636364 704.1 0.41 
1.0 0.06489622226875695 0.0324481111343785 -0.0 -0.0 1.0 1.0 1.0 0.0 0.0 
0.0 0.9048271974415416 0.452413598720771 0.09 0.11 0.964968152866242 0.9713375796178344 0.968152866242038 255.22 0.43 
1.0 0.6305810283860147 0.315290514193007 0.0 0.01 1.0 0.99375 0.996875 2.09 0.08 
0.0 -0.0 0.0 0.0 0.0 1.0 1.0 1.0 0.0 0.0 
1.0 0.061848503732346585 0.0309242518661733 0.0 0.0 1.0 1.0 1.0 0.0 0.0 
0.0 0.6902921701654804 0.34514608508274 0.0 -0.0 1.0 0.9969879518072285 0.998493975903614 0.0 0.0 
1.0 0.06458143637762753 0.0423563874052036 0.13 0.14 0.9545454545454544 0.9630681818181815 0.958806818181818 283.48 1.23 
0.0 0.2403799841112443 0.120189992055622 -0.0 0.0 1.0 0.9922779922779922 0.996138996138996 0.0 0.0 
1.0 0.03896898290828606 0.0303473263850239 0.19 0.23 0.9393939393939392 0.9393939393939392 0.939393939393939 330.01 1.78 
0.0 0.4057145749616423 0.971863059056583 -0.04 0.08 0.9327485380116958 0.9912280701754383 0.961988304093567 50.48 0.3 
1.0 0.03988835734939116 0.0398883573493912 0.01 0.02 1.0 1.0 1.0 202.07 0.27 
0.0 0.6359689346369413 0.620390325527112 0.0 0.08 1.0 0.9745222929936304 0.987261146496815 36.49 0.76 
1.0 0.04077488405523778 0.0385968796979071 -0.0 0.0 1.0 1.0 1.0 0.01 0.0 
0.0 0.8546388517476876 0.427319425873844 -0.0 0.0 1.0 1.0 1.0 0.0 0.0 
1.0 -0.0 0.0 0.0 0.0 1.0 1.0 1.0 0.0 0.0 
0.0 0.787007043964789 0.393503521982395 -0.0 0.0 1.0 1.0 1.0 0.0 0.0 
1.0 0.09006047508429844 0.0695136656269503 0.05 0.05 1.0 0.9944134078212288 0.997206703910614 165.66 0.56 
0.0 0.9154010612316814 0.468416377687083 -0.02 0.01 0.981072555205047 0.9936908517350158 0.987381703470032 5.86 0.04 
1.0 0.2533863028638452 0.137322832886322 0.02 0.02 0.9968652037617554 0.9968652037617554 0.996865203761755 319.06 0.12 
0.0 0.4495690211533613 0.417938194404055 -0.01 0.01 1.0 1.0 1.0 7.7 0.03 
1.0 1.7935809349014027 0.961509276787167 0.03 0.11 0.743859649122807 0.943859649122807 0.843859649122807 71.26 0.18 
0.0 0.17105760265532244 0.142238664510806 -0.0 0.0 1.0 1.0 1.0 0.35 0.03 
1.0 -0.0 0.0 0.0 0.0 1.0 1.0 1.0 0.0 0.0 
0.0 0.14308054531628536 0.776183565574681 -0.02 0.1 0.878125 0.96875 0.9234375 204.1 0.14 
1.0 1.3571663066434942 0.732826425092825 0.01 0.03 1.0 0.9973958333333331 0.998697916666667 210.58 0.02 
0.0 0.01872477074468281 0.0093623853723414 -0.0 0.0 0.9865229110512128 0.9946091644204854 0.990566037735849 0.04 0.01 
1.0 0.02097864624030526 0.0104893231201526 -0.0 -0.0 1.0 1.0 1.0 0.0 0.0 
0.0 0.7725591870833923 0.752319203881885 -0.04 0.34 0.8917525773195876 0.9432989690721648 0.917525773195876 494.15 1.16 
1.0 0.04779305283029127 0.0238965264151456 0.05 0.05 0.9910447761194028 0.994029850746269 0.992537313432836 329.63 0.43 
0.0 0.4413705425195629 0.220685271259781 -0.01 0.0 1.0 0.9841772151898734 0.992088607594937 0.91 0.08 
1.0 0.27247270908984417 0.690136223314692 0.14 0.26 0.9482758620689656 0.9482758620689656 0.948275862068966 465.8 0.51 
0.0 -0.0 0.0 -0.0 -0.0 1.0 1.0 1.0 0.0 0.0 
1.0 0.04129490613497104 0.223504740548307 0.02 0.03 0.9619883040935674 0.9912280701754383 0.976608187134503 78.16 0.09 
0.0 -0.0 0.0 -0.0 -0.0 1.0 1.0 1.0 0.0 0.0 
1.0 0.055740919119538684 0.0418103947939671 0.03 0.03 0.9956896551724136 0.9956896551724136 0.995689655172414 232.01 0.25 
0.0 0.10529465578760076 0.0526473278938004 0.02 0.02 0.994236311239193 0.9971181556195966 0.995677233429395 173.0 0.16 
1.0 0.2384990450191552 0.119249522509578 0.0 0.0 1.0 1.0 1.0 0.0 0.0 
0.0 0.1393885335288947 0.0696942667644473 -0.0 -0.0 1.0 0.9945652173913044 0.997282608695652 0.0 0.0 
1.0 0.019734531618407967 0.00986726580920398 -0.0 -0.0 1.0 1.0 1.0 0.0 0.0 
0.0 0.0649157045465794 0.204027521049583 -0.0 0.0 1.0 1.0 1.0 0.37 0.04 
1.0 0.8374462345084434 0.754696499615378 -0.01 0.17 0.989795918367347 0.989795918367347 0.989795918367347 623.95 0.76 
0.0 0.02466432081248941 0.0123321604062447 -0.0 -0.0 1.0 1.0 1.0 0.0 0.0 
1.0 0.326308742127741 0.163154371063871 -0.0 -0.0 1.0 1.0 1.0 0.0 0.0 
0.0 -0.0 0.0 0.02 0.02 0.9962686567164178 0.9962686567164178 0.996268656716418 268.0 0.28 
1.0 -0.0 0.0 0.0 0.0 1.0 1.0 1.0 0.0 0.0 
0.0 0.7894866775585219 0.545144517180415 -0.01 0.05 1.0 1.0 1.0 43.54 0.06 
1.0 -0.0 0.0 0.03 0.03 0.9955752212389378 0.9955752212389378 0.995575221238938 226.0 0.29 
0.0 0.045688389073983635 0.0228441945369918 -0.0 0.0 1.0 0.9921875 0.99609375 0.01 0.0 
1.0 0.5817031925441088 0.301098023125166 0.11 0.15 0.9679300291545188 0.9679300291545188 0.967930029154519 359.17 0.73 
0.0 0.01872477074468281 0.0093623853723414 -0.0 0.0 0.9946091644204854 0.9973045822102424 0.995956873315364 0.01 0.0 
1.0 0.8086274974243058 0.413282454345277 -0.0 0.0 1.0 0.9974226804123713 0.998711340206186 0.43 0.03 
0.0 1.4609006619815728 0.785775712328622 -0.11 0.08 0.9181818181818182 0.9636363636363636 0.940909090909091 44.52 0.4 
1.0 0.019832155766290046 0.00991607788314502 0.0 0.0 1.0 1.0 1.0 0.0 0.0 
0.0 0.16833630179621267 0.0841681508981063 -0.0 0.0 1.0 0.984567901234568 0.992283950617284 0.21 0.03 
1.0 0.8229610390544123 0.822961039054412 -0.44 0.0 1.0 1.0 1.0 0.0 0.15 
0.0 0.6274370336771098 0.324319805340544 -0.0 0.0 1.0 0.9968652037617554 0.998432601880878 0.48 0.02 
1.0 0.7417183166471224 0.389167523013417 -0.0 0.01 1.0 1.0 1.0 1.33 0.02 
0.0 0.09292501557745118 0.378412750026938 -0.01 0.02 1.0 0.9936305732484078 0.996815286624204 17.3 0.14 
1.0 0.09206631061558694 0.0745724746636457 0.06 0.07 0.9863387978142077 0.9890710382513662 0.987704918032787 366.03 0.52 
0.0 0.16784458381144446 0.0839222919057222 0.02 0.02 0.9932885906040269 0.9966442953020132 0.99496644295302 148.52 0.17 
1.0 0.08587920343126318 0.0429396017156316 0.0 0.0 1.0 1.0 1.0 0.0 0.0 
0.0 0.06489622226875695 0.0324481111343785 -0.0 -0.0 1.0 1.0 1.0 0.0 0.0 
1.0 0.7614096993709722 0.453487310290658 0.06 0.21 0.9535864978902951 0.9535864978902951 0.953586497890295 254.07 0.63 
0.0 0.9246811048591118 0.881063669683778 0.0 0.23 1.0 0.989795918367347 0.994897959183674 256.91 0.41 
1.0 0.05801156698950224 0.055091777226682 -0.0 0.0 1.0 1.0 1.0 0.03 0.0 
0.0 0.16302362949436594 0.586772335085506 -0.01 0.02 1.0 1.0 1.0 4.77 0.29 
1.0 0.026077832983397647 0.0130389164916988 -0.0 -0.0 1.0 1.0 1.0 0.0 0.0 
0.0 0.3176998989466621 0.255188053303399 -0.02 0.01 1.0 0.940721649484536 0.970360824742268 8.39 0.08 
1.0 -0.0 0.0 0.0 0.0 1.0 1.0 1.0 0.0 0.0 
0.0 0.4070388939085918 0.924361954465114 0.0 0.07 0.9943181818181815 0.9943181818181815 0.994318181818182 57.76 0.03 
1.0 0.1615982333492403 0.670079182846307 -0.0 0.04 1.0 0.9881305637982196 0.99406528189911 62.83 0.2 
0.0 0.02108997467516504 0.790900490222644 0.14 0.31 0.9067796610169492 0.9067796610169492 0.906779661016949 355.38 0.45 
1.0 0.024901715029831017 0.024901715029831 0.02 0.02 1.0 1.0 1.0 264.0 0.28 
0.0 0.9948493212862942 0.507243626097488 -0.0 0.0 1.0 1.0 1.0 1.02 0.01 
1.0 0.07882447527889594 0.0909896035582103 0.15 0.18 0.9702602230483272 0.9702602230483272 0.970260223048327 524.94 1.33 
0.0 0.3393594232485059 0.26850928030732 -0.03 0.01 0.9072164948453608 0.9974226804123713 0.952319587628866 5.06 0.07 
1.0 0.06795125375562225 0.337833675565522 0.0 0.01 1.0 1.0 1.0 4.42 0.03 
0.0 0.6865039343552846 0.343251967177642 -0.0 0.0 1.0 1.0 1.0 0.0 0.0 
1.0 -0.0 0.0 0.0 0.0 1.0 1.0 1.0 0.0 0.0 
0.0 0.026993969543528583 0.099745976057132 -0.0 0.0 1.0 0.8458333333333332 0.922916666666667 0.22 0.03 
1.0 0.05454707858712547 0.0272735392935627 0.11 0.13 0.97119341563786 0.9753086419753086 0.973251028806584 243.0 1.05 
0.0 0.09242652130229471 0.450620416407503 -0.0 0.0 1.0 1.0 1.0 0.95 0.09 
1.0 0.5852454529608376 0.371464403162615 0.0 0.02 1.0 1.0 1.0 11.02 0.04 
0.0 0.6275799371167496 1.09763599899547 -0.06 0.2 1.0 0.9733333333333332 0.986666666666667 184.27 0.5 
1.0 1.7774068038561743 1.75573434977253 0.19 1.12 0.8904593639575972 0.9187279151943462 0.904593639575972 1007.49 0.56 
0.0 0.3582541121522332 0.179127056076117 -0.0 0.0 1.0 1.0 1.0 0.0 0.0 
1.0 0.20585922125276196 0.157601634221546 0.01 0.02 0.9973958333333331 0.9973958333333331 0.997395833333333 384.38 0.06 
0.0 1.5371255813866544 1.45032977537627 0.03 0.52 0.9886363636363636 0.9943181818181815 0.991477272727273 333.31 0.24 
1.0 0.09931340437300537 0.0599827454263328 0.01 0.01 1.0 1.0 1.0 65.0 0.2 
0.0 0.6697401318544347 0.348912719665882 -0.01 0.02 1.0 0.9870689655172414 0.993534482758621 6.31 0.15 
1.0 0.33095312557948003 0.230042168089945 0.02 0.02 1.0 1.0 1.0 59.06 0.26 
0.0 0.2658313188847421 0.132915659442371 0.0 0.0 1.0 1.0 1.0 0.0 0.0 
1.0 0.04392359467299709 0.1603119470259 -0.01 0.0 1.0 1.0 1.0 0.12 0.02 
0.0 0.8712535457073128 0.435626772853656 0.0 -0.0 1.0 0.9968652037617554 0.998432601880878 0.0 0.0 
1.0 1.6321156904601775 0.880776654566554 0.13 0.25 0.943859649122807 0.943859649122807 0.943859649122807 323.2 0.37 
0.0 0.0898033804732823 0.085425820831239 -0.02 0.0 0.9400630914826498 0.996845425867508 0.968454258675079 0.4 0.05 
1.0 -0.0 0.0 0.0 0.0 1.0 1.0 1.0 0.0 0.0 
0.0 0.7445555330020763 0.468615870331106 0.01 0.05 0.940721649484536 0.9974226804123713 0.969072164948454 127.22 0.06 
1.0 0.13878696020966902 0.0693934801048345 0.0 0.0 1.0 0.996894409937888 0.998447204968944 0.0 0.0 
0.0 0.1719240455932345 0.640826918647333 -0.06 0.02 0.98125 0.990625 0.9859375 9.44 0.28 
1.0 0.5458278442333655 1.27928244456051 0.21 0.55 0.628491620111732 0.6703910614525139 0.649441340782123 331.06 0.44 
0.0 0.08148309234242727 0.252099398710074 0.0 0.01 1.0 0.9808917197452226 0.990445859872611 7.59 0.05 
1.0 0.1718560268772759 0.085928013438638 0.0 0.0 1.0 1.0 1.0 0.0 0.0 
0.0 -0.0 0.0 0.0 0.0 1.0 0.9964285714285714 0.998214285714286 0.0 0.0 
1.0 -0.0 0.0 0.0 0.0 1.0 1.0 1.0 0.0 0.0 
0.0 0.04674922775695556 0.0233746138784778 -0.0 -0.0 1.0 1.0 1.0 0.0 0.0 
1.0 -0.0 0.0 -0.0 -0.0 1.0 1.0 1.0 0.0 0.0 
0.0 0.4808414411893277 0.250191889209063 0.0 0.0 1.0 1.0 1.0 0.22 0.02 
