1.0 0.7220357838736617 0.628869503744012 0.0 0.1 1.0 1.0 1.0 146.01 0.64 
0.0 0.8424244438654198 0.435703532951598 -0.0 0.0 1.0 1.0 1.0 1.41 0.01 
1.0 0.06986794993891596 0.069867949938916 -0.0 0.0 1.0 1.0 1.0 0.0 0.61 
0.0 0.7156654062366209 0.368939937485527 0.01 0.02 1.0 0.9801324503311258 0.990066225165563 150.5 0.05 
1.0 1.3815813341835952 1.38041801771607 0.09 0.77 0.8023255813953487 0.9534883720930234 0.877906976744186 189.01 0.33 
0.0 0.08358306376156628 0.0417915318807831 0.0 0.0 1.0 0.9956896551724136 0.997844827586207 0.0 0.0 
1.0 1.5030902393192356 0.751545119659618 0.01 0.02 0.9972677595628417 0.9972677595628417 0.997267759562842 366.0 0.02 
0.0 0.07676618398854067 0.11918220866889 -0.0 0.0 1.0 1.0 1.0 0.12 0.02 
1.0 0.024901715029831017 0.024901715029831 0.02 0.02 1.0 1.0 1.0 264.0 0.27 
0.0 0.059954128784417776 0.150167056447831 -0.0 0.0 0.9922779922779922 0.9922779922779922 0.992277992277992 0.25 0.04 
1.0 0.21052969905042704 0.105264849525214 0.11 0.13 0.9721362229102168 0.9721362229102168 0.972136222910217 323.0 0.75 
0.0 0.5766502953334973 0.831729402861927 0.0 0.19 0.9974554707379136 0.9974554707379136 0.997455470737914 133.87 0.33 
1.0 0.5272617660706461 0.476115822808781 -0.03 0.02 1.0 1.0 1.0 6.73 0.39 
0.0 0.09962338946616205 0.243586146565243 -0.0 0.0 1.0 1.0 1.0 0.77 0.1 
1.0 0.06894507497013608 0.614907190282197 0.01 0.03 1.0 0.996551724137931 0.998275862068966 40.22 0.13 
0.0 0.5458278442333655 0.922455776353309 -0.06 0.12 0.6703910614525139 0.9944134078212288 0.832402234636871 77.85 0.16 
1.0 0.9099802582506228 0.475478432902873 -0.01 0.03 0.9969969969969968 0.9969969969969968 0.996996996996997 351.55 0.17 
0.0 0.032358741704790056 0.016179370852395 -0.0 -0.0 1.0 1.0 1.0 0.0 0.0 
1.0 0.049629786504138886 0.080579691282838 0.12 0.16 0.9636363636363636 0.9636363636363636 0.963636363636364 275.04 1.17 
0.0 0.04129490613497104 0.0206474530674855 0.0 0.0 1.0 0.9619883040935674 0.980994152046784 0.0 0.0 
1.0 0.3854992865139399 0.733539346682201 0.06 0.13 0.9897435897435898 0.9897435897435898 0.98974358974359 214.26 0.64 
0.0 0.05475477169621643 0.254383181607891 -0.0 0.0 1.0 1.0 1.0 0.36 0.03 
1.0 0.05539603510551136 0.0387430523523487 -0.0 0.0 1.0 1.0 1.0 0.01 0.0 
0.0 0.07918395726884886 0.645826126102195 -0.04 0.03 0.825082508250825 0.9768976897689768 0.900990099009901 34.01 0.02 
1.0 0.0665854743974204 0.0499462934584756 0.09 0.1 0.9790575916230366 0.9790575916230366 0.979057591623037 191.01 0.76 
0.0 0.9548978214921024 0.512913049164682 -0.0 0.01 1.0 0.9923664122137406 0.99618320610687 3.21 0.09 
1.0 0.02390689630310245 0.0119534481515512 0.01 0.02 1.0 0.9963898916967509 0.998194945848375 277.0 0.25 
0.0 0.026993969543528583 0.0269939695435286 -0.0 0.0 1.0 1.0 1.0 0.0 0.0 
1.0 0.6812081464062815 0.351711307570358 -0.0 0.0 1.0 1.0 1.0 1.97 0.06 
0.0 0.02178550616680388 0.777420195464659 0.0 0.01 1.0 1.0 1.0 4.96 0.02 
1.0 1.301893331738055 1.28502554276549 0.11 0.56 0.9933333333333332 0.9933333333333332 0.993333333333333 777.43 0.16 
0.0 0.8936384973193267 0.459902465870098 -0.0 0.0 1.0 0.9919678714859436 0.995983935742972 1.27 0.0 
1.0 0.8171797694773422 0.408589884738671 0.02 0.02 0.9966216216216216 0.9966216216216216 0.996621621621622 296.0 0.09 
0.0 0.1892089805381669 0.0946044902690835 0.0 0.0 1.0 1.0 1.0 0.0 0.0 
1.0 0.03836140891311494 0.0383614089131149 -0.0 0.0 1.0 1.0 1.0 0.0 0.25 
0.0 -0.0 0.0 0.0 0.0 1.0 0.9923664122137406 0.99618320610687 0.0 0.0 
1.0 0.04077488405523778 0.0385968796979071 -0.0 0.0 1.0 1.0 1.0 0.01 0.0 
0.0 0.02689925049448106 0.0134496252472405 0.0 0.0 1.0 1.0 1.0 0.0 0.0 
1.0 0.778815694507566 0.389407847253783 0.0 0.0 1.0 0.9807692307692306 0.990384615384615 0.0 0.0 
0.0 0.08358306376156628 0.0417915318807831 0.0 0.0 1.0 0.9956896551724136 0.997844827586207 0.0 0.0 
1.0 0.8548387522121371 0.604734637758164 -0.04 0.04 1.0 1.0 1.0 24.73 0.03 
0.0 0.09554891382093413 0.0477744569104671 0.01 0.02 1.0 0.9963898916967509 0.998194945848375 277.0 0.21 
1.0 0.07217776154617153 0.336683452011202 0.01 0.02 1.0 1.0 1.0 11.18 0.24 
0.0 0.5923940706928204 0.848563605782534 -0.12 0.03 1.0 0.9973045822102424 0.998652291105121 24.71 0.48 
1.0 0.16784458381144446 0.602453339677565 -0.02 0.03 0.9966442953020132 0.9966442953020132 0.996644295302013 301.44 0.01 
0.0 0.019980547724361777 0.097908600613467 -0.0 0.0 1.0 1.0 1.0 0.04 0.01 
1.0 0.059388880921075235 0.0550789783981985 0.0 0.01 0.9380530973451328 0.9970501474926252 0.967551622418879 15.4 0.08 
0.0 0.017741822561726052 0.700902636066836 0.0 0.0 1.0 0.9974554707379136 0.998727735368957 1.51 0.01 
1.0 0.7320792206803771 0.462377714170257 0.17 0.29 0.940721649484536 0.9432989690721648 0.94201030927835 780.29 0.88 
0.0 1.582503337214984 1.30225677976607 0.03 0.65 1.0 0.9305555555555556 0.965277777777778 667.23 0.32 
1.0 0.15108021640885042 0.0755401082044252 -0.0 0.0 1.0 0.9968253968253968 0.998412698412698 0.03 0.0 
0.0 0.09835154492369656 0.176513320453965 -0.0 0.0 1.0 0.9919678714859436 0.995983935742972 0.35 0.05 
1.0 0.13878696020966902 0.0693934801048345 0.0 0.0 1.0 0.996894409937888 0.998447204968944 0.0 0.0 
0.0 0.3352552735175172 0.177494902567963 -0.0 0.0 1.0 0.9913544668587896 0.995677233429395 0.11 0.01 
1.0 0.08150346432745215 0.0650160598667662 -0.0 0.0 1.0 1.0 1.0 0.03 0.01 
0.0 -0.0 0.0 -0.0 -0.0 1.0 0.978102189781022 0.989051094890511 0.0 0.0 
1.0 0.07563334709986813 0.0378166735499341 0.14 0.19 0.7602339181286548 0.8859649122807017 0.823099415204678 139.57 1.86 
0.0 -0.0 0.0 0.0 0.0 1.0 1.0 1.0 0.0 0.0 
1.0 0.2937493899492937 0.146874694974647 0.0 0.0 1.0 1.0 1.0 0.0 0.0 
0.0 0.6584298908958386 0.354682552067905 -0.01 0.0 0.9922779922779922 0.996138996138996 0.994208494208494 1.39 0.11 
1.0 -0.0 0.0 0.03 0.03 0.9955752212389378 0.9955752212389378 0.995575221238938 226.0 0.29 
0.0 0.6584298908958386 0.449404937503541 -0.01 0.02 0.9922779922779922 0.996138996138996 0.994208494208494 34.9 0.1 
1.0 -0.0 0.0 0.09 0.1 0.9554973821989527 0.9712041884816756 0.963350785340314 243.18 1.4 
0.0 0.42271570507772094 0.262823853578141 0.01 0.03 1.0 0.9808917197452226 0.990445859872611 163.99 0.14 
1.0 0.4540115915195649 0.248490513878625 -0.0 0.0 1.0 1.0 1.0 0.38 0.03 
0.0 0.1559698344405587 0.0779849172202793 -0.0 0.0 1.0 1.0 1.0 0.0 0.0 
1.0 0.342104185004753 0.342104185004753 -0.06 0.0 0.9723502304147464 0.9723502304147464 0.972350230414747 0.0 2.23 
0.0 0.07940617799097693 0.0510340695423943 0.0 0.0 1.0 1.0 1.0 0.01 0.0 
1.0 0.34832154723549924 0.258279106911932 0.56 0.67 0.3644859813084112 0.3644859813084112 0.364485981308411 426.65 0.81 
0.0 0.022214468734433918 0.011107234367217 -0.0 -0.0 1.0 1.0 1.0 0.0 0.0 
1.0 -0.0 0.0 -0.0 0.0 1.0 1.0 1.0 0.0 0.0 
0.0 0.8546388517476876 0.446485252297188 -0.0 0.0 1.0 1.0 1.0 2.42 0.0 
1.0 0.8548387522121371 1.08869815909567 0.18 0.63 1.0 1.0 1.0 572.24 1.99 
0.0 0.4540115915195649 0.406132851835899 -0.03 0.0 1.0 1.0 1.0 1.21 0.03 
1.0 0.061848503732346585 0.0309242518661733 0.0 0.0 1.0 1.0 1.0 0.0 0.0 
0.0 0.06031775118951819 0.112600479293975 0.03 0.04 1.0 0.9820788530465951 0.991039426523298 185.45 0.24 
1.0 0.05408418388023685 0.0270420919401184 0.02 0.02 0.9968152866242038 0.9968152866242038 0.996815286624204 314.0 0.21 
0.0 -0.0 0.0 0.0 0.0 1.0 1.0 1.0 0.0 0.0 
1.0 0.3584875426949414 0.233915794942635 0.01 0.03 0.9973958333333331 0.9973958333333331 0.997395833333333 410.59 0.12 
0.0 0.02154825572686733 0.0107741278634337 -0.0 0.0 1.0 0.9968051118210864 0.998402555910543 0.0 0.0 
1.0 0.15505710060877428 0.762866760730055 -0.01 0.18 0.9623188405797102 0.965217391304348 0.963768115942029 362.16 0.26 
0.0 0.6084829666228696 0.314514302462242 -0.05 0.01 0.9650145772594751 0.9970845481049562 0.981049562682216 4.73 0.22 
1.0 -0.0 0.0 -0.0 0.0 0.9972375690607737 0.9972375690607737 0.997237569060773 0.0 0.2 
0.0 0.5272617660706461 0.368787195387162 -0.05 0.01 1.0 0.986013986013986 0.993006993006993 4.39 0.18 
1.0 0.04296943623768491 0.0322296208833705 -0.0 0.0 1.0 1.0 1.0 0.01 0.0 
0.0 0.07124533401515272 0.197807230669213 -0.0 0.0 1.0 0.9784946236559142 0.989247311827957 0.34 0.04 
1.0 0.3431393375525862 0.23510295396669 -0.02 0.02 1.0 0.7447552447552448 0.872377622377622 10.15 0.53 
0.0 0.04578717482093773 0.189241498988682 -0.0 0.0 0.9973958333333331 0.9973958333333331 0.997395833333333 0.33 0.03 
1.0 0.036343991116405766 0.188062728419718 -0.0 0.0 1.0 1.0 1.0 0.17 0.02 
0.0 0.055740919119538684 0.0418103947939671 -0.0 0.0 0.9956896551724136 0.9956896551724136 0.995689655172414 0.03 0.01 
1.0 -0.0 0.0 -0.0 -0.0 1.0 1.0 1.0 0.0 0.0 
0.0 0.09786130924602802 0.130121963425376 -0.0 0.0 1.0 1.0 1.0 0.19 0.03 
1.0 -0.0 0.0 0.0 0.0 1.0 1.0 1.0 0.0 0.0 
0.0 0.08049939147247767 0.674328572632702 -0.02 0.05 0.9933333333333332 0.9933333333333332 0.993333333333333 302.65 0.03 
1.0 0.5800804508011576 0.318643655846746 0.05 0.09 0.986784140969163 0.986784140969163 0.986784140969163 250.29 0.52 
0.0 0.3043489862369836 0.162832731013813 -0.0 0.0 1.0 0.9621451104100947 0.981072555205047 0.11 0.02 
1.0 0.27805089844440245 0.139025449222201 -0.0 0.0 1.0 1.0 1.0 0.0 0.0 
0.0 0.02625568508792424 0.0131278425439621 0.0 0.0 1.0 1.0 1.0 0.0 0.0 
1.0 0.4295469863230361 0.417611609893529 0.01 0.09 0.9868421052631576 0.9901315789473684 0.988486842105263 551.67 0.36 
0.0 0.055740919119538684 0.0278704595597693 0.0 0.0 1.0 0.9956896551724136 0.997844827586207 0.0 0.0 
1.0 -0.0 0.0 -0.0 -0.0 1.0 1.0 1.0 0.0 0.0 
0.0 -0.0 0.0 0.0 0.0 1.0 1.0 1.0 0.0 0.0 
1.0 0.72369587573823 0.72369587573823 -0.09 0.0 0.9661016949152542 0.9661016949152542 0.966101694915254 0.0 2.22 
0.0 -0.0 0.0 0.0 0.01 0.9351851851851855 0.984567901234568 0.959876543209877 9.41 0.2 
1.0 0.13014412253968405 0.124866890502885 0.02 0.03 1.0 1.0 1.0 55.05 0.42 
0.0 0.05539603510551136 0.0276980175527557 0.0 0.0 1.0 1.0 1.0 0.0 0.0 
1.0 0.10564048160168153 0.0528202408008408 0.0 0.0 1.0 1.0 1.0 0.0 0.0 
0.0 0.6424220210762541 0.642422021076254 -0.39 0.0 1.0 1.0 1.0 0.0 1.9 
1.0 -0.0 0.0 0.0 0.0 1.0 1.0 1.0 0.0 0.0 
0.0 0.06160671047278965 0.251009167374626 -0.02 0.0 1.0 0.9962686567164178 0.998134328358209 0.78 0.08 
1.0 0.2944096283538114 0.156293964130359 -0.0 0.0 1.0 1.0 1.0 0.09 0.01 
0.0 0.2569705241129753 0.213750190280243 0.0 0.0 1.0 1.0 1.0 0.63 0.07 
1.0 0.024742910712718332 0.0637342643417528 0.02 0.02 1.0 1.0 1.0 266.0 0.23 
0.0 0.3102741465416358 0.267251650274495 0.0 0.02 1.0 0.9909638554216867 0.995481927710843 16.56 0.11 
1.0 0.40522682240917607 0.202613411204588 -0.0 -0.0 1.0 1.0 1.0 0.0 0.0 
0.0 -0.0 0.0 -0.0 -0.0 1.0 1.0 1.0 0.0 0.0 
1.0 0.476305553807033 0.238152776903516 0.0 0.0 1.0 0.9957983193277314 0.997899159663866 0.0 0.0 
0.0 0.07217776154617153 0.0360888807730858 -0.0 0.0 1.0 0.9965870307167234 0.998293515358362 0.01 0.0 
1.0 0.7648871092878222 0.481273123326978 0.17 0.37 0.9072164948453608 0.9072164948453608 0.907216494845361 686.03 1.32 
0.0 0.02625568508792424 0.0131278425439621 0.0 0.0 1.0 1.0 1.0 0.0 0.0 
1.0 -0.0 0.0 0.0 -0.0 1.0 0.9842105263157896 0.992105263157895 0.0 0.0 
0.0 0.05375055728088882 0.0440302802052062 -0.0 0.0 1.0 0.9916897506925209 0.99584487534626 0.03 0.0 
1.0 0.034151491787468076 0.017075745893734 -0.0 -0.0 1.0 1.0 1.0 0.0 0.0 
0.0 0.06002390931952181 0.0877823071055745 -0.0 0.0 1.0 1.0 1.0 0.06 0.01 
1.0 0.8585818504987296 1.11315610872573 -0.0 0.27 1.0 1.0 1.0 159.37 0.11 
0.0 0.06510641407332453 0.065011059309952 -0.0 0.0 1.0 0.9965034965034965 0.998251748251748 0.04 0.01 
1.0 0.5412404766975164 0.350698353587271 0.01 0.02 1.0 0.993710691823899 0.99685534591195 104.68 0.02 
0.0 0.0572068608923343 0.0485476091208627 -0.0 0.0 1.0 1.0 1.0 0.01 0.0 
1.0 1.3266321664918628 1.23248203338398 0.05 0.45 0.9419354838709676 0.9870967741935486 0.964516129032258 600.22 0.14 
0.0 0.018384397223606727 0.0626734832079346 -0.0 0.0 1.0 0.9973544973544972 0.998677248677249 0.04 0.0 
1.0 0.1577337439071949 0.824756820332959 0.08 0.18 0.946875 0.975 0.9609375 676.34 0.22 
0.0 0.7467670671848305 0.373383533592415 0.0 -0.0 1.0 1.0 1.0 0.0 0.0 
1.0 0.06905856764132845 0.0345292838206642 -0.0 0.0 1.0 0.997134670487106 0.998567335243553 0.01 0.0 
0.0 0.03661672937971218 0.0183083646898561 -0.0 -0.0 1.0 1.0 1.0 0.0 0.0 
1.0 0.020388151169850696 0.0101940755849253 0.02 0.02 0.9970149253731344 0.9970149253731344 0.997014925373134 335.0 0.24 
0.0 0.7642232507044483 0.382111625352224 0.0 -0.0 1.0 1.0 1.0 0.0 0.0 
1.0 0.6866352316362762 0.403408251739597 0.05 0.07 0.9923664122137406 0.9923664122137406 0.99236641221374 525.33 0.15 
0.0 0.09786130924602802 0.0591247302079394 -0.0 0.0 1.0 0.9970149253731344 0.998507462686567 0.04 0.01 
1.0 -0.0 0.0 0.0 0.0 1.0 1.0 1.0 0.0 0.0 
0.0 0.027879870468395514 0.0139399352341978 0.0 0.0 1.0 0.9956896551724136 0.997844827586207 0.0 0.0 
