1.0 -0.0 0.0 0.0 0.0 1.0 1.0 1.0 0.0 0.0 
0.0 0.02097864624030526 0.0104893231201526 -0.0 -0.0 1.0 1.0 1.0 0.0 0.0 
1.0 0.09498223910622348 0.0578439970936564 0.13 0.14 0.973293768545994 0.973293768545994 0.973293768545994 674.0 0.98 
0.0 0.6756916479515236 0.350884740467461 -0.01 0.0 0.8007968127490038 0.99601593625498 0.898406374501992 1.0 0.07 
1.0 0.049314561447631994 0.024657280723816 -0.0 -0.0 1.0 1.0 1.0 0.0 0.0 
0.0 0.05539603510551136 0.0276980175527557 0.0 0.0 1.0 1.0 1.0 0.0 0.0 
1.0 0.7353576859029652 1.15893051155897 0.09 0.79 0.8993055555555556 0.9305555555555556 0.914930555555556 498.04 0.39 
0.0 0.887731895101687 0.664006903180505 0.01 0.06 1.0 1.0 1.0 59.93 0.78 
1.0 0.07978404380165302 0.548613301937359 0.03 0.04 1.0 1.0 1.0 206.42 0.19 
0.0 0.2079623570068468 0.103981178503423 -0.0 -0.0 1.0 1.0 1.0 0.0 0.0 
1.0 0.04991801430261973 0.0776063350451102 0.03 0.04 0.994236311239193 0.994236311239193 0.994236311239193 347.05 0.25 
0.0 0.035868162784549934 0.114272185222343 -0.0 0.0 1.0 0.940721649484536 0.970360824742268 0.21 0.02 
1.0 0.12964727676560514 0.0648236383828026 -0.0 -0.0 1.0 1.0 1.0 0.0 0.0 
0.0 0.9484910610890432 0.823737294252611 0.12 0.34 1.0 0.99601593625498 0.99800796812749 147.21 1.1 
1.0 0.6098226262345923 1.20224086211646 0.04 0.19 1.0 0.9971751412429378 0.998587570621469 184.94 0.49 
0.0 0.5707096708311864 1.09093928815918 0.05 0.23 1.0 0.994910941475827 0.997455470737914 365.64 0.51 
1.0 0.953235176620348 0.488644771415585 -0.0 0.0 1.0 1.0 1.0 1.6 0.02 
0.0 0.21911226969670367 0.109556134848352 -0.01 0.0 0.9870689655172414 0.9956896551724136 0.991379310344828 0.18 0.04 
1.0 0.08709952319177523 0.782919133593207 0.04 0.08 0.9886363636363636 0.9886363636363636 0.988636363636364 364.78 0.09 
0.0 0.03907411550489949 0.0195370577524497 0.0 0.0 1.0 1.0 1.0 0.0 0.0 
1.0 0.4770694171030895 1.24721240751445 -0.04 0.25 0.9743589743589745 0.9923076923076926 0.983333333333333 311.39 0.17 
0.0 0.2533863028638452 0.137294439933912 0.02 0.02 1.0 0.9968652037617554 0.998432601880878 319.0 0.14 
1.0 0.3665053293883657 0.291595596882987 0.07 0.13 0.9747634069400634 0.9779179810725552 0.976340694006309 711.54 0.74 
0.0 0.6445490932262417 0.322274546613121 -0.0 0.0 1.0 0.9967105263157896 0.998355263157895 1.9 0.06 
1.0 1.160869305594259 1.09787712335657 0.03 0.48 1.0 0.996551724137931 0.998275862068966 304.28 0.82 
0.0 0.6639004844764248 0.353434960357055 0.01 0.02 1.0 1.0 1.0 161.92 0.17 
1.0 0.02757769791835 0.013788848959175 0.0 0.0 1.0 1.0 1.0 0.0 0.0 
0.0 0.10564048160168153 0.0528202408008408 0.0 0.0 1.0 1.0 1.0 0.0 0.0 
1.0 -0.0 0.0 -0.0 -0.0 1.0 1.0 1.0 0.0 0.0 
0.0 0.944729522285408 0.706006808560889 -0.11 0.18 0.8706624605678234 0.9148264984227128 0.892744479495268 287.66 0.38 
1.0 0.7642232507044483 0.382111625352224 0.0 -0.0 1.0 1.0 1.0 0.0 0.0 
0.0 0.7725591870833923 0.545129543015027 -0.02 0.07 1.0 0.8917525773195876 0.945876288659794 234.27 0.11 
1.0 0.098039113279732 0.049019556639866 -0.0 -0.0 1.0 1.0 1.0 0.0 0.0 
0.0 0.04296943623768491 0.0214847181188425 0.0 0.0 1.0 1.0 1.0 0.0 0.0 
1.0 0.22739863511081604 0.124216393860632 -0.0 0.0 1.0 0.3788819875776397 0.68944099378882 1.78 0.04 
0.0 0.02120257700397865 0.0106012885019893 -0.0 0.0 1.0 0.9968652037617554 0.998432601880878 0.0 0.0 
1.0 0.5412404766975164 0.350698353587271 0.01 0.02 1.0 0.993710691823899 0.99685534591195 104.68 0.02 
0.0 0.6048117164172828 0.323890576327484 -0.01 0.0 1.0 0.9745222929936304 0.987261146496815 0.67 0.04 
1.0 0.023546567098459075 0.0235465670984591 -0.0 0.0 1.0 1.0 1.0 0.0 0.0 
0.0 0.5074237491891713 0.923305390799404 0.12 0.23 1.0 1.0 1.0 323.19 0.51 
1.0 0.3132216644563332 0.156610832228167 -0.0 -0.0 1.0 1.0 1.0 0.0 0.0 
0.0 0.08818098225484648 0.0561176742328339 -0.0 0.0 1.0 1.0 1.0 0.01 0.0 
1.0 0.8774257384430043 0.604144318801364 -0.01 0.07 0.9890909090909092 0.9890909090909092 0.989090909090909 280.97 0.13 
0.0 0.05553805678555587 0.0277690283927779 -0.0 0.0 1.0 0.9870689655172414 0.993534482758621 0.03 0.01 
1.0 0.8606185834564639 0.985313575222791 0.23 0.72 0.9619883040935674 0.9912280701754383 0.976608187134503 417.17 0.15 
0.0 0.7216101221365901 0.452470622805169 -0.01 0.02 1.0 0.9969604863221886 0.998480243161094 12.78 0.1 
1.0 0.09608527084080484 0.0587008733157238 0.02 0.02 1.0 1.0 1.0 317.0 0.19 
0.0 0.5074237491891713 0.412561824067917 0.0 0.03 1.0 1.0 1.0 83.0 0.01 
1.0 0.02466432081248941 0.0123321604062447 -0.0 -0.0 1.0 1.0 1.0 0.0 0.0 
0.0 -0.0 0.0 0.0 0.0 1.0 0.9962686567164178 0.998134328358209 0.0 0.0 
1.0 0.88735670630784 1.18073203530522 0.06 0.35 0.9684210526315788 0.9684210526315788 0.968421052631579 464.45 0.27 
0.0 0.7838365048232934 0.391918252411647 -0.02 0.01 0.9554973821989527 0.973821989528796 0.964659685863874 4.1 0.27 
1.0 0.04852865540608026 0.0378571152761176 -0.0 0.0 1.0 1.0 1.0 0.01 0.0 
0.0 1.7774068038561743 1.41701001453408 0.04 0.46 0.9187279151943462 0.9929328621908128 0.955830388692579 515.39 0.24 
1.0 0.08212106930523713 0.0655439627374196 0.06 0.06 1.0 0.9944134078212288 0.997206703910614 323.38 0.64 
0.0 0.7694998781133422 0.384749939056671 0.0 -0.0 1.0 0.9852507374631267 0.992625368731563 0.0 0.0 
1.0 0.0586151312253593 0.0481354379270188 0.02 0.02 0.9969135802469133 0.9969135802469133 0.996913580246914 324.02 0.17 
0.0 0.4770044031104321 0.238502201555216 -0.0 0.0 1.0 0.996774193548387 0.998387096774194 0.0 0.0 
1.0 -0.0 0.0 0.0 0.0 1.0 1.0 1.0 0.0 0.0 
0.0 0.05693722443763179 0.0397995927657217 -0.0 0.0 1.0 0.9966101694915254 0.998305084745763 0.01 0.0 
1.0 0.09551752959899933 0.0477587647994997 0.0 0.0 1.0 1.0 1.0 0.0 0.0 
0.0 0.7427096949022739 0.422820848490418 -0.03 0.0 1.0 0.9904458598726114 0.995222929936306 1.77 0.1 
1.0 -0.0 0.0 -0.0 -0.0 1.0 1.0 1.0 0.0 0.0 
0.0 -0.0 0.0 0.0 0.0 1.0 0.9870689655172414 0.993534482758621 0.0 0.0 
1.0 0.02883072855956151 0.0144153642797808 0.0 0.0 1.0 1.0 1.0 0.0 0.0 
0.0 0.5074237491891713 0.418667755334818 -0.03 0.01 1.0 0.9329896907216496 0.966494845360825 6.42 0.32 
1.0 0.7642232507044483 0.40041999004208 0.01 0.02 1.0 1.0 1.0 41.0 0.09 
0.0 -0.0 0.0 -0.0 -0.0 1.0 0.957957957957958 0.978978978978979 0.0 0.0 
1.0 0.02013133843277965 0.635426786218179 -0.03 0.04 1.0 0.9630681818181815 0.981534090909091 27.14 0.19 
0.0 0.06607957137769667 0.22681423752101 -0.0 0.0 1.0 1.0 1.0 0.46 0.07 
1.0 0.4402819112593236 0.324590834173426 0.02 0.02 1.0 1.0 1.0 20.54 0.6 
0.0 0.850713860611364 0.443665294995538 0.0 0.0 1.0 1.0 1.0 0.99 0.03 
1.0 0.027282478746759924 0.01364123937338 0.03 0.03 0.9957983193277314 0.9957983193277314 0.995798319327731 238.0 0.28 
0.0 0.3102741465416358 0.165999908201699 -0.02 0.0 1.0 0.9337349397590362 0.966867469879518 0.75 0.1 
1.0 0.051103601422108215 0.0383315307332598 0.16 0.17 0.9660377358490566 0.9660377358490566 0.966037735849057 530.0 1.14 
0.0 0.2878141901271997 0.154396418183752 -0.0 0.0 1.0 0.9845201238390092 0.992260061919505 0.08 0.01 
1.0 0.667925508689651 0.445635537272051 -0.03 0.02 1.0 0.9831460674157304 0.991573033707865 11.62 0.12 
0.0 0.3738843291083899 0.197987199353788 -0.01 0.0 0.9806451612903224 0.996774193548387 0.988709677419355 0.6 0.06 
1.0 0.05846043455080426 0.213833017666485 0.24 0.32 0.9072164948453608 0.9097938144329896 0.908505154639175 467.36 1.76 
0.0 0.2533863028638452 0.213273029309473 0.01 0.03 0.971786833855799 0.9968652037617554 0.984326018808777 52.97 0.27 
1.0 0.14388731815037328 0.0719436590751866 0.0 0.0 1.0 1.0 1.0 0.0 0.0 
0.0 0.050319038811679005 0.67512926352221 -0.01 0.01 1.0 1.0 1.0 4.32 0.02 
1.0 0.08955952716594741 0.808569984802386 -0.02 0.06 0.9883268482490272 0.9922178988326849 0.990272373540856 182.98 0.0 
0.0 0.06458143637762753 0.239112250991822 0.16 0.19 0.9545454545454544 0.9545454545454544 0.954545454545455 352.67 0.85 
1.0 0.8322867037097866 0.535057421189793 0.06 0.1 1.0 1.0 1.0 82.54 0.78 
0.0 0.05031903881167891 0.274242287219015 0.0 0.01 1.0 0.9968152866242038 0.998407643312102 5.23 0.07 
1.0 0.6812081464062815 0.681208146406281 -0.22 0.0 1.0 1.0 1.0 0.0 2.27 
0.0 0.6639004844764248 0.400986080464725 -0.0 0.03 1.0 0.9904458598726114 0.995222929936306 95.1 0.17 
1.0 0.04004863019043305 0.0200243150952165 -0.0 -0.0 1.0 1.0 1.0 0.0 0.0 
0.0 0.8908200643875142 0.445410032193757 -0.01 0.0 0.9979123173277662 0.9979123173277662 0.997912317327766 1.39 0.01 
1.0 -0.0 0.0 -0.0 0.0 1.0 1.0 1.0 0.0 0.0 
0.0 -0.0 0.0 0.0 0.0 1.0 1.0 1.0 0.0 0.0 
1.0 0.06458143637762753 0.0423563874052036 0.13 0.14 0.9545454545454544 0.9630681818181815 0.958806818181818 283.48 1.23 
0.0 0.03641887534057641 0.0182094376702882 0.0 0.0 1.0 1.0 1.0 0.0 0.0 
1.0 0.02466432081248941 0.0123321604062447 -0.0 -0.0 1.0 1.0 1.0 0.0 0.0 
0.0 0.7624587684104074 0.480058952888271 -0.07 0.02 0.9072164948453608 0.9561855670103092 0.931701030927835 10.93 0.24 
1.0 0.795416396299481 1.05523495020362 0.07 0.31 1.0 1.0 1.0 399.27 0.76 
0.0 0.054916877700729484 0.0274584388503647 -0.01 0.0 0.8917378917378918 0.9943019943019942 0.943019943019943 3.55 0.05 
1.0 -0.0 0.0 0.0 0.0 1.0 1.0 1.0 0.0 0.0 
0.0 0.5272617660706461 0.372016012093486 -0.02 0.0 1.0 0.993006993006993 0.996503496503496 1.49 0.16 
1.0 -0.0 0.0 -0.0 -0.0 1.0 1.0 1.0 0.0 0.0 
0.0 0.41646373300315087 0.208231866501575 -0.0 0.0 1.0 0.9964285714285714 0.998214285714286 0.17 0.02 
1.0 0.6316066864192929 0.315803343209646 -0.0 0.0 1.0 1.0 1.0 0.0 0.0 
0.0 0.6208447905558372 0.310422395277919 -0.0 0.0 1.0 0.9892183288409704 0.994609164420485 3.9 0.09 
1.0 0.3738843291083899 0.186942164554195 0.02 0.02 0.996774193548387 0.996774193548387 0.996774193548387 310.0 0.13 
0.0 0.6613548935445007 0.33067744677225 0.09 0.13 0.971518987341772 0.971518987341772 0.971518987341772 316.0 0.45 
1.0 0.05251546963977522 0.0450223016966085 0.12 0.13 0.970976253298153 0.970976253298153 0.970976253298153 379.02 1.0 
0.0 0.021906245315443034 0.0109531226577215 -0.0 -0.0 1.0 0.921921921921922 0.960960960960961 0.0 0.0 
1.0 0.028613440088939457 0.0143067200444697 0.0 0.0 1.0 1.0 1.0 0.0 0.0 
0.0 0.03775336847879649 0.0188766842393982 -0.0 -0.0 1.0 1.0 1.0 0.0 0.0 
1.0 0.3692056007821668 0.27130476315494 0.23 0.32 0.9072164948453608 0.9097938144329896 0.908505154639175 452.48 1.69 
0.0 0.23600497492564984 0.209668049199699 0.02 0.03 0.9969604863221886 0.9969604863221886 0.996960486322188 338.4 0.12 
1.0 0.05064557459684865 0.0253227872984243 -0.0 -0.0 1.0 1.0 1.0 0.0 0.0 
0.0 0.02108997467516504 0.0105449873375825 -0.0 -0.0 1.0 0.9938080495356034 0.996904024767802 0.0 0.0 
1.0 0.020652086479660176 0.0833230295884865 -0.0 0.0 1.0 1.0 1.0 0.03 0.0 
0.0 0.0581557306257278 0.0457314215726293 -0.0 0.0 1.0 0.9790575916230366 0.989528795811518 0.05 0.01 
1.0 0.11899883524905565 0.111241166627599 0.38 0.46 0.8425655976676385 0.8454810495626822 0.84402332361516 876.87 2.26 
0.0 0.7278036907270602 0.36390184536353 -0.0 0.0 1.0 0.7740585774058578 0.887029288702929 0.0 0.0 
1.0 0.028085307477329197 0.0279318328249784 -0.0 0.0 1.0 0.9870689655172414 0.993534482758621 0.02 0.0 
0.0 0.8229610390544123 0.440852509420567 -0.0 0.01 1.0 1.0 1.0 3.14 0.02 
1.0 0.03524689240754642 0.102236491743134 -0.0 0.0 1.0 1.0 1.0 0.08 0.01 
0.0 0.03860739588192891 0.0193036979409645 0.07 0.13 0.9726775956284152 0.9726775956284152 0.972677595628415 366.0 0.99 
1.0 0.04061308921059742 0.0203065446052987 0.0 0.0 1.0 1.0 1.0 0.0 0.0 
0.0 0.04750981331278936 0.0357083548079459 -0.0 0.0 1.0 0.992831541218638 0.996415770609319 0.02 0.0 
1.0 -0.0 0.0 0.05 0.05 0.991111111111111 0.991111111111111 0.991111111111111 225.0 0.46 
0.0 0.14495238198478544 0.0724761909923927 0.01 0.02 0.9969969969969968 0.9969969969969968 0.996996996996997 333.0 0.16 
1.0 0.7456090156798034 0.668427418731101 0.1 0.22 0.9385474860335196 0.9553072625698322 0.946927374301676 320.43 0.47 
0.0 1.2036756519884226 0.601837825994211 -0.08 0.04 0.8711340206185567 0.9020618556701032 0.88659793814433 33.25 0.05 
1.0 -0.0 0.0 0.0 0.0 1.0 1.0 1.0 0.0 0.0 
0.0 0.0800824403230777 0.611037103019332 -0.04 0.06 0.951219512195122 0.9817073170731708 0.966463414634146 115.88 0.27 
1.0 0.1718560268772759 0.085928013438638 0.0 0.0 1.0 1.0 1.0 0.0 0.0 
0.0 0.850713860611364 0.425356930305682 0.0 -0.0 1.0 1.0 1.0 0.0 0.0 
1.0 0.01821912306957769 0.0790619506094116 0.04 0.05 0.9921875 0.9921875 0.9921875 384.03 0.3 
0.0 0.0697628876274182 0.0673392960869988 -0.0 0.0 1.0 1.0 1.0 0.03 0.01 
1.0 0.5923940706928204 0.305516244431583 -0.0 0.0 1.0 1.0 1.0 0.36 0.02 
0.0 0.019980547724361777 0.00999027386218089 -0.0 0.0 1.0 0.8859649122807017 0.942982456140351 0.13 0.02 
1.0 0.4879314978688672 0.483327395683686 0.13 0.17 0.9942528735632185 0.9971264367816092 0.995689655172414 984.6 0.74 
0.0 0.2767002993788032 0.138350149689402 0.0 0.0 1.0 1.0 1.0 0.0 0.0 
1.0 0.587290789639408 0.370093481366071 0.1 0.19 0.8498498498498499 0.9189189189189186 0.884384384384384 194.51 1.13 
0.0 0.65548853629439 0.572384230284715 0.22 0.75 0.6630434782608695 0.6847826086956521 0.673913043478261 287.94 1.96 
