1.0 0.6020888526113631 0.301044426305682 0.0 -0.0 1.0 1.0 1.0 0.0 0.0 
0.0 1.1205779116354655 0.560288955817733 -0.06 0.06 1.0 0.8711340206185567 0.935567010309278 37.58 0.55 
1.0 -0.0 0.0 0.0 0.0 1.0 1.0 1.0 0.0 0.0 
0.0 0.5310542528871021 0.265527126443551 -0.0 0.0 1.0 1.0 1.0 0.0 0.0 
1.0 -0.0 0.0 -0.01 0.0 0.9873949579831934 0.9873949579831934 0.987394957983193 0.0 0.64 
0.0 0.02059871506110972 0.0205987150611097 -0.0 0.0 0.9909909909909907 0.9909909909909907 0.990990990990991 0.0 0.57 
1.0 0.023833886302533577 0.0119169431512668 0.02 0.02 0.9928571428571425 0.9964285714285714 0.994642857142857 139.5 0.22 
0.0 0.6589056099734881 0.643171321825299 0.01 0.18 1.0 0.9968652037617554 0.998432601880878 113.41 0.67 
1.0 0.21052969905042704 0.210529699050427 -0.04 0.0 0.9721362229102168 0.9721362229102168 0.972136222910217 0.0 1.83 
0.0 0.07198948573575523 0.0468575777987585 0.0 0.0 1.0 0.9337349397590362 0.966867469879518 3.56 0.08 
1.0 0.1566711530327376 0.156671153032738 -0.0 0.0 0.9939577039274926 0.9939577039274926 0.993957703927492 0.0 1.63 
0.0 0.05580273082586285 0.0279013654129314 -0.0 -0.0 1.0 1.0 1.0 0.0 0.0 
1.0 0.04228243415597148 0.203315513119147 0.02 0.02 1.0 1.0 1.0 320.08 0.1 
0.0 0.27004803754506446 0.265282087460065 0.14 0.14 1.0 1.0 1.0 160.24 1.52 
1.0 0.06049829410230215 0.113195746270004 0.04 0.05 1.0 1.0 1.0 89.99 0.5 
0.0 0.594577819662421 0.29728890983121 -0.0 0.0 1.0 0.9954954954954957 0.997747747747748 0.0 0.0 
1.0 0.098039113279732 0.049019556639866 -0.0 -0.0 1.0 1.0 1.0 0.0 0.0 
0.0 0.07714258307334852 0.0385712915366743 0.11 0.14 0.9694656488549618 0.9694656488549618 0.969465648854962 262.0 1.03 
1.0 0.44261261295942966 0.241966627484 -0.0 0.0 1.0 1.0 1.0 0.31 0.03 
0.0 0.3270536257119778 0.163526812855989 -0.0 0.0 1.0 1.0 1.0 0.0 0.0 
1.0 0.8346941474420994 0.650079344397331 0.02 0.06 1.0 1.0 1.0 339.35 0.21 
0.0 0.953235176620348 0.488644771415585 -0.0 0.0 1.0 1.0 1.0 1.6 0.02 
1.0 0.024279270493060005 0.01213963524653 0.02 0.02 0.9963369963369966 0.9963369963369966 0.996336996336996 273.0 0.23 
0.0 -0.0 0.0 0.01 0.01 0.953757225433526 0.9971098265895952 0.975433526011561 20.68 0.15 
1.0 0.03907653443838127 0.0195382672191906 0.0 0.0 1.0 1.0 1.0 0.0 0.0 
0.0 0.5510799280869728 0.275539964043486 0.0 -0.0 1.0 1.0 1.0 0.0 0.0 
1.0 -0.0 0.0 0.03 0.03 0.9955752212389378 0.9955752212389378 0.995575221238938 226.0 0.29 
0.0 1.1419917657155867 0.570995882857793 0.0 -0.0 1.0 0.951219512195122 0.975609756097561 0.0 0.0 
1.0 0.028294027016483723 0.0141470135082419 -0.0 -0.0 1.0 1.0 1.0 0.0 0.0 
0.0 -0.0 0.0 0.0 0.0 1.0 0.9948453608247422 0.997422680412371 0.0 0.0 
1.0 0.04956265005659082 0.0950374425902223 0.16 0.21 0.946938775510204 0.9632653061224488 0.955102040816327 245.02 1.69 
0.0 0.06510641407332453 0.0960864922270594 -0.01 0.02 0.7447552447552448 0.9965034965034965 0.870629370629371 71.43 0.01 
1.0 0.021034152610448338 0.0105170763052242 0.0 0.0 1.0 1.0 1.0 0.0 0.0 
0.0 0.696576102069623 0.348288051034811 -0.11 0.07 1.0 0.784256559766764 0.892128279883382 29.17 0.68 
1.0 -0.0 0.0 0.0 0.0 1.0 1.0 1.0 0.0 0.0 
0.0 -0.0 0.0 0.0 0.0 1.0 1.0 1.0 0.0 0.0 
1.0 0.6945608059609114 0.420352775984738 0.05 0.06 1.0 1.0 1.0 37.91 0.55 
0.0 0.06031775118951819 0.229631518309715 -0.01 0.0 0.9820788530465951 0.989247311827957 0.985663082437276 0.92 0.09 
1.0 0.2387884541794901 0.128756612462087 0.05 0.05 0.9946091644204854 0.9946091644204854 0.994609164420485 742.0 0.38 
0.0 0.05031903881167891 0.274242287219015 0.0 0.01 1.0 0.9968152866242038 0.998407643312102 5.23 0.07 
1.0 1.3815813341835952 1.38041801771607 0.09 0.77 0.8023255813953487 0.9534883720930234 0.877906976744186 189.01 0.33 
0.0 0.10825994442614714 0.0541299722130736 -0.0 0.0 1.0 0.997134670487106 0.998567335243553 0.02 0.0 
1.0 0.020233227837119512 0.0101166139185598 0.08 0.09 0.9825072886297378 0.9825072886297378 0.982507288629738 343.0 0.76 
0.0 0.7794788427490477 0.77838743488656 -0.05 0.13 1.0 0.8994845360824743 0.949742268041237 277.22 0.46 
1.0 0.01907892419976165 0.0743470865016676 0.03 0.04 0.9863387978142077 0.9918032786885246 0.989071038251366 218.43 0.36 
0.0 0.08591550133466311 0.220773377467208 -0.04 0.01 1.0 0.9632653061224488 0.981632653061224 1.63 0.18 
1.0 0.038049545793566085 0.165475082762356 0.02 0.02 0.996875 0.996875 0.996875 320.16 0.11 
0.0 -0.0 0.0 0.0 0.0 1.0 1.0 1.0 0.0 0.0 
1.0 0.3978647591522306 0.367640191254933 -0.05 0.03 1.0 1.0 1.0 45.55 0.1 
0.0 0.3393594232485059 0.26850928030732 -0.03 0.01 0.9072164948453608 0.9974226804123713 0.952319587628866 5.06 0.07 
1.0 0.4618303073933867 0.877416792427836 0.08 0.22 1.0 1.0 1.0 164.33 0.6 
0.0 0.06201998821945535 0.0310099941097277 -0.0 0.0 0.9292307692307694 0.9969230769230768 0.963076923076923 0.09 0.01 
1.0 0.5643495367034677 0.309678400898427 -0.01 0.0 1.0 0.9973544973544972 0.998677248677249 0.54 0.04 
0.0 0.03988835734939116 0.1202701288851 -0.0 0.02 1.0 1.0 1.0 171.14 0.21 
1.0 0.145564921210343 0.759101629571096 0.05 0.23 0.9451476793248944 0.9535864978902951 0.949367088607595 464.2 0.79 
0.0 0.24107466687909204 0.120537333439546 0.0 -0.0 1.0 1.0 1.0 0.0 0.0 
1.0 -0.0 0.0 0.03 0.03 0.9960474308300395 0.9960474308300395 0.99604743083004 253.0 0.27 
0.0 0.08378523249349591 0.0710957487134375 0.12 0.16 0.9562289562289562 0.9595959595959596 0.957912457912458 273.24 1.35 
1.0 0.06795125375562225 0.0453066074247169 0.0 0.0 1.0 1.0 1.0 0.01 0.0 
0.0 0.3978647591522306 0.213347743855896 -0.0 0.0 1.0 1.0 1.0 0.12 0.02 
1.0 0.8014815654652077 0.429415473325277 -0.01 0.02 0.994475138121547 0.9972375690607737 0.99585635359116 182.36 0.03 
0.0 0.3501315990123993 0.30519764699501 0.02 0.1 0.5217391304347826 0.9802371541501976 0.75098814229249 76.32 0.0 
1.0 0.21548402605462638 0.107742013027313 0.09 0.1 0.9742120343839542 0.977077363896848 0.975644699140401 309.31 0.75 
0.0 0.8579133774485439 0.438275897809445 0.0 0.0 1.0 0.9919137466307276 0.995956873315364 0.52 0.03 
1.0 0.944729522285408 0.740393332706656 0.14 0.33 0.9148264984227128 0.9621451104100947 0.938485804416404 462.31 1.03 
0.0 0.5458278442333655 0.922455776353309 -0.06 0.12 0.6703910614525139 0.9944134078212288 0.832402234636871 77.85 0.16 
1.0 -0.0 0.0 -0.0 -0.0 1.0 1.0 1.0 0.0 0.0 
0.0 0.07124533401515272 0.0356226670075764 -0.0 -0.0 1.0 1.0 1.0 0.0 0.0 
1.0 0.667925508689651 0.35326645228579 0.0 0.01 1.0 1.0 1.0 3.67 0.09 
0.0 0.022152081921215285 0.0110760409606076 0.0 0.0 1.0 0.9967105263157896 0.998355263157895 0.0 0.0 
1.0 0.04392359467299709 0.0219617973364985 0.0 0.0 1.0 1.0 1.0 0.0 0.0 
0.0 0.808814311512711 0.404407155756355 -0.01 0.0 1.0 0.9870689655172414 0.993534482758621 0.97 0.08 
1.0 0.8024684613025314 0.425005094652159 0.0 0.0 1.0 0.9945652173913044 0.997282608695652 0.86 0.02 
0.0 0.08177127940433396 0.0538805764681354 0.04 0.05 0.9920948616600794 0.9920948616600794 0.992094861660079 253.02 0.35 
1.0 -0.0 0.0 0.0 0.0 1.0 1.0 1.0 0.0 0.0 
0.0 0.02466432081248941 0.0123321604062447 -0.0 -0.0 1.0 1.0 1.0 0.0 0.0 
1.0 0.7320792206803771 0.462377714170257 0.17 0.29 0.940721649484536 0.9432989690721648 0.94201030927835 780.29 0.88 
0.0 0.043086271409987636 0.0323172635684275 0.02 0.02 1.0 1.0 1.0 313.0 0.2 
1.0 -0.0 0.0 -0.0 0.0 1.0 1.0 1.0 0.0 0.0 
0.0 0.07198948573575523 0.0456254626325951 -0.0 0.0 1.0 0.9299719887955182 0.964985994397759 0.09 0.01 
1.0 -0.0 0.0 0.0 0.0 1.0 1.0 1.0 0.0 0.0 
0.0 0.4540115915195649 0.284776148205596 -0.01 0.0 1.0 1.0 1.0 1.16 0.09 
1.0 -0.0 0.0 0.0 0.0 1.0 1.0 1.0 0.0 0.0 
0.0 0.05594538109009752 0.0419126257792465 0.05 0.05 0.9913793103448276 0.9956896551724136 0.993534482758621 347.5 0.48 
1.0 0.06771320579037995 0.119629157982956 0.03 0.04 0.9968553459119496 0.9968553459119496 0.99685534591195 396.82 0.22 
0.0 0.40517154089694396 0.329954935431751 0.13 0.25 0.94017094017094 0.9444444444444444 0.942307692307692 364.37 1.38 
1.0 0.15460357244269188 0.0773017862213459 0.02 0.03 0.9955357142857144 0.9955357142857144 0.995535714285714 224.0 0.25 
0.0 0.0989575641895837 0.0494787820947918 -0.0 -0.0 1.0 0.9935064935064936 0.996753246753247 0.0 0.0 
1.0 0.058311668402293314 0.0291558342011467 0.0 0.0 1.0 0.9969325153374232 0.998466257668712 0.0 0.0 
0.0 -0.0 0.0 -0.0 0.0 0.971786833855799 0.9968652037617554 0.984326018808777 0.03 0.0 
1.0 0.07075610284208815 0.0652536575104075 -0.0 0.0 1.0 1.0 1.0 0.02 0.0 
0.0 0.043553029348953665 0.0217765146744768 0.43 0.69 0.5398936170212765 0.5398936170212765 0.539893617021277 376.0 1.89 
1.0 -0.0 0.0 0.0 0.0 1.0 1.0 1.0 0.0 0.0 
0.0 0.022090069599185986 0.011045034799593 0.0 0.0 1.0 1.0 1.0 0.0 0.0 
1.0 -0.0 0.0 0.1 0.1 0.9786585365853658 0.9786585365853658 0.978658536585366 328.0 0.92 
0.0 -0.0 0.0 0.0 0.0 1.0 1.0 1.0 0.0 0.0 
1.0 -0.0 0.0 -0.0 -0.0 1.0 1.0 1.0 0.0 0.0 
0.0 0.3665053293883657 0.327358359749198 0.11 0.2 0.9747634069400634 0.996845425867508 0.985804416403786 462.15 1.39 
1.0 0.054916877700729484 0.0274584388503647 0.0 0.0 1.0 0.9943019943019942 0.997150997150997 0.0 0.0 
0.0 0.015078445122080644 0.0150377204451169 -0.0 0.0 0.9916492693110645 0.9979123173277662 0.994780793319415 0.02 0.0 
1.0 0.451330770166906 0.240080749363234 0.02 0.02 1.0 1.0 1.0 73.33 0.15 
0.0 0.5510799280869728 0.295564279138703 -0.0 0.0 1.0 1.0 1.0 0.32 0.05 
1.0 0.08327901470975449 0.0416395073548772 0.0 0.0 1.0 1.0 1.0 0.0 0.0 
0.0 -0.0 0.0 -0.0 0.0 1.0 0.9929577464788734 0.996478873239437 0.0 0.0 
1.0 -0.0 0.0 0.0 0.0 1.0 1.0 1.0 0.0 0.0 
0.0 0.7320792206803771 0.884653180417685 -0.04 0.24 0.8402061855670103 0.9432989690721648 0.891752577319588 301.84 0.02 
1.0 0.051910689392876415 0.114510938481981 -0.0 0.0 1.0 1.0 1.0 0.12 0.02 
0.0 0.046659453836944406 0.606770806621186 -0.03 0.03 0.903448275862069 0.9827586206896552 0.943103448275862 35.8 0.06 
1.0 -0.0 0.0 0.0 0.0 1.0 1.0 1.0 0.0 0.0 
0.0 1.3812984481281763 0.690649224064088 0.0 -0.0 1.0 0.971786833855799 0.9858934169279 0.0 0.0 
1.0 0.059954128784417776 0.103591017183792 0.01 0.01 0.9922779922779922 0.9922779922779922 0.992277992277992 63.81 0.17 
0.0 0.03201815963903439 0.0793858633024175 -0.0 0.01 1.0 0.8448275862068965 0.922413793103448 7.69 0.16 
1.0 0.7387103130230372 0.435200934777727 0.05 0.06 1.0 1.0 1.0 55.83 0.54 
0.0 0.6842561283330871 0.581050451678601 -0.01 0.03 1.0 0.9791666666666664 0.989583333333333 36.64 0.19 
1.0 0.4925176758323639 0.246258837916182 -0.0 0.0 1.0 1.0 1.0 0.0 0.0 
0.0 0.6359689346369413 0.413933537565036 -0.01 0.01 1.0 1.0 1.0 4.33 0.21 
1.0 -0.0 0.0 0.0 0.0 1.0 1.0 1.0 0.0 0.0 
0.0 1.3812984481281763 0.690649224064088 0.0 -0.0 1.0 0.971786833855799 0.9858934169279 0.0 0.0 
1.0 -0.0 0.0 0.0 0.0 1.0 1.0 1.0 0.0 0.0 
0.0 0.6452750205454816 0.350335527825496 -0.0 0.0 1.0 0.9967105263157896 0.998355263157895 1.62 0.07 
1.0 0.5240584633547061 0.285084451299294 0.28 0.33 0.90282131661442 0.9059561128526644 0.904388714733542 705.55 1.72 
0.0 0.027982183645278484 0.027931027056837 -0.0 0.0 0.9913793103448276 0.9956896551724136 0.993534482758621 0.03 0.01 
1.0 0.030092344610339425 0.0150461723051697 0.03 0.03 0.9952830188679246 0.9952830188679246 0.995283018867924 212.0 0.29 
0.0 0.19187116358997752 0.0959355817949888 -0.0 -0.0 1.0 1.0 1.0 0.0 0.0 
1.0 0.019215460994747392 0.0096077304973737 -0.0 -0.0 1.0 1.0 1.0 0.0 0.0 
0.0 0.021725669861761727 0.0108628349308809 0.0 -0.0 1.0 0.9337349397590362 0.966867469879518 0.0 0.0 
1.0 0.33741562335763503 0.168707811678817 -0.0 0.0 1.0 1.0 1.0 0.0 0.0 
0.0 0.8499752840277293 0.457701816609536 -0.01 0.0 1.0 1.0 1.0 0.4 0.01 
1.0 0.9963357706111988 0.508712872643182 0.21 0.31 0.9039548022598872 0.9067796610169492 0.905367231638418 400.59 1.3 
0.0 0.01778057460097777 0.552294542495667 0.0 0.02 0.9974554707379136 0.9974554707379136 0.997455470737914 394.55 0.04 
1.0 -0.0 0.0 0.0 0.0 1.0 1.0 1.0 0.0 0.0 
0.0 0.7794788427490477 0.599821739961133 0.06 0.1 1.0 1.0 1.0 432.18 0.51 
1.0 0.09137546664105897 0.390111467939148 0.04 0.09 0.36042402826855113 0.9681978798586572 0.664310954063604 235.93 0.04 
0.0 0.5773540491432572 0.315369039710021 -0.0 0.0 1.0 1.0 1.0 0.72 0.06 
1.0 0.36416639636829046 0.182083198184145 -0.0 -0.0 1.0 1.0 1.0 0.0 0.0 
0.0 -0.0 0.0 0.0 0.0 1.0 0.9609375 0.98046875 0.0 0.0 
1.0 1.52382286384939 1.29135338206765 0.27 0.48 0.9972972972972972 0.9972972972972972 0.997297297297297 670.99 0.14 
0.0 0.0800824403230777 0.621309417958704 -0.07 0.03 0.948170731707317 0.9817073170731708 0.964939024390244 22.14 0.06 
1.0 0.5412404766975164 0.384278076426132 0.03 0.05 0.993710691823899 0.993710691823899 0.993710691823899 321.4 0.07 
0.0 0.7547305887995075 1.06801451846384 -0.01 0.39 1.0 0.971786833855799 0.9858934169279 217.42 0.75 
