1.0 0.0 0.0 0.12 0.14 0.968944099378882 0.968944099378882 0.968944099 161.0 1.14 
0.0 0.0725348902086271 0.06723166 0.02 0.02 1.0 1.0 1.0 329.02 0.15 
1.0 1.56337091651893 1.333076231 0.01 0.34 1.0 1.0 1.0 218.11 0.36 
0.0 0.0891944327568476 0.257082156 0.0 0.01 1.0 0.986013986013986 0.993006993 15.58 0.02 
1.0 0.0898510923104771 0.059911924 0.0 0.0 1.0 1.0 1.0 0.01 0.0 
0.0 0.041294906134971 0.030687855 0.0 0.0 0.961988304093567 0.994152046783625 0.978070175 0.14 0.02 
1.0 0.59239407069282 0.583483961 0.36 0.57 1.0 1.0 1.0 371.0 2.17 
0.0 0.0618485037323463 0.030924252 0.0 0.0 1.0 1.0 1.0 0.0 0.0 
1.0 0.237377798339679 0.118688899 0.0 0.0 1.0 1.0 1.0 0.0 0.0 
0.0 1.2022982207951 0.60114911 0.0 0.0 1.0 1.0 1.0 0.0 0.0 
1.0 0.693108022714661 0.367201464 -0.01 0.06 0.961988304093567 0.991228070175438 0.976608187 87.0 0.19 
0.0 0.0946457533196538 0.06700484 0.0 0.0 1.0 0.997134670487106 0.998567335 0.05 0.01 
1.0 0.478025413547332 0.239012707 0.0 0.0 0.996960486322188 0.996960486322188 0.996960486 0.19 0.02 
0.0 0.890820064387514 0.626814806 -0.05 0.06 0.997912317327766 0.997912317327766 0.997912317 70.18 0.07 
1.0 0.0396091040103975 0.019804552 0.0 0.0 1.0 1.0 1.0 0.0 0.0 
0.0 0.327053625711977 0.177466748 0.0 0.0 1.0 0.995689655172413 0.997844828 0.15 0.02 
1.0 0.671733581735833 0.671733582 -0.06 0.0 1.0 1.0 1.0 0.0 2.18 
0.0 0.324744404380747 0.737457248 0.12 0.2 1.0 0.981249999999999 0.990625 311.71 0.34 
1.0 0.0850302743642083 0.066270044 0.09 0.1 0.978947368421052 0.978947368421052 0.978947368 285.03 0.75 
0.0 0.0587439797867209 0.02937199 0.0 0.0 1.0 1.0 1.0 0.0 0.0 
1.0 0.0429694362376849 0.032229621 0.0 0.0 1.0 1.0 1.0 0.01 0.0 
0.0 0.0467492277569555 0.036457831 0.0 0.0 1.0 1.0 1.0 0.01 0.0 
1.0 0.0 0.0 0.0 0.0 1.0 1.0 1.0 0.0 0.0 
0.0 0.297980077655741 0.148990039 0.0 0.0 1.0 1.0 1.0 0.0 0.0 
1.0 0.0441224477355724 0.022061224 0.0 0.0 1.0 1.0 1.0 0.0 0.0 
0.0 0.467284094836369 0.233642047 -0.05 0.01 0.870662460567823 0.962145110410094 0.916403785 9.32 0.24 
1.0 0.399882415966745 0.305259984 -0.01 0.0 1.0 1.0 1.0 1.81 0.13 
0.0 0.021489805529056 0.089810114 0.0 0.0 1.0 0.996815286624203 0.998407643 0.03 0.01 
1.0 0.564863992019785 0.436406779 0.05 0.1 0.987179487179487 0.987179487179487 0.987179487 338.94 0.28 
0.0 0.140512235123853 0.070256118 0.0 0.0 1.0 0.963265306122448 0.981632653 0.0 0.0 
1.0 0.0835830637615662 0.041791532 0.03 0.03 0.995689655172413 0.995689655172413 0.995689655 232.0 0.25 
0.0 0.0414328681373426 0.156181333 0.02 0.02 1.0 1.0 1.0 143.53 0.12 
1.0 0.120510910297321 0.060255455 0.0 0.0 1.0 1.0 1.0 0.0 0.0 
0.0 0.0621928117929606 0.031096406 0.02 0.02 0.996688741721854 0.996688741721854 0.996688742 302.0 0.19 
1.0 0.761870743506642 0.380935372 0.0 0.08 1.0 0.237918215613382 0.618959108 33.16 0.36 
0.0 0.749601204475194 0.590520243 -0.03 0.05 1.0 0.997134670487106 0.998567335 113.49 0.33 
1.0 0.0 0.0 0.0 0.0 1.0 1.0 1.0 0.0 0.0 
0.0 0.690573247671722 0.445550792 -0.05 0.03 0.982142857142857 0.994897959183673 0.988520408 117.3 0.18 
1.0 0.658905609973488 0.340054093 0.0 0.0 1.0 1.0 1.0 0.59 0.02 
0.0 1.57758588036339 1.445258081 -0.02 0.26 0.928961748633879 0.991803278688524 0.960382514 343.34 0.06 
1.0 0.242442600614606 0.226044972 0.1 0.11 0.993736951983298 0.997912317327766 0.995824635 314.4 1.11 
0.0 0.0241288360030556 0.012064418 0.0 0.0 1.0 1.0 1.0 0.0 0.0 
1.0 0.862425975002266 0.431212988 0.0 0.0 1.0 1.0 1.0 0.0 0.0 
0.0 0.608819744380155 0.888120327 0.0 0.13 0.891752577319587 0.989690721649484 0.940721649 146.88 0.04 
1.0 0.269761622676472 0.198450178 0.06 0.07 0.990624999999999 0.990624999999999 0.990625 374.82 0.46 
0.0 0.329911761480464 0.719501534 0.04 0.19 0.932989690721649 0.956185567010309 0.944587629 286.05 0.15 
1.0 0.27591798285789 0.137958991 0.02 0.02 0.996688741721854 0.996688741721854 0.996688742 302.0 0.14 
0.0 0.0555380567855558 0.027769028 0.0 0.0 1.0 0.995689655172413 0.997844828 0.01 0.0 
1.0 0.0949241594483574 0.070249629 0.0 0.0 1.0 1.0 1.0 0.03 0.01 
0.0 0.0277783581726275 0.027778358 0.0 0.0 1.0 1.0 1.0 0.0 0.0 
1.0 0.944729522285407 0.624539254 0.02 0.16 0.914826498422712 0.962145110410094 0.938485804 224.37 0.33 
0.0 0.681728782484079 1.071902008 0.0 0.2 0.963302752293577 0.987767584097859 0.975535168 209.99 0.45 
1.0 0.0461365951180433 0.035976224 0.0 0.0 1.0 1.0 1.0 0.01 0.0 
0.0 0.0429694362376849 0.117433788 0.0 0.0 1.0 1.0 1.0 0.1 0.01 
1.0 0.0 0.0 0.0 0.0 1.0 1.0 1.0 0.0 0.0 
0.0 0.0851513859728799 0.093888886 -0.01 0.0 0.93125 0.9875 0.959375 0.91 0.09 
1.0 0.0428532780666871 0.232982776 0.02 0.03 1.0 0.996835443037974 0.998417722 327.79 0.19 
0.0 0.293749389949293 0.146874695 0.0 0.0 1.0 1.0 1.0 0.0 0.0 
1.0 0.0 0.0 0.0 0.0 1.0 1.0 1.0 0.0 0.0 
0.0 0.105609664534397 0.052804832 0.0 0.0 1.0 0.99375 0.996875 0.0 0.0 
1.0 0.743750789585327 1.288807715 0.19 0.74 0.511173184357541 0.533519553072625 0.522346369 473.19 0.53 
0.0 1.58204435782304 1.515229794 -0.05 0.43 0.901060070671378 0.992932862190812 0.946996466 460.89 0.41 
1.0 0.0842013440645039 0.073110666 0.25 0.29 0.929230769230769 0.929230769230769 0.929230769 811.96 1.78 
0.0 0.0 0.0 0.0 0.0 1.0 0.991111111111111 0.995555556 0.0 0.0 
1.0 0.609822626234592 1.202240862 0.04 0.19 1.0 0.997175141242937 0.998587571 184.94 0.49 
0.0 0.0286134400889394 0.01430672 0.03 0.03 0.982300884955752 0.991150442477876 0.986725664 83.24 0.42 
1.0 0.097861309246028 0.069262414 0.1 0.11 0.982404692082111 0.982404692082111 0.982404692 682.02 0.78 
0.0 0.0859155013346631 0.067739076 0.17 0.21 0.946938775510204 0.963265306122448 0.955102041 245.0 1.75 
1.0 0.0411950173244082 0.032094327 0.0 0.0 1.0 1.0 1.0 0.01 0.0 
0.0 0.0 0.0 0.0 0.0 1.0 1.0 1.0 0.0 0.0 
1.0 0.0445379124397734 0.078033754 0.1 0.14 0.959999999999999 0.963636363636363 0.961818182 249.1 1.31 
0.0 0.125463539216127 0.06273177 0.0 0.0 1.0 0.996323529411764 0.998161765 0.0 0.0 
1.0 1.27308896400644 1.183807793 0.0 0.24 1.0 1.0 1.0 567.21 1.01 
0.0 0.0914736159053586 0.130471823 -0.02 0.01 1.0 0.713836477987421 0.856918239 2.23 0.13 
1.0 0.572790721532204 0.869115564 -0.06 0.1 0.988603988603988 0.991452991452991 0.99002849 325.23 0.15 
0.0 0.0863062523442876 0.169428715 -0.06 0.02 0.90721649484536 0.909793814432989 0.908505155 6.97 0.32 
1.0 0.223944624762729 0.791572403 0.0 0.06 0.997267759562841 0.997267759562841 0.99726776 390.18 0.23 
0.0 0.874442075537194 0.437221038 -0.02 0.0 1.0 0.977198697068403 0.988599349 1.08 0.07 
1.0 0.688652287403887 0.344326144 0.0 0.0 1.0 1.0 1.0 0.0 0.0 
0.0 0.0 0.0 0.0 0.0 1.0 0.972677595628415 0.986338798 0.0 0.0 
1.0 0.11980085607378 0.059900428 0.0 0.0 1.0 1.0 1.0 0.0 0.0 
0.0 0.0277783581726275 0.013889179 0.0 0.0 1.0 1.0 1.0 0.0 0.0 
1.0 0.468965422650048 0.255567818 0.01 0.01 1.0 1.0 1.0 79.64 0.09 
0.0 0.545648829490156 0.272824415 -0.03 0.0 0.976973684210526 0.980263157894736 0.978618421 1.55 0.11 
1.0 0.710368202388891 0.368311944 0.06 0.1 0.980237154150197 0.980237154150197 0.980237154 254.62 0.3 
0.0 0.663900484476424 0.342695145 0.0 0.0 1.0 1.0 1.0 0.25 0.02 
1.0 1.69693954668667 1.544454533 0.46 1.15 0.97378277153558 0.97378277153558 0.973782772 1116.73 1.29 
0.0 0.0416737059285854 0.169091986 0.0 0.0 1.0 1.0 1.0 0.19 0.02 
1.0 0.0869592562665178 0.043479628 0.0 0.0 1.0 0.995999999999999 0.998 0.0 0.0 
0.0 0.388572007136366 0.281023781 -0.03 0.01 1.0 0.98473282442748 0.992366412 2.33 0.1 
1.0 0.0 0.0 0.0 0.0 1.0 1.0 1.0 0.0 0.0 
0.0 0.517165350026592 0.258582675 0.02 0.03 0.994845360824742 0.994845360824742 0.994845361 194.0 0.13 
1.0 0.0 0.0 0.48 0.55 0.237918215613382 0.237918215613382 0.237918216 269.0 0.48 
0.0 0.741718316647122 0.370859158 -0.01 0.0 1.0 0.994011976047904 0.997005988 0.8 0.02 
1.0 0.575082551404026 0.982196952 0.07 0.32 0.989041095890411 0.994520547945205 0.991780822 950.98 1.02 
0.0 0.0863062523442876 0.203381507 0.18 0.26 0.889175257731958 0.90721649484536 0.898195876 318.85 1.42 
1.0 0.446534089378031 0.311581204 0.0 0.01 1.0 1.0 1.0 2.48 0.18 
0.0 0.631606686419292 0.905083409 0.01 0.3 1.0 0.988130563798219 0.994065282 156.08 1.32 
1.0 0.0506455745968486 0.025322787 0.0 0.0 1.0 1.0 1.0 0.0 0.0 
0.0 0.093386970375234 0.056992843 0.0 0.0 1.0 0.993939393939393 0.996969697 0.02 0.0 
1.0 0.805578043115937 0.574872082 0.12 0.23 0.949612403100775 0.949612403100775 0.949612403 301.89 0.59 
0.0 0.0402723695891569 0.020136185 0.02 0.03 0.983333333333333 0.993333333333333 0.988333333 118.8 0.31 
1.0 0.0 0.0 0.0 0.0 1.0 1.0 1.0 0.0 0.0 
0.0 0.838455913773507 0.619326821 0.01 0.27 0.871134020618556 0.935567010309278 0.903350515 568.94 0.51 
1.0 0.36416639636829 0.182083198 0.0 0.0 1.0 1.0 1.0 0.0 0.0 
0.0 0.680889987266653 0.418885397 -0.05 0.01 1.0 0.946875 0.9734375 2.99 0.02 
1.0 0.129647276765605 0.064823638 0.0 0.0 1.0 1.0 1.0 0.0 0.0 
0.0 0.0217855061668038 0.076738531 0.0 0.0 1.0 1.0 1.0 0.03 0.0 
1.0 0.0668573928469679 0.033428696 0.0 0.0 1.0 1.0 1.0 0.0 0.0 
0.0 0.0287409193078362 0.01437046 0.0 0.0 1.0 1.0 1.0 0.0 0.0 
1.0 0.673272369552372 0.466894253 -0.01 0.02 1.0 1.0 1.0 12.85 0.01 
0.0 0.0451822529809104 0.184358911 -0.01 0.0 1.0 0.925 0.9625 0.8 0.08 
1.0 0.0434409002022211 0.566077873 0.01 0.02 0.996784565916398 0.996784565916398 0.996784566 312.19 0.01 
0.0 0.70505755944942 0.65699509 -0.01 0.03 1.0 0.996763754045307 0.998381877 15.83 0.37 
1.0 0.0211461152051303 0.096656988 0.0 0.0 1.0 1.0 1.0 0.04 0.01 
0.0 0.624113085137943 0.323354969 0.05 0.09 0.973597359735973 0.976897689768976 0.975247525 230.91 0.51 
1.0 0.0 0.0 0.0 0.0 1.0 1.0 1.0 0.0 0.0 
0.0 0.890561650446367 1.022868142 -0.14 0.17 0.896907216494845 0.963917525773195 0.930412371 327.14 0.4 
1.0 1.318938551287 1.181547293 0.13 0.54 1.0 1.0 1.0 483.61 0.04 
0.0 0.0196379309086819 0.637609475 0.0 0.0 1.0 1.0 1.0 3.66 0.02 
1.0 0.0 0.0 0.0 0.0 1.0 1.0 1.0 0.0 0.0 
0.0 0.038968982908286 0.019484491 0.0 0.0 1.0 1.0 1.0 0.0 0.0 
1.0 0.0419476776352413 0.031463162 0.0 0.0 1.0 1.0 1.0 0.01 0.0 
0.0 0.71215164216783 0.541149904 0.01 0.04 1.0 1.0 1.0 53.19 0.43 
1.0 0.0444179365905639 0.022208968 0.0 0.0 1.0 1.0 1.0 0.0 0.0 
0.0 0.0600239093195218 0.030011955 0.0 0.0 1.0 0.990445859872611 0.99522293 0.03 0.01 
1.0 0.0842013440645039 0.053207906 0.22 0.26 0.929230769230769 0.929230769230769 0.929230769 325.01 1.72 
0.0 0.499090087585846 0.368800172 0.01 0.03 1.0 0.996138996138996 0.998069498 104.14 0.15 
1.0 0.754464910048866 0.691022424 0.32 0.52 0.973333333333333 0.975999999999999 0.974666667 928.59 2.0 
0.0 0.637493033975271 0.504280818 0.06 0.11 0.957831325301204 0.975903614457831 0.96686747 211.29 0.45 
1.0 0.710658978106077 0.366045336 0.02 0.02 1.0 0.993690851735015 0.996845426 159.35 0.04 
0.0 0.808627497424305 1.03030368 0.15 0.39 0.989690721649484 0.997422680412371 0.993556701 436.18 1.86 
1.0 0.443410223852582 0.729075961 0.03 0.1 1.0 1.0 1.0 257.15 0.2 
0.0 0.0586151312253593 0.039796889 0.0 0.0 1.0 1.0 1.0 0.01 0.0 
1.0 0.706730046697426 0.429921358 0.0 0.0 1.0 1.0 1.0 1.36 0.09 
0.0 0.991294331494613 0.567979598 -0.01 0.01 1.0 0.993421052631578 0.996710526 3.83 0.19 
1.0 0.325829978783912 0.172409513 0.11 0.14 0.967999999999999 0.967999999999999 0.968 375.08 0.88 
0.0 0.764223250704448 0.382111625 -0.01 0.01 1.0 0.988023952095808 0.994011976 1.36 0.06 
1.0 0.0842013440645039 0.042100672 0.0 0.0 1.0 1.0 1.0 0.0 0.0 
0.0 0.0215482557268673 0.106723198 0.01 0.01 1.0 0.996815286624203 0.998407643 20.04 0.13 
1.0 0.0419476776352413 0.153413706 0.0 0.0 1.0 1.0 1.0 0.11 0.01 
0.0 0.0743499815374808 0.056760907 0.0 0.0 1.0 1.0 1.0 0.02 0.0 
1.0 0.0 0.0 0.01 0.01 0.966244725738396 0.995780590717299 0.981012658 28.75 0.21 
0.0 0.838455913773507 1.045217888 0.06 0.4 0.935567010309278 0.989690721649484 0.962628866 532.88 1.37 
1.0 0.0339166607759742 0.01695833 0.03 0.03 0.994565217391304 0.994565217391304 0.994565217 184.0 0.35 
0.0 0.243142923077077 0.121571462 0.0 0.0 1.0 1.0 1.0 0.0 0.0 
1.0 0.0 0.0 0.0 0.0 1.0 1.0 1.0 0.0 0.0 
0.0 0.0 0.0 0.0 0.0 1.0 1.0 1.0 0.0 0.0 
1.0 0.369205600782166 0.252678045 0.22 0.31 0.909793814432989 0.909793814432989 0.909793814 388.91 1.46 
0.0 2.17097773748393 1.085488869 0.0 0.0 1.0 1.0 1.0 0.0 0.0 
1.0 0.245664480705209 0.958902458 0.0 0.08 1.0 0.996527777777777 0.998263889 185.97 0.03 
0.0 1.26953788087595 0.694278633 -0.06 0.03 1.0 0.967930029154518 0.983965015 14.15 0.15 
1.0 0.0 0.0 0.0 0.0 1.0 1.0 1.0 0.0 0.0 
0.0 0.045443337874946 0.111962211 0.0 0.0 1.0 0.996610169491525 0.998305085 0.11 0.01 
1.0 1.39911715517933 1.399117155 -0.57 0.0 0.994609164420485 0.994609164420485 0.994609164 0.0 0.81 
0.0 0.836902271913767 0.833430251 -0.06 0.1 0.943298969072164 0.997422680412371 0.970360825 207.78 0.13 
1.0 0.730376373135806 0.441724022 0.01 0.03 1.0 1.0 1.0 19.83 0.28 
0.0 0.0 0.0 0.43 0.67 0.537234042553191 0.539893617021276 0.53856383 372.0 2.13 
1.0 0.02661932885159 0.026619329 0.05 0.05 0.995918367346938 0.995918367346938 0.995918367 490.0 0.43 
0.0 0.0239068963031024 0.011953448 0.0 0.0 1.0 1.0 1.0 0.0 0.0 
1.0 0.255429986523709 0.239492105 0.17 0.19 1.0 1.0 1.0 1276.97 1.14 
0.0 0.0222772335300707 0.011138617 0.02 0.02 0.996688741721854 0.996688741721854 0.996688742 302.0 0.21 
1.0 0.457338643081064 1.000564548 0.07 0.75 0.515306122448979 0.989795918367346 0.75255102 546.42 0.14 
0.0 0.167101363527827 0.083550682 0.0 0.0 1.0 1.0 1.0 0.0 0.0 
1.0 0.798195478142292 0.527754396 -0.02 0.03 0.976623376623376 0.997402597402597 0.987012987 64.53 0.21 
0.0 0.0300923446103394 0.03003255 0.0 0.0 1.0 0.995283018867924 0.997641509 0.01 0.0 
1.0 0.0 0.0 0.0 0.0 1.0 1.0 1.0 0.0 0.0 
0.0 0.0709282768372622 0.320818974 0.0 0.0 1.0 1.0 1.0 0.63 0.04 
1.0 0.481748052467498 0.461079838 0.23 0.42 1.0 0.988805970149253 0.994402985 260.39 2.52 
0.0 0.405714574961642 0.220806802 0.0 0.0 1.0 0.991228070175438 0.995614035 0.33 0.03 
1.0 0.0 0.0 0.0 0.0 1.0 1.0 1.0 0.0 0.0 
0.0 0.0 0.0 0.0 0.0 1.0 1.0 1.0 0.0 0.0 
1.0 0.0843156439093984 0.1419459 0.0 0.0 1.0 1.0 1.0 0.25 0.03 
0.0 0.671733581735833 0.982798813 -0.06 0.11 1.0 0.996240601503759 0.998120301 50.67 0.4 
1.0 0.990882265262347 0.495441133 0.07 0.13 0.971518987341772 0.971518987341772 0.971518987 316.0 0.32 
0.0 0.74804818024726 0.384513413 0.0 0.0 1.0 1.0 1.0 1.14 0.01 
1.0 0.0427377908806097 0.032027133 0.0 0.0 1.0 0.996845425867507 0.998422713 0.01 0.0 
0.0 0.13717313738071 0.068586569 0.0 0.0 1.0 0.978540772532188 0.989270386 0.0 0.0 
1.0 0.266950581287627 0.143465565 0.0 0.0 1.0 1.0 1.0 0.06 0.01 
0.0 0.0451434736965272 0.125667762 0.01 0.05 1.0 0.570175438596491 0.785087719 25.2 0.53 
1.0 0.580375740203466 0.801192981 -0.01 0.14 1.0 1.0 1.0 70.12 0.32 
0.0 0.0650626405333834 0.046320169 0.0 0.0 1.0 1.0 1.0 0.01 0.0 
1.0 0.075467916829079 0.056709091 0.0 0.0 1.0 0.993788819875776 0.99689441 0.03 0.01 
0.0 0.675764335158092 0.337882168 -0.01 0.0 0.982078853046595 0.989247311827956 0.985663082 0.36 0.02 
1.0 0.976799969132661 1.324470202 0.11 0.37 1.0 0.996527777777777 0.998263889 533.32 0.15 
0.0 0.0 0.0 -0.01 0.0 0.935672514619882 0.991228070175438 0.963450292 0.21 0.02 
1.0 0.0 0.0 0.0 0.0 1.0 1.0 1.0 0.0 0.0 
0.0 0.0277783581726275 0.077265963 0.0 0.0 1.0 1.0 1.0 0.02 0.01 
1.0 0.0690585676413284 0.069058568 0.0 0.0 1.0 1.0 1.0 0.0 0.58 
0.0 0.461097186127269 0.800364864 -0.07 0.24 1.0 0.938775510204081 0.969387755 123.82 0.46 
1.0 0.0 0.0 0.0 0.0 1.0 1.0 1.0 0.0 0.0 
0.0 0.0920157819756407 0.062661447 0.0 0.01 0.979057591623036 0.984293193717277 0.981675393 14.57 0.17 
1.0 0.0212593629087996 0.021259363 0.04 0.04 0.996865203761755 0.996865203761755 0.996865204 638.0 0.38 
0.0 0.706953342436472 0.353476671 0.0 0.0 1.0 0.978947368421052 0.989473684 0.0 0.0 
1.0 0.0576228878985421 0.117260695 0.06 0.13 0.972677595628415 0.978142076502732 0.975409836 366.03 0.85 
0.0 0.288211390110029 0.211577944 -0.01 0.0 0.993690851735015 0.996845425867507 0.995268139 0.66 0.06 
1.0 0.698586178962421 0.666977167 -0.01 0.05 1.0 0.994366197183098 0.997183099 163.78 0.11 
0.0 0.0586151312253593 0.040804384 -0.01 0.0 1.0 0.897832817337461 0.948916409 0.36 0.03 
1.0 0.135793958751593 0.067896979 0.04 0.04 0.993311036789297 0.993311036789297 0.993311037 299.0 0.32 
0.0 0.0641154300769788 0.17643022 0.0 0.0 1.0 1.0 1.0 0.25 0.03 
