1.0 0.164313253538926 0.082156627 0.0 0.0 1.0 1.0 1.0 0.0 0.0 
0.0 0.149639151059128 0.074819576 0.0 0.0 0.946428571428571 0.995535714285714 0.970982143 0.08 0.01 
1.0 0.0209786462403052 0.010489323 0.0 0.0 1.0 1.0 1.0 0.0 0.0 
0.0 0.181292378441966 0.760239705 0.01 0.04 1.0 1.0 1.0 34.16 0.09 
1.0 0.567694301201245 0.283847151 0.0 0.0 1.0 1.0 1.0 0.0 0.0 
0.0 0.233720995367765 0.176331032 0.09 0.09 1.0 0.977987421383647 0.988993711 266.64 0.7 
1.0 0.933384669133901 0.544464545 0.02 0.03 1.0 1.0 1.0 339.87 0.1 
0.0 0.68099914326541 0.440657154 -0.03 0.04 0.993690851735015 0.993690851735015 0.993690852 103.15 0.25 
1.0 1.48940317755697 1.337316616 0.11 0.31 0.997267759562841 0.997267759562841 0.99726776 559.17 0.41 
0.0 0.0217855061668038 0.010892753 0.0 0.0 1.0 1.0 1.0 0.0 0.0 
1.0 0.0646970605935975 0.050129652 0.12 0.12 0.97286012526096 0.97286012526096 0.972860125 479.02 0.94 
0.0 0.288745009673037 0.248353683 0.05 0.07 1.0 1.0 1.0 137.33 0.6 
1.0 0.84749234873978 0.799275518 0.0 0.24 1.0 1.0 1.0 163.32 0.01 
0.0 0.136150489851607 0.6517857 0.12 0.26 0.891752577319587 0.909793814432989 0.900773196 311.91 0.61 
1.0 0.846039359308129 0.761957918 0.0 0.15 0.959183673469387 0.983673469387755 0.971428571 257.96 0.23 
0.0 0.646441108258634 0.405377181 0.0 0.02 1.0 1.0 1.0 6.32 0.13 
1.0 0.0882701884630966 0.080129837 0.0 0.0 1.0 1.0 1.0 0.06 0.01 
0.0 0.099623389466162 0.405438095 0.0 0.01 1.0 1.0 1.0 10.93 0.21 
1.0 0.0 0.0 0.0 0.0 1.0 1.0 1.0 0.0 0.0 
0.0 0.779478842749047 0.51601501 0.02 0.1 1.0 0.909793814432989 0.954896907 295.27 0.04 
1.0 0.837457844093488 0.746652747 0.11 0.26 0.961988304093567 0.964912280701754 0.963450292 454.45 0.86 
0.0 0.0557409191195386 0.137426594 0.0 0.0 0.995689655172413 0.995689655172413 0.995689655 0.18 0.03 
1.0 0.225093120467056 0.11254656 0.0 0.0 1.0 1.0 1.0 0.0 0.0 
0.0 0.568250342771362 0.295017924 0.0 0.0 1.0 1.0 1.0 0.22 0.02 
1.0 0.0204403588084492 0.020440359 0.0 0.0 1.0 1.0 1.0 0.0 0.0 
0.0 0.646441108258634 0.393696437 0.01 0.02 1.0 1.0 1.0 33.63 0.1 
1.0 0.0748929709006422 0.087835181 0.0 0.0 1.0 0.991428571428571 0.995714286 0.12 0.02 
0.0 0.131691556532417 0.065845778 0.0 0.0 1.0 0.996763754045307 0.998381877 0.03 0.0 
1.0 0.942622708034918 0.568089466 0.05 0.13 0.98501872659176 0.98876404494382 0.986891386 434.9 0.47 
0.0 0.241590515729618 0.177735451 0.03 0.1 1.0 0.966666666666666 0.983333333 242.64 0.85 
1.0 0.040160163405664 0.040160163 0.0 0.0 1.0 1.0 1.0 0.0 0.39 
0.0 0.152511427692563 0.076255714 0.0 0.0 1.0 1.0 1.0 0.0 0.0 
1.0 0.0618485037323465 0.030924252 0.0 0.0 1.0 1.0 1.0 0.0 0.0 
0.0 0.0851513859728799 0.750327557 -0.06 0.04 1.0 0.93125 0.965625 21.05 0.32 
1.0 0.0612323647247525 0.030616182 0.0 0.0 1.0 1.0 1.0 0.0 0.0 
0.0 0.1731597557551 0.086579878 0.11 0.13 0.971786833855799 0.971786833855799 0.971786834 319.0 0.9 
1.0 0.300802356802308 0.150401178 0.0 0.0 1.0 1.0 1.0 0.0 0.0 
0.0 0.283271941237828 0.203872365 -0.01 0.0 0.960339943342776 0.983002832861189 0.971671388 1.53 0.1 
1.0 0.994849321286294 0.609971221 0.0 0.06 1.0 1.0 1.0 72.03 0.24 
0.0 0.300284761735227 0.27641797 0.0 0.03 0.909793814432989 0.997422680412371 0.953608247 114.76 0.08 
1.0 0.048641233763665 0.102676593 0.03 0.03 0.994413407821229 0.994413407821229 0.994413408 358.12 0.21 
0.0 0.0649108086393813 0.086585377 0.0 0.0 1.0 1.0 1.0 0.05 0.01 
1.0 0.11433803820386 0.114338038 0.0 0.0 1.0 1.0 1.0 0.0 0.8 
0.0 0.288211390110029 0.154763933 0.0 0.0 1.0 0.996845425867507 0.998422713 0.07 0.01 
1.0 0.192963516266653 0.698221969 0.01 0.13 0.982608695652173 0.982608695652173 0.982608696 379.34 0.38 
0.0 0.02427927049306 0.012139635 0.0 0.0 1.0 1.0 1.0 0.0 0.0 
1.0 0.673191465296606 1.364714719 0.16 0.51 0.987179487179487 0.990384615384615 0.988782051 711.63 0.51 
0.0 0.779478842749047 0.986512854 -0.01 0.1 1.0 0.899484536082474 0.949742268 199.49 0.29 
1.0 0.272597785242234 0.148870928 0.0 0.0 1.0 0.963099630996309 0.981549815 0.96 0.09 
0.0 0.0202845880542838 0.010142294 -0.01 0.0 0.885964912280701 0.982456140350877 0.934210526 0.92 0.08 
1.0 0.230620583898675 0.115310292 0.0 0.0 1.0 1.0 1.0 0.0 0.0 
0.0 0.0 0.0 0.0 0.0 1.0 1.0 1.0 0.0 0.0 
1.0 0.246477880509855 0.12323894 0.0 0.0 1.0 1.0 1.0 0.0 0.0 
0.0 0.0863062523442876 0.072742418 -0.05 0.01 0.894329896907216 0.90721649484536 0.900773196 6.02 0.29 
1.0 0.149583774342253 0.149583774 0.0 0.0 0.994301994301994 0.994301994301994 0.994301994 0.0 1.26 
0.0 0.0616067104727896 0.030803355 0.0 0.0 1.0 1.0 1.0 0.0 0.0 
1.0 0.23878845417949 0.128756612 0.05 0.05 0.994609164420485 0.994609164420485 0.994609164 742.0 0.38 
0.0 0.39128385161505 0.303984858 -0.07 0.02 0.867507886435331 0.977917981072555 0.922712934 31.29 0.0 
1.0 0.0485286554060802 0.037857115 0.0 0.0 1.0 1.0 1.0 0.01 0.0 
0.0 0.0222772335300707 0.74071231 -0.01 0.01 0.996688741721854 0.996688741721854 0.996688742 4.89 0.01 
1.0 0.0810482611891956 0.192947382 0.03 0.03 0.996845425867507 0.996845425867507 0.996845426 369.18 0.22 
0.0 0.0 0.0 0.0 0.0 1.0 1.0 1.0 0.0 0.0 
1.0 0.342104185004753 0.342104185 -0.06 0.0 0.972350230414746 0.972350230414746 0.97235023 0.0 2.23 
0.0 0.464383292171582 0.232191646 0.0 0.0 1.0 1.0 1.0 0.0 0.0 
1.0 0.0869702138539891 0.148803883 0.0 0.0 1.0 1.0 1.0 0.27 0.03 
0.0 0.680889987266653 0.391758186 -0.01 0.01 1.0 0.9875 0.99375 6.79 0.01 
1.0 0.740510656554896 0.370255328 0.0 0.0 1.0 1.0 1.0 0.0 0.0 
0.0 0.900559505827091 1.174487368 -0.03 0.21 0.901060070671378 0.992932862190812 0.946996466 385.77 0.18 
1.0 0.259289072081916 0.129644536 0.04 0.06 0.98019801980198 0.986798679867986 0.98349835 200.65 0.51 
0.0 0.197234188851495 0.098617094 0.0 0.0 1.0 1.0 1.0 0.0 0.0 
1.0 0.0616067104727896 0.320125196 0.0 0.0 1.0 0.99250936329588 0.996254682 0.37 0.04 
0.0 0.117000812919574 0.115097461 0.0 0.0 1.0 1.0 1.0 0.11 0.02 
1.0 0.0217855061668038 0.076738531 0.0 0.0 1.0 1.0 1.0 0.03 0.0 
0.0 0.461097186127269 0.353067518 -0.02 0.01 1.0 0.938775510204081 0.969387755 3.74 0.14 
1.0 0.0232665787339596 0.011633289 0.0 0.0 1.0 1.0 1.0 0.0 0.0 
0.0 0.329911761480464 0.173924586 0.0 0.01 1.0 0.932989690721649 0.966494845 9.51 0.09 
1.0 0.607103801952931 0.399890005 0.22 0.29 0.940721649484536 0.943298969072164 0.942010309 708.45 1.31 
0.0 0.835308213732725 0.471648116 -0.03 0.02 0.904225352112676 0.997183098591549 0.950704225 12.22 0.04 
1.0 0.652909680422881 0.344273661 0.0 0.0 1.0 1.0 1.0 0.53 0.05 
0.0 0.281198134803726 0.24019685 -0.03 0.01 0.90721649484536 0.997422680412371 0.952319588 3.13 0.19 
1.0 0.716878876245362 0.588663494 0.1 0.18 0.97682119205298 0.97682119205298 0.976821192 419.73 0.12 
0.0 0.0605098655008391 0.041117768 0.0 0.0 1.0 0.996784565916398 0.998392283 0.02 0.0 
1.0 0.0 0.0 0.0 0.0 1.0 0.984210526315789 0.992105263 0.0 0.0 
0.0 0.588949300486855 0.519939274 -0.02 0.02 1.0 0.994301994301994 0.997150997 48.1 0.23 
1.0 0.78234378781173 0.602728031 0.02 0.04 1.0 1.0 1.0 324.37 0.31 
0.0 0.0727003585248474 0.036350179 0.0 0.0 1.0 1.0 1.0 0.0 0.0 
1.0 0.0 0.0 0.0 0.0 1.0 1.0 1.0 0.0 0.0 
0.0 0.0533041793821901 0.049308286 0.0 0.0 1.0 0.996610169491525 0.998305085 0.02 0.0 
1.0 0.0461365951180433 0.035976224 0.0 0.0 1.0 1.0 1.0 0.01 0.0 
0.0 0.0469051485823969 0.023452574 0.0 0.0 1.0 0.96875 0.984375 0.0 0.0 
1.0 0.758550205750609 0.446041303 0.0 0.02 0.996874999999999 0.996874999999999 0.996875 321.63 0.01 
0.0 0.021489805529056 0.010744903 0.0 0.0 1.0 1.0 1.0 0.0 0.0 
1.0 0.634868788780462 0.37728683 -0.01 0.01 1.0 1.0 1.0 2.19 0.12 
0.0 0.0210341526104483 0.010517076 0.0 0.0 1.0 1.0 1.0 0.0 0.0 
1.0 0.343139337552586 0.171569669 0.0 0.0 1.0 1.0 1.0 0.0 0.0 
0.0 0.0516160194702958 0.02580801 0.0 0.01 1.0 0.521739130434782 0.760869565 2.01 0.0 
1.0 1.31542818210934 1.228770721 -0.06 0.35 1.0 1.0 1.0 496.13 1.12 
0.0 0.1991955645715 0.725587714 -0.06 0.09 0.90721649484536 0.989690721649484 0.948453608 403.99 0.03 
1.0 0.0239803879696605 0.011990194 0.0 0.0 1.0 1.0 1.0 0.0 0.0 
0.0 0.0 0.0 0.0 0.0 1.0 0.989690721649484 0.994845361 0.0 0.0 
1.0 0.65548853629439 0.327744268 0.22 0.64 0.663043478260869 0.663043478260869 0.663043478 184.0 1.63 
0.0 0.0697628876274181 0.096761519 0.0 0.0 1.0 0.993006993006993 0.996503497 0.09 0.01 
1.0 0.270929797960533 0.267751589 0.04 0.06 1.0 1.0 1.0 225.38 0.31 
0.0 0.0265274065792525 0.013263703 0.0 0.0 1.0 1.0 1.0 0.0 0.0 
1.0 0.0263455923390652 0.013172796 0.0 0.0 1.0 1.0 1.0 0.0 0.0 
0.0 0.734955557406933 0.951188234 -0.22 0.09 0.886597938144329 0.891752577319587 0.889175258 68.01 0.19 
1.0 0.948524432921163 1.007600358 0.15 0.45 1.0 0.991452991452991 0.995726496 370.22 1.79 
0.0 0.0591785835882164 1.034710006 -0.02 0.17 0.760309278350515 0.894329896907216 0.827319588 264.23 0.2 
1.0 0.994849321286294 0.507243626 0.0 0.0 1.0 1.0 1.0 1.02 0.01 
0.0 0.0473797407778977 0.02368987 0.0 0.0 0.991902834008097 0.995951417004048 0.993927126 0.02 0.0 
1.0 0.984403653855708 0.802619361 -0.1 0.02 1.0 1.0 1.0 14.02 0.01 
0.0 0.116621400474231 0.0583107 0.0 0.0 1.0 1.0 1.0 0.0 0.0 
1.0 0.74804818024726 0.440099987 -0.02 0.02 1.0 1.0 1.0 7.56 0.03 
0.0 0.0895481549283223 0.055944267 0.0 0.0 1.0 0.996666666666666 0.998333333 0.02 0.0 
1.0 0.0870995231917752 0.05504658 0.19 0.33 0.897832817337461 0.897832817337461 0.897832817 323.02 2.04 
0.0 0.339359423248505 0.840989131 -0.03 0.05 0.894329896907216 0.997422680412371 0.945876289 86.44 0.28 
1.0 0.773916484522718 0.513009133 0.01 0.2 1.0 0.762541806020066 0.881270903 152.52 0.41 
0.0 0.227500014573539 0.209535468 0.0 0.0 1.0 1.0 1.0 0.78 0.06 
1.0 0.0745300361366993 0.170630978 0.0 0.0 1.0 1.0 1.0 0.21 0.02 
0.0 0.0863128372055108 0.282169125 0.0 0.0 1.0 0.996960486322188 0.998480243 0.97 0.07 
1.0 0.0 0.0 0.0 0.0 1.0 1.0 1.0 0.0 0.0 
0.0 0.0497890274440154 0.208007669 -0.04 0.03 0.652329749103942 0.946236559139784 0.799283154 11.66 0.35 
1.0 0.0186384181703463 0.009319209 0.03 0.03 0.994623655913978 0.997311827956989 0.995967742 372.0 0.34 
0.0 0.838455913773507 0.838341586 0.01 0.3 0.90721649484536 0.935567010309278 0.921391753 497.76 0.67 
1.0 0.073565534361552 0.087897608 0.06 0.06 0.988095238095238 0.988095238095238 0.988095238 336.09 0.45 
0.0 0.0682000566160935 0.229741954 -0.05 0.03 0.867507886435331 0.974763406940063 0.921135647 53.43 0.2 
1.0 0.0348775115189437 0.086665756 0.07 0.07 0.986072423398328 0.986072423398328 0.986072423 359.07 0.54 
0.0 0.0 0.0 0.0 0.0 1.0 1.0 1.0 0.0 0.0 
1.0 0.021089974675165 0.073989737 0.0 0.0 1.0 1.0 1.0 0.02 0.0 
0.0 0.336788082190399 0.770231867 0.17 0.37 0.894329896907216 0.902061855670103 0.898195876 655.45 0.5 
1.0 0.0947884450940259 0.068937358 0.0 0.0 1.0 1.0 1.0 0.04 0.01 
0.0 0.0 0.0 0.0 0.0 1.0 1.0 1.0 0.0 0.0 
1.0 0.0199805477243617 0.009990274 0.0 0.0 1.0 1.0 1.0 0.0 0.0 
0.0 0.0246643208124894 0.01233216 0.0 0.0 1.0 1.0 1.0 0.0 0.0 
1.0 0.0842013440645039 0.053207906 0.22 0.26 0.929230769230769 0.929230769230769 0.929230769 325.01 1.72 
0.0 0.0383614089131149 0.038361409 0.0 0.0 1.0 1.0 1.0 0.0 0.25 
1.0 0.0 0.0 0.02 0.02 0.996268656716417 0.996268656716417 0.996268657 268.0 0.28 
0.0 0.0754017467854704 0.048359111 0.0 0.0 0.987421383647798 0.996855345911949 0.992138365 0.05 0.01 
1.0 0.0 0.0 0.0 0.0 1.0 1.0 1.0 0.0 0.0 
0.0 0.0891944327568476 0.077150423 0.0 0.0 0.986013986013986 0.996503496503496 0.991258741 0.12 0.02 
1.0 0.354051139344926 0.328538107 0.29 0.38 0.876865671641791 0.985074626865671 0.930970149 269.08 1.98 
0.0 0.0478007124750384 0.023900356 0.01 0.02 1.0 0.99638989169675 0.998194946 277.0 0.26 
1.0 0.658905609973488 0.340054093 0.0 0.0 1.0 1.0 1.0 0.59 0.02 
0.0 0.0980739054037547 0.049036953 0.0 0.0 1.0 1.0 1.0 0.0 0.0 
1.0 0.0440460714620383 0.101058843 0.03 0.04 1.0 1.0 1.0 354.99 0.29 
0.0 0.0764595424535969 0.158249186 -0.01 0.0 1.0 0.883280757097791 0.941640379 3.27 0.04 
1.0 0.0201313384327796 0.010065669 0.0 0.0 1.0 1.0 1.0 0.0 0.0 
0.0 0.252551178148966 1.131396303 0.01 0.27 0.760309278350515 0.909793814432989 0.835051546 696.82 0.24 
1.0 0.153071670710043 0.076535835 0.0 0.0 1.0 1.0 1.0 0.0 0.0 
0.0 0.712042783029343 0.496620459 -0.04 0.03 0.899484536082474 0.997422680412371 0.948453608 31.42 0.07 
1.0 0.893638497319326 0.459947091 0.02 0.05 0.991967871485943 0.995983935742971 0.993975904 249.0 0.1 
0.0 0.0278798704683955 0.013939935 0.0 0.0 1.0 0.995689655172413 0.997844828 0.0 0.0 
1.0 0.126930545341402 0.063465273 0.08 0.1 0.980544747081712 0.980544747081712 0.980544747 257.0 0.74 
0.0 0.663900484476424 0.34272437 0.01 0.02 1.0 0.996815286624203 0.998407643 161.92 0.17 
1.0 0.0842013440645039 0.053207906 0.22 0.26 0.929230769230769 0.929230769230769 0.929230769 325.01 1.72 
0.0 0.741718316647122 0.389167523 0.0 0.01 1.0 1.0 1.0 1.33 0.02 
1.0 0.655847649454573 0.338223182 0.1 0.17 0.964912280701754 0.964912280701754 0.964912281 455.31 0.94 
0.0 0.954786664104014 0.892512167 -0.02 0.2 1.0 1.0 1.0 248.88 0.38 
1.0 0.0 0.0 0.0 0.0 1.0 1.0 1.0 0.0 0.0 
0.0 0.557608043552023 0.3446498 0.05 0.06 1.0 1.0 1.0 55.83 0.66 
1.0 0.0553960351055113 0.027698018 0.0 0.0 1.0 1.0 1.0 0.0 0.0 
0.0 0.0847660757148099 0.151440856 0.0 0.0 1.0 0.845833333333333 0.922916667 0.4 0.03 
1.0 0.0528326312225924 0.026416316 0.0 0.0 1.0 1.0 1.0 0.0 0.0 
0.0 0.0 0.0 0.0 0.0 1.0 1.0 1.0 0.0 0.0 
1.0 0.0456883890739836 0.045688389 0.0 0.0 1.0 1.0 1.0 0.01 0.0 
0.0 0.712042783029343 0.498925166 -0.05 0.04 0.899484536082474 0.997422680412371 0.948453608 114.47 0.13 
1.0 0.0 0.0 0.0 0.0 0.991379310344827 0.995689655172413 0.993534483 0.01 0.0 
0.0 0.657776964838224 0.342721842 -0.02 0.01 0.593567251461988 0.985380116959064 0.789473684 4.31 0.06 
1.0 0.461830307393386 0.241268031 0.0 0.0 1.0 1.0 1.0 0.21 0.02 
0.0 0.0533840302767845 0.026692015 0.0 0.0 1.0 0.995283018867924 0.997641509 0.01 0.0 
1.0 0.351111851277779 0.304500618 0.17 0.2 1.0 1.0 1.0 176.72 1.65 
0.0 0.991294331494613 0.506692201 -0.01 0.0 1.0 0.993421052631578 0.996710526 2.21 0.04 
1.0 0.959416435265876 1.100646861 0.15 0.71 0.993569131832797 0.996784565916398 0.995176849 710.92 1.39 
0.0 0.314903356359905 0.839218663 -0.02 0.07 0.982954545454545 0.994318181818181 0.988636364 40.93 0.36 
1.0 0.0422824341559714 0.035632528 0.0 0.0 1.0 1.0 1.0 0.01 0.0 
0.0 0.019542337228798 0.730613676 -0.01 0.02 0.994318181818181 0.99715909090909 0.995738636 178.96 0.03 
1.0 0.0 0.0 0.0 0.0 1.0 1.0 1.0 0.0 0.0 
0.0 0.336788082190399 0.29466963 0.18 0.3 0.894329896907216 0.909793814432989 0.902061856 666.5 1.67 
1.0 0.454857520476061 0.237701579 0.12 0.16 0.965014577259475 0.965014577259475 0.965014577 348.58 0.81 
0.0 0.690573247671722 0.430214442 -0.02 0.02 0.994897959183673 0.994897959183673 0.994897959 13.42 0.06 
1.0 0.0608385728247732 0.321354196 0.02 0.02 0.996774193548387 0.996774193548387 0.996774194 311.12 0.0 
0.0 0.209647343987608 0.112308699 0.0 0.0 1.0 0.993736951983298 0.996868476 0.06 0.01 
1.0 0.155634101835094 0.661527506 0.21 0.36 0.891752577319587 0.894329896907216 0.893041237 540.13 0.58 
0.0 0.0714626537686691 0.035731327 0.0 0.0 1.0 0.996415770609318 0.998207885 0.0 0.0 
1.0 0.848952015449364 0.752686111 0.17 0.51 0.962264150943396 0.962264150943396 0.962264151 538.89 2.28 
0.0 0.0416737059285854 0.090022341 0.0 0.0 1.0 1.0 1.0 0.05 0.01 
1.0 0.914253887912841 0.771222404 0.19 0.26 1.0 1.0 1.0 338.73 1.41 
0.0 0.0682000566160935 0.229741954 -0.05 0.03 0.867507886435331 0.974763406940063 0.921135647 53.43 0.2 
1.0 0.0 0.0 0.0 0.0 1.0 1.0 1.0 0.0 0.0 
0.0 0.0272824787467599 0.013641239 0.0 0.0 1.0 1.0 1.0 0.0 0.0 
1.0 0.107919358405882 0.053959679 0.0 0.0 1.0 1.0 1.0 0.0 0.0 
0.0 0.0 0.0 0.0 0.0 1.0 1.0 1.0 0.0 0.0 
1.0 0.0721777615461715 0.336683452 0.0 0.0 1.0 1.0 1.0 1.5 0.09 
0.0 0.831372799847455 0.652171356 -0.05 0.07 1.0 0.982195845697329 0.991097923 32.21 0.46 
1.0 0.125463539216127 0.06273177 0.02 0.02 0.996323529411764 0.996323529411764 0.996323529 272.0 0.18 
0.0 0.585579064670683 0.502871851 0.08 0.12 1.0 0.994845360824742 0.99742268 524.95 0.6 
1.0 0.11980085607378 0.059900428 0.0 0.0 1.0 1.0 1.0 0.0 0.0 
0.0 0.0217256698617617 0.010862835 0.0 0.0 1.0 0.933734939759036 0.96686747 0.0 0.0 
1.0 0.0 0.0 0.0 0.0 1.0 1.0 1.0 0.0 0.0 
0.0 0.0 0.0 0.0 0.0 1.0 1.0 1.0 0.0 0.0 
