1.0 0.0 0.0 0.0 0.0 1.0 1.0 1.0 0.0 0.0 
0.0 0.807200669368473 0.531315328 -0.06 0.01 1.0 0.992957746478873 0.996478873 5.58 0.11 
1.0 0.667354627932219 0.667354628 -0.12 0.0 0.975342465753424 0.975342465753424 0.975342466 0.0 2.43 
0.0 0.465464541352562 0.232732271 0.0 0.0 1.0 1.0 1.0 0.0 0.0 
1.0 0.0186384181703463 0.009319209 0.03 0.03 0.994623655913978 0.997311827956989 0.995967742 372.0 0.34 
0.0 0.571149006534049 0.349139352 0.27 0.38 0.677551020408163 0.76734693877551 0.72244898 167.57 1.39 
1.0 0.14709604680912 0.147096047 -0.01 0.0 0.991935483870967 0.991935483870967 0.991935484 0.0 1.15 
0.0 0.0646097905956742 0.219032671 0.0 0.0 1.0 1.0 1.0 0.47 0.04 
1.0 0.0832846732333399 0.041642337 0.0 0.0 1.0 1.0 1.0 0.0 0.0 
0.0 0.740636982546526 0.370318491 0.0 0.0 1.0 1.0 1.0 0.0 0.0 
1.0 0.0742260696704329 0.357418646 -0.01 0.0 1.0 1.0 1.0 1.11 0.08 
0.0 0.203614267704588 0.976682738 0.0 0.03 1.0 0.997032640949554 0.99851632 42.99 0.12 
1.0 0.887495787832807 1.111973596 -0.04 0.31 0.922459893048128 0.994652406417112 0.95855615 226.19 0.04 
0.0 0.0 0.0 0.0 0.0 1.0 1.0 1.0 0.0 0.0 
1.0 0.727231450739409 0.455435298 0.04 0.08 0.985994397759103 0.988795518207282 0.987394958 362.33 0.12 
0.0 0.0419476776352413 0.032470657 0.0 0.0 1.0 0.897832817337461 0.948916409 0.24 0.02 
1.0 0.680889987266653 1.048196858 0.01 0.19 1.0 1.0 1.0 108.23 0.16 
0.0 0.585579064670683 0.894627358 -0.03 0.12 0.902061855670103 0.994845360824742 0.948453608 105.38 0.01 
1.0 0.0 0.0 0.0 0.0 1.0 1.0 1.0 0.0 0.0 
0.0 0.0600239093195218 0.099047793 0.0 0.0 1.0 0.990445859872611 0.99522293 0.1 0.01 
1.0 1.30511164817586 1.305111648 -0.43 0.0 0.992146596858638 0.992146596858638 0.992146597 0.0 0.16 
0.0 0.0377533684787965 0.018876684 0.0 0.0 1.0 0.968944099378882 0.98447205 0.03 0.01 
1.0 0.572790721532204 0.869115564 -0.06 0.1 0.988603988603988 0.991452991452991 0.99002849 325.23 0.15 
0.0 0.0 0.0 0.0 0.0 1.0 0.991228070175438 0.995614035 0.0 0.0 
1.0 0.225093120467056 0.11254656 0.0 0.0 1.0 1.0 1.0 0.0 0.0 
0.0 0.0613389110031691 0.279752223 -0.01 0.01 0.97452229299363 0.996815286624203 0.98566879 10.19 0.28 
1.0 0.0787435252182342 0.059507947 0.02 0.02 0.996655518394648 0.996655518394648 0.996655518 299.03 0.16 
0.0 0.710658978106077 0.463672421 0.0 0.03 1.0 0.977917981072555 0.988958991 14.65 0.04 
1.0 0.0386572159431509 0.019328608 0.23 0.34 0.891737891737891 0.891737891737891 0.891737892 351.0 2.23 
0.0 0.0 0.0 0.0 0.0 1.0 0.91640866873065 0.958204334 0.0 0.0 
1.0 0.120320359574276 0.06016018 0.09 0.1 0.980225988700564 0.980225988700564 0.980225989 354.0 0.72 
0.0 0.734955557406933 0.91858739 -0.19 0.1 0.886597938144329 0.899484536082474 0.893041237 75.62 0.23 
1.0 0.609822626234592 1.202240862 0.04 0.19 1.0 0.997175141242937 0.998587571 184.94 0.49 
0.0 0.129483952465766 0.605310876 -0.06 0.04 1.0 0.921875 0.9609375 15.25 0.51 
1.0 0.0230612269388944 0.023027432 0.0 0.0 1.0 0.996551724137931 0.998275862 0.01 0.0 
0.0 0.0277783581726275 0.013889179 0.0 0.0 1.0 0.987068965517241 0.993534483 0.01 0.0 
1.0 0.0900703892013119 0.272782437 0.0 0.0 1.0 1.0 1.0 1.04 0.08 
0.0 0.0649157045465794 0.131074947 0.0 0.0 1.0 1.0 1.0 0.14 0.02 
1.0 0.067494360609112 0.03374718 0.0 0.0 1.0 1.0 1.0 0.0 0.0 
0.0 0.0559453810900975 0.027972691 0.0 0.0 1.0 0.991379310344827 0.995689655 0.0 0.0 
1.0 0.817179769477342 0.526560801 0.04 0.09 0.996621621621621 0.996621621621621 0.996621622 446.43 0.31 
0.0 0.791302656485342 0.567324661 -0.03 0.05 1.0 0.991999999999999 0.996 34.59 0.21 
1.0 0.0634322669712523 0.060184746 0.02 0.04 0.996610169491525 0.996610169491525 0.996610169 392.67 0.33 
0.0 0.0808825795009111 0.04044129 0.0 0.0 1.0 0.99719887955182 0.99859944 0.0 0.0 
1.0 0.0980391132797319 0.049019557 0.0 0.0 1.0 1.0 1.0 0.0 0.0 
0.0 0.551079928086972 0.275539964 0.0 0.0 1.0 1.0 1.0 0.0 0.0 
1.0 0.0455410717570152 0.177074223 0.03 0.05 0.992277992277992 0.992277992277992 0.992277992 259.13 0.23 
0.0 0.711252800266253 0.3556264 0.0 0.0 1.0 1.0 1.0 0.0 0.0 
1.0 0.39128385161505 0.391283852 -0.34 0.0 0.867507886435331 0.867507886435331 0.867507886 0.0 2.67 
0.0 0.320456761663141 0.310370762 -0.02 0.01 0.889175257731958 0.997422680412371 0.943298969 14.03 0.16 
1.0 0.163023629494365 0.586772335 -0.01 0.02 1.0 1.0 1.0 4.77 0.29 
0.0 0.0690585676413284 0.034529284 0.0 0.0 1.0 1.0 1.0 0.0 0.0 
1.0 0.0754017467854704 0.154561371 0.11 0.12 0.977987421383647 0.987421383647798 0.982704403 453.41 0.81 
0.0 0.0 0.0 0.0 0.0 1.0 1.0 1.0 0.0 0.0 
1.0 0.0289826220377758 0.014491311 0.0 0.0 1.0 1.0 1.0 0.0 0.0 
0.0 0.694282668498343 1.352262048 0.01 0.13 0.760309278350515 0.994845360824742 0.87757732 367.41 0.04 
1.0 0.0352109907044965 0.030976483 0.0 0.0 1.0 1.0 1.0 0.01 0.0 
0.0 0.0451822529809104 0.073904319 -0.01 0.0 0.925 0.9875 0.95625 0.91 0.1 
1.0 0.0619860642827818 0.030993032 0.06 0.06 0.988805970149253 0.988805970149253 0.98880597 268.0 0.5 
0.0 0.0327206861068792 0.115081305 0.02 0.02 1.0 1.0 1.0 31.0 0.24 
1.0 0.0773036079807894 0.052540983 0.0 0.0 1.0 1.0 1.0 0.01 0.0 
0.0 0.759373400086454 0.986452182 -0.07 0.13 0.979710144927536 0.994202898550724 0.986956522 199.81 0.14 
1.0 0.909661043781435 0.79376876 0.07 0.21 0.959183673469387 0.959183673469387 0.959183673 270.36 0.31 
0.0 0.849195285639652 1.231278905 0.02 0.24 1.0 1.0 1.0 105.57 0.39 
1.0 1.38158133418359 1.380418018 0.09 0.77 0.802325581395348 0.953488372093023 0.877906977 189.01 0.33 
0.0 0.422615274913311 0.278943822 0.0 0.01 1.0 1.0 1.0 14.45 0.01 
1.0 0.890979672632821 0.757546379 0.13 0.41 0.867986798679867 0.973597359735973 0.920792079 523.26 1.31 
0.0 0.0731281173561998 0.119121642 0.02 0.02 1.0 0.995967741935483 0.997983871 123.55 0.15 
1.0 0.944729522285407 0.624539254 0.02 0.16 0.914826498422712 0.962145110410094 0.938485804 224.37 0.33 
0.0 0.0209786462403052 0.010489323 0.0 0.0 0.996913580246913 0.996913580246913 0.99691358 0.01 0.0 
1.0 0.0 0.0 0.05 0.05 0.991111111111111 0.991111111111111 0.991111111 225.0 0.47 
0.0 0.735999002523472 0.735999003 -0.31 0.0 0.986928104575163 0.986928104575163 0.986928105 0.0 0.33 
1.0 0.0 0.0 0.0 0.0 1.0 1.0 1.0 0.0 0.0 
0.0 0.0528557352350406 0.026427868 0.0 0.0 1.0 1.0 1.0 0.0 0.0 
1.0 0.0 0.0 0.09 0.09 0.981191222570532 0.981191222570532 0.981191223 319.0 0.82 
0.0 1.39911715517933 0.699558578 -0.03 0.01 0.986522911051212 0.994609164420485 0.990566038 5.93 0.09 
1.0 0.0 0.0 0.0 0.0 0.995575221238938 0.995575221238938 0.995575221 0.0 0.3 
0.0 0.0429247950234865 0.076159326 0.01 0.02 1.0 0.99638989169675 0.998194946 277.03 0.18 
1.0 0.494444078994312 0.391594544 0.02 0.04 1.0 1.0 1.0 75.71 0.23 
0.0 1.24302146417833 0.621510732 0.0 0.0 1.0 1.0 1.0 0.0 0.0 
1.0 0.0 0.0 0.0 0.0 1.0 1.0 1.0 0.0 0.0 
0.0 0.280078744630632 0.140039372 0.0 0.0 1.0 0.922600619195046 0.96130031 0.0 0.0 
1.0 0.0 0.0 0.0 0.0 1.0 1.0 1.0 0.0 0.0 
0.0 0.106644096151696 0.053322048 0.0 0.0 1.0 0.997455470737913 0.998727735 0.0 0.0 
1.0 0.0212593629087996 0.021259363 0.04 0.04 0.996865203761755 0.996865203761755 0.996865204 638.0 0.38 
0.0 0.572526646278776 0.427951439 0.02 0.06 1.0 0.984423676012461 0.992211838 43.32 0.7 
1.0 0.0778960719318748 0.058432527 0.04 0.04 1.0 1.0 1.0 310.0 0.35 
0.0 0.0258158521548772 0.012907926 0.0 0.0 1.0 0.996047430830039 0.998023715 0.0 0.0 
1.0 0.640611221974637 0.622089444 0.0 0.08 1.0 1.0 1.0 87.85 0.42 
0.0 0.576650295333497 0.534742846 -0.02 0.03 1.0 0.997455470737913 0.998727735 18.47 0.14 
1.0 0.834694147442099 0.436937005 0.01 0.02 1.0 0.996763754045307 0.998381877 309.63 0.03 
0.0 0.0764127049519044 0.038206352 0.0 0.0 1.0 1.0 1.0 0.0 0.0 
1.0 0.0202332278371195 0.061094441 0.0 0.0 1.0 0.997032640949554 0.99851632 0.02 0.0 
0.0 0.838455913773507 0.97377361 0.2 0.66 0.935567010309278 0.956185567010309 0.945876289 1041.97 1.74 
1.0 0.288211390110029 0.154821542 0.03 0.04 0.993690851735015 0.996845425867507 0.995268139 317.06 0.23 
0.0 0.57640593604551 0.288202968 0.0 0.0 1.0 1.0 1.0 0.0 0.0 
1.0 0.0583116684022933 0.029155834 0.0 0.0 1.0 0.996932515337423 0.998466258 0.0 0.0 
0.0 0.02427927049306 0.012139635 0.0 0.0 1.0 1.0 1.0 0.0 0.0 
1.0 0.894240954447346 0.794019519 0.33 0.81 0.893103448275862 0.903448275862068 0.898275862 663.42 0.92 
0.0 0.720242086623066 0.693143904 0.15 0.34 0.909793814432989 0.909793814432989 0.909793814 415.78 0.29 
1.0 0.877425738443004 0.469052877 0.02 0.07 0.989090909090909 0.989090909090909 0.989090909 277.39 0.06 
0.0 0.0 0.0 0.02 0.02 0.996632996632996 0.996632996632996 0.996632997 297.0 0.24 
1.0 0.692069686917751 0.359676083 0.02 0.03 0.995798319327731 0.995798319327731 0.995798319 239.11 0.08 
0.0 0.0832790147097544 0.055528686 0.0 0.0 1.0 1.0 1.0 0.01 0.0 
1.0 0.874442075537194 0.793296859 0.04 0.12 1.0 1.0 1.0 100.76 0.9 
0.0 0.0209786462403052 0.020978646 0.0 0.0 1.0 1.0 1.0 0.0 0.0 
1.0 0.0434409002022211 0.21630821 0.02 0.03 0.962025316455696 0.981012658227848 0.971518987 44.39 0.25 
0.0 0.0322952391734162 0.01614762 0.0 0.0 1.0 1.0 1.0 0.0 0.0 
1.0 0.0 0.0 0.0 0.0 1.0 1.0 1.0 0.0 0.0 
0.0 1.82132069437081 0.910660347 0.0 0.0 1.0 1.0 1.0 0.0 0.0 
1.0 0.109393857253219 0.054696929 0.0 0.0 1.0 1.0 1.0 0.0 0.0 
0.0 0.0898033804732823 0.110922046 0.04 0.13 0.883280757097791 0.940063091482649 0.911671924 143.98 1.19 
1.0 0.0 0.0 0.0 0.0 1.0 1.0 1.0 0.0 0.0 
0.0 0.0666103668986602 0.308199941 0.4 0.52 0.798941798941798 0.928571428571428 0.863756614 1125.65 2.35 
1.0 0.0222144687344339 0.022214469 0.0 0.0 1.0 1.0 1.0 0.0 0.22 
0.0 2.01024142777587 1.984875803 0.09 0.75 0.760309278350515 0.945876288659793 0.853092784 1028.86 0.03 
1.0 0.0411950173244082 0.032094327 0.0 0.0 1.0 1.0 1.0 0.01 0.0 
0.0 0.63175395502762 0.389425001 0.01 0.03 1.0 0.991935483870967 0.995967742 13.01 0.28 
1.0 0.0 0.0 0.0 0.0 1.0 1.0 1.0 0.0 0.0 
0.0 0.0721777615461715 0.164406058 0.0 0.0 1.0 1.0 1.0 0.25 0.03 
1.0 0.0426229687350899 0.031969722 0.02 0.02 0.996855345911949 0.996855345911949 0.996855346 318.01 0.2 
0.0 0.0222144687344339 0.011107234 0.0 0.0 1.0 0.990163934426229 0.995081967 0.0 0.0 
1.0 0.100987141924181 0.050493571 0.04 0.05 0.969283276450511 0.986348122866894 0.9778157 128.03 0.45 
0.0 0.753718235773275 0.924122429 0.07 0.24 1.0 0.981873111782477 0.990936556 562.49 0.5 
1.0 0.0793921547963163 0.039696077 0.0 0.0 0.980582524271844 0.996763754045307 0.988673139 0.03 0.01 
0.0 0.658905609973488 0.329452805 -0.04 0.01 1.0 0.971786833855799 0.985893417 3.5 0.09 
1.0 0.742709694902273 0.440390686 0.04 0.09 0.990445859872611 0.990445859872611 0.99044586 485.89 0.26 
0.0 0.608932620565087 1.070993753 -0.05 0.03 1.0 1.0 1.0 14.19 0.04 
1.0 1.02147820060607 1.017103893 -0.06 0.23 1.0 1.0 1.0 89.04 0.06 
0.0 1.41550372812557 0.707751864 0.0 0.0 1.0 1.0 1.0 0.0 0.0 
1.0 0.0234056746645995 0.011702837 0.0 0.0 1.0 1.0 1.0 0.0 0.0 
0.0 0.0600239093195218 0.040756857 0.0 0.0 1.0 1.0 1.0 0.01 0.0 
1.0 0.0277783581726275 0.027778358 0.0 0.0 1.0 1.0 1.0 0.0 0.28 
0.0 0.568250342771362 0.376354818 0.0 0.0 1.0 1.0 1.0 3.43 0.2 
1.0 0.663079958249567 0.331539979 0.16 0.3 0.909375 0.909375 0.909375 320.0 0.84 
0.0 0.71215164216783 0.356075821 0.0 0.0 1.0 1.0 1.0 0.0 0.0 
1.0 0.0 0.0 0.0 0.0 1.0 1.0 1.0 0.0 0.0 
0.0 0.71566540623662 0.368939937 0.01 0.02 1.0 0.980132450331125 0.990066225 150.5 0.05 
1.0 0.74804818024726 0.440099987 -0.02 0.02 1.0 1.0 1.0 7.56 0.03 
0.0 0.126155150654186 0.063077575 0.0 0.0 1.0 0.996884735202492 0.998442368 0.0 0.0 
1.0 0.0234056746645995 0.011702837 0.0 0.0 1.0 1.0 1.0 0.0 0.0 
0.0 0.0942049885997985 0.068882747 0.0 0.02 1.0 0.88034188034188 0.94017094 351.71 0.03 
1.0 0.0222144687344339 0.011107234 0.04 0.04 0.993421052631578 0.993421052631578 0.993421053 304.0 0.38 
0.0 0.091674928961302 0.199632818 0.0 0.0 1.0 1.0 1.0 0.4 0.05 
1.0 0.137606416000468 0.068803208 0.07 0.08 0.985422740524781 0.985422740524781 0.985422741 343.0 0.57 
0.0 0.0450529128086024 0.033633691 0.0 0.0 1.0 0.983443708609271 0.991721854 0.02 0.0 
1.0 0.0 0.0 0.0 0.0 1.0 1.0 1.0 0.0 0.0 
0.0 0.0217855061668038 0.010892753 0.0 0.0 1.0 1.0 1.0 0.0 0.0 
1.0 0.660485982435195 0.437844945 0.01 0.04 1.0 1.0 1.0 203.15 0.16 
0.0 0.965872300254213 0.493481137 -0.01 0.0 1.0 1.0 1.0 0.45 0.03 
1.0 0.549362566380034 0.428826971 0.01 0.04 1.0 0.726315789473684 0.863157895 36.28 0.25 
0.0 0.0586151312253593 0.049166569 0.0 0.0 0.935185185185185 0.996913580246913 0.966049383 0.31 0.04 
1.0 0.0429694362376849 0.032229621 0.0 0.0 1.0 1.0 1.0 0.01 0.0 
0.0 0.158783978067245 0.079391989 0.0 0.0 1.0 0.969040247678018 0.984520124 1.14 0.07 
1.0 0.0544400002632224 0.077605879 0.03 0.04 0.846416382252559 0.979522184300341 0.912969283 259.91 0.43 
0.0 0.0433219971907989 0.216248759 0.01 0.02 0.962025316455696 0.984177215189873 0.973101266 44.37 0.18 
1.0 0.318848354510056 0.159424177 0.0 0.0 1.0 1.0 1.0 0.0 0.0 
0.0 0.461097186127269 0.300804711 0.11 0.2 0.938775510204081 0.963265306122448 0.951020408 227.88 1.08 
1.0 0.762458768410407 0.958816701 0.05 0.27 0.956185567010309 0.963917525773195 0.960051546 566.35 0.0 
0.0 0.0639617141039829 0.031980857 0.0 0.0 1.0 0.994152046783625 0.997076023 0.0 0.0 
1.0 0.0898510923104771 0.044925546 0.03 0.03 1.0 0.995283018867924 0.997641509 212.0 0.25 
0.0 0.324369127323274 0.17406524 0.0 0.0 1.0 0.978494623655913 0.989247312 0.11 0.02 
1.0 0.0 0.0 0.0 0.0 1.0 1.0 1.0 0.0 0.0 
0.0 0.0904388751185517 0.427331063 -0.02 0.02 1.0 0.994011976047904 0.997005988 5.68 0.08 
1.0 0.133836440402353 0.06691822 0.0 0.0 1.0 1.0 1.0 0.0 0.0 
0.0 0.440411624276462 0.220205812 -0.09 0.04 1.0 0.776119402985074 0.888059701 14.77 0.65 
1.0 0.343139337552586 0.171569669 0.0 0.0 1.0 1.0 1.0 0.0 0.0 
0.0 0.0277783581726275 0.013889179 0.0 0.0 1.0 0.987068965517241 0.993534483 0.01 0.0 
1.0 0.0419476776352413 0.020973839 0.0 0.0 1.0 1.0 1.0 0.0 0.0 
0.0 0.944383321007792 0.708676617 -0.05 0.04 0.982195845697329 0.997032640949554 0.989614243 22.4 0.24 
1.0 0.0665854743974204 0.033292737 0.09 0.1 0.979057591623036 0.979057591623036 0.979057592 191.0 0.76 
0.0 0.11972735798888 0.059863679 0.01 0.01 1.0 0.989690721649484 0.994845361 18.1 0.23 
1.0 0.0433219971907989 0.021660999 0.05 0.05 0.990415335463258 0.993610223642172 0.99201278 313.0 0.51 
0.0 0.0 0.0 0.0 0.0 1.0 0.994011976047904 0.997005988 0.0 0.0 
1.0 0.0772428370814577 0.172899455 0.2 0.25 0.924012158054711 0.927051671732522 0.925531915 319.31 1.49 
0.0 0.0433219971907989 0.073643819 0.07 0.08 0.984177215189873 0.984177215189873 0.984177215 316.04 0.59 
1.0 0.171924045593234 0.149531389 0.04 0.05 0.990624999999999 0.990624999999999 0.990625 320.28 0.27 
0.0 0.0 0.0 0.0 0.0 1.0 1.0 1.0 0.0 0.0 
1.0 0.769499878113342 0.437545524 0.04 0.09 0.985250737463126 0.985250737463126 0.985250737 349.9 0.31 
0.0 0.0419175889863189 0.020958794 0.0 0.0 1.0 1.0 1.0 0.0 0.0 
1.0 0.0310873835982239 0.015543692 0.42 0.67 0.537234042553191 0.539893617021276 0.53856383 372.0 2.27 
0.0 0.099623389466162 0.049811695 0.0 0.0 1.0 0.910216718266253 0.955108359 0.0 0.0 
1.0 0.0967603495281212 0.163406033 0.0 0.0 1.0 1.0 1.0 0.27 0.03 
0.0 0.0 0.0 0.0 0.0 1.0 1.0 1.0 0.0 0.0 
1.0 0.740510656554896 0.39758474 0.0 0.01 1.0 1.0 1.0 2.29 0.04 
0.0 0.0262556850879242 0.013127843 0.0 0.0 1.0 1.0 1.0 0.0 0.0 
1.0 0.874227138616876 0.46680801 -0.01 0.02 0.990654205607476 0.996884735202492 0.99376947 109.52 0.02 
0.0 0.0213164757906426 0.077787603 -0.01 0.0 0.581761006289308 0.996855345911949 0.789308176 2.15 0.01 
1.0 0.883919153146751 0.472405321 0.04 0.05 1.0 1.0 1.0 208.0 0.19 
0.0 0.0 0.0 0.0 0.0 1.0 1.0 1.0 0.0 0.0 
1.0 0.704433045823142 0.352216523 0.0 0.0 1.0 1.0 1.0 0.0 0.0 
0.0 0.796275561074849 1.242740547 0.11 0.62 0.988636363636363 0.994318181818181 0.991477273 552.83 0.53 
1.0 0.0 0.0 0.06 0.06 0.98921832884097 0.98921832884097 0.989218329 371.0 0.62 
0.0 0.632300415328356 0.339143277 0.0 0.0 1.0 1.0 1.0 1.06 0.05 
1.0 0.0 0.0 0.0 0.0 1.0 1.0 1.0 0.0 0.0 
0.0 0.890561650446367 0.801302217 0.1 0.4 0.896907216494845 0.899484536082474 0.898195876 494.54 1.0 
1.0 0.332695823156426 0.332695823 -0.02 0.0 0.997395833333333 0.997395833333333 0.997395833 0.0 1.78 
0.0 0.693726792106099 0.421824121 0.01 0.06 1.0 0.997134670487106 0.998567335 55.34 0.6 
1.0 0.240038828967687 0.18603977 0.31 0.43 0.883280757097791 0.883280757097791 0.883280757 864.89 2.27 
0.0 0.112817561447562 0.056408781 0.0 0.0 1.0 0.996587030716723 0.998293515 0.02 0.0 
