1.0 0.656837738121801 0.913530305 0.04 0.49 1.0 0.997101449275362 0.998550725 483.65 1.19 
0.0 0.0764127049519044 0.303780609 -0.01 0.0 1.0 1.0 1.0 1.08 0.07 
1.0 0.0832846732333399 0.083284673 0.0 0.0 1.0 1.0 1.0 0.0 0.74 
0.0 0.0924435952521726 0.056711121 0.0 0.0 1.0 1.0 1.0 0.02 0.0 
1.0 0.0226619610938116 0.022661961 0.29 0.33 0.904907975460122 0.904907975460122 0.904907975 652.0 2.16 
0.0 0.0429694362376849 0.093789447 0.0 0.0 1.0 0.990445859872611 0.99522293 0.07 0.01 
1.0 0.686635231636276 0.403408252 0.05 0.07 0.99236641221374 0.99236641221374 0.992366412 525.33 0.15 
0.0 0.503817112382778 0.251908556 0.0 0.0 1.0 0.959183673469387 0.979591837 0.0 0.0 
1.0 0.0396091040103975 0.019804552 0.0 0.0 1.0 1.0 1.0 0.0 0.0 
0.0 0.060680014902986 0.195771457 0.08 0.09 0.989090909090909 0.989090909090909 0.989090909 305.3 0.58 
1.0 0.0 0.0 0.11 0.15 0.966244725738396 0.966244725738396 0.966244726 237.0 1.21 
0.0 0.145084308791065 0.072542154 0.0 0.0 1.0 1.0 1.0 0.0 0.0 
1.0 0.0 0.0 0.2 0.24 0.924778761061946 0.929203539823008 0.92699115 211.69 1.74 
0.0 0.5885447830548 0.294272392 0.0 0.0 0.98976109215017 0.996587030716723 0.993174061 0.22 0.02 
1.0 0.0285821223591092 0.014291061 0.0 0.0 1.0 0.996932515337423 0.998466258 0.0 0.0 
0.0 0.0758612201196971 0.57849951 0.0 0.02 1.0 1.0 1.0 15.89 0.05 
1.0 0.0426229687350899 0.031969722 0.02 0.02 0.996855345911949 0.996855345911949 0.996855346 318.01 0.2 
0.0 0.0557409191195386 0.02787046 0.0 0.0 1.0 0.995689655172413 0.997844828 0.0 0.0 
1.0 0.159915955314656 0.079957978 0.15 0.24 0.935672514619882 0.935672514619882 0.935672515 342.0 1.47 
0.0 0.233720995367765 0.197197657 -0.01 0.01 0.959119496855345 0.977987421383647 0.968553459 6.15 0.03 
1.0 0.0520383273589679 0.127784886 0.08 0.09 0.984126984126984 0.984126984126984 0.984126984 411.51 0.59 
0.0 0.499090087585846 0.300282775 0.01 0.02 1.0 0.996138996138996 0.998069498 86.11 0.06 
1.0 0.560245306763885 0.297357708 0.01 0.02 1.0 1.0 1.0 179.09 0.07 
0.0 0.777296027024072 0.681437546 0.03 0.22 0.899484536082474 0.994845360824742 0.947164948 546.93 0.95 
1.0 0.0865030875935369 0.080950733 0.15 0.18 0.935309973045822 0.946091644204851 0.940700809 305.75 1.33 
0.0 0.0 0.0 0.0 0.0 1.0 1.0 1.0 0.0 0.0 
1.0 0.232674497346797 0.192932655 0.01 0.01 1.0 1.0 1.0 22.81 0.06 
0.0 0.212508864880071 0.775847949 0.0 0.05 1.0 0.997422680412371 0.99871134 49.93 0.04 
1.0 1.38158133418359 1.380418018 0.09 0.77 0.802325581395348 0.953488372093023 0.877906977 189.01 0.33 
0.0 0.22646919983721 0.1132346 0.0 0.0 1.0 1.0 1.0 0.0 0.0 
1.0 0.0453123921296478 0.079253251 0.0 0.0 1.0 1.0 1.0 0.03 0.01 
0.0 0.0924265213022947 0.06010244 0.0 0.0 1.0 1.0 1.0 0.01 0.0 
1.0 0.545827844233365 1.279282445 0.21 0.55 0.628491620111731 0.670391061452513 0.649441341 331.06 0.44 
0.0 0.0254752063474844 0.086351556 -0.01 0.0 0.992277992277992 0.992277992277992 0.992277992 0.1 0.02 
1.0 0.0584062649333791 0.052532859 0.14 0.17 0.959595959595959 0.959595959595959 0.95959596 297.02 1.33 
0.0 0.608819744380155 0.508260787 -0.01 0.06 0.894329896907216 0.989690721649484 0.942010309 69.5 0.34 
1.0 0.0841156071386904 0.042057804 0.01 0.01 0.997912317327766 0.997912317327766 0.997912317 479.0 0.13 
0.0 0.0784514685554375 0.070149832 0.0 0.01 0.967637540453074 0.980582524271844 0.974110032 17.83 0.2 
1.0 0.0234056746645995 0.011702837 0.0 0.0 1.0 1.0 1.0 0.0 0.0 
0.0 0.236004974925649 0.175335129 0.04 0.04 0.996960486322188 0.996960486322188 0.996960486 365.1 0.49 
1.0 0.0212593629087996 0.010629681 0.02 0.02 0.996865203761755 0.996865203761755 0.996865204 319.0 0.22 
0.0 0.0920663106155869 0.122292413 0.02 0.02 0.986338797814207 0.997267759562841 0.991803279 138.6 0.19 
1.0 0.403416489626378 0.353961071 0.01 0.03 0.996960486322188 0.996960486322188 0.996960486 349.07 0.01 
0.0 0.0993134043730053 0.288669409 0.0 0.0 1.0 0.996960486322188 0.998480243 1.17 0.1 
1.0 0.227315676154747 0.193735953 0.0 0.0 1.0 0.993710691823899 0.996855346 0.58 0.06 
0.0 0.545648829490156 0.272824415 -0.03 0.0 0.976973684210526 0.980263157894736 0.978618421 1.55 0.11 
1.0 0.604811716417282 0.313150761 0.0 0.01 1.0 0.97452229299363 0.987261146 3.84 0.07 
0.0 0.740636982546526 0.600867084 0.01 0.11 1.0 0.938775510204081 0.969387755 71.01 0.79 
1.0 0.0277783581726275 0.027778358 0.0 0.0 1.0 1.0 1.0 0.0 0.0 
0.0 0.461097186127269 0.230548593 0.0 0.0 1.0 0.938775510204081 0.969387755 0.0 0.0 
1.0 0.0 0.0 0.0 0.0 1.0 1.0 1.0 0.0 0.0 
0.0 0.452631365743122 0.765472226 0.01 0.07 1.0 0.989159891598916 0.994579946 55.01 0.19 
1.0 0.0461365951180433 0.035976224 0.0 0.0 1.0 1.0 1.0 0.01 0.0 
0.0 0.419476629126541 0.209738315 0.0 0.0 1.0 0.988200589970501 0.994100295 0.0 0.0 
1.0 0.0839348094016319 0.102497771 0.04 0.04 0.997375328083989 0.997375328083989 0.997375328 607.81 0.34 
0.0 0.0 0.0 0.0 0.0 1.0 0.865497076023391 0.932748538 0.0 0.0 
1.0 0.184280723719605 0.092140362 0.03 0.03 0.995495495495495 0.995495495495495 0.995495495 222.0 0.24 
0.0 0.0209786462403052 0.010489323 0.0 0.0 1.0 1.0 1.0 0.0 0.0 
1.0 0.026899250494481 0.124019217 0.03 0.03 1.0 1.0 1.0 241.0 0.2 
0.0 0.551878325578596 0.286831916 0.0 0.0 1.0 1.0 1.0 0.21 0.02 
1.0 0.23878845417949 0.818952805 0.0 0.08 0.994609164420485 0.994609164420485 0.994609164 766.39 0.12 
0.0 0.0591785835882164 0.548202862 -0.06 0.07 0.84020618556701 0.894329896907216 0.867268041 114.5 0.42 
1.0 0.276700299378803 0.13835015 0.0 0.0 1.0 1.0 1.0 0.0 0.0 
0.0 0.0453123921296478 0.225253698 0.01 0.02 1.0 0.966101694915254 0.983050847 295.12 0.1 
1.0 0.0465944242221045 0.707189805 -0.01 0.01 1.0 1.0 1.0 13.41 0.04 
0.0 0.72161012213659 0.882633765 0.07 0.53 1.0 1.0 1.0 328.27 0.11 
1.0 0.0 0.0 0.0 0.0 1.0 1.0 1.0 0.0 0.0 
0.0 0.099623389466162 0.504642217 -0.02 0.01 1.0 0.959183673469387 0.979591837 3.13 0.05 
1.0 0.45211655551566 0.226058278 0.08 0.13 0.972602739726027 0.986301369863013 0.979452055 365.0 0.65 
0.0 0.019542337228798 0.009771169 0.0 0.0 1.0 1.0 1.0 0.0 0.0 
1.0 0.0748929709006422 0.087835181 0.0 0.0 1.0 0.991428571428571 0.995714286 0.12 0.02 
0.0 0.642067283321906 0.321033642 -0.03 0.0 0.938775510204081 0.991836734693877 0.965306122 1.25 0.14 
1.0 0.677586107525463 0.338793054 0.02 0.02 0.996655518394648 0.996655518394648 0.996655518 299.0 0.07 
0.0 0.0199308201239254 0.00996541 0.04 0.04 0.994202898550724 0.994202898550724 0.994202899 345.0 0.34 
1.0 0.0525693263147386 0.254031905 0.0 0.0 1.0 1.0 1.0 0.62 0.05 
0.0 0.0696614903440458 0.116836827 0.0 0.0 1.0 0.997354497354497 0.998677249 0.14 0.02 
1.0 0.0635053339109771 0.031752667 0.0 0.0 1.0 1.0 1.0 0.0 0.0 
0.0 0.0586151312253593 0.040804384 -0.01 0.0 1.0 0.897832817337461 0.948916409 0.36 0.04 
1.0 0.808627497424305 0.413282454 0.0 0.0 1.0 0.997422680412371 0.99871134 0.43 0.03 
0.0 0.717885385512261 0.542195357 -0.02 0.12 0.958990536277602 0.974763406940063 0.966876972 334.46 0.12 
1.0 0.0557409191195386 0.055740919 0.0 0.0 0.995689655172413 0.995689655172413 0.995689655 0.0 0.63 
0.0 0.796275561074849 1.079904765 0.04 0.42 0.988636363636363 0.994318181818181 0.991477273 246.8 0.31 
1.0 0.0641154300769788 0.032057715 0.0 0.0 1.0 1.0 1.0 0.0 0.0 
0.0 0.657776964838224 0.338878756 0.0 0.0 1.0 0.593567251461988 0.796783626 1.46 0.03 
1.0 0.0862286309517237 0.043114315 0.0 0.0 1.0 1.0 1.0 0.0 0.0 
0.0 0.0419476776352413 0.020973839 0.0 0.0 1.0 1.0 1.0 0.0 0.0 
1.0 0.0 0.0 0.12 0.15 0.966165413533834 0.966165413533834 0.966165414 266.0 1.23 
0.0 0.0962707250056827 0.202816306 0.22 0.27 0.837920489296636 0.880733944954128 0.859327217 220.25 1.76 
1.0 0.131728022046043 0.587692715 -0.03 0.02 1.0 1.0 1.0 8.75 0.01 
0.0 1.19308903565043 0.596544518 0.0 0.0 1.0 1.0 1.0 0.0 0.0 
1.0 0.090011247902983 0.090011248 0.0 0.0 0.98170731707317 0.98170731707317 0.981707317 0.0 1.05 
0.0 0.0364188753405764 0.03133728 0.0 0.0 1.0 1.0 1.0 0.0 0.0 
1.0 0.0 0.0 0.2 0.28 0.91907514450867 0.91907514450867 0.919075145 346.0 1.9 
0.0 0.838455913773507 0.970337568 -0.12 0.26 0.899484536082474 0.935567010309278 0.917525773 353.84 0.62 
1.0 0.0754569134062313 0.037728457 0.03 0.03 0.995215311004784 0.995215311004784 0.995215311 209.0 0.26 
0.0 0.282026573351461 0.191293425 -0.01 0.0 1.0 0.997375328083989 0.998687664 0.5 0.04 
1.0 0.883504949470676 0.661498906 0.0 0.09 1.0 1.0 1.0 71.79 0.29 
0.0 0.21849725860896 0.109248629 0.0 0.0 1.0 0.996268656716417 0.998134328 0.06 0.01 
1.0 0.0817712794043339 0.196721761 0.03 0.05 0.992094861660079 0.992094861660079 0.992094862 253.35 0.2 
0.0 0.972890737843999 0.486445369 0.0 0.0 1.0 1.0 1.0 0.0 0.0 
1.0 0.075467916829079 0.056709091 0.0 0.0 1.0 0.993788819875776 0.99689441 0.03 0.01 
0.0 0.212508864880071 0.192956395 -0.02 0.01 0.90721649484536 0.997422680412371 0.952319588 22.01 0.01 
1.0 0.0238338863025335 0.011916943 0.02 0.02 0.992857142857142 0.996428571428571 0.994642857 139.5 0.22 
0.0 0.789486677558522 0.473504462 0.0 0.03 1.0 1.0 1.0 11.01 0.0 
1.0 0.0553960351055113 0.027698018 0.0 0.0 1.0 1.0 1.0 0.0 0.0 
0.0 0.0456883890739836 0.022844195 0.0 0.0 1.0 0.984375 0.9921875 0.02 0.01 
1.0 0.681395739723952 0.463675087 0.07 0.14 0.973404255319148 0.973404255319148 0.973404255 384.94 0.11 
0.0 0.0390741155048994 0.030429811 0.0 0.0 1.0 1.0 1.0 0.01 0.0 
1.0 0.0 0.0 0.0 0.0 1.0 1.0 1.0 0.0 0.0 
0.0 0.764887109287822 1.139262787 0.11 0.67 0.90721649484536 0.914948453608247 0.911082474 856.63 0.63 
1.0 0.0758026428676064 0.07219793 0.2 0.2 0.968944099378882 0.968944099378882 0.968944099 644.0 1.35 
0.0 0.0634089260465911 0.031704463 0.0 0.0 1.0 0.996884735202492 0.998442368 0.0 0.0 
1.0 1.02022496224079 0.510112481 0.05 0.07 0.986979166666666 0.986979166666666 0.986979167 384.0 0.17 
0.0 0.0759774505806457 0.107941114 0.0 0.0 1.0 0.9921875 0.99609375 0.21 0.02 
1.0 0.0 0.0 0.07 0.07 0.985915492957746 0.985915492957746 0.985915493 142.0 0.69 
0.0 0.0620199882194553 0.114560676 0.0 0.0 1.0 1.0 1.0 0.13 0.02 
1.0 0.305957001220456 0.927434499 0.02 0.14 0.986449864498645 0.989159891598916 0.987804878 586.69 0.0 
0.0 0.808627497424305 0.608164663 -0.1 0.04 0.894329896907216 0.997422680412371 0.945876289 32.83 0.03 
1.0 0.078308356836447 0.751165694 0.36 0.43 0.845070422535211 0.859154929577464 0.852112676 570.95 0.68 
0.0 0.787007043964788 0.635118859 0.04 0.2 1.0 0.927927927927927 0.963963964 130.09 0.92 
1.0 0.347048052758321 0.173524026 0.07 0.08 0.984567901234567 0.984567901234567 0.984567901 324.0 0.48 
0.0 0.236004974925649 0.639831191 -0.02 0.05 1.0 0.996960486322188 0.998480243 22.83 0.04 
1.0 0.406985846579798 0.214537958 0.0 0.0 1.0 1.0 1.0 0.11 0.01 
0.0 0.551878325578596 0.36816881 0.0 0.01 1.0 1.0 1.0 3.82 0.21 
1.0 0.0764595424535969 0.407228457 0.0 0.01 1.0 0.996845425867507 0.998422713 3.64 0.02 
0.0 0.658905609973488 0.643171322 0.01 0.18 1.0 0.996865203761755 0.998432602 113.41 0.67 
1.0 0.678744596479091 0.997595723 0.08 0.39 1.0 1.0 1.0 250.39 0.13 
0.0 0.0239068963031024 0.023834125 0.0 0.0 1.0 0.992831541218638 0.996415771 0.01 0.0 
1.0 0.881843094172472 0.996401401 0.18 0.34 1.0 1.0 1.0 315.43 1.06 
0.0 0.0982620565325183 0.430360412 -0.05 0.02 0.899484536082474 0.956185567010309 0.927835052 63.72 0.1 
1.0 0.586649090609212 0.366636185 0.01 0.03 1.0 1.0 1.0 224.92 0.01 
0.0 0.551878325578596 1.18659951 -0.13 0.04 1.0 1.0 1.0 21.82 0.03 
1.0 1.35255209194157 1.352552092 -0.74 0.0 0.930513595166163 0.930513595166163 0.930513595 0.0 1.3 
0.0 0.467284094836369 0.233642047 -0.05 0.01 0.870662460567823 0.962145110410094 0.916403785 9.32 0.24 
1.0 0.968808741745457 0.708373763 -0.01 0.08 0.994152046783625 0.994152046783625 0.994152047 469.2 0.14 
0.0 0.503817112382778 0.251908556 0.0 0.0 1.0 0.959183673469387 0.979591837 0.0 0.0 
1.0 0.050461537934643 0.025230769 0.0 0.0 1.0 1.0 1.0 0.0 0.0 
0.0 0.0 0.0 0.12 0.15 0.966165413533834 0.966165413533834 0.966165414 266.0 1.21 
1.0 0.0 0.0 0.05 0.05 0.991111111111111 0.991111111111111 0.991111111 225.0 0.49 
0.0 0.0277783581726275 0.013889179 0.0 0.0 1.0 1.0 1.0 0.0 0.0 
1.0 0.964908058736238 0.540791451 0.02 0.05 0.983221476510067 0.993288590604026 0.988255034 179.82 0.05 
0.0 0.455156439386743 0.247260183 0.0 0.01 0.997134670487106 0.997134670487106 0.99713467 5.34 0.04 
1.0 0.0408716724134533 0.030735194 0.0 0.0 1.0 0.99099099099099 0.995495495 0.02 0.0 
0.0 0.853033146507135 0.509117245 -0.01 0.01 1.0 0.997032640949554 0.99851632 3.77 0.07 
1.0 0.630250606498865 0.342628936 0.0 0.0 1.0 1.0 1.0 0.71 0.05 
0.0 0.0 0.0 0.0 0.0 1.0 0.996763754045307 0.998381877 0.0 0.0 
1.0 0.143080545316285 0.136282249 0.17 0.2 0.921875 0.96875 0.9453125 464.29 1.48 
0.0 0.0 0.0 0.02 0.02 0.996632996632996 0.996632996632996 0.996632997 297.0 0.24 
1.0 0.0892795288691111 0.060512839 0.02 0.03 0.960591133004926 0.975369458128078 0.967980296 42.6 0.49 
0.0 0.0414328681373426 0.020716434 0.0 0.0 1.0 0.954861111111111 0.977430556 0.1 0.01 
1.0 0.0 0.0 0.0 0.0 1.0 1.0 1.0 0.0 0.0 
0.0 0.248021692281118 0.185703335 0.0 0.05 1.0 0.924107142857142 0.962053571 71.34 0.41 
1.0 0.211005687877705 1.085257933 0.1 0.29 0.943298969072164 0.945876288659793 0.944587629 672.45 0.21 
0.0 0.0497396448289763 0.024869822 0.0 0.0 0.987068965517241 0.995689655172413 0.99137931 0.04 0.01 
1.0 0.0 0.0 0.0 0.0 1.0 1.0 1.0 0.0 0.0 
0.0 1.51363846409735 1.275432802 -0.01 0.39 0.84020618556701 0.914948453608247 0.87757732 456.09 0.03 
1.0 0.901181852102095 0.476398936 0.02 0.03 1.0 1.0 1.0 253.69 0.03 
0.0 0.923442133739234 0.51843093 0.0 0.03 1.0 0.997267759562841 0.99863388 30.55 0.26 
1.0 0.152518515876511 0.616953006 0.01 0.05 0.989071038251366 0.997267759562841 0.993169399 513.24 0.05 
0.0 0.0217855061668038 0.010892753 0.0 0.0 1.0 1.0 1.0 0.0 0.0 
1.0 0.143739311597779 0.788301719 0.0 0.02 1.0 1.0 1.0 39.76 0.04 
0.0 0.099623389466162 0.060301018 0.0 0.0 1.0 0.910216718266253 0.955108359 0.12 0.01 
1.0 0.789486677558522 0.470970594 0.0 0.03 1.0 1.0 1.0 96.34 0.04 
0.0 0.712042783029343 0.450533108 0.1 0.26 0.899484536082474 0.914948453608247 0.907216495 793.59 0.98 
1.0 0.965872300254213 0.48293615 0.0 0.0 1.0 1.0 1.0 0.0 0.0 
0.0 0.158130423394943 0.079065212 0.0 0.0 1.0 0.996815286624203 0.998407643 0.0 0.0 
1.0 0.0804993914724776 0.060385881 0.03 0.04 0.993333333333333 0.993333333333333 0.993333333 300.03 0.31 
0.0 0.377079824775209 0.246850613 -0.01 0.0 1.0 1.0 1.0 0.66 0.07 
1.0 0.0429694362376849 0.032229621 0.0 0.0 1.0 1.0 1.0 0.01 0.0 
0.0 0.742709694902273 0.689339315 0.0 0.11 1.0 0.990445859872611 0.99522293 48.79 0.91 
1.0 0.0 0.0 0.07 0.07 0.986970684039087 0.986970684039087 0.986970684 307.0 0.65 
0.0 0.0 0.0 0.0 0.0 0.992957746478873 0.992957746478873 0.992957746 0.01 0.0 
1.0 0.0 0.0 0.0 0.0 1.0 1.0 1.0 0.0 0.0 
0.0 0.0859155013346631 0.042957751 -0.02 0.0 0.955102040816326 0.963265306122448 0.959183673 0.65 0.1 
1.0 0.673191465296606 1.364714719 0.16 0.51 0.987179487179487 0.990384615384615 0.988782051 711.63 0.51 
0.0 0.472969912501066 1.111360561 0.0 0.17 0.982195845697329 0.997032640949554 0.989614243 147.86 0.18 
1.0 0.105982658672697 0.052991329 0.13 0.18 0.748538011695906 0.885964912280701 0.817251462 131.04 1.49 
0.0 0.0599541287844177 0.047676477 0.0 0.0 0.988416988416988 0.992277992277992 0.99034749 0.06 0.01 
1.0 0.730886481410996 0.594112562 -0.04 0.21 0.515306122448979 0.987244897959183 0.75127551 212.17 0.75 
0.0 0.0 0.0 0.0 0.0 1.0 1.0 1.0 0.0 0.0 
1.0 0.284527382163454 0.227393439 0.02 0.03 1.0 1.0 1.0 63.06 0.22 
0.0 0.386307367654749 0.207644995 0.0 0.0 1.0 1.0 1.0 0.09 0.01 
1.0 0.823249476496926 0.477410394 0.07 0.07 1.0 1.0 1.0 330.93 0.12 
0.0 0.0277783581726275 0.013889179 0.0 0.0 1.0 1.0 1.0 0.0 0.0 
1.0 1.35255209194157 1.332821441 0.16 0.79 0.930513595166163 0.930513595166163 0.930513595 753.67 0.64 
0.0 0.0277783581726275 0.013889179 0.0 0.0 1.0 0.987068965517241 0.993534483 0.01 0.0 
1.0 0.476305553807032 0.238152777 0.0 0.0 1.0 0.995798319327731 0.99789916 0.0 0.0 
0.0 0.0600239093195218 0.057389341 0.0 0.0 1.0 1.0 1.0 0.02 0.0 
1.0 0.0 0.0 0.0 0.0 1.0 1.0 1.0 0.0 0.0 
0.0 0.0967342086908398 0.071088773 -0.01 0.0 0.925423728813559 0.996610169491525 0.961016949 0.29 0.03 
1.0 0.1052946557876 0.105294656 0.0 0.0 0.994236311239193 0.994236311239193 0.994236311 0.0 0.97 
0.0 0.778860094821956 0.408460093 0.0 0.0 1.0 1.0 1.0 2.69 0.04 
1.0 0.0 0.0 0.0 0.0 1.0 0.984210526315789 0.992105263 0.0 0.0 
0.0 0.890561650446367 0.613674866 0.2 0.35 0.894329896907216 0.896907216494845 0.895618557 601.91 0.89 
1.0 0.631299900908491 0.31564995 0.0 0.0 1.0 0.997126436781609 0.998563218 0.22 0.02 
0.0 0.607103801952931 0.822165471 0.01 0.17 0.84020618556701 0.943298969072164 0.891752577 173.49 0.36 
1.0 0.396843947977921 0.35307573 0.12 0.16 1.0 1.0 1.0 165.17 1.63 
0.0 0.0234758940935979 0.023440784 0.0 0.0 1.0 0.996478873239436 0.998239437 0.01 0.0 
1.0 0.725390409428248 0.362695205 0.0 0.0 1.0 1.0 1.0 0.0 0.0 
0.0 0.0 0.0 0.0 0.0 1.0 0.994845360824742 0.99742268 0.0 0.0 
