1.0 0.0440460714620383 0.101058843 0.03 0.04 1.0 1.0 1.0 354.99 0.29 
0.0 1.30189333173805 0.650946666 0.0 0.0 1.0 0.993333333333333 0.996666667 0.0 0.0 
1.0 0.0682000566160935 0.14244296 0.09 0.11 0.974763406940063 0.977917981072555 0.976340694 492.31 0.78 
0.0 0.0402723695891569 0.03133814 0.0 0.0 1.0 0.996655518394648 0.998327759 0.01 0.0 
1.0 0.954786664104014 0.762748167 -0.03 0.07 1.0 1.0 1.0 49.29 0.11 
0.0 0.0427377908806097 0.087389251 0.0 0.02 0.883280757097791 0.996845425867507 0.940063091 158.3 0.06 
1.0 2.29030920104353 2.100092648 0.11 0.84 0.803809523809523 0.923809523809523 0.863809524 1299.27 0.06 
0.0 0.615613450001113 0.373652503 0.01 0.02 1.0 0.993527508090614 0.996763754 23.71 0.37 
1.0 0.0898033804732823 0.110922046 0.04 0.13 0.883280757097791 0.940063091482649 0.911671924 143.98 1.19 
0.0 0.0736871448813177 0.036843572 0.0 0.0 1.0 0.994397759103641 0.99719888 0.03 0.0 
1.0 0.693726792106099 0.562583036 0.01 0.08 1.0 1.0 1.0 86.7 0.58 
0.0 0.711252800266253 0.3556264 0.0 0.0 1.0 1.0 1.0 0.0 0.0 
1.0 0.0665854743974204 0.049946293 0.09 0.1 0.979057591623036 0.979057591623036 0.979057592 191.01 0.76 
0.0 0.281198134803726 0.208674312 0.01 0.03 0.909793814432989 0.997422680412371 0.953608247 89.96 0.2 
1.0 0.0714501160839219 0.773412905 -0.01 0.01 1.0 1.0 1.0 3.7 0.1 
0.0 0.275922579217591 0.13796129 0.0 0.0 1.0 1.0 1.0 0.0 0.0 
1.0 0.054161236245209 0.027080618 0.0 0.0 1.0 1.0 1.0 0.0 0.0 
0.0 0.241074666879092 0.120537333 0.0 0.0 1.0 1.0 1.0 0.0 0.0 
1.0 0.0866216601957414 0.123546447 0.1 0.11 0.976588628762541 0.976588628762541 0.976588629 299.2 0.67 
0.0 0.563943562333293 0.475746233 0.0 0.02 1.0 1.0 1.0 6.97 0.51 
1.0 0.715324272068189 0.918054998 0.09 0.27 0.988505747126436 0.988505747126436 0.988505747 541.18 1.02 
0.0 0.183975428159304 0.159623899 0.0 0.0 1.0 1.0 1.0 0.28 0.03 
1.0 0.0 0.0 0.0 0.0 1.0 1.0 1.0 0.0 0.0 
0.0 0.0237613531260355 0.011880677 0.0 0.0 1.0 1.0 1.0 0.0 0.0 
1.0 0.303011781855131 0.151505891 0.07 0.08 0.982300884955752 0.982300884955752 0.982300885 291.07 0.66 
0.0 0.902230540632502 1.068424357 0.04 0.62 0.516574585635359 0.958563535911602 0.737569061 446.43 0.17 
1.0 0.838227258499489 0.518711412 0.25 0.39 0.90721649484536 0.90721649484536 0.907216495 643.23 1.41 
0.0 0.0415529100534006 0.617320973 0.0 0.0 1.0 1.0 1.0 0.58 0.0 
1.0 0.711423876168231 0.592137262 -0.01 0.06 1.0 1.0 1.0 20.76 0.03 
0.0 0.0557409191195386 0.041810395 0.03 0.03 0.995689655172413 0.995689655172413 0.995689655 232.01 0.21 
1.0 0.722035783873661 0.467473676 0.0 0.02 1.0 1.0 1.0 8.86 0.16 
0.0 0.0616067104727896 0.043135516 0.0 0.0 1.0 1.0 1.0 0.01 0.0 
1.0 0.837457844093488 0.606016984 0.1 0.22 0.95906432748538 0.961988304093567 0.960526316 411.15 0.62 
0.0 0.155969834440558 0.151532941 -0.01 0.0 1.0 0.991935483870967 0.995967742 0.31 0.05 
1.0 0.0 0.0 0.0 0.0 1.0 1.0 1.0 0.0 0.0 
0.0 0.0705774216877336 0.035288711 0.0 0.0 1.0 0.994152046783625 0.997076023 0.0 0.0 
1.0 0.107988019056341 0.05399401 0.02 0.02 0.997183098591549 0.997183098591549 0.997183099 355.0 0.14 
0.0 0.049314561447632 0.024657281 0.0 0.0 1.0 1.0 1.0 0.0 0.0 
1.0 0.545648829490156 0.272824415 0.08 0.1 0.980263157894736 0.980263157894736 0.980263158 304.0 0.45 
0.0 0.063656672390851 0.031828336 0.0 0.0 1.0 1.0 1.0 0.0 0.0 
1.0 0.0242038023918781 0.012101901 0.14 0.16 0.961267605633802 0.961267605633802 0.961267606 284.0 1.24 
0.0 0.0 0.0 0.0 0.0 1.0 0.984375 0.9921875 0.0 0.0 
1.0 0.0817712794043339 0.053880576 0.04 0.05 0.992094861660079 0.992094861660079 0.992094862 253.02 0.35 
0.0 0.0777411197866119 0.059358864 0.0 0.0 1.0 1.0 1.0 0.02 0.01 
1.0 0.0427377908806097 0.032027133 0.0 0.0 1.0 0.996845425867507 0.998422713 0.01 0.0 
0.0 0.0857109375213726 0.74153148 -0.01 0.01 1.0 0.997093023255813 0.998546512 4.72 0.09 
1.0 0.143080545316285 0.136282249 0.17 0.2 0.921875 0.96875 0.9453125 464.29 1.48 
0.0 0.503817112382778 0.265172259 0.0 0.0 1.0 0.959183673469387 0.979591837 0.21 0.02 
1.0 0.0243552454938662 0.012177623 0.02 0.02 0.996323529411764 0.996323529411764 0.996323529 272.0 0.22 
0.0 0.0 0.0 0.0 0.0 1.0 1.0 1.0 0.0 0.0 
1.0 0.314658948294986 0.216005231 0.19 0.25 0.913544668587896 0.922190201729106 0.917867435 310.91 1.4 
0.0 0.0557409191195386 0.041810395 0.0 0.0 0.995689655172413 0.995689655172413 0.995689655 0.03 0.01 
1.0 0.830916896932323 1.123530323 0.11 0.36 1.0 1.0 1.0 524.67 0.98 
0.0 0.0416737059285854 0.084647091 0.0 0.0 1.0 1.0 1.0 0.06 0.01 
1.0 0.0486977352912609 0.048697735 0.0 0.0 0.995798319327731 0.995798319327731 0.995798319 0.0 0.64 
0.0 0.838455913773507 0.588907669 -0.03 0.07 0.935567010309278 0.997422680412371 0.966494845 68.2 0.31 
1.0 0.0616067104727896 0.320125196 0.0 0.0 1.0 0.99250936329588 0.996254682 0.37 0.04 
0.0 0.130580648280348 0.065290324 0.0 0.0 1.0 0.993527508090614 0.996763754 0.0 0.0 
1.0 0.0852840997605255 0.063976108 0.29 0.38 0.891025641025641 0.891025641025641 0.891025641 624.0 2.25 
0.0 0.0429694362376849 0.032229621 0.0 0.0 1.0 1.0 1.0 0.01 0.0 
1.0 0.212635242955239 0.106317621 0.0 0.0 1.0 1.0 1.0 0.0 0.0 
0.0 0.0608385728247732 0.217361451 0.02 0.02 0.996774193548387 0.996774193548387 0.996774194 310.24 0.08 
1.0 0.0 0.0 0.02 0.02 0.996478873239436 0.996478873239436 0.996478873 284.0 0.24 
0.0 0.464383292171582 0.303731919 0.0 0.02 1.0 0.96875 0.984375 12.56 0.0 
1.0 0.0810482611891956 0.061893026 0.04 0.04 0.996845425867507 0.996845425867507 0.996845426 634.01 0.33 
0.0 0.115540704891627 0.057770352 0.0 0.0 1.0 1.0 1.0 0.0 0.0 
1.0 0.0 0.0 0.0 0.0 1.0 1.0 1.0 0.0 0.0 
0.0 0.269761622676472 0.249665592 0.05 0.07 1.0 0.990624999999999 0.9953125 126.43 0.68 
1.0 1.32663216649186 1.232482033 0.05 0.45 0.941935483870967 0.987096774193548 0.964516129 600.22 0.14 
0.0 0.0383614089131149 0.019180704 0.0 0.0 1.0 1.0 1.0 0.0 0.0 
1.0 0.173568953521754 0.173568954 0.0 0.0 1.0 1.0 1.0 0.0 1.7 
0.0 0.563943562333293 0.281971781 0.0 0.0 1.0 1.0 1.0 0.0 0.0 
1.0 0.0 0.0 0.0 0.0 1.0 1.0 1.0 0.0 0.0 
0.0 0.0546588236180275 0.09317519 0.0 0.0 1.0 1.0 1.0 0.09 0.01 
1.0 0.654804018334906 0.563211251 0.06 0.12 0.991620111731843 0.991620111731843 0.991620112 849.98 0.29 
0.0 0.862425975002266 0.465584899 -0.07 0.04 1.0 0.900928792569659 0.950464396 23.64 0.45 
1.0 0.075467916829079 0.056610643 0.04 0.04 1.0 1.0 1.0 161.0 0.36 
0.0 0.0287409193078362 0.025867278 0.0 0.0 1.0 0.897832817337461 0.948916409 0.11 0.01 
1.0 0.0441224477355724 0.022061224 0.0 0.0 1.0 1.0 1.0 0.0 0.0 
0.0 0.0278798704683955 0.066452807 0.0 0.0 1.0 0.995689655172413 0.997844828 0.04 0.01 
1.0 0.267374131346363 0.736910385 0.02 0.07 1.0 1.0 1.0 351.26 0.03 
0.0 0.708663566526775 0.457930925 0.02 0.25 0.508417508417508 0.983164983164983 0.745791246 119.0 1.26 
1.0 2.01024142777587 1.60695854 0.36 0.8 0.760309278350515 0.902061855670103 0.831185567 727.48 0.01 
0.0 0.134258729623652 0.118183897 -0.01 0.01 0.581761006289308 0.996855345911949 0.789308176 7.11 0.08 
1.0 0.0226619610938116 0.069831387 0.0 0.0 1.0 1.0 1.0 0.02 0.0 
0.0 0.127620475367279 0.125331982 0.0 0.0 1.0 1.0 1.0 0.18 0.02 
1.0 0.56619542798145 0.47873964 0.25 0.62 0.867507886435331 0.867507886435331 0.867507886 701.14 2.78 
0.0 0.318848354510056 0.310103304 0.0 0.02 1.0 0.996904024767801 0.998452012 17.49 0.09 
1.0 1.74079535094623 1.444719191 0.23 0.67 0.932944606413994 0.950437317784256 0.941690962 960.03 0.44 
0.0 0.159915955314656 0.079957978 0.15 0.24 0.935672514619882 0.935672514619882 0.935672515 342.0 1.47 
1.0 0.0 0.0 0.0 0.0 1.0 1.0 1.0 0.0 0.0 
0.0 0.0600239093195218 0.040756857 0.0 0.0 1.0 1.0 1.0 0.01 0.0 
1.0 0.0665854743974204 0.111480328 0.11 0.13 0.979057591623036 0.979057591623036 0.979057592 382.03 0.87 
0.0 0.663900484476424 0.35343496 0.01 0.02 1.0 1.0 1.0 161.92 0.17 
1.0 0.427798006376749 0.29293481 0.02 0.04 1.0 1.0 1.0 355.55 0.18 
0.0 0.0 0.0 0.0 0.0 1.0 1.0 1.0 0.0 0.0 
1.0 1.04365740701425 0.521828704 0.0 0.0 1.0 1.0 1.0 0.0 0.0 
0.0 0.0835830637615662 0.055680711 0.0 0.0 1.0 0.995689655172413 0.997844828 0.02 0.0 
1.0 0.0787435252182342 0.059507947 0.02 0.02 0.996655518394648 0.996655518394648 0.996655518 299.03 0.16 
0.0 0.857560336085041 0.857560336 -0.14 0.0 0.994269340974212 0.994269340974212 0.994269341 0.0 2.45 
1.0 1.33980092966125 1.178709752 0.01 0.28 0.992146596858638 0.992146596858638 0.992146597 1002.38 0.18 
0.0 0.0 0.0 0.0 0.0 1.0 0.988023952095808 0.994011976 0.0 0.0 
1.0 0.0983515449236965 0.049175772 0.0 0.0 1.0 1.0 1.0 0.0 0.0 
0.0 0.69029217016548 0.35600892 -0.04 0.05 0.933734939759036 0.996987951807228 0.965361446 21.38 0.07 
1.0 0.686635231636276 0.403408252 0.05 0.07 0.99236641221374 0.99236641221374 0.992366412 525.33 0.15 
0.0 0.762458768410407 0.477567488 0.09 0.16 0.940721649484536 0.956185567010309 0.948453608 255.88 0.57 
1.0 0.0286134400889394 0.01430672 0.0 0.0 1.0 1.0 1.0 0.0 0.0 
0.0 0.336788082190399 0.765167474 0.18 0.34 0.894329896907216 0.899484536082474 0.896907216 451.64 0.79 
1.0 0.119601547166904 0.059800774 0.0 0.0 1.0 1.0 1.0 0.0 0.0 
0.0 0.0764595424535969 0.104250127 -0.01 0.0 1.0 0.883280757097791 0.941640379 3.19 0.05 
1.0 0.450929247751232 0.758802766 -0.03 0.08 1.0 1.0 1.0 188.71 0.04 
0.0 0.0427960396912121 0.02139802 0.0 0.0 1.0 1.0 1.0 0.0 0.0 
1.0 0.0558624014980071 0.086007742 0.0 0.0 1.0 1.0 1.0 0.06 0.01 
0.0 0.131691556532417 0.065845778 0.0 0.0 1.0 1.0 1.0 0.0 0.0 
1.0 0.877425738443004 0.469052877 0.02 0.07 0.989090909090909 0.989090909090909 0.989090909 277.39 0.06 
0.0 0.0217855061668038 0.020663922 0.0 0.0 1.0 0.88034188034188 0.94017094 0.14 0.01 
1.0 0.858581850498729 1.436367682 0.04 0.56 1.0 1.0 1.0 401.65 0.97 
0.0 0.0277783581726275 0.013889179 0.0 0.0 1.0 1.0 1.0 0.0 0.0 
1.0 1.56337091651893 1.333076231 0.01 0.34 1.0 1.0 1.0 218.11 0.36 
0.0 0.712042783029343 0.982011323 -0.04 0.29 0.899484536082474 0.989690721649484 0.944587629 253.48 1.35 
1.0 0.0 0.0 0.05 0.05 0.980662983425414 0.988950276243093 0.98480663 205.12 0.56 
0.0 0.0 0.0 0.0 0.0 1.0 0.995689655172413 0.997844828 0.0 0.0 
1.0 0.0836497046105892 0.36956912 0.24 0.69 0.663043478260869 0.663043478260869 0.663043478 368.0 1.86 
0.0 0.169044432562129 0.637531854 0.01 0.06 1.0 0.997267759562841 0.99863388 59.02 0.36 
1.0 0.0444153979532044 0.077336939 0.02 0.02 1.0 1.0 1.0 344.73 0.16 
0.0 0.0748759732320604 0.037437987 0.0 0.0 1.0 1.0 1.0 0.0 0.0 
1.0 0.0 0.0 0.0 0.0 1.0 1.0 1.0 0.0 0.0 
0.0 0.041294906134971 0.020647453 -0.02 0.01 0.935672514619882 0.961988304093567 0.948830409 15.51 0.0 
1.0 0.0220900695991859 0.011045035 0.0 0.0 1.0 1.0 1.0 0.0 0.0 
0.0 0.0287409193078362 0.01437046 0.0 0.0 1.0 0.922600619195046 0.96130031 0.08 0.01 
1.0 0.968808741745457 1.139227829 0.01 0.44 0.994152046783625 0.994152046783625 0.994152047 572.03 0.35 
0.0 0.0231976934792104 0.011598847 0.0 0.0 0.954861111111111 0.996527777777777 0.975694444 0.1 0.02 
1.0 0.0650626405333832 0.051712025 0.0 0.0 1.0 1.0 1.0 0.01 0.0 
0.0 0.0605098655008392 0.148457476 -0.01 0.0 1.0 0.990445859872611 0.99522293 0.33 0.04 
1.0 0.0429694362376849 0.032229621 0.0 0.0 1.0 1.0 1.0 0.01 0.0 
0.0 0.0898033804732823 0.079001719 -0.03 0.0 0.940063091482649 0.974763406940063 0.957413249 0.93 0.02 
1.0 0.779478842749047 1.070989455 0.14 0.25 1.0 1.0 1.0 560.18 0.22 
0.0 0.0835830637615662 0.066661354 0.0 0.0 0.995689655172413 0.995689655172413 0.995689655 0.05 0.01 
1.0 0.0882402034203475 0.080250076 0.02 0.02 1.0 0.969613259668508 0.98480663 362.13 0.09 
0.0 0.45925416297954 0.285022625 -0.06 0.03 0.511278195488721 0.966165413533834 0.738721805 12.79 0.28 
1.0 0.184072874532057 0.092036437 0.02 0.02 0.996996996996996 0.996996996996996 0.996996997 333.0 0.14 
0.0 0.0 0.0 0.02 0.02 0.991561181434599 0.995780590717299 0.993670886 118.0 0.29 
1.0 1.27308896400644 1.183807793 0.0 0.24 1.0 1.0 1.0 567.21 1.01 
0.0 0.0882701884630966 0.062535605 0.04 0.04 1.0 1.0 1.0 332.0 0.32 
1.0 0.0769984593778077 0.03849923 0.0 0.0 1.0 1.0 1.0 0.0 0.0 
0.0 0.0455410717570152 0.142960528 0.04 0.05 0.992277992277992 0.992277992277992 0.992277992 259.11 0.25 
1.0 0.995855729993577 0.516853635 0.01 0.02 1.0 0.996894409937888 0.998447205 322.72 0.02 
0.0 0.568250342771362 0.303662229 0.0 0.0 1.0 1.0 1.0 0.44 0.04 
1.0 0.130389858578722 0.123532351 0.08 0.08 0.993288590604026 0.996644295302013 0.994966443 386.1 0.71 
0.0 0.13231707722306 0.066158539 0.0 0.0 1.0 1.0 1.0 0.0 0.0 
1.0 0.02427927049306 0.012139635 0.02 0.02 0.996336996336996 0.996336996336996 0.996336996 273.0 0.23 
0.0 0.680889987266653 0.411985266 -0.01 0.03 1.0 0.96875 0.984375 15.24 0.05 
1.0 0.0411950173244082 0.032094327 0.0 0.0 1.0 1.0 1.0 0.01 0.0 
0.0 0.990016688534748 0.798125135 -0.02 0.11 1.0 0.94535519125683 0.972677596 98.3 0.25 
1.0 0.0506455745968486 0.025322787 0.0 0.0 1.0 1.0 1.0 0.0 0.0 
0.0 0.733526728790702 0.366763364 0.0 0.0 1.0 0.922360248447204 0.961180124 0.0 0.0 
1.0 0.535515215892509 0.796074208 0.01 0.16 0.922600619195046 0.984520123839009 0.953560372 143.04 0.61 
0.0 0.02427927049306 0.088366891 0.0 0.0 1.0 1.0 1.0 0.03 0.0 
1.0 0.290800378670856 0.24263354 0.01 0.01 1.0 1.0 1.0 42.6 0.12 
0.0 0.0764127049519044 0.038206352 0.0 0.0 1.0 1.0 1.0 0.0 0.0 
1.0 0.0194949129943501 0.019494913 0.02 0.02 1.0 1.0 1.0 352.0 0.2 
0.0 0.0276776371425936 0.116934844 0.0 0.0 1.0 0.978540772532188 0.989270386 0.08 0.01 
1.0 0.0748929709006422 0.089466118 0.0 0.0 1.0 0.991428571428571 0.995714286 0.12 0.02 
0.0 0.0555380567855558 0.0802819 0.03 0.03 1.0 1.0 1.0 232.01 0.21 
1.0 0.019542337228798 0.009771169 0.0 0.0 1.0 1.0 1.0 0.0 0.0 
0.0 0.467284094836369 0.244300285 0.0 0.0 1.0 0.870662460567823 0.93533123 0.32 0.03 
1.0 0.0 0.0 0.0 0.0 1.0 1.0 1.0 0.0 0.0 
0.0 0.354051139344926 0.17702557 0.0 0.0 1.0 0.985074626865671 0.992537313 0.0 0.0 
1.0 0.125463539216127 0.06273177 0.02 0.02 0.996323529411764 0.996323529411764 0.996323529 272.0 0.18 
0.0 0.0889360779877459 0.566296743 -0.01 0.01 1.0 1.0 1.0 6.21 0.01 
1.0 0.0277783581726275 0.027778358 0.0 0.0 1.0 1.0 1.0 0.0 0.28 
0.0 0.531054252887102 0.265527126 0.0 0.0 1.0 1.0 1.0 0.0 0.0 
1.0 0.0202845880542838 0.071834783 0.0 0.0 1.0 1.0 1.0 0.03 0.0 
0.0 0.0395008440485305 0.019750422 0.0 0.0 1.0 1.0 1.0 0.0 0.0 
1.0 0.784920553178637 0.537734548 0.25 0.53 0.819718309859154 0.819718309859154 0.81971831 773.77 0.95 
0.0 0.66397689936614 1.206864054 0.11 0.58 1.0 0.997032640949554 0.99851632 308.67 0.84 
1.0 0.0416737059285854 0.090022341 0.0 0.0 1.0 1.0 1.0 0.05 0.01 
0.0 0.0912364670409079 0.486608779 -0.01 0.01 1.0 1.0 1.0 3.42 0.01 
1.0 0.841741653418821 0.434088909 0.0 0.0 1.0 1.0 1.0 0.51 0.04 
0.0 0.0 0.0 0.0 0.0 1.0 1.0 1.0 0.0 0.0 
1.0 0.131629170846095 0.065814585 0.08 0.08 0.984520123839009 0.984520123839009 0.984520124 323.0 0.6 
0.0 0.0600239093195218 0.030011955 0.0 0.0 1.0 1.0 1.0 0.0 0.0 
1.0 0.09277111711335 0.381255624 0.0 0.01 1.0 0.995689655172413 0.997844828 5.05 0.09 
0.0 0.337415623357635 0.168707812 0.0 0.0 1.0 1.0 1.0 0.0 0.0 
1.0 0.0364344158699368 0.018217208 0.02 0.02 0.997032640949554 0.997032640949554 0.997032641 337.0 0.18 
0.0 0.0758612201196971 0.03793061 0.0 0.0 1.0 1.0 1.0 0.0 0.0 
1.0 0.740510656554896 0.370255328 0.0 0.0 1.0 1.0 1.0 0.0 0.0 
0.0 0.0708105549081962 0.056002786 0.0 0.0 1.0 0.966666666666666 0.983333333 0.17 0.02 
1.0 0.19315918864751 0.096579594 0.03 0.03 0.995999999999999 0.995999999999999 0.996 250.0 0.18 
0.0 0.838455913773507 0.970337568 -0.12 0.26 0.899484536082474 0.935567010309278 0.917525773 353.84 0.62 
1.0 0.725446257432056 0.362723129 0.0 0.0 1.0 1.0 1.0 0.0 0.0 
0.0 0.0 0.0 0.0 0.0 1.0 1.0 1.0 0.0 0.0 
1.0 0.0419175889863189 0.020958794 0.0 0.0 1.0 1.0 1.0 0.0 0.0 
0.0 0.68099914326541 0.351215419 -0.01 0.02 0.993690851735015 0.993690851735015 0.993690852 80.33 0.09 
1.0 0.0295044445015376 0.014752222 0.0 0.0 1.0 1.0 1.0 0.0 0.0 
0.0 0.097861309246028 0.05912473 0.0 0.0 1.0 0.997014925373134 0.998507463 0.04 0.01 
1.0 0.132022998428635 0.127661718 0.13 0.15 0.961538461538461 0.987179487179487 0.974358974 287.97 1.14 
0.0 0.0217855061668038 0.076738531 0.0 0.0 1.0 1.0 1.0 0.03 0.0 
1.0 0.431439280559023 0.84351015 0.0 0.13 1.0 1.0 1.0 249.79 0.27 
0.0 0.0212025770039786 0.010601289 0.0 0.0 1.0 0.971786833855799 0.985893417 0.03 0.0 
