1.0 0.0216661847883997 0.021666185 0.13 0.16 0.962848297213622 0.962848297213622 0.962848297 323.0 1.37 
0.0 0.696576102069622 0.415164025 -0.02 0.03 1.0 0.997084548104956 0.998542274 349.97 0.01 
1.0 0.78234378781173 0.602728031 0.02 0.04 1.0 1.0 1.0 324.37 0.31 
0.0 0.0212025770039786 0.069198207 0.0 0.0 1.0 1.0 1.0 0.03 0.0 
1.0 0.0744486206082655 0.057360495 0.02 0.02 0.996655518394648 0.996655518394648 0.996655518 299.02 0.16 
0.0 0.0456883890739836 0.022844195 0.0 0.0 1.0 0.984375 0.9921875 0.02 0.01 
1.0 0.0486918268375366 0.034780198 0.02 0.02 1.0 0.996932515337423 0.998466258 294.08 0.18 
0.0 0.315085211272825 0.157542606 0.0 0.0 1.0 0.959044368600682 0.979522184 0.0 0.0 
1.0 0.186970843565625 0.093485422 0.0 0.0 1.0 1.0 1.0 0.0 0.0 
0.0 0.355631253599752 0.19107933 0.0 0.0 1.0 1.0 1.0 0.12 0.02 
1.0 0.09277111711335 0.381255624 0.0 0.01 1.0 0.995689655172413 0.997844828 5.05 0.09 
0.0 0.0 0.0 0.0 0.0 1.0 0.996428571428571 0.998214286 0.0 0.0 
1.0 0.842424443865419 0.737633637 0.13 0.4 1.0 1.0 1.0 216.05 0.46 
0.0 0.712042783029343 0.957859218 0.11 0.5 0.899484536082474 0.902061855670103 0.900773196 519.16 0.09 
1.0 0.0 0.0 0.06 0.06 0.989473684210526 0.989473684210526 0.989473684 285.0 0.56 
0.0 0.461052611078293 0.372162276 0.0 0.02 1.0 0.960339943342776 0.980169972 16.76 0.06 
1.0 0.0212593629087996 0.010629681 0.02 0.02 0.996865203761755 0.996865203761755 0.996865204 319.0 0.23 
0.0 0.0419476776352413 0.020973839 0.0 0.0 1.0 0.969040247678018 0.984520124 0.06 0.01 
1.0 1.32717063195249 0.663585316 0.0 0.0 1.0 1.0 1.0 0.0 0.0 
0.0 0.288211390110029 0.154821542 0.03 0.04 0.993690851735015 0.996845425867507 0.995268139 317.06 0.23 
1.0 0.0 0.0 0.0 0.0 1.0 1.0 1.0 0.0 0.0 
0.0 0.680889987266653 0.881013893 0.07 0.24 1.0 1.0 1.0 130.03 0.77 
1.0 0.0458410923794206 0.14557801 0.18 0.34 0.900928792569659 0.900928792569659 0.900928793 646.07 2.0 
0.0 0.0634322669712523 0.335574182 -0.03 0.0 1.0 0.996610169491525 0.998305085 1.64 0.01 
1.0 0.0187247707446828 0.708920963 0.02 0.05 0.994609164420485 0.994609164420485 0.994609164 742.0 0.09 
0.0 0.0528378851271109 0.026418943 0.0 0.0 1.0 1.0 1.0 0.0 0.0 
1.0 0.11433803820386 0.114338038 0.0 0.0 1.0 1.0 1.0 0.0 0.8 
0.0 0.870527059159146 1.113846683 -0.02 0.12 1.0 0.997395833333333 0.998697917 80.75 0.35 
1.0 0.560245306763885 0.297357708 0.01 0.02 1.0 1.0 1.0 179.09 0.07 
0.0 1.95951017862725 1.530864701 -0.11 0.35 0.899484536082474 0.945876288659793 0.922680412 421.62 0.07 
1.0 0.702239380528821 0.375167421 -0.01 0.0 1.0 1.0 1.0 1.21 0.05 
0.0 0.0386572159431509 0.029099777 0.0 0.0 1.0 0.891737891737891 0.945868946 0.13 0.01 
1.0 0.796058633619711 1.090156926 0.06 0.41 0.997275204359672 0.997275204359672 0.997275204 606.27 0.4 
0.0 0.0234056746645995 0.011702837 0.0 0.0 1.0 1.0 1.0 0.0 0.0 
1.0 0.0665854743974204 0.111480328 0.11 0.13 0.979057591623036 0.979057591623036 0.979057592 382.03 0.87 
0.0 0.145775003385483 0.072887502 0.08 0.1 0.980582524271844 0.980582524271844 0.980582524 309.0 0.69 
1.0 0.0 0.0 0.02 0.02 0.99628252788104 0.99628252788104 0.996282528 269.0 0.28 
0.0 0.0743499815374808 0.101943345 0.0 0.0 1.0 1.0 1.0 0.09 0.01 
1.0 0.642422021076254 0.321211011 0.0 0.0 1.0 1.0 1.0 0.0 0.0 
0.0 0.615613450001113 0.824675976 0.04 0.24 1.0 0.993527508090614 0.996763754 215.52 0.67 
1.0 0.134258729623652 0.128858734 0.38 0.64 0.581761006289308 0.60062893081761 0.591194969 930.06 1.95 
0.0 0.467785087145833 0.346439104 0.0 0.03 1.0 0.997134670487106 0.998567335 109.23 0.0 
1.0 0.0524361530026488 0.109485626 0.04 0.05 0.957575757575757 0.984848484848484 0.971212121 114.74 0.52 
0.0 0.328402382434168 0.175215405 0.0 0.01 1.0 1.0 1.0 9.93 0.13 
1.0 0.593067072004187 0.374062086 0.02 0.15 0.96231884057971 0.965217391304347 0.963768116 320.94 0.4 
0.0 0.990882265262347 0.733666689 0.01 0.17 0.971518987341772 0.974683544303797 0.973101266 354.49 0.09 
1.0 0.280078744630632 0.140039372 0.16 0.27 0.922600619195046 0.922600619195046 0.922600619 323.0 1.57 
0.0 0.0600239093195218 0.109077166 0.0 0.0 1.0 0.996815286624203 0.998407643 0.1 0.01 
1.0 1.23477523246694 1.23207922 0.06 0.34 0.969788519637462 0.972809667673716 0.971299094 530.48 0.35 
0.0 0.0557409191195386 0.041759639 0.0 0.0 1.0 0.995689655172413 0.997844828 0.01 0.0 
1.0 0.0 0.0 0.0 0.0 1.0 1.0 1.0 0.0 0.0 
0.0 0.825163061705055 0.463978067 0.0 0.01 1.0 1.0 1.0 4.53 0.12 
1.0 0.0 0.0 0.0 0.0 1.0 1.0 1.0 0.0 0.0 
0.0 0.0181782999069074 0.661644974 0.0 0.0 1.0 0.992146596858638 0.996073298 2.75 0.01 
1.0 0.0299727550330972 0.112312622 0.0 0.0 1.0 1.0 1.0 0.04 0.01 
0.0 0.0 0.0 0.0 0.0 1.0 1.0 1.0 0.0 0.0 
1.0 0.868207575092389 0.681132168 0.06 0.17 0.963172804532577 0.974504249291784 0.968838527 322.03 0.04 
0.0 0.74297596708513 0.942483866 0.14 0.66 1.0 0.951219512195121 0.975609756 323.8 0.18 
1.0 0.117529803717087 0.058764902 0.0 0.0 1.0 1.0 1.0 0.0 0.0 
0.0 0.0788244752788959 0.062036986 -0.01 0.0 0.962825278810408 0.970260223048327 0.966542751 0.53 0.06 
1.0 0.0754569134062313 0.052957135 0.03 0.03 0.995215311004784 0.995215311004784 0.995215311 209.01 0.24 
0.0 0.0 0.0 0.0 0.0 1.0 1.0 1.0 0.0 0.0 
1.0 0.586137714706872 1.046474697 0.08 0.24 0.982142857142857 0.982142857142857 0.982142857 935.24 0.33 
0.0 0.545718595678117 0.509344254 -0.02 0.02 1.0 0.982195845697329 0.991097923 17.63 0.19 
1.0 0.666045722146777 0.401098106 0.2 0.32 0.909793814432989 0.909793814432989 0.909793814 777.3 0.95 
0.0 0.242608855653385 0.171584566 -0.01 0.0 1.0 0.997375328083989 0.998687664 0.45 0.04 
1.0 0.143080545316285 0.136282249 0.17 0.2 0.921875 0.96875 0.9453125 464.29 1.48 
0.0 0.0390741155048994 0.019537058 0.0 0.0 1.0 1.0 1.0 0.0 0.0 
1.0 0.673272369552372 0.466894253 -0.01 0.02 1.0 1.0 1.0 12.85 0.01 
0.0 0.271251013045678 0.67017763 0.05 0.12 0.980446927374301 0.997206703910614 0.988826816 203.01 0.72 
1.0 0.0758026428676064 0.07219793 0.2 0.2 0.968944099378882 0.968944099378882 0.968944099 644.0 1.35 
0.0 0.387589134897332 0.193794567 0.0 0.0 0.994609164420485 0.997304582210242 0.995956873 0.2 0.02 
1.0 0.0707561028420881 0.176460122 0.0 0.0 1.0 1.0 1.0 0.27 0.04 
0.0 0.170138956666946 0.085069478 -0.11 0.01 0.900928792569659 0.91640866873065 0.908668731 4.74 0.26 
1.0 0.330862899159724 0.330862899 -0.01 0.0 0.989090909090909 0.989090909090909 0.989090909 0.0 2.19 
0.0 0.70505755944942 0.363421533 0.0 0.0 1.0 0.996763754045307 0.998381877 0.28 0.02 
1.0 0.0376557446286782 0.076855406 0.0 0.0 1.0 1.0 1.0 0.05 0.01 
0.0 0.988530152112064 0.594529244 -0.04 0.08 0.982142857142857 0.987244897959183 0.984693878 209.53 0.18 
1.0 0.0837852324934959 0.071095749 0.12 0.16 0.956228956228956 0.959595959595959 0.957912458 273.24 1.35 
0.0 0.778124050497512 0.668794871 0.19 0.63 0.881578947368421 0.898026315789473 0.889802632 851.59 2.04 
1.0 0.814553554940188 0.416595987 -0.01 0.0 1.0 0.997311827956989 0.998655914 2.5 0.05 
0.0 0.067494360609112 0.03374718 0.0 0.0 1.0 0.994565217391304 0.997282609 0.01 0.0 
1.0 0.0 0.0 0.12 0.14 0.968944099378882 0.968944099378882 0.968944099 161.0 1.14 
0.0 0.880295985312487 0.450637316 0.0 0.0 1.0 0.795665634674922 0.897832817 1.26 0.02 
1.0 0.610844790689611 1.028247394 0.07 0.36 0.975138121546961 0.975138121546961 0.975138122 1220.06 0.61 
0.0 0.0708149198462115 0.197779662 -0.02 0.01 1.0 0.878125 0.9390625 3.33 0.2 
1.0 0.0 0.0 -0.25 0.0 0.539893617021276 0.539893617021276 0.539893617 0.0 2.01 
0.0 0.606233582079089 0.989279366 0.11 0.36 1.0 0.94535519125683 0.972677596 454.12 0.81 
1.0 0.039827557911359 0.019913779 0.0 0.0 1.0 1.0 1.0 0.0 0.0 
0.0 0.0 0.0 0.0 0.0 1.0 1.0 1.0 0.0 0.0 
1.0 0.223554224045767 0.198652108 -0.01 0.05 1.0 0.595070422535211 0.797535211 107.61 0.49 
0.0 0.040048630190433 0.020024315 0.0 0.0 1.0 1.0 1.0 0.0 0.0 
1.0 0.460448111633332 0.360699174 0.11 0.14 0.97682119205298 0.97682119205298 0.976821192 369.97 0.6 
0.0 0.0197345316184079 0.10620537 -0.04 0.01 0.894329896907216 0.940721649484536 0.917525773 4.82 0.27 
1.0 0.0202845880542838 0.071834783 0.0 0.0 1.0 1.0 1.0 0.03 0.0 
0.0 0.0429694362376849 0.079255071 0.0 0.0 1.0 1.0 1.0 0.04 0.01 
1.0 0.834694147442099 0.436937005 0.01 0.02 1.0 0.996763754045307 0.998381877 309.63 0.03 
0.0 0.682325935624429 0.363754094 -0.03 0.04 0.815625 0.925 0.8703125 19.28 0.45 
1.0 0.0402723695891569 0.606271836 0.0 0.03 0.996655518394648 0.996655518394648 0.996655518 302.88 0.05 
0.0 0.64056840835715 0.320284204 0.0 0.0 1.0 1.0 1.0 0.0 0.0 
1.0 0.783161823896616 0.772357487 0.02 0.11 1.0 1.0 1.0 171.97 0.06 
0.0 1.40928658583307 1.245212192 0.04 0.5 1.0 0.878125 0.9390625 373.03 1.0 
1.0 0.0277783581726275 0.027778358 0.0 0.0 1.0 1.0 1.0 0.0 0.0 
0.0 0.0367617398647108 0.027510941 0.0 0.0 1.0 0.992105263157894 0.996052632 0.01 0.0 
1.0 0.454333471311518 0.373166901 0.05 0.06 0.997032640949554 0.997032640949554 0.997032641 484.43 0.26 
0.0 0.0524950451998158 0.026247523 0.0 0.0 1.0 1.0 1.0 0.0 0.0 
1.0 0.0236892919972459 0.011844646 0.02 0.02 1.0 0.996428571428571 0.998214286 280.0 0.27 
0.0 0.312056741818455 0.156028371 0.0 0.0 1.0 1.0 1.0 0.0 0.0 
1.0 0.0665854743974204 0.049946293 0.09 0.1 0.979057591623036 0.979057591623036 0.979057592 191.01 0.76 
0.0 0.0743499815374808 0.056760907 0.0 0.0 1.0 1.0 1.0 0.02 0.0 
1.0 1.95397499975268 0.9769875 0.0 0.0 1.0 1.0 1.0 0.0 0.0 
0.0 0.866958696889648 0.632323905 -0.01 0.04 1.0 0.979228486646884 0.989614243 59.82 0.24 
1.0 0.0 0.0 0.15 0.17 0.960526315789473 0.960526315789473 0.960526316 304.0 1.37 
0.0 0.0817712794043339 0.439641985 -0.02 0.04 0.928853754940711 0.992094861660079 0.960474308 33.37 0.16 
1.0 0.0558624014980071 0.047907461 0.01 0.02 1.0 1.0 1.0 170.5 0.17 
0.0 0.036164585581436 0.018082293 0.03 0.03 0.991228070175438 0.994152046783625 0.992690058 227.33 0.32 
1.0 0.693726792106099 0.562583036 0.01 0.08 1.0 1.0 1.0 86.7 0.58 
0.0 0.814553554940188 0.44761657 -0.01 0.02 1.0 0.994623655913978 0.997311828 42.82 0.16 
1.0 0.0377533684787965 0.037753368 0.0 0.0 1.0 1.0 1.0 0.0 0.44 
0.0 0.0434409002022211 0.07370327 0.06 0.07 0.981012658227848 0.984177215189873 0.982594937 230.41 0.57 
1.0 0.0212025770039786 0.010601289 0.0 0.0 1.0 1.0 1.0 0.0 0.0 
0.0 0.288211390110029 0.197992851 -0.08 0.01 0.889589905362776 0.996845425867507 0.943217666 3.25 0.21 
1.0 0.0369873274571349 0.677217485 0.02 0.04 0.996978851963746 0.996978851963746 0.996978852 273.98 0.12 
0.0 0.483916643587452 0.241958322 0.0 0.0 1.0 1.0 1.0 0.0 0.0 
1.0 0.0 0.0 0.0 0.0 1.0 1.0 1.0 0.0 0.0 
0.0 0.0277783581726275 0.066402051 0.0 0.0 1.0 1.0 1.0 0.02 0.0 
1.0 0.236881395348386 0.178600877 0.09 0.1 0.980225988700564 0.980225988700564 0.980225989 354.43 0.51 
0.0 0.0422824341559714 0.021141217 0.0 0.0 1.0 0.996884735202492 0.998442368 0.0 0.0 
1.0 0.0759774505806457 0.115307452 0.01 0.01 1.0 1.0 1.0 54.1 0.11 
0.0 0.461097186127269 0.300804711 0.11 0.2 0.938775510204081 0.963265306122448 0.951020408 227.88 1.08 
1.0 0.571149006534049 0.349139352 0.27 0.38 0.677551020408163 0.76734693877551 0.72244898 167.57 1.39 
0.0 0.87681682268112 0.438408411 0.0 0.0 1.0 0.995918367346938 0.997959184 0.0 0.0 
1.0 0.0215482557268673 0.021548256 0.0 0.0 1.0 1.0 1.0 0.0 0.0 
0.0 0.0 0.0 0.0 0.0 1.0 0.996996996996996 0.998498498 0.0 0.0 
1.0 0.857560336085041 0.514752012 0.01 0.04 0.994269340974212 0.997134670487106 0.995702006 207.38 0.01 
0.0 0.0212025770039786 0.021202577 0.0 0.0 1.0 1.0 1.0 0.0 0.0 
1.0 0.257318640543831 0.233512044 0.03 0.04 0.997032640949554 0.997032640949554 0.997032641 362.0 0.36 
0.0 0.740636982546526 0.570729768 -0.03 0.03 1.0 0.983673469387755 0.991836735 19.64 0.3 
1.0 0.0660783761156329 0.033039188 0.0 0.0 1.0 1.0 1.0 0.0 0.0 
0.0 0.0 0.0 0.0 0.0 1.0 0.988023952095808 0.994011976 0.0 0.0 
1.0 0.122956999336944 0.0614785 0.0 0.0 1.0 1.0 1.0 0.0 0.0 
0.0 0.0719789336351772 0.670068344 -0.04 0.11 0.979999999999999 0.993333333333333 0.986666667 336.12 0.21 
1.0 0.173136234770043 0.145988627 0.04 0.04 0.968390804597701 0.988505747126436 0.978448276 124.29 0.37 
0.0 0.0646097905956742 0.347430199 0.01 0.02 1.0 1.0 1.0 18.36 0.21 
1.0 0.761160160014868 0.412357927 0.04 0.07 0.992277992277992 0.992277992277992 0.992277992 346.11 0.16 
0.0 0.387548903664323 0.193774452 0.0 0.0 1.0 1.0 1.0 0.0 0.0 
1.0 0.0358681627845499 0.026902787 0.0 0.0 1.0 1.0 1.0 0.01 0.0 
0.0 0.0589220138302771 0.029461007 0.02 0.02 1.0 0.996884735202492 0.998442368 160.0 0.2 
1.0 0.0866216601957414 0.123546447 0.1 0.11 0.976588628762541 0.976588628762541 0.976588629 299.2 0.67 
0.0 0.0 0.0 0.0 0.0 1.0 0.989690721649484 0.994845361 0.0 0.0 
1.0 0.218738079392867 0.10936904 0.02 0.02 0.996710526315789 0.996710526315789 0.996710526 304.0 0.15 
0.0 0.197441924661979 0.098720962 0.0 0.0 1.0 1.0 1.0 0.0 0.0 
1.0 0.415431027991573 0.772904389 0.0 0.09 1.0 1.0 1.0 75.69 0.47 
0.0 0.604811716417282 0.529411654 0.2 0.29 1.0 0.97452229299363 0.987261146 206.28 1.76 
1.0 0.0194949129943501 0.019494913 0.02 0.02 1.0 1.0 1.0 352.0 0.2 
0.0 0.0433219971907989 0.021660999 0.0 0.0 1.0 0.993610223642172 0.996805112 0.0 0.0 
1.0 0.432554134926898 0.22702197 0.12 0.14 0.969135802469135 0.969135802469135 0.969135802 324.11 0.8 
0.0 0.663079958249567 0.331539979 0.16 0.3 0.909375 0.909375 0.909375 320.0 0.84 
1.0 0.229561389474005 0.114780695 0.0 0.0 1.0 1.0 1.0 0.0 0.0 
0.0 0.0 0.0 0.1 0.18 0.921052631578947 0.935672514619882 0.928362573 247.91 1.51 
1.0 0.383812928714808 0.269868769 0.29 0.39 0.879120879120879 0.879120879120879 0.879120879 557.15 2.16 
0.0 0.0429694362376849 0.021484718 0.0 0.0 1.0 0.990445859872611 0.99522293 0.02 0.0 
1.0 0.422615274913311 0.278943822 0.0 0.01 1.0 1.0 1.0 14.45 0.01 
0.0 0.0402723695891569 0.03133814 0.0 0.0 1.0 0.996655518394648 0.998327759 0.01 0.0 
1.0 0.175060111284035 0.141591452 0.05 0.09 0.990384615384615 0.990384615384615 0.990384615 422.36 0.64 
0.0 0.373455552031381 0.240209061 0.01 0.01 1.0 1.0 1.0 15.74 0.19 
1.0 0.834694147442099 0.650079344 0.02 0.06 1.0 1.0 1.0 339.35 0.21 
0.0 0.0 0.0 0.0 0.0 0.992857142857142 0.996428571428571 0.994642857 0.01 0.0 
1.0 0.235649142468084 0.641346659 -0.02 0.03 1.0 1.0 1.0 18.08 0.02 
0.0 0.0616067104727896 0.030803355 0.0 0.0 1.0 0.996268656716417 0.998134328 0.0 0.0 
1.0 0.0784514685554375 0.039225734 0.0 0.0 0.967637540453074 0.987055016181229 0.977346278 0.18 0.02 
0.0 0.0366167293797121 0.018308365 0.0 0.0 1.0 1.0 1.0 0.0 0.0 
1.0 0.0647261948575221 0.280989655 0.0 0.0 1.0 1.0 1.0 0.42 0.04 
0.0 0.9374723317261 0.484745246 -0.01 0.08 0.844827586206896 0.987068965517241 0.915948276 35.5 0.59 
1.0 0.848952015449364 0.752686111 0.17 0.51 0.962264150943396 0.962264150943396 0.962264151 538.89 2.28 
0.0 0.0773036079807894 0.038651804 0.0 0.0 1.0 1.0 1.0 0.0 0.0 
1.0 0.962501570244481 1.015130686 -0.03 0.44 0.909348441926345 0.91784702549575 0.913597734 809.13 0.23 
0.0 0.0976237625401564 0.376735706 0.01 0.07 0.964912280701754 0.982456140350877 0.973684211 169.03 0.3 
1.0 0.37714652697009 0.25410022 0.31 0.67 0.663043478260869 0.663043478260869 0.663043478 218.47 2.79 
0.0 0.799448849658138 0.465703253 -0.03 0.01 1.0 0.986970684039087 0.993485342 5.81 0.09 
1.0 0.0745300361366993 0.170630978 0.0 0.0 1.0 1.0 1.0 0.21 0.02 
0.0 0.545718595678117 0.272859298 0.0 0.0 1.0 1.0 1.0 0.0 0.0 
1.0 0.881843094172472 0.440921547 0.0 0.0 1.0 1.0 1.0 0.0 0.0 
0.0 0.76170373746072 0.479681437 -0.11 0.08 0.889175257731958 0.90721649484536 0.898195876 123.94 0.28 
1.0 0.0744486206082655 0.057360495 0.02 0.02 0.996655518394648 0.996655518394648 0.996655518 299.02 0.16 
0.0 0.323535568963029 0.225337151 0.0 0.0 1.0 0.990624999999999 0.9953125 3.91 0.03 
1.0 0.0295044445015376 0.029504445 0.0 0.0 1.0 1.0 1.0 0.0 0.0 
0.0 0.102932002078561 0.051466001 0.0 0.0 1.0 1.0 1.0 0.0 0.0 
1.0 0.371908886355649 0.330952844 -0.12 0.06 0.380821917808219 0.997260273972602 0.689041096 29.18 0.41 
0.0 0.658429890895838 0.354682552 -0.01 0.0 0.992277992277992 0.996138996138996 0.994208494 1.39 0.11 
1.0 0.0496297865041388 0.080579691 0.12 0.16 0.963636363636363 0.963636363636363 0.963636364 275.04 1.17 
0.0 0.280078744630632 0.140039372 0.0 0.0 1.0 0.922600619195046 0.96130031 0.0 0.0 
1.0 0.654804018334906 0.563211251 0.06 0.12 0.991620111731843 0.991620111731843 0.991620112 849.98 0.29 
0.0 0.915656028022533 0.554493383 0.0 0.03 0.997237569060773 0.997237569060773 0.997237569 369.26 0.1 
1.0 0.0649157045465794 0.180712985 0.0 0.0 1.0 1.0 1.0 0.29 0.03 
0.0 0.2284156055828 0.124350097 -0.01 0.02 0.552631578947368 0.982456140350877 0.76754386 8.4 0.15 
1.0 0.0 0.0 0.24 0.26 0.925925925925925 0.925925925925925 0.925925926 270.0 1.94 
0.0 0.221139184284392 0.110569592 0.0 0.0 1.0 1.0 1.0 0.0 0.0 
1.0 0.0263455923390652 0.140510344 0.04 0.05 0.991967871485943 0.991967871485943 0.991967871 249.06 0.27 
0.0 0.271251013045678 0.722052122 -0.03 0.03 0.994413407821229 0.997206703910614 0.995810056 25.01 0.31 
