1.0 1.46489640594791 1.410368481 0.18 0.75 1.0 0.994910941475826 0.997455471 735.0 0.17 
0.0 0.960670830302921 0.492362598 -0.01 0.0 1.0 1.0 1.0 1.26 0.01 
1.0 0.826701080184217 0.95391944 0.01 0.28 1.0 1.0 1.0 180.39 1.13 
0.0 0.0898033804732823 0.083131461 -0.01 0.0 1.0 0.940063091482649 0.970031546 0.32 0.03 
1.0 0.692400987461596 0.346200494 0.0 0.0 1.0 1.0 1.0 0.0 0.0 
0.0 0.0475098133127893 0.023754907 0.0 0.0 1.0 0.978947368421052 0.989473684 0.0 0.0 
1.0 0.541952602754964 0.337783371 0.05 0.11 0.984177215189873 0.984177215189873 0.984177215 402.15 0.46 
0.0 0.480841441189327 0.759941475 0.03 0.09 1.0 1.0 1.0 41.24 0.75 
1.0 0.441370542519562 0.239860663 0.01 0.02 1.0 1.0 1.0 157.59 0.08 
0.0 0.48927992427504 0.30454039 -0.02 0.02 1.0 0.684782608695652 0.842391304 30.22 0.05 
1.0 0.0772428370814577 0.077242837 -0.03 0.0 0.927051671732522 0.927051671732522 0.927051672 0.0 1.99 
0.0 0.0263455923390652 0.013172796 0.0 0.0 1.0 0.991967871485943 0.995983936 0.0 0.0 
1.0 0.025308475175301 0.012654238 0.0 0.0 1.0 1.0 1.0 0.0 0.0 
0.0 0.890561650446367 1.425035915 -0.11 0.26 0.896907216494845 0.945876288659793 0.921391753 332.9 0.04 
1.0 0.0959114171323825 0.12806549 0.03 0.05 0.992277992277992 0.992277992277992 0.992277992 259.17 0.26 
0.0 0.0748759732320604 0.037437987 0.0 0.0 1.0 0.996428571428571 0.998214286 0.01 0.0 
1.0 0.888137848945064 0.444068924 0.0 0.0 1.0 1.0 1.0 0.0 0.0 
0.0 0.265831318884742 0.132915659 0.0 0.0 1.0 1.0 1.0 0.0 0.0 
1.0 0.805578043115937 0.574872082 0.12 0.23 0.949612403100775 0.949612403100775 0.949612403 301.89 0.59 
0.0 1.44841522944645 1.386466991 0.09 0.65 0.901060070671378 0.992932862190812 0.946996466 659.23 0.28 
1.0 0.167844583811444 0.60245334 -0.02 0.03 0.996644295302013 0.996644295302013 0.996644295 301.44 0.01 
0.0 0.0429694362376849 0.021484718 0.0 0.0 1.0 1.0 1.0 0.0 0.0 
1.0 0.0 0.0 0.0 0.0 1.0 1.0 1.0 0.0 0.0 
0.0 0.041294906134971 0.030687855 0.0 0.0 0.961988304093567 0.994152046783625 0.978070175 0.14 0.02 
1.0 0.298002400934844 0.158540663 0.04 0.05 0.986338797814207 0.989071038251366 0.987704918 292.08 0.38 
0.0 0.116055067608064 0.592299747 -0.01 0.01 1.0 1.0 1.0 4.6 0.18 
1.0 0.849195285639652 0.437861346 0.0 0.0 1.0 1.0 1.0 0.51 0.04 
0.0 0.023546567098459 0.023476121 0.02 0.02 1.0 0.992957746478873 0.996478873 141.5 0.24 
1.0 0.413643065606016 0.83218265 -0.04 0.14 1.0 0.954545454545454 0.977272727 77.47 0.33 
0.0 0.656420207430103 0.349521588 -0.01 0.0 0.962264150943396 0.996855345911949 0.979559748 1.58 0.07 
1.0 0.336788082190399 0.764530637 0.2 0.46 0.894329896907216 0.894329896907216 0.894329897 708.48 1.47 
0.0 0.0666103668986602 0.308199941 0.4 0.52 0.798941798941798 0.928571428571428 0.863756614 1125.65 2.35 
1.0 0.323535568963029 0.276552566 -0.01 0.0 1.0 1.0 1.0 1.3 0.11 
0.0 0.0 0.0 0.0 0.0 1.0 1.0 1.0 0.0 0.0 
1.0 0.848952015449364 0.544082177 0.09 0.18 0.962264150943396 0.962264150943396 0.962264151 333.39 0.89 
0.0 0.898863875971626 0.449431938 0.0 0.0 1.0 0.925696594427244 0.962848297 0.0 0.0 
1.0 0.584136210697303 0.292068105 0.05 0.09 0.982507288629737 0.982507288629737 0.982507289 343.0 0.33 
0.0 0.0426229687350899 0.083040854 0.0 0.01 0.60062893081761 0.996855345911949 0.798742138 2.91 0.02 
1.0 0.0202845880542838 0.010142294 0.0 0.0 1.0 1.0 1.0 0.0 0.0 
0.0 0.467284094836369 0.299662403 0.19 0.39 0.870662460567823 0.883280757097791 0.876971609 320.85 1.84 
1.0 0.604811716417282 0.529411654 0.2 0.29 1.0 0.97452229299363 0.987261146 206.28 1.76 
0.0 0.106833656122722 0.053416828 -0.01 0.0 0.909375 0.981249999999999 0.9453125 1.35 0.11 
1.0 0.0821210693052371 0.065543963 0.06 0.06 1.0 0.994413407821229 0.997206704 323.38 0.64 
0.0 0.130580648280348 0.065290324 0.0 0.0 1.0 0.993527508090614 0.996763754 0.0 0.0 
1.0 0.0645814363776275 0.042356387 0.13 0.14 0.954545454545454 0.963068181818181 0.958806818 283.48 1.23 
0.0 0.0599541287844177 0.080714795 0.02 0.02 0.992277992277992 0.996138996138996 0.994208494 129.04 0.18 
1.0 0.358859431630416 0.27685855 0.19 0.24 0.982578397212543 0.982578397212543 0.982578397 1205.44 1.34 
0.0 0.663900484476424 0.331950242 0.0 0.0 1.0 1.0 1.0 0.0 0.0 
1.0 0.742709694902273 0.40160978 0.03 0.07 0.990445859872611 0.990445859872611 0.99044586 331.13 0.35 
0.0 0.0 0.0 0.0 0.0 1.0 1.0 1.0 0.0 0.0 
1.0 0.946912170978799 1.03118691 0.2 0.6 1.0 1.0 1.0 75.3 1.27 
0.0 0.545718595678117 0.409738608 -0.01 0.01 1.0 1.0 1.0 2.49 0.15 
1.0 0.0876290502549295 0.062642397 0.0 0.0 1.0 1.0 1.0 0.03 0.01 
0.0 1.40928658583307 0.704643293 0.0 0.0 1.0 0.878125 0.9390625 0.0 0.0 
1.0 0.754464910048866 1.112342101 0.06 0.34 0.92 0.975999999999999 0.948 351.6 0.53 
0.0 0.736181438737093 0.380622081 -0.1 0.0 0.903448275862068 0.982758620689655 0.943103448 1.62 0.03 
1.0 0.0600239093195218 0.040756857 0.0 0.0 1.0 1.0 1.0 0.01 0.0 
0.0 0.0 0.0 0.0 0.0 0.988338192419825 0.988338192419825 0.988338192 0.0 0.58 
1.0 0.0217855061668038 0.076738531 0.0 0.0 1.0 1.0 1.0 0.03 0.0 
0.0 0.642067283321906 0.922182752 0.01 0.08 1.0 0.991836734693877 0.995918367 33.17 0.62 
1.0 0.0593888809210752 0.055078978 0.0 0.01 0.938053097345132 0.997050147492625 0.967551622 15.4 0.08 
0.0 0.099623389466162 0.049811695 0.0 0.0 1.0 0.910216718266253 0.955108359 0.0 0.0 
1.0 0.0189000718844816 0.009450036 0.0 0.0 1.0 0.997267759562841 0.99863388 0.0 0.0 
0.0 0.0202332278371195 0.092717286 0.0 0.0 1.0 1.0 1.0 0.03 0.01 
1.0 0.0 0.0 0.0 0.0 1.0 1.0 1.0 0.0 0.0 
0.0 0.0769984593778077 0.118978265 0.0 0.0 1.0 1.0 1.0 0.13 0.02 
1.0 1.08008174193643 0.540040871 0.0 0.01 0.990595611285266 0.996865203761755 0.993730408 2.37 0.04 
0.0 0.902230540632502 1.207073499 0.38 0.93 0.516574585635359 0.516574585635359 0.516574586 778.27 0.8 
1.0 0.0 0.0 0.0 0.0 1.0 1.0 1.0 0.0 0.0 
0.0 0.39128385161505 0.261662281 0.17 0.38 0.867507886435331 0.883280757097791 0.875394322 319.96 1.87 
1.0 0.321010647839868 0.160505324 0.0 0.0 1.0 1.0 1.0 0.0 0.0 
0.0 0.143080545316285 0.128650528 0.0 0.0 1.0 0.96875 0.984375 0.43 0.05 
1.0 0.0378515401098124 0.08237052 0.0 0.0 1.0 1.0 1.0 0.04 0.01 
0.0 0.990463026172509 1.267126739 0.0 0.39 0.989795918367346 0.989795918367346 0.989795918 724.3 0.1 
1.0 0.0696614903440458 0.221558521 0.0 0.0 1.0 1.0 1.0 4.2 0.05 
0.0 0.498165535626351 0.476088564 -0.06 0.02 1.0 0.996815286624203 0.998407643 10.18 0.4 
1.0 0.02427927049306 0.02427927 0.0 0.0 1.0 1.0 1.0 0.0 0.0 
0.0 0.021489805529056 0.010744903 0.0 0.0 1.0 1.0 1.0 0.0 0.0 
1.0 0.0870995231917752 0.078913474 0.0 0.0 1.0 1.0 1.0 0.04 0.01 
0.0 0.0429694362376849 0.021484718 0.0 0.0 1.0 0.990445859872611 0.99522293 0.02 0.0 
1.0 0.040048630190433 0.140819573 0.0 0.0 1.0 1.0 1.0 0.09 0.01 
0.0 0.779478842749047 0.944285075 -0.04 0.12 1.0 0.956185567010309 0.978092784 265.63 0.51 
1.0 0.0399525207249724 0.01997626 0.0 0.0 1.0 1.0 1.0 0.0 0.0 
0.0 0.152896173092734 0.076448087 0.0 0.0 1.0 0.918918918918918 0.959459459 0.0 0.0 
1.0 0.666706590085228 0.392773805 0.04 0.07 0.988505747126436 0.988505747126436 0.988505747 351.4 0.05 
0.0 0.0851513859728799 0.617660738 -0.05 0.04 0.93125 0.981249999999999 0.95625 44.15 0.07 
1.0 0.0 0.0 0.0 0.0 1.0 1.0 1.0 0.0 0.0 
0.0 0.185198635820187 0.170196916 0.0 0.0 1.0 1.0 1.0 0.5 0.05 
1.0 0.0663550962706155 0.047468609 0.02 0.02 0.996932515337423 0.996932515337423 0.996932515 326.01 0.16 
0.0 0.0385150107326569 0.613151106 0.0 0.01 1.0 0.994397759103641 0.99719888 7.26 0.06 
1.0 0.0936804954570553 0.066378515 0.0 0.0 1.0 1.0 1.0 0.03 0.0 
0.0 0.0383614089131149 0.032969553 0.0 0.0 1.0 1.0 1.0 0.0 0.0 
1.0 0.0586151312253593 0.039796889 0.0 0.0 1.0 1.0 1.0 0.01 0.0 
0.0 0.0665854743974204 0.066436907 0.0 0.01 0.979057591623036 0.984293193717277 0.981675393 14.57 0.2 
1.0 0.0275776979183499 0.027577698 0.0 0.0 1.0 1.0 1.0 0.0 0.0 
0.0 0.039460734195219 0.076184265 -0.01 0.0 0.97134670487106 0.994269340974212 0.982808023 0.21 0.02 
1.0 0.0 0.0 0.0 0.0 1.0 1.0 1.0 0.0 0.0 
0.0 0.0804993914724776 0.060847204 0.01 0.02 0.966666666666666 0.993333333333333 0.98 58.51 0.24 
1.0 0.09277111711335 0.381255624 0.0 0.01 1.0 0.995689655172413 0.997844828 5.05 0.09 
0.0 0.0593888809210752 0.02969444 0.0 0.0 0.938053097345132 0.997050147492625 0.967551622 0.08 0.01 
1.0 0.0217855061668038 0.010892753 0.0 0.0 1.0 1.0 1.0 0.0 0.0 
0.0 0.404118264921361 0.202059132 0.0 0.0 1.0 1.0 1.0 0.0 0.0 
1.0 0.834694147442099 0.436937005 0.01 0.02 1.0 0.996763754045307 0.998381877 309.63 0.03 
0.0 0.0967342086908398 0.099377995 -0.01 0.0 1.0 0.925423728813559 0.962711864 0.49 0.05 
1.0 0.0434409002022211 0.02172045 0.0 0.0 1.0 1.0 1.0 0.0 0.0 
0.0 0.0 0.0 0.0 0.0 0.984567901234567 0.996913580246913 0.990740741 0.02 0.0 
1.0 0.0 0.0 0.0 0.0 1.0 1.0 1.0 0.0 0.0 
0.0 0.0486130361899837 0.205711292 -0.01 0.0 0.991649269311064 0.997912317327766 0.994780793 0.74 0.05 
1.0 0.472969912501066 0.435329513 0.12 0.15 0.979228486646884 0.982195845697329 0.980712166 408.23 0.64 
0.0 0.730738170003502 0.487438878 0.05 0.09 1.0 0.997050147492625 0.998525074 301.07 0.24 
1.0 0.0224039112548652 0.011201956 0.07 0.07 0.986798679867986 0.986798679867986 0.98679868 303.0 0.58 
0.0 0.0277783581726275 0.013889179 0.0 0.0 1.0 0.995689655172413 0.997844828 0.0 0.0 
1.0 0.0 0.0 0.06 0.06 0.989473684210526 0.989473684210526 0.989473684 285.0 0.54 
0.0 0.317699898946662 0.265104382 0.0 0.02 1.0 0.997422680412371 0.99871134 49.9 0.1 
1.0 1.32717063195249 0.663585316 0.0 0.0 1.0 1.0 1.0 0.0 0.0 
0.0 0.0 0.0 0.0 0.0 1.0 0.996415770609318 0.998207885 0.0 0.0 
1.0 0.0794061779909769 0.079406178 0.0 0.0 1.0 1.0 1.0 0.0 0.79 
0.0 0.0649157045465794 0.180712985 0.0 0.0 1.0 1.0 1.0 0.29 0.04 
1.0 0.0 0.0 0.0 0.0 1.0 1.0 1.0 0.0 0.0 
0.0 0.568250342771362 0.303662229 0.0 0.0 1.0 1.0 1.0 0.44 0.04 
1.0 0.0 0.0 0.03 0.03 0.995575221238938 0.995575221238938 0.995575221 226.0 0.29 
0.0 0.740636982546526 0.370318491 -0.04 0.01 1.0 0.938775510204081 0.969387755 3.99 0.09 
1.0 0.0457871748209377 0.710347935 0.01 0.03 0.997395833333333 0.997395833333333 0.997395833 397.59 0.02 
0.0 0.0557409191195386 0.041759639 0.0 0.0 1.0 0.995689655172413 0.997844828 0.01 0.0 
1.0 0.300802356802308 0.150401178 0.0 0.0 1.0 1.0 1.0 0.0 0.0 
0.0 0.0693153717009414 0.048546865 0.0 0.0 1.0 0.995689655172413 0.997844828 0.02 0.0 
1.0 0.831696082680391 0.426477723 0.01 0.02 0.996865203761755 0.996865203761755 0.996865204 320.14 0.07 
0.0 0.0859155013346631 0.042957751 0.0 0.0 1.0 0.963265306122448 0.981632653 0.0 0.0 
1.0 0.0616067104727896 0.052864579 0.0 0.0 1.0 1.0 1.0 0.02 0.0 
0.0 0.218738079392867 0.10936904 0.0 0.0 0.980263157894736 0.996710526315789 0.988486842 0.32 0.04 
1.0 0.140951765677311 0.070475883 0.0 0.0 1.0 1.0 1.0 0.0 0.0 
0.0 0.0858792034312631 0.063246146 0.0 0.0 1.0 1.0 1.0 0.03 0.01 
1.0 0.0707561028420881 0.065253658 0.0 0.0 1.0 1.0 1.0 0.02 0.0 
0.0 0.0793921547963163 0.050772118 0.06 0.07 0.980582524271844 0.980582524271844 0.980582524 212.9 0.7 
1.0 0.0609818462123076 0.111682232 0.02 0.03 1.0 1.0 1.0 166.52 0.27 
0.0 0.407701828830892 1.183606004 -0.14 0.11 0.894329896907216 0.945876288659793 0.920103093 98.14 0.0 
1.0 0.709125109071635 0.364147413 0.01 0.02 1.0 1.0 1.0 359.0 0.05 
0.0 0.0822985228585321 0.064523875 0.0 0.0 1.0 1.0 1.0 0.03 0.01 
1.0 0.0595497485258183 0.029774874 0.0 0.0 1.0 1.0 1.0 0.0 0.0 
0.0 0.13717313738071 0.068586569 0.0 0.0 1.0 0.978540772532188 0.989270386 0.0 0.0 
1.0 0.690569449065795 0.379065859 0.04 0.14 0.925233644859813 0.962616822429906 0.943925234 616.12 0.77 
0.0 1.16427178278879 0.582135891 0.0 0.0 1.0 1.0 1.0 0.0 0.0 
1.0 0.0522757283486831 0.807190564 0.02 0.07 0.99195710455764 0.99195710455764 0.991957105 457.36 0.12 
0.0 0.0 0.0 0.0 0.0 1.0 0.971786833855799 0.985893417 0.0 0.0 
1.0 0.769499878113342 0.437545524 0.04 0.09 0.985250737463126 0.985250737463126 0.985250737 349.9 0.31 
0.0 0.0363439911164057 0.018171996 0.0 0.0 1.0 1.0 1.0 0.0 0.0 
1.0 0.386977957561368 0.285308551 0.06 0.08 0.985994397759103 0.985994397759103 0.985994398 358.68 0.22 
0.0 0.049314561447632 0.024657281 0.0 0.0 1.0 1.0 1.0 0.0 0.0 
1.0 0.0197345316184079 0.009867266 0.0 0.0 1.0 1.0 1.0 0.0 0.0 
0.0 0.680889987266653 0.393069601 -0.01 0.0 1.0 1.0 1.0 0.0 0.0 
1.0 0.292900619731146 0.14645031 0.02 0.02 0.996874999999999 0.996874999999999 0.996875 320.0 0.15 
0.0 0.0612939134880307 0.040867136 0.0 0.0 1.0 1.0 1.0 0.01 0.0 
1.0 0.0 0.0 0.0 0.0 1.0 1.0 1.0 0.0 0.0 
0.0 0.764887109287822 0.460260606 0.08 0.27 0.894329896907216 0.90721649484536 0.900773196 491.93 0.87 
1.0 0.0523698464111632 0.256380733 0.02 0.02 0.996677740863787 0.996677740863787 0.996677741 301.29 0.07 
0.0 0.67948777183462 0.576228842 0.02 0.08 1.0 0.982195845697329 0.991097923 54.46 0.49 
1.0 0.771689812938995 0.411826812 0.0 0.01 1.0 1.0 1.0 5.77 0.15 
0.0 0.499090087585846 0.300282775 0.01 0.02 1.0 0.996138996138996 0.998069498 86.11 0.06 
1.0 0.0 0.0 0.0 0.0 1.0 1.0 1.0 0.0 0.0 
0.0 0.232474906645448 0.189309826 0.0 0.0 1.0 1.0 1.0 0.44 0.05 
1.0 0.0 0.0 0.0 0.0 1.0 1.0 1.0 0.0 0.0 
0.0 0.0262556850879242 0.14325969 0.08 0.1 0.980237154150197 0.980237154150197 0.980237154 253.08 0.6 
1.0 0.14423448269607 0.140664603 0.53 0.66 0.711864406779661 0.715254237288135 0.713559322 880.13 3.24 
0.0 0.0 0.0 0.0 0.0 1.0 1.0 1.0 0.0 0.0 
1.0 0.0993346278881227 0.049667314 0.0 0.0 1.0 1.0 1.0 0.0 0.0 
0.0 0.464383292171582 0.367072457 0.0 0.02 1.0 0.990624999999999 0.9953125 25.73 0.18 
1.0 0.0600239093195218 0.051496673 0.0 0.0 1.0 1.0 1.0 0.02 0.0 
0.0 0.0 0.0 0.0 0.0 1.0 1.0 1.0 0.0 0.0 
1.0 1.50309023931923 0.75154512 0.01 0.02 0.997267759562841 0.997267759562841 0.99726776 366.0 0.02 
0.0 0.0376557446286782 0.151267739 0.0 0.0 1.0 1.0 1.0 0.11 0.01 
1.0 0.0849932685086031 0.355604276 0.01 0.06 0.990066225165562 0.990066225165562 0.990066225 303.66 0.08 
0.0 0.676039487923301 0.349516563 0.0 0.0 1.0 1.0 1.0 1.77 0.04 
1.0 0.021489805529056 0.010744903 0.0 0.0 1.0 1.0 1.0 0.0 0.0 
0.0 0.0613389110031691 0.030669456 0.0 0.0 1.0 0.97452229299363 0.987261146 0.0 0.0 
1.0 0.0275776979183499 0.013788849 0.0 0.0 1.0 1.0 1.0 0.0 0.0 
0.0 0.0654283491913432 0.601059766 0.0 0.0 1.0 1.0 1.0 0.63 0.04 
1.0 0.0 0.0 0.0 0.0 1.0 1.0 1.0 0.0 0.0 
0.0 0.754730588799507 0.435962213 -0.02 0.01 1.0 1.0 1.0 5.22 0.12 
1.0 0.498165535626351 0.498165536 -0.09 0.0 0.996815286624203 0.996815286624203 0.996815287 0.0 3.03 
0.0 0.0 0.0 0.0 0.0 1.0 1.0 1.0 0.0 0.0 
1.0 0.436299438199227 0.870705543 0.04 0.15 0.992146596858638 0.994764397905759 0.993455497 513.5 0.04 
0.0 0.197234188851495 0.098617094 0.0 0.0 1.0 1.0 1.0 0.0 0.0 
1.0 0.20139440317369 0.183973249 0.04 0.04 0.990963855421686 0.993975903614457 0.99246988 257.03 0.24 
0.0 0.836222220425105 0.638316922 0.03 0.36 1.0 0.791044776119402 0.895522388 217.93 1.07 
1.0 0.0690585676413284 0.061987723 0.02 0.02 0.997142857142857 0.997142857142857 0.997142857 350.04 0.17 
0.0 0.772559187083392 0.485877376 -0.14 0.1 0.891752577319587 0.90721649484536 0.899484536 527.9 0.4 
1.0 0.307255770792754 0.26514545 0.13 0.16 1.0 1.0 1.0 146.68 1.45 
0.0 0.0197345316184079 0.679460782 -0.11 0.02 1.0 0.894329896907216 0.947164948 45.25 0.02 
1.0 0.332695823156426 0.220708762 0.02 0.03 0.997395833333333 0.997395833333333 0.997395833 415.07 0.11 
0.0 0.0 0.0 0.0 0.0 1.0 0.938775510204081 0.969387755 0.0 0.0 
1.0 0.0896596069085538 0.113806188 0.0 0.0 1.0 1.0 1.0 0.1 0.02 
0.0 0.0778041344031273 0.038902067 0.0 0.0 1.0 1.0 1.0 0.0 0.0 
1.0 0.0665854743974204 0.111480328 0.11 0.13 0.979057591623036 0.979057591623036 0.979057592 382.03 0.87 
0.0 0.0824230054345624 0.041211503 0.05 0.06 0.989473684210526 0.989473684210526 0.989473684 285.0 0.49 
1.0 0.84749234873978 0.799275518 0.0 0.24 1.0 1.0 1.0 163.32 0.01 
0.0 0.0 0.0 0.0 0.0 1.0 0.996865203761755 0.998432602 0.0 0.0 
1.0 0.0707274255828398 0.070727426 0.0 0.0 1.0 1.0 1.0 0.02 0.01 
0.0 0.0870995231917752 0.386209356 -0.08 0.0 1.0 0.897832817337461 0.948916409 1.42 0.08 
1.0 0.0396091040103975 0.148679085 0.15 0.16 0.962025316455696 0.962025316455696 0.962025316 316.13 0.97 
0.0 0.20337265843033 0.20116708 -0.02 0.0 0.954423592493297 0.997319034852546 0.975871314 1.81 0.03 
