1.0 0.742709694902273 0.40160978 0.03 0.07 0.990445859872611 0.990445859872611 0.99044586 331.13 0.35 
0.0 0.0777411197866119 0.07774112 0.0 0.0 1.0 1.0 1.0 0.05 0.01 
1.0 0.846299466951633 0.595615322 -0.03 0.04 1.0 1.0 1.0 34.32 0.22 
0.0 0.0600239093195218 0.040756857 0.0 0.0 1.0 1.0 1.0 0.01 0.0 
1.0 0.0 0.0 0.0 0.0 1.0 1.0 1.0 0.0 0.0 
0.0 0.0 0.0 0.0 0.0 1.0 1.0 1.0 0.0 0.0 
1.0 0.300400135093464 0.239817767 0.01 0.02 1.0 1.0 1.0 33.1 0.43 
0.0 0.26744998484642 0.133724992 0.0 0.0 1.0 0.996323529411764 0.998161765 0.0 0.0 
1.0 0.0422824341559714 0.203315513 0.02 0.02 1.0 1.0 1.0 320.08 0.1 
0.0 0.608932620565087 0.30446631 0.0 0.0 1.0 1.0 1.0 0.0 0.0 
1.0 0.94254457835384 1.23983508 0.06 0.62 0.988636363636363 0.988636363636363 0.988636364 680.05 0.05 
0.0 0.0737168167558234 0.33745298 -0.05 0.01 1.0 0.914675767918088 0.957337884 8.5 0.08 
1.0 0.041837350158689 0.020918675 0.06 0.07 0.97005988023952 0.982035928143712 0.976047904 197.96 0.65 
0.0 0.0376557446286782 0.018827872 0.0 0.0 1.0 0.996904024767801 0.998452012 0.01 0.0 
1.0 0.0386073958819289 0.028957525 0.07 0.13 0.972677595628415 0.972677595628415 0.972677596 366.01 0.97 
0.0 0.712042783029343 0.422456412 -0.15 0.04 0.899484536082474 0.90721649484536 0.903350515 21.0 0.5 
1.0 0.0 0.0 0.0 0.0 1.0 1.0 1.0 0.0 0.0 
0.0 0.0600239093195218 0.030011955 0.0 0.0 1.0 1.0 1.0 0.0 0.0 
1.0 0.431439280559023 0.766222097 -0.03 0.06 1.0 0.997134670487106 0.998567335 48.31 0.01 
0.0 0.0773036079807894 0.066522264 0.0 0.0 1.0 0.995689655172413 0.997844828 0.04 0.01 
1.0 0.0 0.0 0.0 0.0 1.0 1.0 1.0 0.0 0.0 
0.0 0.908908941748032 0.794198357 0.16 0.32 1.0 0.997032640949554 0.99851632 196.77 0.85 
1.0 0.369205600782166 0.283432369 0.21 0.3 0.90721649484536 0.909793814432989 0.908505155 397.67 1.49 
0.0 0.850713860611363 0.443665295 0.0 0.0 1.0 1.0 1.0 1.23 0.03 
1.0 0.0 0.0 0.0 0.0 1.0 1.0 1.0 0.0 0.0 
0.0 0.078963077159585 0.105640077 -0.01 0.0 1.0 0.983443708609271 0.991721854 0.22 0.03 
1.0 0.258508044281012 0.212272839 0.0 0.01 1.0 1.0 1.0 46.77 0.07 
0.0 0.465464541352562 0.232732271 0.0 0.0 1.0 1.0 1.0 0.0 0.0 
1.0 0.0195900092016105 0.074563359 0.0 0.0 1.0 1.0 1.0 0.02 0.0 
0.0 0.123482653679507 0.061741327 0.0 0.0 1.0 0.791044776119402 0.895522388 0.0 0.0 
1.0 0.883919153146751 0.472405321 0.04 0.05 1.0 1.0 1.0 208.0 0.19 
0.0 0.0212025770039786 0.010601289 0.0 0.0 1.0 1.0 1.0 0.0 0.0 
1.0 0.223944624762729 0.791572403 0.0 0.06 0.997267759562841 0.997267759562841 0.99726776 390.18 0.23 
0.0 0.541952602754964 0.270976301 0.05 0.08 0.984177215189873 0.984177215189873 0.984177215 316.0 0.37 
1.0 0.0451052184351539 0.116068023 0.02 0.02 1.0 1.0 1.0 20.83 0.33 
0.0 0.698096144817782 1.050954515 0.07 0.29 1.0 1.0 1.0 512.51 0.82 
1.0 0.427798006376749 0.29293481 0.02 0.04 1.0 1.0 1.0 355.55 0.18 
0.0 0.936369487461149 0.859765656 -0.03 0.11 1.0 0.996323529411764 0.998161765 59.14 0.32 
1.0 0.421074247438225 0.739053987 0.0 0.02 0.0840579710144927 0.855072463768115 0.469565217 8.94 0.03 
0.0 0.545648829490156 0.272824415 0.0 0.0 1.0 0.980263157894736 0.990131579 0.0 0.0 
1.0 0.0764595424535969 0.407228457 0.0 0.01 1.0 0.996845425867507 0.998422713 3.64 0.02 
0.0 0.0764127049519044 0.9488667 0.0 0.02 1.0 1.0 1.0 14.99 0.04 
1.0 0.0696614903440458 0.221558521 0.0 0.0 1.0 1.0 1.0 4.2 0.05 
0.0 0.717885385512261 0.412829849 -0.1 0.02 0.889589905362776 0.958990536277602 0.924290221 37.58 0.09 
1.0 0.0183843972236067 0.069731167 0.0 0.0 1.0 1.0 1.0 0.02 0.0 
0.0 0.748933345024771 0.397971534 -0.01 0.0 1.0 0.946091644204851 0.973045822 2.1 0.05 
1.0 0.983710036386117 0.619275269 0.05 0.13 0.986979166666666 0.986979166666666 0.986979167 609.18 0.33 
0.0 0.944554978617535 0.472277489 0.0 0.0 1.0 0.992727272727272 0.996363636 0.0 0.0 
1.0 0.959416435265876 1.100646861 0.15 0.71 0.993569131832797 0.996784565916398 0.995176849 710.92 1.39 
0.0 0.750381900032074 0.475168999 -0.02 0.03 1.0 1.0 1.0 10.77 0.03 
1.0 0.280078744630632 0.140039372 0.16 0.27 0.922600619195046 0.922600619195046 0.922600619 323.0 1.57 
0.0 0.0 0.0 0.0 0.0 1.0 0.995833333333333 0.997916667 0.0 0.0 
1.0 0.11980085607378 0.059900428 0.0 0.0 1.0 1.0 1.0 0.0 0.0 
0.0 0.881981091609838 0.440990546 -0.05 0.02 1.0 0.971786833855799 0.985893417 10.18 0.05 
1.0 0.0533840302767845 0.026692015 0.0 0.0 1.0 1.0 1.0 0.0 0.0 
0.0 0.0524361530026488 0.246249638 -0.01 0.0 0.984848484848484 0.996969696969696 0.990909091 1.15 0.0 
1.0 0.272597785242234 0.148870928 0.0 0.0 1.0 0.963099630996309 0.981549815 0.96 0.09 
0.0 0.327053625711977 0.273082948 0.02 0.03 1.0 0.995689655172413 0.997844828 41.18 0.16 
1.0 0.0949822391062234 0.057843997 0.13 0.14 0.973293768545994 0.973293768545994 0.973293769 674.0 0.98 
0.0 1.46925521874245 1.371172091 -0.09 0.27 1.0 0.981873111782477 0.990936556 320.76 0.51 
1.0 0.0696126878610854 0.377791906 0.06 0.07 0.99074074074074 0.993827160493827 0.992283951 617.06 0.24 
0.0 1.13963254220456 0.569816271 0.0 0.0 1.0 1.0 1.0 0.0 0.0 
1.0 0.0 0.0 0.0 0.0 1.0 1.0 1.0 0.0 0.0 
0.0 0.764887109287822 0.400377636 0.0 0.01 1.0 0.90721649484536 0.953608247 21.05 0.03 
1.0 0.761409699370972 0.48420796 0.05 0.2 0.953586497890295 0.953586497890295 0.953586498 241.32 0.53 
0.0 0.023546567098459 0.023476121 0.0 0.0 1.0 0.992957746478873 0.996478873 0.01 0.0 
1.0 0.307949565400571 0.214081823 0.05 0.07 0.987179487179487 0.987179487179487 0.987179487 312.48 0.32 
0.0 0.0 0.0 0.0 0.0 1.0 1.0 1.0 0.0 0.0 
1.0 0.133836440402353 0.06691822 0.0 0.0 1.0 1.0 1.0 0.0 0.0 
0.0 0.67063870562648 0.335319353 0.0 0.0 1.0 1.0 1.0 0.0 0.0 
1.0 0.33095312557948 0.230042168 0.02 0.02 1.0 1.0 1.0 59.06 0.26 
0.0 0.0613389110031691 0.209796512 0.0 0.0 1.0 0.97452229299363 0.987261146 1.16 0.1 
1.0 0.841741653418821 0.434088909 0.0 0.0 1.0 1.0 1.0 0.51 0.04 
0.0 1.2022982207951 0.60114911 0.0 0.0 1.0 1.0 1.0 0.0 0.0 
1.0 0.0440460714620383 0.101058843 0.03 0.04 1.0 1.0 1.0 354.99 0.29 
0.0 0.888137848945064 0.444068924 0.0 0.0 1.0 1.0 1.0 0.0 0.0 
1.0 0.0283996430953189 0.014199822 0.0 0.0 1.0 0.995575221238938 0.997787611 0.0 0.0 
0.0 0.0546588236180275 0.09317519 0.0 0.0 1.0 1.0 1.0 0.09 0.01 
1.0 0.0402723695891569 0.606271836 0.0 0.03 0.996655518394648 0.996655518394648 0.996655518 302.88 0.05 
0.0 0.420164637173218 0.300728508 0.01 0.01 1.0 1.0 1.0 24.34 0.07 
1.0 0.0451052184351539 0.197618409 0.32 0.65 0.513833992094861 0.521739130434782 0.517786561 245.31 1.8 
0.0 0.128725485976723 0.064362743 0.0 0.0 1.0 0.969613259668508 0.98480663 0.0 0.0 
1.0 0.0 0.0 0.24 0.26 0.925925925925925 0.925925925925925 0.925925926 270.0 1.94 
0.0 0.778124050497512 0.400138066 0.0 0.01 0.881578947368421 0.996710526315789 0.939144737 7.86 0.04 
1.0 0.303011781855131 0.151505891 0.07 0.08 0.982300884955752 0.982300884955752 0.982300885 291.07 0.66 
0.0 0.0 0.0 0.0 0.0 1.0 1.0 1.0 0.0 0.0 
1.0 0.0263455923390652 0.013172796 0.0 0.0 1.0 1.0 1.0 0.0 0.0 
0.0 0.921585716572883 0.525534835 -0.05 0.02 1.0 0.921875 0.9609375 6.23 0.22 
1.0 0.283376231632189 0.221546897 0.0 0.0 1.0 1.0 1.0 0.88 0.08 
0.0 0.0 0.0 0.0 0.0 1.0 1.0 1.0 0.0 0.0 
1.0 0.709306925535749 0.354653463 0.03 0.06 0.988847583643122 0.988847583643122 0.988847584 269.0 0.17 
0.0 0.245037850129314 0.122518925 0.0 0.0 1.0 1.0 1.0 0.0 0.0 
1.0 0.0 0.0 0.0 0.0 1.0 1.0 1.0 0.0 0.0 
0.0 0.0221520819212152 0.011076041 0.0 0.0 1.0 0.996710526315789 0.998355263 0.0 0.0 
1.0 0.0210341526104483 0.010517076 0.0 0.0 1.0 1.0 1.0 0.0 0.0 
0.0 0.477004403110432 0.249547236 -0.01 0.0 0.980645161290322 0.996774193548387 0.988709677 2.07 0.02 
1.0 0.570709670831186 0.285354835 0.0 0.0 1.0 1.0 1.0 0.0 0.0 
0.0 0.0 0.0 0.0 0.0 1.0 1.0 1.0 0.0 0.0 
1.0 0.0601621208663721 0.045127233 0.03 0.03 0.995283018867924 0.995283018867924 0.995283019 212.01 0.23 
0.0 0.0 0.0 0.0 0.0 1.0 0.995689655172413 0.997844828 0.0 0.0 
1.0 0.0461365951180433 0.035976224 0.0 0.0 1.0 1.0 1.0 0.01 0.0 
0.0 0.040843717863401 0.020421859 0.0 0.0 1.0 1.0 1.0 0.0 0.0 
1.0 0.0788244752788959 0.051984273 0.12 0.13 0.970260223048327 0.970260223048327 0.970260223 269.01 1.03 
0.0 0.72780369072706 0.37744655 0.0 0.0 1.0 0.774058577405857 0.887029289 1.14 0.04 
1.0 0.0243552454938662 0.012177623 0.02 0.02 0.996323529411764 0.996323529411764 0.996323529 272.0 0.22 
0.0 0.0364188753405764 0.018209438 0.0 0.0 1.0 1.0 1.0 0.0 0.0 
1.0 0.139904778149245 0.069952389 0.03 0.03 0.981770833333333 0.9921875 0.986979167 162.92 0.29 
0.0 0.103579550353751 0.051789775 0.0 0.0 1.0 0.989821882951653 0.994910941 0.07 0.01 
1.0 0.968808741745457 0.708373763 -0.01 0.08 0.994152046783625 0.994152046783625 0.994152047 469.2 0.14 
0.0 0.0929250155774511 0.046462508 0.0 0.0 0.990445859872611 0.993630573248407 0.992038217 0.07 0.01 
1.0 0.440063122201629 0.230357604 0.02 0.02 0.996969696969696 0.996969696969696 0.996969697 330.14 0.08 
0.0 0.72161012213659 0.882633765 0.07 0.53 1.0 1.0 1.0 328.27 0.11 
1.0 0.662687929460578 0.516915919 0.12 0.31 0.91784702549575 0.929178470254957 0.923512748 523.95 1.23 
0.0 0.733526728790702 0.366763364 0.0 0.0 1.0 0.922360248447204 0.961180124 0.0 0.0 
1.0 0.545648829490156 0.272824415 0.08 0.1 0.980263157894736 0.980263157894736 0.980263158 304.0 0.45 
0.0 0.711252800266253 0.533442027 -0.01 0.07 1.0 1.0 1.0 46.09 0.7 
1.0 0.0523698464111632 0.256380733 0.02 0.02 0.996677740863787 0.996677740863787 0.996677741 301.29 0.07 
0.0 0.0959114171323825 0.467580111 0.07 0.13 0.992277992277992 0.992277992277992 0.992277992 447.56 0.38 
1.0 0.0587454440790017 0.873975489 0.03 0.06 0.994318181818181 0.994318181818181 0.994318182 426.1 0.13 
0.0 0.0209786462403052 0.010489323 0.0 0.0 1.0 1.0 1.0 0.0 0.0 
1.0 0.571149006534049 0.349139352 0.27 0.38 0.677551020408163 0.76734693877551 0.72244898 167.57 1.39 
0.0 0.551878325578596 0.286831916 0.0 0.0 1.0 1.0 1.0 0.21 0.02 
1.0 0.0882701884630966 0.080129837 0.0 0.0 1.0 1.0 1.0 0.06 0.01 
0.0 0.0651064140733245 0.05339006 0.0 0.0 1.0 0.996503496503496 0.998251748 0.03 0.0 
1.0 0.085780172232614 0.085780172 0.0 0.0 1.0 1.0 1.0 0.0 0.62 
0.0 0.904611110601021 0.883518543 0.45 0.51 1.0 1.0 1.0 272.14 2.05 
1.0 0.0 0.0 0.0 0.0 0.997912317327766 0.997912317327766 0.997912317 0.0 0.16 
0.0 0.324744404380747 0.246856748 -0.01 0.0 1.0 0.996874999999999 0.9984375 0.92 0.08 
1.0 0.0924435952521726 0.046221798 0.0 0.0 1.0 1.0 1.0 0.0 0.0 
0.0 0.0200808046632287 0.010040402 0.0 0.0 1.0 0.994152046783625 0.997076023 0.0 0.0 
1.0 0.0453123921296478 0.079253251 0.0 0.0 1.0 1.0 1.0 0.03 0.01 
0.0 0.66397689936614 0.412787566 0.0 0.03 1.0 1.0 1.0 15.66 0.2 
1.0 0.0898510923104771 0.059911924 0.0 0.0 1.0 1.0 1.0 0.01 0.0 
0.0 0.0698679499389159 0.058761368 -0.01 0.0 1.0 0.911475409836065 0.955737705 0.43 0.04 
1.0 0.0649157045465794 0.108859084 0.0 0.0 1.0 1.0 1.0 0.09 0.01 
0.0 0.122738317259772 0.122738317 0.0 0.0 1.0 1.0 1.0 0.0 0.81 
1.0 0.0 0.0 0.0 0.0 1.0 1.0 1.0 0.0 0.0 
0.0 0.0736037987603155 0.036801899 0.0 0.0 1.0 1.0 1.0 0.0 0.0 
1.0 0.305431896321273 0.232348519 0.52 0.59 0.82394366197183 0.845070422535211 0.834507042 1346.16 2.78 
0.0 0.876515805988902 0.51729371 0.01 0.05 1.0 1.0 1.0 69.86 0.42 
1.0 0.0895595271659474 0.808569985 -0.02 0.06 0.988326848249027 0.992217898832684 0.990272374 182.98 0.0 
0.0 0.898863875971626 0.449431938 0.08 0.26 0.922600619195046 0.925696594427244 0.924148607 309.16 1.01 
1.0 0.100987141924181 0.050493571 0.04 0.05 0.969283276450511 0.986348122866894 0.9778157 128.03 0.58 
0.0 0.0600239093195218 0.055171474 0.0 0.0 1.0 1.0 1.0 0.02 0.0 
1.0 0.0832846732333399 0.041642337 0.0 0.0 1.0 1.0 1.0 0.0 0.0 
0.0 0.099623389466162 0.049811695 0.15 0.24 0.910216718266253 0.91640866873065 0.913312693 274.88 1.69 
1.0 0.0 0.0 0.0 0.0 1.0 1.0 1.0 0.0 0.0 
0.0 0.336788082190399 0.264732145 -0.06 0.02 0.894329896907216 0.940721649484536 0.917525773 9.47 0.3 
1.0 0.0 0.0 0.0 0.0 1.0 1.0 1.0 0.0 0.0 
0.0 0.742709694902273 0.401366802 -0.01 0.0 1.0 0.990445859872611 0.99522293 1.05 0.06 
1.0 0.257436782111026 0.228316173 0.28 0.38 0.90721649484536 0.90721649484536 0.907216495 772.41 1.87 
0.0 0.898863875971626 0.449431938 -0.04 0.02 0.925696594427244 0.969040247678018 0.947368421 7.41 0.31 
1.0 0.71215164216783 0.463711882 0.01 0.03 1.0 1.0 1.0 37.94 0.43 
0.0 0.862425975002266 0.517141001 -0.04 0.07 1.0 0.900928792569659 0.950464396 80.47 0.37 
1.0 0.0 0.0 0.0 0.0 1.0 1.0 1.0 0.0 0.0 
0.0 0.288745009673037 0.144372505 -0.01 0.0 1.0 0.985250737463126 0.992625369 0.32 0.03 
1.0 0.184280723719605 0.092140362 0.03 0.03 0.995495495495495 0.995495495495495 0.995495495 222.0 0.24 
0.0 0.0263455923390652 0.013172796 0.0 0.0 1.0 0.991967871485943 0.995983936 0.0 0.0 
1.0 0.159885819577868 0.15988582 -0.01 0.0 0.991452991452991 0.991452991452991 0.991452991 0.0 1.72 
0.0 0.761553150571371 0.514501568 0.01 0.04 1.0 0.996323529411764 0.998161765 38.74 0.05 
1.0 0.0 0.0 0.0 0.0 1.0 1.0 1.0 0.0 0.0 
0.0 0.517165350026592 0.258582675 0.02 0.03 0.994845360824742 0.994845360824742 0.994845361 194.0 0.13 
1.0 0.862425975002266 0.431212988 0.0 0.0 1.0 1.0 1.0 0.0 0.0 
0.0 0.0690585676413284 0.147075844 0.02 0.02 1.0 1.0 1.0 354.72 0.21 
1.0 0.0453123921296478 0.079253251 0.0 0.0 1.0 1.0 1.0 0.03 0.01 
0.0 0.0181782999069074 0.661644974 0.0 0.0 1.0 0.992146596858638 0.996073298 2.75 0.01 
1.0 0.667354627932219 0.667354628 -0.12 0.0 0.975342465753424 0.975342465753424 0.975342466 0.0 2.43 
0.0 0.0 0.0 0.0 0.0 1.0 1.0 1.0 0.0 0.0 
1.0 0.738710313023037 0.435200935 0.05 0.06 1.0 1.0 1.0 55.83 0.54 
0.0 0.0419175889863189 0.020958794 0.0 0.0 1.0 1.0 1.0 0.0 0.0 
1.0 0.019542337228798 0.009771169 0.0 0.0 1.0 1.0 1.0 0.0 0.0 
0.0 0.0204403588084492 0.010220179 0.0 0.0 1.0 0.996996996996996 0.998498498 0.0 0.0 
1.0 0.241590515729618 0.120795258 0.0 0.0 1.0 1.0 1.0 0.0 0.0 
0.0 0.830237670572683 1.13448583 0.04 0.35 1.0 0.997455470737913 0.998727735 417.6 0.75 
1.0 0.902230540632502 1.173940269 0.02 0.62 0.516574585635359 0.975138121546961 0.745856354 407.06 0.34 
0.0 0.0 0.0 0.0 0.0 1.0 1.0 1.0 0.0 0.0 
1.0 0.761409699370972 0.45348731 0.06 0.21 0.953586497890295 0.953586497890295 0.953586498 254.07 0.63 
0.0 0.0 0.0 0.0 0.0 1.0 0.996350364963503 0.998175182 0.0 0.0 
1.0 2.05587289821212 2.036614148 0.12 0.94 0.861538461538461 0.974358974358974 0.917948718 1215.74 0.03 
0.0 0.0744486206082655 0.048426266 0.0 0.0 1.0 0.996655518394648 0.998327759 0.01 0.0 
1.0 0.0327206861068792 0.094735216 0.0 0.0 1.0 0.994764397905759 0.997382199 0.03 0.01 
0.0 0.0649157045465794 0.331535243 -0.02 0.0 1.0 1.0 1.0 0.95 0.07 
1.0 0.0778960719318748 0.058432527 0.04 0.04 1.0 1.0 1.0 310.0 0.35 
0.0 0.327053625711977 0.177569467 0.0 0.0 1.0 0.987068965517241 0.993534483 0.3 0.04 
1.0 0.0741708587858657 0.252459385 0.01 0.02 0.99715909090909 0.99715909090909 0.997159091 352.57 0.04 
0.0 0.171856026877275 0.170997492 -0.11 0.02 0.900928792569659 0.91640866873065 0.908668731 12.08 0.15 
1.0 0.125463539216127 0.06273177 0.02 0.02 0.996323529411764 0.996323529411764 0.996323529 272.0 0.18 
0.0 0.858581850498729 1.186703985 -0.02 0.23 1.0 0.997126436781609 0.998563218 344.77 0.44 
1.0 0.460448111633332 0.901012045 0.05 0.18 0.97682119205298 0.97682119205298 0.976821192 361.58 0.55 
0.0 0.374972427367629 0.187486214 0.0 0.0 1.0 0.971786833855799 0.985893417 0.0 0.0 
1.0 0.0177805746009777 0.51913283 0.03 0.04 0.997455470737913 0.997455470737913 0.997455471 786.0 0.09 
0.0 0.0222144687344339 0.011107234 0.0 0.0 1.0 1.0 1.0 0.0 0.0 
1.0 0.0 0.0 0.0 0.0 1.0 1.0 1.0 0.0 0.0 
0.0 0.155634101835094 0.144252071 -0.05 0.03 0.894329896907216 0.90721649484536 0.900773196 200.35 0.21 
1.0 0.0 0.0 0.0 0.0 1.0 1.0 1.0 0.0 0.0 
0.0 0.604811716417282 0.327565378 -0.01 0.0 1.0 0.97452229299363 0.987261146 0.65 0.05 
1.0 0.167844583811444 0.60245334 -0.02 0.03 0.996644295302013 0.996644295302013 0.996644295 301.44 0.01 
0.0 1.82132069437081 0.910660347 0.0 0.0 1.0 1.0 1.0 0.0 0.0 
1.0 0.207198284095683 0.103599142 0.0 0.04 0.508417508417508 0.946127946127946 0.727272727 17.49 0.54 
0.0 0.0645814363776275 0.042407332 0.0 0.0 1.0 0.997032640949554 0.99851632 0.02 0.0 
