1.0 0.0609818462123076 0.619981646 -0.02 0.01 1.0 1.0 1.0 2.8 0.05 
0.0 0.710658978106077 0.475348904 -0.05 0.02 1.0 0.883280757097791 0.941640379 9.88 0.02 
1.0 0.404118264921361 0.202059132 0.0 0.0 1.0 1.0 1.0 0.0 0.0 
0.0 0.245314927190565 0.122657464 0.16 0.32 0.900928792569659 0.900928792569659 0.900928793 323.0 1.75 
1.0 0.0182601429145378 0.018260143 0.0 0.0 1.0 1.0 1.0 0.0 0.0 
0.0 0.0 0.0 0.0 0.0 1.0 1.0 1.0 0.0 0.0 
1.0 0.687447454454173 0.468563783 -0.06 0.02 1.0 1.0 1.0 7.54 0.06 
0.0 0.0234758940935979 0.011737947 0.0 0.0 1.0 1.0 1.0 0.0 0.0 
1.0 0.472969912501066 0.435329513 0.12 0.15 0.979228486646884 0.982195845697329 0.980712166 408.23 0.64 
0.0 0.0270898657473415 0.013544933 0.0 0.0 1.0 1.0 1.0 0.0 0.0 
1.0 0.0842013440645039 0.042100672 0.0 0.0 1.0 1.0 1.0 0.0 0.0 
0.0 0.730738170003502 0.450357777 -0.02 0.07 0.755162241887905 0.997050147492625 0.876106195 49.29 0.66 
1.0 0.170092807761879 0.152444647 0.03 0.04 0.993265993265993 0.993265993265993 0.993265993 297.35 0.19 
0.0 0.0581557306257277 0.045657061 0.0 0.0 1.0 0.984293193717277 0.992146597 0.04 0.01 
1.0 0.883919153146751 0.472405321 0.04 0.05 1.0 1.0 1.0 208.0 0.19 
0.0 0.0238338863025335 0.011916943 0.0 0.0 1.0 0.996415770609318 0.998207885 0.0 0.0 
1.0 0.0 0.0 0.0 0.0 1.0 1.0 1.0 0.0 0.0 
0.0 0.345656839963395 0.17282842 0.0 0.0 1.0 1.0 1.0 0.0 0.0 
1.0 0.769387181964246 0.397957294 0.0 0.01 1.0 1.0 1.0 2.46 0.05 
0.0 0.264879734006728 0.132439867 0.0 0.0 1.0 1.0 1.0 0.0 0.0 
1.0 0.258508044281012 0.212272839 0.0 0.01 1.0 1.0 1.0 46.77 0.07 
0.0 0.0327206861068792 0.016360343 0.0 0.0 1.0 0.979057591623036 0.989528796 0.02 0.01 
1.0 0.0233359043466066 0.023335904 -0.03 0.0 0.959595959595959 0.959595959595959 0.95959596 0.0 1.39 
0.0 0.461097186127269 0.300804711 0.11 0.2 0.938775510204081 0.963265306122448 0.951020408 227.88 1.08 
1.0 0.364348592082322 0.266658842 0.02 0.03 1.0 0.996874999999999 0.9984375 351.31 0.11 
0.0 0.317699898946662 0.828443466 0.01 0.08 1.0 1.0 1.0 194.86 0.01 
1.0 0.0 0.0 0.0 0.0 1.0 1.0 1.0 0.0 0.0 
0.0 0.0429694362376849 0.021484718 0.0 0.0 1.0 1.0 1.0 0.0 0.0 
1.0 0.021489805529056 0.068515255 0.02 0.02 1.0 1.0 1.0 156.5 0.18 
0.0 1.16742091017953 1.161297772 -0.16 0.24 0.891752577319587 0.963917525773195 0.927835052 307.03 0.3 
1.0 0.288211390110029 0.154821542 0.03 0.04 0.993690851735015 0.996845425867507 0.995268139 317.06 0.23 
0.0 0.0557409191195386 0.091247243 0.0 0.0 1.0 0.995689655172413 0.997844828 0.07 0.01 
1.0 0.0842013440645039 0.073110666 0.25 0.29 0.929230769230769 0.929230769230769 0.929230769 811.96 1.78 
0.0 0.536057143127903 0.501670619 -0.08 0.14 0.870662460567823 0.962145110410094 0.916403785 159.16 0.67 
1.0 0.485906818748069 0.253095703 0.03 0.04 0.994082840236686 0.994082840236686 0.99408284 338.21 0.14 
0.0 0.0368010221300624 0.029263346 0.0 0.0 1.0 0.933734939759036 0.96686747 0.15 0.02 
1.0 0.914253887912841 0.771222404 0.19 0.26 1.0 1.0 1.0 338.73 1.41 
0.0 0.693726792106099 0.36654536 -0.02 0.01 1.0 0.997134670487106 0.998567335 5.04 0.03 
1.0 0.0486977352912609 0.048697735 0.0 0.0 0.995798319327731 0.995798319327731 0.995798319 0.0 0.64 
0.0 0.0639194471416606 0.227601649 -0.02 0.0 1.0 0.867507886435331 0.933753943 0.83 0.06 
1.0 0.078963077159585 0.062007995 0.09 0.1 0.983443708609271 0.983443708609271 0.983443709 401.99 0.77 
0.0 0.0620199882194553 0.031009994 0.0 0.0 1.0 1.0 1.0 0.0 0.0 
1.0 0.0189000718844816 0.009450036 0.0 0.0 1.0 0.997267759562841 0.99863388 0.0 0.0 
0.0 0.719329808252669 0.359664904 0.0 0.0 1.0 1.0 1.0 0.0 0.0 
1.0 2.01024142777587 1.556230325 0.09 0.51 0.760309278350515 0.899484536082474 0.829896907 851.03 0.1 
0.0 0.0217855061668038 0.021785506 0.0 0.0 1.0 1.0 1.0 0.0 0.0 
1.0 1.02147820060607 1.017103893 -0.06 0.23 1.0 1.0 1.0 89.04 0.06 
0.0 1.1722713019 1.089212421 0.13 0.59 1.0 0.996655518394648 0.998327759 308.11 0.11 
1.0 0.181664847230866 0.857849819 0.03 0.11 0.985795454545454 0.988636363636363 0.987215909 412.82 0.3 
0.0 0.0662883388371011 0.049504512 0.0 0.0 1.0 0.984293193717277 0.992146597 0.03 0.01 
1.0 0.0980391132797319 0.049019557 0.0 0.0 1.0 1.0 1.0 0.0 0.0 
0.0 0.0 0.0 0.0 0.0 0.993769470404984 0.996884735202492 0.995327103 0.01 0.0 
1.0 0.0212593629087996 0.010629681 0.02 0.02 0.996865203761755 0.996865203761755 0.996865204 319.0 0.22 
0.0 0.0942049885997985 0.068882747 0.0 0.02 1.0 0.88034188034188 0.94017094 351.71 0.03 
1.0 0.0599541287844177 0.080714795 0.02 0.02 0.992277992277992 0.996138996138996 0.994208494 129.04 0.18 
0.0 0.498165535626351 0.249082768 0.0 0.0 1.0 0.996815286624203 0.998407643 0.0 0.0 
1.0 0.0 0.0 0.05 0.05 0.991111111111111 0.991111111111111 0.991111111 225.0 0.5 
0.0 0.176898502970294 0.088449251 0.06 0.13 0.972677595628415 0.972677595628415 0.972677596 366.0 0.87 
1.0 0.814553554940188 0.416595987 -0.01 0.0 1.0 0.997311827956989 0.998655914 2.5 0.05 
0.0 0.831372799847455 0.4156864 0.0 0.0 1.0 1.0 1.0 0.0 0.0 
1.0 0.139276471479532 0.594290403 0.27 0.59 0.579365079365079 0.645502645502645 0.612433862 384.4 1.21 
0.0 0.693692650812902 0.346846325 -0.03 0.0 0.828828828828828 0.996996996996996 0.912912913 0.8 0.03 
1.0 0.0581557306257277 0.127798828 0.01 0.01 1.0 1.0 1.0 14.59 0.21 
0.0 0.0197345316184079 0.009867266 0.0 0.0 1.0 1.0 1.0 0.0 0.0 
1.0 0.040160163405664 0.040160163 0.0 0.0 1.0 1.0 1.0 0.0 0.39 
0.0 0.712042783029343 0.56610371 -0.06 0.05 1.0 0.899484536082474 0.949742268 56.33 0.25 
1.0 0.0 0.0 0.02 0.02 0.99628252788104 0.99628252788104 0.996282528 269.0 0.28 
0.0 0.281198134803726 0.208674312 0.01 0.03 0.909793814432989 0.997422680412371 0.953608247 89.96 0.2 
1.0 0.849975284027729 0.502972559 0.03 0.08 1.0 1.0 1.0 80.27 0.61 
0.0 0.0745300361366993 0.093718916 0.0 0.0 1.0 0.97134670487106 0.985673352 0.21 0.02 
1.0 0.667354627932219 0.470859374 0.07 0.13 0.975342465753424 0.975342465753424 0.975342466 374.86 0.27 
0.0 0.117529803717087 0.058764902 0.0 0.0 1.0 1.0 1.0 0.0 0.0 
1.0 0.839248804382156 0.57392809 0.06 0.18 0.992277992277992 0.992277992277992 0.992277992 523.91 0.5 
0.0 0.260263694977619 0.130131847 0.0 0.0 1.0 0.980237154150197 0.990118577 0.0 0.0 
1.0 0.117529803717087 0.058764902 0.0 0.0 1.0 1.0 1.0 0.0 0.0 
0.0 0.838455913773507 0.838341586 0.01 0.3 0.90721649484536 0.935567010309278 0.921391753 497.76 0.67 
1.0 0.023546567098459 0.023546567 0.0 0.0 1.0 1.0 1.0 0.0 0.0 
0.0 0.0814830923424272 0.372691788 0.01 0.02 1.0 1.0 1.0 314.74 0.02 
1.0 0.0645814363776275 0.259457454 0.02 0.02 0.997032640949554 0.997032640949554 0.997032641 337.38 0.06 
0.0 0.0 0.0 0.0 0.0 1.0 1.0 1.0 0.0 0.0 
1.0 0.855107850352061 0.542583855 0.01 0.05 0.99410029498525 0.99410029498525 0.994100295 352.61 0.1 
0.0 0.0985397007342185 0.04926985 0.0 0.0 1.0 1.0 1.0 0.0 0.0 
1.0 0.0612323647247525 0.030616182 0.4 0.52 0.784256559766763 0.784256559766763 0.78425656 343.0 2.46 
0.0 1.34261883954671 1.231598376 -0.02 0.29 1.0 0.894329896907216 0.947164948 403.02 0.4 
1.0 0.246477880509855 0.12323894 0.0 0.0 1.0 1.0 1.0 0.0 0.0 
0.0 0.0842013440645039 0.073110666 0.0 0.0 1.0 1.0 1.0 0.04 0.01 
1.0 0.0745300361366993 0.170630978 0.0 0.0 1.0 1.0 1.0 0.21 0.02 
0.0 0.472969912501066 0.373364266 0.03 0.04 1.0 0.982195845697329 0.991097923 58.49 0.34 
1.0 0.568250342771362 0.303662229 0.0 0.0 1.0 1.0 1.0 0.44 0.04 
0.0 0.76170373746072 0.53099425 -0.04 0.02 0.889175257731958 0.997422680412371 0.943298969 19.11 0.05 
1.0 0.0 0.0 0.0 0.0 1.0 1.0 1.0 0.0 0.0 
0.0 0.0982620565325183 0.429982897 -0.14 0.02 0.889175257731958 0.899484536082474 0.894329897 12.09 0.01 
1.0 0.358487542694941 0.233915795 0.01 0.03 0.997395833333333 0.997395833333333 0.997395833 410.59 0.12 
0.0 0.0277783581726275 0.013889179 0.0 0.0 1.0 0.995689655172413 0.997844828 0.0 0.0 
1.0 1.46489640594791 1.245019338 0.14 0.61 0.98473282442748 0.994910941475826 0.989821883 421.03 0.09 
0.0 0.0993346278881227 0.095484744 0.0 0.0 1.0 1.0 1.0 0.07 0.01 
1.0 0.434981809734327 0.217490905 0.0 0.0 1.0 1.0 1.0 0.0 0.0 
0.0 0.0662883388371011 0.049504512 0.0 0.0 1.0 0.984293193717277 0.992146597 0.03 0.01 
1.0 0.145775003385483 0.072887502 0.08 0.1 0.980582524271844 0.980582524271844 0.980582524 309.0 0.69 
0.0 0.0678872387735005 0.984364324 -0.01 0.01 1.0 1.0 1.0 4.88 0.01 
1.0 0.0187247707446828 0.708920963 0.02 0.05 0.994609164420485 0.994609164420485 0.994609164 742.0 0.09 
0.0 0.0452494973011154 0.045105714 -0.01 0.0 0.962825278810408 0.970260223048327 0.966542751 0.48 0.06 
1.0 0.0419476776352413 0.020973839 0.0 0.0 1.0 1.0 1.0 0.0 0.0 
0.0 0.964010189182006 0.873267341 -0.04 0.22 0.941798941798941 0.997354497354497 0.96957672 255.91 0.62 
1.0 0.642422021076254 0.321211011 0.0 0.0 1.0 1.0 1.0 0.0 0.0 
0.0 0.0220900695991859 0.02209007 0.02 0.02 1.0 1.0 1.0 304.0 0.24 
1.0 0.340789061758102 0.170394531 0.0 0.0 1.0 1.0 1.0 0.0 0.0 
0.0 0.66397689936614 0.412787566 0.0 0.03 1.0 1.0 1.0 15.66 0.2 
1.0 1.46489640594791 1.245019338 0.14 0.61 0.98473282442748 0.994910941475826 0.989821883 421.03 0.09 
0.0 0.0212025770039786 0.010601289 0.0 0.0 1.0 1.0 1.0 0.0 0.0 
1.0 0.0764127049519044 0.049099106 0.02 0.02 1.0 1.0 1.0 309.0 0.18 
0.0 0.527261766070646 0.340032114 -0.01 0.01 1.0 1.0 1.0 2.33 0.16 
1.0 0.257889384212362 0.128944692 0.0 0.0 1.0 1.0 1.0 0.0 0.0 
0.0 0.0217855061668038 0.010892753 0.0 0.0 1.0 1.0 1.0 0.0 0.0 
1.0 0.704433045823142 0.352216523 0.0 0.0 1.0 1.0 1.0 0.0 0.0 
0.0 0.752272174951251 0.456935204 0.0 0.03 1.0 1.0 1.0 14.67 0.18 
1.0 0.0793921547963163 0.039696077 0.0 0.0 0.980582524271844 0.996763754045307 0.988673139 0.03 0.01 
0.0 0.0533840302767845 0.041678393 0.0 0.0 1.0 1.0 1.0 0.01 0.0 
1.0 0.455892906736437 0.239148409 0.0 0.0 1.0 1.0 1.0 0.11 0.01 
0.0 0.632300415328356 0.457163494 -0.05 0.02 1.0 0.997375328083989 0.998687664 11.02 0.35 
1.0 0.125463539216127 0.06273177 0.02 0.02 0.996323529411764 0.996323529411764 0.996323529 272.0 0.18 
0.0 0.018989047265046 0.100810412 0.11 0.12 0.973118279569892 0.975806451612903 0.974462366 372.0 0.96 
1.0 0.0769984593778077 0.03849923 0.0 0.0 1.0 1.0 1.0 0.0 0.0 
0.0 0.0994650882476528 0.078589929 0.0 0.0 1.0 0.993920972644376 0.996960486 0.07 0.01 
1.0 0.0547547716962164 0.048862104 0.0 0.0 1.0 1.0 1.0 0.01 0.0 
0.0 0.0435605050230868 0.041370184 0.0 0.0 1.0 0.996763754045307 0.998381877 0.02 0.0 
1.0 0.114119533252228 0.057059767 0.0 0.0 1.0 1.0 1.0 0.0 0.0 
0.0 0.446534089378031 0.234343086 0.0 0.0 1.0 0.996710526315789 0.998355263 0.37 0.04 
1.0 0.0 0.0 0.05 0.05 0.980662983425414 0.988950276243093 0.98480663 205.12 0.56 
0.0 0.944096844220898 1.171607 0.02 0.22 1.0 0.994609164420485 0.997304582 411.38 0.13 
1.0 0.564863992019785 0.436406779 0.05 0.1 0.987179487179487 0.987179487179487 0.987179487 338.94 0.28 
0.0 0.0993134043730053 0.109611433 0.0 0.0 1.0 1.0 1.0 0.13 0.02 
1.0 0.744555533002076 0.665067299 0.07 0.13 0.994845360824742 0.997422680412371 0.996134021 352.21 0.87 
0.0 0.0519106893928764 0.025955345 0.0 0.0 1.0 0.996960486322188 0.998480243 0.01 0.0 
1.0 0.0801933899981968 0.06090597 0.05 0.06 0.972644376899696 0.990881458966565 0.981762918 436.66 0.45 
0.0 1.41550372812557 0.77249384 -0.07 0.04 1.0 0.921875 0.9609375 25.4 0.26 
1.0 0.0234758940935979 0.011737947 0.0 0.0 1.0 1.0 1.0 0.0 0.0 
0.0 0.778124050497512 0.668794871 0.19 0.63 0.881578947368421 0.898026315789473 0.889802632 851.59 2.04 
1.0 0.021489805529056 0.010744903 0.0 0.0 1.0 1.0 1.0 0.0 0.0 
0.0 0.634445282288599 0.827927301 0.0 0.09 0.994475138121546 0.997237569060773 0.995856354 141.78 0.24 
1.0 0.109393857253219 0.054696929 0.0 0.0 1.0 1.0 1.0 0.0 0.0 
0.0 0.223944624762729 0.791572403 0.0 0.06 0.997267759562841 0.997267759562841 0.99726776 390.18 0.23 
1.0 0.0 0.0 0.0 0.0 1.0 1.0 1.0 0.0 0.0 
0.0 0.661564174056686 0.344279072 0.0 0.0 1.0 0.933333333333333 0.966666667 0.22 0.03 
1.0 0.74804818024726 0.440099987 -0.02 0.02 1.0 1.0 1.0 7.56 0.03 
0.0 0.0262556850879242 0.072040265 0.0 0.0 1.0 1.0 1.0 0.02 0.0 
1.0 0.0422824341559714 0.035632528 0.0 0.0 1.0 1.0 1.0 0.01 0.0 
0.0 0.252551178148966 0.216921778 0.0 0.02 1.0 0.909793814432989 0.954896907 84.89 0.1 
1.0 0.0440460714620383 0.101058843 0.03 0.04 1.0 1.0 1.0 354.99 0.29 
0.0 0.216685864377608 0.174363288 -0.01 0.04 0.883280757097791 0.977917981072555 0.930599369 195.3 0.12 
1.0 0.0506455745968486 0.167003832 0.0 0.0 1.0 1.0 1.0 0.17 0.02 
0.0 0.416933677171838 0.220998201 0.27 0.33 0.9 0.903448275862068 0.901724138 290.0 2.08 
1.0 0.0669674042873562 0.042335328 0.03 0.03 1.0 0.994949494949494 0.997474747 396.01 0.32 
0.0 0.0 0.0 0.0 0.0 1.0 0.938775510204081 0.969387755 0.0 0.0 
1.0 0.100987141924181 0.050493571 0.04 0.05 0.969283276450511 0.986348122866894 0.9778157 128.03 0.58 
0.0 0.955491897288429 0.843189189 -0.1 0.11 0.987244897959183 0.989795918367346 0.988520408 73.81 0.05 
1.0 1.36083999245676 1.255505042 0.15 0.54 0.981249999999999 0.981249999999999 0.98125 849.54 0.59 
0.0 0.0507680121046872 0.036682432 -0.02 0.0 0.851485148514851 0.976897689768976 0.914191419 1.51 0.11 
1.0 0.783128795011038 0.488993232 0.02 0.13 0.843205574912891 0.982578397212543 0.912891986 512.14 0.61 
0.0 0.0 0.0 0.0 0.0 1.0 1.0 1.0 0.0 0.0 
1.0 0.297980077655741 0.297980078 -0.02 0.0 1.0 1.0 1.0 0.0 1.8 
0.0 0.366505329388365 0.24927302 -0.1 0.03 0.883280757097791 0.974763406940063 0.929022082 171.88 0.06 
1.0 2.45353992833132 1.332700906 0.01 0.12 0.958579881656804 0.997041420118343 0.977810651 376.97 0.04 
0.0 0.0287409193078362 0.01437046 0.0 0.0 1.0 0.900928792569659 0.950464396 0.1 0.01 
1.0 0.0 0.0 0.0 0.0 1.0 1.0 1.0 0.0 0.0 
0.0 0.0 0.0 0.0 0.0 1.0 1.0 1.0 0.0 0.0 
1.0 0.0 0.0 0.0 0.0 1.0 1.0 1.0 0.0 0.0 
0.0 0.762458768410407 1.386350098 0.03 0.27 0.760309278350515 0.956185567010309 0.858247423 291.4 0.05 
1.0 0.0429247950234865 0.021462398 0.01 0.02 0.99638989169675 0.99638989169675 0.996389892 277.0 0.25 
0.0 0.021089974675165 0.010544987 0.0 0.0 1.0 0.993769470404984 0.996884735 0.01 0.0 
1.0 0.0651064140733245 0.044221159 0.04 0.04 0.996503496503496 0.996503496503496 0.996503497 428.5 0.35 
0.0 0.440063122201629 0.230357604 0.02 0.02 0.996969696969696 0.996969696969696 0.996969697 330.14 0.08 
1.0 0.0928036465316008 0.046401823 0.0 0.0 1.0 1.0 1.0 0.0 0.0 
0.0 0.0385544860430355 0.098342455 0.0 0.0 1.0 0.996815286624203 0.998407643 0.07 0.01 
1.0 0.0 0.0 0.03 0.03 0.994565217391304 0.994565217391304 0.994565217 184.0 0.35 
0.0 0.0217855061668038 0.021785506 0.0 0.0 1.0 1.0 1.0 0.0 0.0 
1.0 0.175701765975895 0.156598986 0.01 0.01 1.0 0.984251968503937 0.992125984 27.14 0.09 
0.0 0.735280589312631 0.38021233 -0.06 0.02 1.0 0.963099630996309 0.981549815 7.6 0.12 
1.0 0.358859431630416 0.247050569 0.09 0.11 0.982578397212543 0.989547038327526 0.986062718 809.95 0.74 
0.0 0.608932620565087 0.588591482 -0.01 0.01 1.0 1.0 1.0 4.92 0.2 
1.0 0.0 0.0 0.0 0.0 1.0 1.0 1.0 0.0 0.0 
0.0 0.304846503320781 0.296528947 -0.02 0.01 0.996845425867507 0.996845425867507 0.996845426 28.28 0.06 
1.0 0.314658948294986 0.216005231 0.19 0.25 0.913544668587896 0.922190201729106 0.917867435 310.91 1.4 
0.0 0.0485449746431988 0.024272487 0.0 0.0 1.0 1.0 1.0 0.0 0.0 
1.0 0.0584062649333791 0.040871085 0.14 0.17 0.959595959595959 0.959595959595959 0.95959596 297.01 1.36 
0.0 0.827561860152219 0.465094123 -0.01 0.01 0.946875 0.9875 0.9671875 13.9 0.11 
1.0 0.0 0.0 0.0 0.0 1.0 1.0 1.0 0.0 0.0 
0.0 0.156671153032737 0.60256214 -0.01 0.02 0.993957703927492 0.996978851963746 0.995468278 13.35 0.11 
1.0 0.0 0.0 0.0 0.0 1.0 1.0 1.0 0.0 0.0 
0.0 0.0277783581726275 0.013889179 0.0 0.0 1.0 1.0 1.0 0.0 0.0 
1.0 0.437319576212246 0.790238021 0.02 0.37 0.892255892255892 0.895622895622895 0.893939394 623.8 0.38 
0.0 0.0 0.0 0.0 0.0 1.0 1.0 1.0 0.0 0.0 
1.0 0.0210341526104483 0.010517076 0.0 0.0 1.0 1.0 1.0 0.0 0.0 
0.0 0.864112947349194 0.442302901 -0.06 0.01 0.9533527696793 0.967930029154518 0.960641399 5.12 0.21 
1.0 0.241590515729618 0.120795258 0.0 0.0 1.0 1.0 1.0 0.0 0.0 
0.0 0.0744486206082655 0.03722431 0.0 0.0 1.0 0.996655518394648 0.998327759 0.0 0.0 
1.0 0.0444153979532044 0.077336939 0.02 0.02 1.0 1.0 1.0 344.73 0.16 
0.0 0.551878325578596 0.275939163 0.0 0.0 1.0 1.0 1.0 0.0 0.0 
1.0 0.0 0.0 0.0 0.0 1.0 1.0 1.0 0.0 0.0 
0.0 0.041294906134971 0.030687855 0.0 0.0 0.961988304093567 0.994152046783625 0.978070175 0.14 0.02 
