1.0 0.0819167052116718 0.570928654 0.0 0.02 1.0 1.0 1.0 44.04 0.02 
0.0 0.131691556532417 0.065845778 0.0 0.0 1.0 1.0 1.0 0.0 0.0 
1.0 0.0778041344031273 0.069705422 0.02 0.02 0.996268656716417 0.996268656716417 0.996268657 268.05 0.19 
0.0 0.0810482611891956 0.409522816 0.0 0.01 0.996845425867507 0.996845425867507 0.996845426 5.04 0.01 
1.0 0.207198284095683 0.103599142 0.0 0.04 0.508417508417508 0.946127946127946 0.727272727 17.49 0.54 
0.0 0.685319188258604 0.342659594 -0.09 0.0 1.0 0.900928792569659 0.950464396 1.58 0.14 
1.0 0.0632519508365717 0.042956956 0.0 0.0 1.0 1.0 1.0 0.01 0.0 
0.0 0.0280853074773292 0.014042654 0.0 0.0 1.0 0.987068965517241 0.993534483 0.0 0.0 
1.0 0.0551370545603342 0.027568527 0.0 0.0 1.0 1.0 1.0 0.0 0.0 
0.0 0.984403653855708 0.802619361 -0.1 0.02 1.0 1.0 1.0 14.02 0.01 
1.0 0.556756506104003 0.935905005 -0.02 0.11 1.0 1.0 1.0 86.15 0.39 
0.0 0.0787435252182342 0.542448532 -0.01 0.02 1.0 0.996655518394648 0.998327759 8.74 0.12 
1.0 0.0949241594483574 0.070249629 0.0 0.0 1.0 1.0 1.0 0.03 0.01 
0.0 0.0971385294210024 0.061391422 0.0 0.0 1.0 0.905882352941176 0.952941176 0.12 0.02 
1.0 0.134258729623652 0.128858734 0.38 0.64 0.581761006289308 0.60062893081761 0.591194969 930.06 1.95 
0.0 0.822961039054412 0.41148052 0.0 0.0 1.0 1.0 1.0 0.0 0.0 
1.0 0.707153564112846 0.353576782 -0.04 0.04 0.956375838926174 0.993288590604026 0.974832215 52.03 0.18 
0.0 0.0 0.0 0.0 0.0 1.0 1.0 1.0 0.0 0.0 
1.0 0.0620199882194553 0.042117228 0.0 0.0 1.0 1.0 1.0 0.01 0.0 
0.0 0.464383292171582 0.325677068 -0.01 0.01 1.0 1.0 1.0 2.47 0.16 
1.0 0.323535568963029 0.276552566 -0.01 0.0 1.0 1.0 1.0 1.3 0.11 
0.0 0.677586107525463 0.338793054 -0.01 0.0 0.996655518394648 0.996655518394648 0.996655518 0.41 0.02 
1.0 0.0898033804732823 0.098788846 0.05 0.14 0.889589905362776 0.940063091482649 0.914826498 153.38 1.23 
0.0 0.2353137638881 0.117656882 -0.02 0.0 1.0 0.927927927927927 0.963963964 1.16 0.14 
1.0 0.0263455923390652 0.013172796 0.0 0.0 1.0 1.0 1.0 0.0 0.0 
0.0 0.711252800266253 0.388666186 0.02 0.03 1.0 1.0 1.0 21.77 0.28 
1.0 0.0497396448289763 0.038809758 0.03 0.03 0.995689655172413 0.995689655172413 0.995689655 232.01 0.23 
0.0 0.369205600782166 0.27524899 -0.01 0.0 1.0 0.909793814432989 0.954896907 1.75 0.08 
1.0 0.588949300486855 0.580870011 0.08 0.13 0.988603988603988 0.994301994301994 0.991452991 390.42 0.88 
0.0 0.779478842749047 0.593590336 0.01 0.08 1.0 0.894329896907216 0.947164948 86.97 0.13 
1.0 0.403416489626378 0.353961071 0.01 0.03 0.996960486322188 0.996960486322188 0.996960486 349.07 0.01 
0.0 0.454333471311518 0.876194548 0.01 0.12 0.997032640949554 0.997032640949554 0.997032641 185.13 0.1 
1.0 0.834694147442099 0.676685764 -0.01 0.04 1.0 1.0 1.0 27.8 0.47 
0.0 0.876515805988902 0.473191878 0.0 0.02 1.0 1.0 1.0 39.73 0.24 
1.0 0.0 0.0 0.0 0.0 1.0 1.0 1.0 0.0 0.0 
0.0 0.318848354510056 0.310103304 0.0 0.02 1.0 0.996904024767801 0.998452012 17.49 0.09 
1.0 0.156671153032737 0.156671153 0.0 0.0 0.993957703927492 0.993957703927492 0.993957704 0.0 1.63 
0.0 1.48940317755697 0.744701589 0.01 0.02 0.997267759562841 0.997267759562841 0.99726776 366.0 0.03 
1.0 0.907374955335904 1.40280539 0.12 0.56 0.90406976744186 0.985465116279069 0.944767442 795.73 0.04 
0.0 0.0201313384327796 0.010065669 0.0 0.0 1.0 0.985250737463126 0.992625369 0.02 0.0 
1.0 0.884226476540352 0.726232016 0.06 0.17 0.99715909090909 0.99715909090909 0.997159091 793.69 0.17 
0.0 0.734955557406933 0.886091349 0.07 0.34 0.84020618556701 0.886597938144329 0.863402062 312.72 0.1 
1.0 0.0551370545603342 0.027568527 0.0 0.0 1.0 1.0 1.0 0.0 0.0 
0.0 0.122956999336944 0.0614785 0.0 0.0 1.0 1.0 1.0 0.0 0.0 
1.0 0.65905444283165 0.439874851 -0.03 0.01 1.0 1.0 1.0 4.59 0.22 
0.0 0.304348986236983 0.218194849 -0.07 0.02 0.883280757097791 0.962145110410094 0.922712934 31.42 0.29 
1.0 0.172184517131063 0.160884095 0.0 0.0 1.0 0.996987951807228 0.998493976 0.33 0.04 
0.0 0.0 0.0 0.0 0.0 1.0 1.0 1.0 0.0 0.0 
1.0 0.0277783581726275 0.066402051 0.0 0.0 1.0 1.0 1.0 0.02 0.0 
0.0 0.562077934175183 0.49032486 -0.04 0.0 1.0 1.0 1.0 1.24 0.15 
1.0 0.359970458298742 0.722185453 0.1 0.22 0.955555555555555 0.959999999999999 0.957777778 255.79 0.29 
0.0 0.0363439911164057 0.188062728 0.0 0.0 1.0 1.0 1.0 0.17 0.02 
1.0 0.0220284283205545 0.011014214 0.1 0.12 0.97444089456869 0.97444089456869 0.974440895 313.0 0.98 
0.0 0.0 0.0 0.0 0.0 1.0 1.0 1.0 0.0 0.0 
1.0 0.0698679499389159 0.045948189 0.0 0.0 1.0 1.0 1.0 0.01 0.0 
0.0 0.0277783581726275 0.077265963 0.0 0.0 1.0 1.0 1.0 0.02 0.01 
1.0 1.26767910861477 0.633839554 0.0 0.08 0.969283276450511 0.986348122866894 0.9778157 147.18 0.09 
0.0 0.0421645771490718 0.021082289 0.0 0.01 0.962457337883959 0.969283276450511 0.965870307 8.81 0.19 
1.0 0.728535533996472 0.914858142 0.04 0.63 1.0 1.0 1.0 492.19 0.05 
0.0 0.0429694362376849 0.117433788 0.0 0.0 1.0 1.0 1.0 0.1 0.01 
1.0 0.0262556850879242 0.013127843 0.0 0.0 1.0 1.0 1.0 0.0 0.0 
0.0 0.0742260696704329 0.672548579 0.0 0.02 1.0 0.990624999999999 0.9953125 108.25 0.05 
1.0 0.255429986523709 0.239492105 0.17 0.19 1.0 1.0 1.0 1276.97 1.14 
0.0 0.831372799847455 0.4156864 0.0 0.0 1.0 1.0 1.0 0.0 0.0 
1.0 0.0 0.0 0.0 0.0 1.0 1.0 1.0 0.0 0.0 
0.0 0.88290815124684 0.954025211 0.05 0.54 0.893129770992366 0.98473282442748 0.938931298 374.6 0.05 
1.0 0.0275776979183499 0.013788849 0.0 0.0 1.0 1.0 1.0 0.0 0.0 
0.0 0.0217855061668038 0.010892753 0.0 0.0 1.0 1.0 1.0 0.0 0.0 
1.0 0.0896596069085538 0.113806188 0.0 0.0 1.0 1.0 1.0 0.1 0.02 
0.0 0.0377533684787965 0.018876684 0.04 0.04 1.0 0.993788819875776 0.99689441 161.0 0.4 
1.0 0.681395739723952 0.463675087 0.07 0.14 0.973404255319148 0.973404255319148 0.973404255 384.94 0.11 
0.0 0.0503190388116789 0.143362062 0.02 0.02 1.0 1.0 1.0 299.05 0.12 
1.0 0.0231976934792104 0.023163469 0.02 0.02 1.0 0.996527777777777 0.998263889 288.0 0.25 
0.0 1.0337385020574 0.516869251 0.0 0.0 1.0 1.0 1.0 0.0 0.0 
1.0 0.0399377637358022 0.039937764 0.0 0.0 1.0 1.0 1.0 0.0 0.39 
0.0 0.0 0.0 0.0 0.0 1.0 0.977198697068403 0.988599349 0.0 0.0 
1.0 0.0773036079807894 0.052540983 0.0 0.0 1.0 1.0 1.0 0.01 0.0 
0.0 0.0469051485823969 0.023452574 0.0 0.0 1.0 0.96875 0.984375 0.0 0.0 
1.0 0.0 0.0 0.0 0.0 1.0 1.0 1.0 0.0 0.0 
0.0 0.255429986523709 0.139417831 0.0 0.0 1.0 1.0 1.0 0.05 0.01 
1.0 0.0 0.0 0.0 0.0 1.0 1.0 1.0 0.0 0.0 
0.0 0.0 0.0 0.0 0.0 0.992592592592592 0.996296296296296 0.994444444 0.01 0.0 
1.0 0.0 0.0 0.06 0.06 0.98921832884097 0.98921832884097 0.989218329 371.0 0.62 
0.0 0.0736871448813177 0.052774611 0.0 0.0 1.0 0.927170868347338 0.963585434 0.42 0.04 
1.0 0.0 0.0 0.0 0.0 1.0 1.0 1.0 0.0 0.0 
0.0 0.846900754646194 0.500706778 -0.03 0.02 1.0 0.946875 0.9734375 7.71 0.12 
1.0 0.740510656554896 0.370255328 0.0 0.0 1.0 1.0 1.0 0.0 0.0 
0.0 0.0278798704683955 0.013939935 0.0 0.0 0.995689655172413 0.995689655172413 0.995689655 0.01 0.0 
1.0 0.300802356802308 0.150401178 0.0 0.0 1.0 1.0 1.0 0.0 0.0 
0.0 0.750381900032074 0.37519095 0.0 0.0 1.0 1.0 1.0 0.0 0.0 
1.0 0.74909820900541 0.374549105 0.05 0.08 0.985221674876847 0.985221674876847 0.985221675 203.0 0.24 
0.0 0.09277111711335 0.08817709 0.0 0.0 0.995689655172413 0.995689655172413 0.995689655 0.07 0.01 
1.0 0.0 0.0 0.0 0.0 1.0 1.0 1.0 0.0 0.0 
0.0 0.0764127049519044 0.065535764 0.0 0.0 1.0 1.0 1.0 0.04 0.01 
1.0 0.0 0.0 0.0 0.0 1.0 1.0 1.0 0.0 0.0 
0.0 0.497253114490459 0.428056273 0.0 0.03 1.0 0.982578397212543 0.991289199 40.48 0.09 
1.0 0.0582288937368788 0.119908208 0.0 0.0 1.0 1.0 1.0 0.09 0.01 
0.0 0.02427927049306 0.012139635 0.0 0.0 1.0 1.0 1.0 0.0 0.0 
1.0 0.181495060276128 0.142110339 0.02 0.02 1.0 1.0 1.0 51.03 0.3 
0.0 0.0 0.0 0.0 0.0 1.0 0.996655518394648 0.998327759 0.0 0.0 
1.0 0.0873757859059086 0.055184712 0.0 0.0 1.0 0.996551724137931 0.998275862 0.02 0.0 
0.0 0.0363439911164057 0.667199808 0.0 0.0 1.0 0.997032640949554 0.99851632 2.54 0.03 
1.0 0.203678007939334 0.111158213 0.0 0.0 1.0 1.0 1.0 0.04 0.0 
0.0 0.0358681627845499 0.553205327 0.0 0.0 1.0 1.0 1.0 2.18 0.05 
1.0 0.0436808180468584 0.076076079 0.01 0.01 1.0 1.0 1.0 43.16 0.15 
0.0 0.0277783581726275 0.027778358 0.0 0.0 1.0 1.0 1.0 0.0 0.0 
1.0 0.655847649454573 0.338223182 0.1 0.17 0.964912280701754 0.964912280701754 0.964912281 455.31 0.94 
0.0 0.216770258116325 0.169906873 0.0 0.01 1.0 0.993006993006993 0.996503497 7.77 0.08 
1.0 0.0 0.0 0.0 0.0 1.0 1.0 1.0 0.0 0.0 
0.0 1.06775980160113 0.533879901 0.0 0.0 1.0 0.909348441926345 0.954674221 0.0 0.0 
1.0 0.990463026172509 0.860674754 0.0 0.14 0.987244897959183 0.989795918367346 0.988520408 433.1 0.51 
0.0 0.308607375001017 0.22791764 -0.02 0.0 0.992277992277992 0.992277992277992 0.992277992 0.62 0.07 
1.0 0.689041318563039 0.356258606 0.02 0.02 1.0 1.0 1.0 283.0 0.08 
0.0 0.300284761735227 0.710431337 0.0 0.05 1.0 0.997422680412371 0.99871134 83.16 0.2 
1.0 0.244139586266446 0.226050972 0.03 0.04 1.0 1.0 1.0 74.43 0.47 
0.0 0.73799737083685 0.511810777 -0.05 0.02 0.962145110410094 0.996845425867507 0.979495268 12.67 0.03 
1.0 0.0599541287844177 0.080714795 0.02 0.02 0.992277992277992 0.996138996138996 0.994208494 129.04 0.18 
0.0 0.314903356359905 1.034843011 0.04 0.14 0.982954545454545 0.994318181818181 0.988636364 309.77 0.03 
1.0 0.152518515876511 0.616953006 0.01 0.05 0.989071038251366 0.997267759562841 0.993169399 513.24 0.05 
0.0 0.0557409191195386 0.02787046 0.0 0.0 0.995689655172413 0.995689655172413 0.995689655 0.01 0.0 
1.0 0.704433045823142 0.667410197 0.01 0.06 1.0 1.0 1.0 30.55 0.3 
0.0 0.0555380567855558 0.04176012 0.0 0.0 1.0 0.991379310344827 0.995689655 0.03 0.01 
1.0 0.0810482611891956 0.192947382 0.03 0.03 0.996845425867507 0.996845425867507 0.996845426 369.18 0.22 
0.0 0.088451266649678 0.083582902 0.0 0.0 1.0 0.977653631284916 0.988826816 0.15 0.02 
1.0 0.0 0.0 0.0 0.0 1.0 1.0 1.0 0.0 0.0 
0.0 0.0557409191195386 0.055740919 0.0 0.0 0.995689655172413 0.995689655172413 0.995689655 0.0 0.63 
1.0 0.203468130324756 0.184214883 0.01 0.01 1.0 1.0 1.0 21.46 0.02 
0.0 0.503817112382778 0.251908556 0.0 0.0 1.0 0.959183673469387 0.979591837 0.0 0.0 
1.0 0.0419175889863189 0.020958794 0.0 0.0 1.0 1.0 1.0 0.0 0.0 
0.0 0.0 0.0 0.0 0.0 1.0 1.0 1.0 0.0 0.0 
1.0 0.0230612269388944 0.023027432 0.0 0.0 1.0 0.996551724137931 0.998275862 0.01 0.0 
0.0 0.173403925527713 0.153136983 -0.02 0.06 0.90721649484536 0.90721649484536 0.907216495 244.57 0.01 
1.0 0.0 0.0 0.0 0.0 1.0 1.0 1.0 0.0 0.0 
0.0 0.0 0.0 0.0 0.0 1.0 0.994845360824742 0.99742268 0.0 0.0 
1.0 0.0 0.0 0.0 0.0 1.0 1.0 1.0 0.0 0.0 
0.0 1.95951017862725 1.046190109 0.02 0.26 0.90721649484536 0.945876288659793 0.926546392 938.05 0.2 
1.0 0.541952602754964 0.322959122 0.06 0.11 0.984177215189873 0.984177215189873 0.984177215 633.43 0.27 
0.0 0.0202332278371195 0.092717286 0.0 0.0 1.0 1.0 1.0 0.03 0.01 
1.0 0.239946151255037 0.706022725 0.02 0.09 0.994623655913978 0.994623655913978 0.994623656 441.11 0.22 
0.0 0.281198134803726 1.145719781 0.05 0.13 0.760309278350515 0.997422680412371 0.878865979 392.67 0.01 
1.0 1.46207523415388 0.731037617 0.08 0.16 0.963302752293577 0.963302752293577 0.963302752 327.0 0.28 
0.0 0.0234056746645995 0.011702837 0.0 0.0 1.0 1.0 1.0 0.0 0.0 
1.0 0.994849321286294 0.515114822 -0.01 0.01 1.0 0.997134670487106 0.998567335 4.46 0.01 
0.0 0.438313741280604 0.232420574 0.01 0.01 1.0 1.0 1.0 5.3 0.12 
1.0 0.571149006534049 0.349139352 0.27 0.38 0.677551020408163 0.76734693877551 0.72244898 167.57 1.39 
0.0 0.0555380567855558 0.027769028 0.0 0.0 1.0 1.0 1.0 0.0 0.0 
1.0 0.846039359308129 0.761957918 0.0 0.15 0.959183673469387 0.983673469387755 0.971428571 257.96 0.23 
0.0 0.400197728931149 0.365054745 0.1 0.18 0.871134020618556 0.932989690721649 0.902061856 226.23 1.32 
1.0 0.0376557446286782 0.076855406 0.0 0.0 1.0 1.0 1.0 0.05 0.01 
0.0 0.0277783581726275 0.013889179 0.0 0.0 1.0 1.0 1.0 0.0 0.0 
1.0 0.0262556850879242 0.013127843 0.0 0.0 1.0 1.0 1.0 0.0 0.0 
0.0 0.460391620286963 0.245550866 0.0 0.0 0.996677740863787 0.996677740863787 0.996677741 0.3 0.03 
1.0 0.0858792034312631 0.042939602 0.0 0.0 1.0 1.0 1.0 0.0 0.0 
0.0 1.95951017862725 1.046190109 0.02 0.26 0.90721649484536 0.945876288659793 0.926546392 938.05 0.2 
1.0 0.0605098655008392 0.102559662 0.05 0.05 0.990445859872611 0.990445859872611 0.99044586 314.08 0.35 
0.0 0.0 0.0 0.0 0.0 1.0 0.891737891737891 0.945868946 0.0 0.0 
1.0 0.0798310822018937 0.050991582 0.0 0.0 1.0 0.993399339933993 0.99669967 0.02 0.0 
0.0 0.0 0.0 0.0 0.0 1.0 0.996428571428571 0.998214286 0.0 0.0 
1.0 0.0 0.0 0.24 0.26 0.925925925925925 0.925925925925925 0.925925926 270.0 1.94 
0.0 0.186970843565625 0.158227398 0.01 0.03 1.0 0.921875 0.9609375 34.76 0.43 
1.0 0.690611281571298 0.345305641 0.04 0.07 0.986622073578595 0.986622073578595 0.986622074 299.0 0.17 
0.0 0.446010920243834 0.243721894 0.0 0.0 1.0 0.993055555555555 0.996527778 0.38 0.04 
1.0 0.0440460714620383 0.101058843 0.03 0.04 1.0 1.0 1.0 354.99 0.29 
0.0 0.498347501879491 0.249173751 0.0 0.0 1.0 1.0 1.0 0.0 0.0 
1.0 0.0576228878985421 0.117260695 0.06 0.13 0.972677595628415 0.978142076502732 0.975409836 366.03 0.85 
0.0 0.0478007124750384 0.023900356 0.01 0.02 1.0 0.99638989169675 0.998194946 277.0 0.23 
1.0 0.131728022046043 0.123196652 0.0 0.0 1.0 0.996960486322188 0.998480243 0.2 0.03 
0.0 0.0516160194702958 0.038715936 0.0 0.0 1.0 1.0 1.0 0.01 0.0 
1.0 0.0882701884630966 0.270505606 0.0 0.0 1.0 1.0 1.0 0.86 0.07 
0.0 0.0616067104727896 0.043135516 0.0 0.0 1.0 1.0 1.0 0.01 0.0 
1.0 0.0 0.0 0.1 0.11 0.977198697068403 0.977198697068403 0.977198697 307.0 0.96 
0.0 0.0485449746431988 0.087004257 0.0 0.0 1.0 0.996323529411764 0.998161765 0.05 0.01 
1.0 0.0645814363776275 0.259457454 0.02 0.02 0.997032640949554 0.997032640949554 0.997032641 337.38 0.06 
0.0 0.419476629126541 0.209738315 0.0 0.0 1.0 0.988200589970501 0.994100295 0.0 0.0 
1.0 0.691837793385848 0.88811912 0.13 0.26 0.955555555555555 0.955555555555555 0.955555556 261.02 0.06 
0.0 0.0599541287844177 0.05536107 0.02 0.02 0.992277992277992 0.996138996138996 0.994208494 246.64 0.2 
1.0 0.0 0.0 0.0 0.0 1.0 1.0 1.0 0.0 0.0 
0.0 0.127620475367279 0.063810238 0.0 0.0 1.0 1.0 1.0 0.0 0.0 
1.0 0.0207057550810892 0.020705755 0.0 0.0 1.0 1.0 1.0 0.0 0.0 
0.0 0.675206624248399 0.986204642 0.2 0.63 1.0 0.993808049535603 0.996904025 308.42 0.03 
1.0 0.0214316941424852 0.021431694 0.0 0.0 0.993690851735015 0.993690851735015 0.993690852 0.0 0.5 
0.0 0.0 0.0 0.0 0.0 1.0 0.865497076023391 0.932748538 0.0 0.0 
1.0 0.673272369552372 0.466894253 -0.01 0.02 1.0 1.0 1.0 12.85 0.01 
0.0 0.0435605050230868 0.021780253 0.0 0.0 1.0 1.0 1.0 0.0 0.0 
1.0 0.0 0.0 0.2 0.24 0.924778761061946 0.929203539823008 0.92699115 211.69 1.74 
0.0 0.498165535626351 0.259856896 0.0 0.01 0.996815286624203 0.996815286624203 0.996815287 5.89 0.08 
1.0 0.0190789241997616 0.074347087 0.03 0.04 0.986338797814207 0.991803278688524 0.989071038 218.43 0.36 
0.0 0.0526747269783491 0.052584886 0.0 0.0 1.0 0.995967741935483 0.997983871 0.02 0.01 
1.0 0.0 0.0 0.0 0.0 1.0 1.0 1.0 0.0 0.0 
0.0 0.0 0.0 0.0 0.0 1.0 0.996794871794871 0.998397436 0.0 0.0 
1.0 0.0 0.0 0.0 0.0 1.0 1.0 1.0 0.0 0.0 
0.0 0.0600239093195218 0.030011955 0.0 0.0 1.0 0.990445859872611 0.99522293 0.03 0.01 
1.0 0.652909680422881 0.344273661 0.0 0.0 1.0 1.0 1.0 0.53 0.05 
0.0 0.0690585676413284 0.268421827 0.0 0.0 1.0 0.997134670487106 0.998567335 0.51 0.04 
1.0 0.0 0.0 0.03 0.03 0.995575221238938 0.995575221238938 0.995575221 226.0 0.29 
0.0 0.838227258499489 0.775135021 -0.18 0.09 0.899484536082474 0.90721649484536 0.903350515 97.54 0.17 
1.0 0.350402542660333 0.188240188 0.15 0.21 0.954198473282442 0.954198473282442 0.954198473 524.0 1.2 
0.0 0.322747497288805 0.231849631 0.0 0.0 1.0 1.0 1.0 1.58 0.12 
1.0 0.0343100031295235 0.078052534 0.03 0.03 1.0 1.0 1.0 328.0 0.3 
0.0 0.400197728931149 1.179853954 0.02 0.32 0.871134020618556 0.945876288659793 0.908505155 640.6 0.18 
