1.0 0.0841156071386904 0.084115607 0.0 0.0 0.997912317327766 0.997912317327766 0.997912317 0.0 0.7 
0.0 0.099623389466162 0.504642217 -0.02 0.01 1.0 0.959183673469387 0.979591837 3.13 0.05 
1.0 0.0445379124397734 0.078033754 0.1 0.14 0.959999999999999 0.963636363636363 0.961818182 249.1 1.31 
0.0 0.0 0.0 0.05 0.05 0.991111111111111 0.991111111111111 0.991111111 225.0 0.49 
1.0 0.0 0.0 0.0 0.0 1.0 1.0 1.0 0.0 0.0 
0.0 0.184459293937031 0.092229647 0.0 0.0 1.0 1.0 1.0 0.0 0.0 
1.0 0.02427927049306 0.012139635 0.02 0.02 0.996336996336996 0.996336996336996 0.996336996 273.0 0.23 
0.0 0.0396091040103975 0.019804552 0.0 0.0 1.0 0.996710526315789 0.998355263 0.01 0.0 
1.0 0.963128224930376 0.986932557 0.06 0.22 1.0 1.0 1.0 108.55 0.77 
0.0 0.838455913773507 0.791505723 -0.02 0.13 0.935567010309278 0.997422680412371 0.966494845 188.6 0.48 
1.0 0.0275776979183499 0.013788849 0.0 0.0 1.0 1.0 1.0 0.0 0.0 
0.0 0.149609690761167 0.074804845 0.0 0.0 1.0 1.0 1.0 0.0 0.0 
1.0 0.0 0.0 0.0 0.0 1.0 1.0 1.0 0.0 0.0 
0.0 0.696576102069622 0.639139647 0.09 0.25 1.0 0.967930029154518 0.983965015 214.39 1.05 
1.0 0.169855635539478 0.169855636 -0.01 0.0 0.994897959183673 0.994897959183673 0.994897959 0.0 1.17 
0.0 0.0234758940935979 0.011737947 0.0 0.0 1.0 0.996478873239436 0.998239437 0.0 0.0 
1.0 0.762458768410407 0.958816701 0.05 0.27 0.956185567010309 0.963917525773195 0.960051546 566.35 0.0 
0.0 0.0376557446286782 0.018827872 0.0 0.0 1.0 0.996913580246913 0.99845679 0.0 0.0 
1.0 0.0226619610938116 0.069831387 0.0 0.0 1.0 1.0 1.0 0.02 0.0 
0.0 0.0419476776352413 0.020973839 0.0 0.0 1.0 1.0 1.0 0.0 0.0 
1.0 0.573812556773123 0.424867568 -0.01 0.01 1.0 1.0 1.0 4.1 0.29 
0.0 0.239231041119429 0.191920249 -0.01 0.0 1.0 0.990445859872611 0.99522293 0.57 0.05 
1.0 0.769499878113342 0.437545524 0.04 0.09 0.985250737463126 0.985250737463126 0.985250737 349.9 0.31 
0.0 0.126155150654186 0.063077575 0.0 0.0 1.0 0.996884735202492 0.998442368 0.0 0.0 
1.0 0.0 0.0 0.0 0.0 1.0 1.0 1.0 0.0 0.0 
0.0 0.430391022925244 0.215195511 0.0 0.0 1.0 0.991913746630727 0.995956873 0.35 0.04 
1.0 0.910728669886619 0.455364335 0.0 0.0 1.0 1.0 1.0 0.0 0.0 
0.0 0.0600239093195218 0.241369807 0.0 0.0 1.0 0.980891719745222 0.99044586 2.8 0.07 
1.0 0.59239407069282 0.305516244 0.0 0.0 1.0 1.0 1.0 0.36 0.02 
0.0 0.0557409191195386 0.080383331 0.0 0.0 1.0 0.995689655172413 0.997844828 0.05 0.01 
1.0 0.280078744630632 0.140039372 0.16 0.27 0.922600619195046 0.922600619195046 0.922600619 323.0 1.57 
0.0 0.0891944327568476 0.120998448 0.02 0.02 1.0 0.986013986013986 0.993006993 286.18 0.11 
1.0 0.0863062523442876 0.462266755 0.22 0.31 0.90721649484536 0.90721649484536 0.907216495 391.17 1.09 
0.0 0.554111979000417 0.27705599 0.0 0.0 1.0 1.0 1.0 0.0 0.0 
1.0 0.134176652897805 0.067088326 0.08 0.1 0.971204188481675 0.976439790575916 0.97382199 310.88 1.03 
0.0 0.0280853074773292 0.027931833 0.0 0.0 1.0 0.987068965517241 0.993534483 0.02 0.0 
1.0 0.0682000566160935 0.14244296 0.09 0.11 0.974763406940063 0.977917981072555 0.976340694 492.31 0.78 
0.0 0.281813677977665 0.223782401 -0.01 0.0 1.0 0.966165413533834 0.983082707 1.01 0.1 
1.0 0.93398421475238 0.766606582 0.0 0.08 1.0 1.0 1.0 148.72 0.39 
0.0 0.0600239093195218 0.279094722 0.0 0.01 1.0 0.996815286624203 0.998407643 11.62 0.17 
1.0 0.0898510923104771 0.059911924 0.03 0.03 1.0 1.0 1.0 212.0 0.24 
0.0 0.923569233939572 0.526503426 0.04 0.1 0.743859649122806 0.943859649122807 0.843859649 61.97 0.38 
1.0 0.0798310822018937 0.050991582 0.0 0.0 1.0 0.993399339933993 0.99669967 0.02 0.0 
0.0 0.026899250494481 0.063915529 0.0 0.0 1.0 1.0 1.0 0.02 0.0 
1.0 0.844108960810132 0.42205448 0.01 0.02 0.997237569060773 0.997237569060773 0.997237569 362.0 0.04 
0.0 0.0588890678472048 0.056902973 0.0 0.0 1.0 1.0 1.0 0.03 0.0 
1.0 0.95572419053384 0.605282346 -0.01 0.1 0.986979166666666 0.989583333333333 0.98828125 413.4 0.31 
0.0 0.0553960351055113 0.038743052 0.0 0.0 1.0 1.0 1.0 0.01 0.0 
1.0 0.716825848845551 0.474650378 -0.05 0.02 1.0 1.0 1.0 8.68 0.0 
0.0 0.631077882185572 0.572088592 -0.01 0.16 0.360424028268551 0.996466431095406 0.67844523 62.85 0.8 
1.0 0.0353803230759327 0.017690162 0.0 0.0 1.0 0.997134670487106 0.998567335 0.0 0.0 
0.0 0.0764595424535969 0.397172464 -0.01 0.01 1.0 0.958990536277602 0.979495268 4.4 0.01 
1.0 0.0 0.0 0.0 0.0 1.0 1.0 1.0 0.0 0.0 
0.0 0.761160160014868 0.403204829 -0.01 0.01 1.0 0.992277992277992 0.996138996 2.19 0.01 
1.0 0.0639194471416606 0.042675571 0.02 0.02 1.0 0.993690851735015 0.996845426 158.01 0.18 
0.0 0.0217855061668038 0.021725845 -0.02 0.0 0.956656346749226 0.962848297213622 0.959752322 0.66 0.06 
1.0 0.0453123921296478 0.033987177 0.0 0.0 1.0 1.0 1.0 0.01 0.0 
0.0 0.192676207660135 0.680048559 -0.09 0.04 0.891752577319587 0.940721649484536 0.916237113 32.88 0.15 
1.0 0.0507680121046872 0.025384006 0.32 0.36 0.825082508250825 0.851485148514851 0.838283828 255.82 2.24 
0.0 0.0777411197866119 0.250178197 0.0 0.0 1.0 1.0 1.0 0.49 0.05 
1.0 0.0497396448289763 0.038809758 0.03 0.03 0.995689655172413 0.995689655172413 0.995689655 232.01 0.23 
0.0 0.0209786462403052 0.010489323 0.0 0.0 1.0 0.922600619195046 0.96130031 0.08 0.01 
1.0 0.82415316873979 1.184320205 0.13 0.67 0.904191616766467 0.967065868263473 0.935628743 907.77 0.29 
0.0 0.0358681627845499 0.158533149 0.0 0.0 1.0 0.997422680412371 0.99871134 0.12 0.02 
1.0 0.159885819577868 0.159030422 -0.01 0.0 1.0 0.991452991452991 0.995726496 0.51 0.05 
0.0 0.233720995367765 0.176331032 0.09 0.09 1.0 0.977987421383647 0.988993711 266.64 0.7 
1.0 0.099623389466162 0.049811695 0.0 0.0 1.0 1.0 1.0 0.0 0.0 
0.0 0.0900703892013119 0.071319858 0.0 0.0 1.0 1.0 1.0 0.05 0.01 
1.0 0.0485286554060802 0.117877602 0.0 0.0 1.0 1.0 1.0 0.1 0.02 
0.0 0.102932002078561 0.051466001 0.0 0.0 1.0 0.990445859872611 0.99522293 0.05 0.01 
1.0 0.0870995231917752 0.05504658 0.19 0.33 0.897832817337461 0.897832817337461 0.897832817 323.02 2.04 
0.0 0.712042783029343 0.56610371 -0.06 0.05 1.0 0.899484536082474 0.949742268 56.33 0.25 
1.0 0.0 0.0 0.05 0.05 0.991111111111111 0.991111111111111 0.991111111 225.0 0.46 
0.0 0.87740625145043 0.438703126 0.0 0.0 1.0 1.0 1.0 0.0 0.0 
1.0 0.74804818024726 0.440099987 -0.02 0.02 1.0 1.0 1.0 7.56 0.03 
0.0 1.37263833793184 0.686319169 0.0 0.0 1.0 0.945147679324894 0.97257384 0.0 0.0 
1.0 0.235649142468084 0.641346659 -0.02 0.03 1.0 1.0 1.0 18.08 0.02 
0.0 0.0620199882194553 0.062019988 0.0 0.0 1.0 1.0 1.0 0.03 0.01 
1.0 0.0222144687344339 0.011107234 0.0 0.0 1.0 1.0 1.0 0.0 0.0 
0.0 0.0187682690492915 0.018703344 0.0 0.0 1.0 0.991913746630727 0.995956873 0.01 0.0 
1.0 0.222982785891894 0.111491393 0.0 0.0 1.0 1.0 1.0 0.0 0.0 
0.0 0.694282668498343 1.01673485 0.0 0.08 1.0 0.994845360824742 0.99742268 150.51 0.23 
1.0 0.0252259849379112 0.012612992 0.0 0.0 1.0 1.0 1.0 0.0 0.0 
0.0 0.0212025770039786 0.097181166 0.0 0.0 1.0 0.971786833855799 0.985893417 0.06 0.01 
1.0 0.252101780620975 0.12605089 0.0 0.0 1.0 0.762541806020066 0.881270903 0.0 0.0 
0.0 0.0 0.0 0.0 0.0 1.0 1.0 1.0 0.0 0.0 
1.0 0.242165520853688 0.242165521 -0.01 0.0 1.0 1.0 1.0 0.0 1.4 
0.0 0.608819744380155 0.514492191 0.06 0.1 1.0 0.989690721649484 0.994845361 366.93 0.41 
1.0 0.381976812551026 0.304657507 0.15 0.22 0.96595744680851 0.96595744680851 0.965957447 321.48 1.3 
0.0 0.154076103671029 0.135775863 0.01 0.01 1.0 1.0 1.0 12.33 0.15 
1.0 0.876966006758042 0.649020127 -0.01 0.1 0.591304347826086 0.855072463768115 0.723188406 146.83 0.08 
0.0 0.507423749189171 0.32178712 -0.03 0.02 1.0 0.909793814432989 0.954896907 18.71 0.27 
1.0 0.744555533002076 0.665067299 0.07 0.13 0.994845360824742 0.997422680412371 0.996134021 352.21 0.87 
0.0 0.1991955645715 0.696371215 -0.07 0.09 0.899484536082474 0.90721649484536 0.903350515 158.47 0.15 
1.0 0.0868399065197451 0.071190838 0.02 0.02 1.0 0.996774193548387 0.998387097 310.02 0.17 
0.0 0.0285821223591092 0.024725346 0.0 0.0 0.996932515337423 0.996932515337423 0.996932515 0.01 0.0 
1.0 0.709823998265026 0.585705227 0.03 0.1 0.988636363636363 0.988636363636363 0.988636364 374.62 0.06 
0.0 0.0 0.0 0.0 0.0 1.0 1.0 1.0 0.0 0.0 
1.0 0.240435918100591 0.120217959 0.28 0.34 0.895209580838323 0.895209580838323 0.895209581 334.0 1.86 
0.0 0.021489805529056 0.660714647 0.0 0.0 1.0 1.0 1.0 2.21 0.01 
1.0 0.281421396299131 0.140710698 0.06 0.06 0.988130563798219 0.988130563798219 0.988130564 337.0 0.48 
0.0 0.0777411197866119 0.250178197 0.0 0.0 1.0 1.0 1.0 0.49 0.05 
1.0 1.45914738572003 0.729573693 0.01 0.02 0.996688741721854 0.996688741721854 0.996688742 302.0 0.04 
0.0 0.0605098655008392 0.040999836 0.0 0.0 1.0 0.990445859872611 0.99522293 0.02 0.0 
1.0 1.00400732910698 1.004007329 -0.49 0.0 0.974789915966386 0.974789915966386 0.974789916 0.0 1.61 
0.0 1.45914738572003 0.729573693 0.01 0.02 0.996688741721854 0.996688741721854 0.996688742 302.0 0.04 
1.0 0.778815694507565 0.389407847 0.0 0.0 1.0 0.98076923076923 0.990384615 0.0 0.0 
0.0 0.428773302493095 0.280250662 -0.01 0.0 1.0 1.0 1.0 0.72 0.07 
1.0 0.0262556850879242 0.013127843 0.0 0.0 1.0 1.0 1.0 0.0 0.0 
0.0 0.0390741155048994 0.030429811 0.0 0.0 1.0 1.0 1.0 0.01 0.0 
1.0 0.0841156071386904 0.042057804 0.01 0.01 0.997912317327766 0.997912317327766 0.997912317 479.0 0.13 
0.0 0.0 0.0 0.02 0.02 0.996763754045307 0.996763754045307 0.996763754 309.0 0.22 
1.0 0.184072874532057 0.092036437 0.02 0.02 0.996996996996996 0.996996996996996 0.996996997 333.0 0.14 
0.0 0.446534089378031 0.223267045 0.0 0.0 1.0 1.0 1.0 0.0 0.0 
1.0 0.0209786462403052 0.010489323 0.0 0.0 1.0 1.0 1.0 0.0 0.0 
0.0 0.328255737696058 0.173995135 0.0 0.0 1.0 0.994236311239193 0.997118156 0.12 0.01 
1.0 0.0 0.0 0.03 0.03 0.994845360824742 0.994845360824742 0.994845361 194.0 0.33 
0.0 0.197659137366133 0.64993918 0.16 0.31 0.899484536082474 0.90721649484536 0.903350515 479.36 0.57 
1.0 0.710658978106077 0.366045336 0.02 0.02 1.0 0.993690851735015 0.996845426 159.35 0.04 
0.0 0.0279821836452784 0.013991092 0.07 0.12 0.966244725738396 0.970464135021097 0.96835443 206.47 1.11 
1.0 0.0707561028420881 0.065253658 0.0 0.0 1.0 1.0 1.0 0.02 0.0 
0.0 0.0912364670409079 0.045618234 0.0 0.0 1.0 0.971786833855799 0.985893417 0.15 0.02 
1.0 0.0 0.0 0.0 0.0 1.0 1.0 1.0 0.0 0.0 
0.0 0.808627497424305 0.53303214 -0.08 0.06 0.90721649484536 0.997422680412371 0.952319588 35.38 0.43 
1.0 0.846299466951633 0.423149733 0.0 0.0 1.0 1.0 1.0 0.0 0.0 
0.0 0.846299466951633 0.595615322 -0.03 0.04 1.0 1.0 1.0 34.32 0.22 
1.0 0.085780172232614 0.042890086 0.0 0.0 1.0 1.0 1.0 0.0 0.0 
0.0 0.137952768200447 0.068976384 0.0 0.0 1.0 1.0 1.0 0.0 0.0 
1.0 0.0 0.0 0.0 0.0 1.0 1.0 1.0 0.0 0.0 
0.0 0.693108022714661 0.346554011 -0.12 0.06 0.921052631578947 0.991228070175438 0.956140351 40.18 0.2 
1.0 0.0248220402102694 0.01241102 0.0 0.0 1.0 1.0 1.0 0.0 0.0 
0.0 1.34261883954671 1.18992299 -0.03 0.26 0.84020618556701 0.894329896907216 0.867268041 314.85 0.44 
1.0 0.23878845417949 0.128756612 0.05 0.05 0.994609164420485 0.994609164420485 0.994609164 742.0 0.41 
0.0 0.260263694977619 0.143039774 0.0 0.0 1.0 0.980237154150197 0.990118577 0.1 0.02 
1.0 0.0232665787339596 0.023266579 0.0 0.0 1.0 1.0 1.0 0.0 0.0 
0.0 0.0557409191195386 0.041861551 0.0 0.0 0.991379310344827 0.995689655172413 0.993534483 0.04 0.01 
1.0 0.0754150149140886 0.178731614 0.02 0.02 0.787499999999999 0.995833333333333 0.891666667 60.59 0.1 
0.0 0.0429694362376849 0.021484718 0.0 0.0 1.0 1.0 1.0 0.0 0.0 
1.0 0.735357685902965 1.158930512 0.09 0.79 0.899305555555555 0.930555555555555 0.914930556 498.04 0.39 
0.0 0.751803228872812 0.375901614 0.0 0.0 1.0 0.996884735202492 0.998442368 0.0 0.0 
1.0 0.0220284283205545 0.011014214 0.0 0.0 1.0 1.0 1.0 0.0 0.0 
0.0 0.0310873835982239 0.015543692 0.0 0.0 1.0 0.995073891625615 0.997536946 0.0 0.0 
1.0 0.0500014812681909 0.04281697 0.04 0.04 0.98984771573604 0.99238578680203 0.991116751 294.76 0.36 
0.0 0.0275776979183499 0.027577698 0.0 0.0 1.0 1.0 1.0 0.0 0.0 
1.0 0.0973782361448659 0.101338343 0.0 0.0 1.0 1.0 1.0 0.09 0.02 
0.0 0.0277783581726275 0.123445314 0.0 0.0 1.0 0.995689655172413 0.997844828 0.06 0.01 
1.0 0.0 0.0 0.0 0.0 1.0 1.0 1.0 0.0 0.0 
0.0 0.0519106893928764 0.025955345 0.0 0.0 1.0 0.996960486322188 0.998480243 0.01 0.0 
1.0 0.494444078994312 0.391594544 0.02 0.04 1.0 1.0 1.0 75.71 0.23 
0.0 0.607103801952931 0.471945942 -0.07 0.03 0.894329896907216 0.943298969072164 0.918814433 19.03 0.12 
1.0 0.771974955297372 0.748897805 0.11 0.51 1.0 1.0 1.0 705.61 1.92 
0.0 0.053661721482253 0.176746371 0.03 0.04 0.993710691823899 0.993710691823899 0.993710692 318.19 0.2 
1.0 0.716878876245362 0.588663494 0.1 0.18 0.97682119205298 0.97682119205298 0.976821192 419.73 0.12 
0.0 0.720242086623066 0.520349424 -0.06 0.07 0.889175257731958 0.909793814432989 0.899484536 248.47 0.0 
1.0 0.404856897855844 0.329797614 0.15 0.26 0.94017094017094 0.944444444444444 0.942307692 509.94 1.37 
0.0 0.694560805960911 0.360777388 0.0 0.0 1.0 1.0 1.0 0.3 0.03 
1.0 0.0654138162860413 0.032706908 0.0 0.0 1.0 1.0 1.0 0.0 0.0 
0.0 0.0658814879561051 0.582862688 -0.01 0.03 1.0 0.992932862190812 0.996466431 53.03 0.09 
1.0 0.0456883890739836 0.045688389 0.04 0.05 1.0 1.0 1.0 128.0 0.49 
0.0 0.0 0.0 0.0 0.0 1.0 1.0 1.0 0.0 0.0 
1.0 0.0769984593778077 0.057756735 0.0 0.0 1.0 1.0 1.0 0.02 0.0 
0.0 0.0 0.0 0.0 0.0 1.0 1.0 1.0 0.0 0.0 
1.0 0.0955175295989993 0.377812213 0.0 0.01 1.0 1.0 1.0 2.35 0.11 
0.0 0.0429694362376849 0.139687261 0.0 0.0 1.0 1.0 1.0 0.11 0.01 
1.0 0.604811716417282 0.529411654 0.2 0.29 1.0 0.97452229299363 0.987261146 206.28 1.76 
0.0 0.0932449525967212 0.342819512 -0.02 0.01 1.0 0.997304582210242 0.998652291 2.56 0.11 
1.0 0.151581073140848 0.075790537 0.0 0.0 1.0 0.986348122866894 0.993174061 0.0 0.0 
0.0 0.236405085826691 0.128947446 0.0 0.0 1.0 1.0 1.0 0.05 0.01 
1.0 0.440063122201629 0.230357604 0.02 0.02 0.996969696969696 0.996969696969696 0.996969697 330.14 0.08 
0.0 0.215203907053515 0.888654653 0.01 0.07 1.0 0.99195710455764 0.995978552 264.22 0.08 
1.0 0.0 0.0 0.07 0.07 0.985915492957746 0.985915492957746 0.985915493 142.0 0.69 
0.0 0.0 0.0 0.0 0.0 1.0 0.996904024767801 0.998452012 0.0 0.0 
1.0 0.739152082396845 0.422670769 0.01 0.03 0.996710526315789 0.996710526315789 0.996710526 314.36 0.06 
0.0 0.0651064140733245 0.096086492 -0.02 0.0 0.744755244755244 0.996503496503496 0.870629371 1.52 0.12 
1.0 0.0698679499389159 0.045948189 0.0 0.0 1.0 1.0 1.0 0.01 0.0 
0.0 0.822961039054412 0.41148052 0.0 0.0 1.0 1.0 1.0 0.0 0.0 
1.0 0.198961501502511 0.108757208 0.0 0.0 1.0 0.954423592493297 0.977211796 0.09 0.01 
0.0 0.72161012213659 0.599817768 -0.01 0.04 1.0 0.996960486322188 0.998480243 26.22 0.17 
1.0 0.0402723695891569 0.606271836 0.0 0.03 0.996655518394648 0.996655518394648 0.996655518 302.88 0.05 
0.0 0.229569562073634 0.186325054 0.03 0.05 1.0 0.96875 0.984375 134.74 0.54 
1.0 0.695823444713384 0.359341585 0.06 0.11 0.976588628762541 0.976588628762541 0.976588629 299.59 0.27 
0.0 0.236405085826691 0.169668544 -0.01 0.0 1.0 1.0 1.0 0.27 0.03 
1.0 0.655847649454573 0.338223182 0.1 0.17 0.964912280701754 0.964912280701754 0.964912281 455.31 0.94 
0.0 0.838455913773507 0.579456338 0.0 0.25 0.889175257731958 0.935567010309278 0.912371134 438.21 0.32 
1.0 0.0444179365905639 0.022208968 0.0 0.0 1.0 1.0 1.0 0.0 0.0 
0.0 0.198821941178569 0.108773356 0.0 0.0 1.0 0.994609164420485 0.997304582 0.13 0.02 
1.0 0.943568801537557 0.471784401 0.0 0.0 1.0 1.0 1.0 0.0 0.0 
0.0 0.0 0.0 0.0 0.0 1.0 1.0 1.0 0.0 0.0 
1.0 0.0619284306269321 0.183217041 0.01 0.01 1.0 0.996960486322188 0.998480243 18.43 0.1 
0.0 0.0337510120778166 0.033751012 -0.01 0.0 0.985401459854014 0.985401459854014 0.98540146 0.0 0.78 
1.0 0.0773036079807894 0.038651804 0.0 0.0 1.0 1.0 1.0 0.0 0.0 
0.0 0.0557409191195386 0.041759639 0.0 0.0 1.0 0.995689655172413 0.997844828 0.01 0.0 
1.0 0.0 0.0 0.0 0.0 1.0 1.0 1.0 0.0 0.0 
0.0 0.921585716572883 1.015657754 0.0 0.22 1.0 0.981249999999999 0.990625 174.17 0.59 
1.0 1.04365740701425 0.521828704 0.0 0.0 1.0 1.0 1.0 0.0 0.0 
0.0 0.0 0.0 0.0 0.0 1.0 0.992957746478873 0.996478873 0.0 0.0 
1.0 0.0599541287844177 0.080714795 0.02 0.02 0.992277992277992 0.996138996138996 0.994208494 129.04 0.18 
0.0 0.587290789639407 0.304598517 0.11 0.18 0.849849849849849 0.921921921921921 0.885885886 166.3 1.41 
1.0 0.236136528478112 0.227437304 -0.01 0.0 0.990131578947368 0.996710526315789 0.993421053 0.99 0.09 
0.0 0.0707274255828398 0.053053874 0.0 0.0 1.0 1.0 1.0 0.01 0.0 
