1.0 0.690569449065795 0.379065859 0.04 0.14 0.925233644859813 0.962616822429906 0.943925234 616.12 0.77 
0.0 0.0570560174613129 0.040667644 0.0 0.0 1.0 1.0 1.0 0.01 0.0 
1.0 0.0285821223591092 0.014291061 0.0 0.0 1.0 0.996932515337423 0.998466258 0.0 0.0 
0.0 0.0453123921296478 0.225253698 0.01 0.02 1.0 0.966101694915254 0.983050847 295.12 0.1 
1.0 0.651696044175673 1.072437368 0.13 0.53 1.0 0.996742671009771 0.998371336 312.45 0.03 
0.0 0.060680014902986 0.054387738 0.0 0.0 1.0 0.989090909090909 0.994545455 0.04 0.01 
1.0 0.0461365951180433 0.023068298 0.0 0.0 1.0 1.0 1.0 0.0 0.0 
0.0 0.598154780776643 0.29907739 0.0 0.0 1.0 1.0 1.0 0.0 0.0 
1.0 0.0619284306269321 0.183217041 0.01 0.01 1.0 0.996960486322188 0.998480243 18.43 0.1 
0.0 0.0277783581726275 0.027778358 0.0 0.0 1.0 1.0 1.0 0.0 0.0 
1.0 0.769499878113342 0.437545524 0.04 0.09 0.985250737463126 0.985250737463126 0.985250737 349.9 0.31 
0.0 0.0 0.0 0.0 0.0 1.0 0.922600619195046 0.96130031 0.0 0.0 
1.0 0.038968982908286 0.019484491 0.0 0.0 1.0 1.0 1.0 0.0 0.0 
0.0 0.69029217016548 0.345146085 0.0 0.0 1.0 0.996987951807228 0.998493976 0.0 0.0 
1.0 0.0445379124397734 0.078033754 0.1 0.14 0.959999999999999 0.963636363636363 0.961818182 249.1 1.31 
0.0 0.0429247950234865 0.021462398 0.01 0.02 0.99638989169675 0.99638989169675 0.996389892 277.0 0.22 
1.0 0.568250342771362 0.311454583 0.01 0.02 1.0 1.0 1.0 18.25 0.24 
0.0 0.0 0.0 0.01 0.01 0.984520123839009 0.996904024767801 0.990712074 63.8 0.17 
1.0 0.0528326312225924 0.026416316 0.0 0.0 1.0 1.0 1.0 0.0 0.0 
0.0 0.0832790147097544 0.055528686 0.03 0.03 1.0 1.0 1.0 232.0 0.25 
1.0 0.0 0.0 0.0 0.0 1.0 1.0 1.0 0.0 0.0 
0.0 0.236004974925649 0.175335129 0.04 0.04 0.996960486322188 0.996960486322188 0.996960486 365.1 0.49 
1.0 0.0 0.0 0.0 0.0 1.0 1.0 1.0 0.0 0.0 
0.0 0.0557409191195386 0.041759639 0.03 0.03 1.0 0.995689655172413 0.997844828 232.0 0.24 
1.0 0.27375861997438 0.146995924 0.0 0.0 1.0 1.0 1.0 0.06 0.01 
0.0 0.02427927049306 0.012139635 0.0 0.0 1.0 1.0 1.0 0.0 0.0 
1.0 0.306377016417389 0.166685493 0.01 0.01 1.0 1.0 1.0 9.95 0.19 
0.0 0.772559187083392 1.366034683 -0.15 0.46 0.891752577319587 0.945876288659793 0.918814433 601.62 0.19 
1.0 0.381976812551026 0.304657507 0.15 0.22 0.96595744680851 0.96595744680851 0.965957447 321.48 1.3 
0.0 0.712042783029343 1.025614908 0.02 0.39 1.0 0.899484536082474 0.949742268 343.52 0.63 
1.0 0.168321249171228 0.154632452 0.03 0.04 0.997101449275362 0.997101449275362 0.997101449 673.77 0.2 
0.0 0.838227258499489 1.398868719 0.02 0.36 0.90721649484536 0.945876288659793 0.926546392 609.92 0.05 
1.0 0.123384978179192 0.061692489 0.0 0.0 1.0 1.0 1.0 0.0 0.0 
0.0 0.0414328681373426 0.020716434 0.0 0.0 1.0 1.0 1.0 0.0 0.0 
1.0 0.0 0.0 0.0 0.0 1.0 1.0 1.0 0.0 0.0 
0.0 0.124578989368803 0.062289495 0.0 0.0 1.0 0.913312693498452 0.956656347 0.0 0.0 
1.0 0.0209234528265329 0.020923453 0.02 0.02 1.0 1.0 1.0 324.0 0.25 
0.0 0.0558027308258628 0.039818309 0.0 0.0 1.0 0.996415770609318 0.998207885 0.01 0.0 
1.0 0.0376557446286782 0.076855406 0.0 0.0 1.0 1.0 1.0 0.05 0.01 
0.0 0.0435605050230868 0.021780253 0.0 0.0 0.956656346749226 0.984520123839009 0.970588235 0.26 0.03 
1.0 0.0648962222687569 0.032448111 0.0 0.0 1.0 1.0 1.0 0.0 0.0 
0.0 0.761870743506642 0.39318974 0.0 0.0 1.0 1.0 1.0 0.44 0.03 
1.0 0.0727003585248474 0.036350179 0.0 0.0 1.0 1.0 1.0 0.0 0.0 
0.0 0.067494360609112 0.119740468 0.0 0.0 1.0 1.0 1.0 0.07 0.02 
1.0 0.050935213239972 0.105577388 0.04 0.05 0.992277992277992 0.992277992277992 0.992277992 259.07 0.33 
0.0 0.769499878113342 0.674014318 0.07 0.13 0.985250737463126 0.985250737463126 0.985250737 363.68 0.49 
1.0 0.0209786462403052 0.010489323 0.02 0.02 0.996913580246913 0.996913580246913 0.99691358 324.0 0.22 
0.0 0.608819744380155 0.823023442 0.0 0.12 0.84020618556701 0.989690721649484 0.914948454 275.4 0.28 
1.0 0.0194949129943501 0.019494913 0.0 0.0 1.0 1.0 1.0 0.0 0.0 
0.0 0.732079220680377 0.713180945 -0.03 0.05 0.943298969072164 0.994845360824742 0.969072165 166.22 0.04 
1.0 0.901181852102095 0.476398936 0.02 0.03 1.0 1.0 1.0 253.69 0.03 
0.0 0.0557409191195386 0.02787046 0.0 0.0 1.0 0.995689655172413 0.997844828 0.0 0.0 
1.0 0.0 0.0 0.0 0.0 1.0 1.0 1.0 0.0 0.0 
0.0 0.730886481410996 0.450371058 -0.02 0.01 0.987244897959183 0.994897959183673 0.991071429 7.65 0.0 
1.0 0.041294906134971 0.030973496 0.0 0.0 1.0 1.0 1.0 0.01 0.0 
0.0 0.0217855061668038 0.010892753 0.0 0.0 1.0 1.0 1.0 0.0 0.0 
1.0 0.0221520819212152 0.022152082 0.0 0.0 0.996710526315789 0.996710526315789 0.996710526 0.0 0.46 
0.0 0.170138956666946 0.085069478 0.0 0.0 1.0 0.91640866873065 0.958204334 0.0 0.0 
1.0 0.0 0.0 0.0 0.0 1.0 1.0 1.0 0.0 0.0 
0.0 0.658429890895838 0.379952676 0.0 0.01 0.996138996138996 0.996138996138996 0.996138996 4.92 0.03 
1.0 0.229561389474005 0.114780695 0.0 0.0 1.0 1.0 1.0 0.0 0.0 
0.0 0.0429694362376849 0.671454462 0.0 0.02 1.0 1.0 1.0 40.58 0.02 
1.0 0.0850302743642083 0.066270044 0.09 0.1 0.978947368421052 0.978947368421052 0.978947368 285.03 0.75 
0.0 0.417746971081039 0.208873486 0.0 0.0 1.0 1.0 1.0 0.0 0.0 
1.0 0.0275776979183499 0.013788849 0.0 0.0 1.0 1.0 1.0 0.0 0.0 
0.0 0.0601849586562254 0.241450332 0.0 0.0 0.980891719745222 0.996815286624203 0.988853503 0.71 0.07 
1.0 0.0 0.0 0.0 0.0 1.0 1.0 1.0 0.0 0.0 
0.0 1.2022982207951 0.60114911 0.0 0.0 1.0 1.0 1.0 0.0 0.0 
1.0 2.29030920104353 2.100092648 0.11 0.84 0.803809523809523 0.923809523809523 0.863809524 1299.27 0.06 
0.0 0.0 0.0 0.0 0.0 1.0 1.0 1.0 0.0 0.0 
1.0 0.39786475915223 0.367640191 -0.05 0.03 1.0 1.0 1.0 45.55 0.1 
0.0 0.0555380567855558 0.027769028 0.0 0.0 1.0 0.995689655172413 0.997844828 0.01 0.0 
1.0 0.0525693263147386 0.254031905 0.0 0.0 1.0 1.0 1.0 0.62 0.05 
0.0 0.0210341526104483 0.010517076 0.0 0.0 1.0 1.0 1.0 0.0 0.0 
1.0 0.0611859185488578 0.05926765 0.05 0.05 0.99171270718232 0.994475138121546 0.993093923 362.02 0.37 
0.0 0.720242086623066 0.389710335 0.16 0.25 0.894329896907216 0.909793814432989 0.902061856 316.02 1.09 
1.0 0.680889987266653 1.048196858 0.01 0.19 1.0 1.0 1.0 108.23 0.16 
0.0 0.67063870562648 0.335319353 -0.01 0.0 1.0 0.993311036789297 0.996655518 0.91 0.05 
1.0 0.0 0.0 0.0 0.0 1.0 1.0 1.0 0.0 0.0 
0.0 0.0 0.0 0.0 0.0 1.0 1.0 1.0 0.0 0.0 
1.0 0.696576102069622 0.415164025 -0.02 0.03 1.0 0.997084548104956 0.998542274 349.97 0.01 
0.0 0.0209786462403052 0.02095105 0.0 0.0 1.0 0.996913580246913 0.99845679 0.01 0.0 
1.0 0.1731597557551 0.777229102 0.01 0.16 0.971786833855799 0.971786833855799 0.971786834 339.3 0.08 
0.0 0.0549388772045494 0.027469439 0.0 0.0 1.0 0.959183673469387 0.979591837 0.0 0.0 
1.0 0.59239407069282 0.583483961 0.36 0.57 1.0 1.0 1.0 371.0 2.17 
0.0 0.621284430392962 0.482315548 0.08 0.1 1.0 1.0 1.0 324.62 1.24 
1.0 0.0441224477355724 0.022061224 0.0 0.0 1.0 1.0 1.0 0.0 0.0 
0.0 0.088451266649678 0.053833364 0.0 0.0 1.0 0.977653631284916 0.988826816 0.04 0.01 
1.0 0.131728022046043 0.123196652 0.0 0.0 1.0 0.996960486322188 0.998480243 0.2 0.03 
0.0 0.454333471311518 0.426011293 0.03 0.05 0.979228486646884 0.997032640949554 0.988130564 176.32 0.22 
1.0 0.965872300254213 0.48293615 0.0 0.0 1.0 1.0 1.0 0.0 0.0 
0.0 1.38406344957194 0.746248008 -0.02 0.02 0.987277353689567 0.997455470737913 0.992366412 13.61 0.06 
1.0 0.431439280559023 0.269849612 -0.01 0.0 1.0 1.0 1.0 0.62 0.05 
0.0 0.170138956666946 0.085069478 0.0 0.0 1.0 0.91640866873065 0.958204334 0.0 0.0 
1.0 0.0530380851089993 0.050208913 0.06 0.07 0.991902834008097 0.991902834008097 0.991902834 370.0 0.57 
0.0 0.021489805529056 0.021489806 0.0 0.0 1.0 1.0 1.0 0.0 0.0 
1.0 0.642422021076254 0.642422021 -0.39 0.0 1.0 1.0 1.0 0.0 1.9 
0.0 0.720242086623066 0.503024818 -0.03 0.02 0.909793814432989 0.997422680412371 0.953608247 9.37 0.22 
1.0 0.218505786089039 0.674101566 0.02 0.07 0.996515679442508 0.996515679442508 0.996515679 455.02 0.35 
0.0 0.112817561447562 0.056408781 0.0 0.0 1.0 1.0 1.0 0.0 0.0 
1.0 0.0882701884630966 0.044135094 0.0 0.0 1.0 1.0 1.0 0.0 0.0 
0.0 0.364348592082322 0.234798904 0.0 0.0 1.0 1.0 1.0 0.58 0.06 
1.0 0.0429694362376849 0.079255071 0.0 0.0 1.0 1.0 1.0 0.04 0.01 
0.0 0.587290789639407 0.304598517 0.11 0.18 0.849849849849849 0.921921921921921 0.885885886 166.3 1.41 
1.0 0.0 0.0 0.0 0.0 1.0 1.0 1.0 0.0 0.0 
0.0 0.603538490453925 0.532317838 -0.03 0.05 1.0 0.938775510204081 0.969387755 29.48 0.13 
1.0 0.26157753948268 0.193637883 0.0 0.0 1.0 1.0 1.0 0.51 0.05 
0.0 0.0416737059285854 0.090022341 0.0 0.0 1.0 1.0 1.0 0.05 0.01 
1.0 0.756805504608052 0.443121562 0.18 0.22 0.943859649122807 0.943859649122807 0.943859649 286.31 0.98 
0.0 0.0620199882194553 0.175054504 0.21 0.26 0.929230769230769 0.932307692307692 0.930769231 626.32 1.54 
1.0 0.0407748840552377 0.03859688 0.0 0.0 1.0 1.0 1.0 0.01 0.0 
0.0 0.564349536703467 0.309678401 -0.01 0.0 1.0 0.997354497354497 0.998677249 0.54 0.04 
1.0 0.0 0.0 0.0 0.0 1.0 1.0 1.0 0.0 0.0 
0.0 0.0290515971259356 0.014525799 0.0 0.0 0.973451327433628 0.991150442477876 0.982300885 0.06 0.01 
1.0 0.0 0.0 0.0 0.0 1.0 1.0 1.0 0.0 0.0 
0.0 0.207962357006846 0.103981179 0.0 0.0 1.0 1.0 1.0 0.0 0.0 
1.0 0.0651064140733245 0.044221159 0.04 0.04 0.996503496503496 0.996503496503496 0.996503497 428.5 0.35 
0.0 0.0179374112662487 0.077043951 0.0 0.0 1.0 0.909793814432989 0.954896907 0.13 0.01 
1.0 0.423801806997561 0.822531246 -0.02 0.13 0.993569131832797 0.993569131832797 0.993569132 377.28 0.04 
0.0 0.282026573351461 0.191293425 -0.01 0.0 1.0 0.997375328083989 0.998687664 0.5 0.04 
1.0 0.761870743506642 0.380935372 0.0 0.08 1.0 0.237918215613382 0.618959108 33.16 0.36 
0.0 0.78022931653563 0.390114658 0.0 0.0 1.0 1.0 1.0 0.0 0.0 
1.0 0.692069686917751 0.359676083 0.02 0.03 0.995798319327731 0.995798319327731 0.995798319 239.11 0.08 
0.0 0.826701080184217 0.448758 -0.05 0.04 1.0 0.878125 0.9390625 26.19 0.31 
1.0 0.0 0.0 0.0 0.0 1.0 1.0 1.0 0.0 0.0 
0.0 0.0429694362376849 0.042969436 0.0 0.0 1.0 1.0 1.0 0.01 0.0 
1.0 0.0 0.0 0.0 0.0 1.0 1.0 1.0 0.0 0.0 
0.0 0.181292378441966 0.687419622 -0.01 0.01 1.0 0.899484536082474 0.949742268 6.82 0.2 
1.0 0.354051139344926 0.328538107 0.29 0.38 0.876865671641791 0.985074626865671 0.930970149 269.08 1.98 
0.0 0.742709694902273 0.402024303 -0.02 0.02 0.97452229299363 0.990445859872611 0.982484076 42.75 0.06 
1.0 0.877425738443004 0.604144319 -0.01 0.07 0.989090909090909 0.989090909090909 0.989090909 280.97 0.13 
0.0 0.777296027024072 0.538790394 0.0 0.07 0.899484536082474 0.997422680412371 0.948453608 242.38 0.02 
1.0 0.39128385161505 0.391283852 -0.34 0.0 0.867507886435331 0.867507886435331 0.867507886 0.0 2.67 
0.0 0.858581850498729 0.989683787 -0.07 0.16 1.0 0.988505747126436 0.994252874 95.62 0.65 
1.0 0.0696126878610854 0.377791906 0.06 0.07 0.99074074074074 0.993827160493827 0.992283951 617.06 0.24 
0.0 0.39786475915223 0.316589262 0.11 0.15 1.0 1.0 1.0 135.68 1.37 
1.0 0.198961501502511 0.108757208 0.0 0.0 1.0 0.954423592493297 0.977211796 0.09 0.01 
0.0 0.0588890678472048 0.657235043 0.0 0.01 1.0 1.0 1.0 11.06 0.04 
1.0 0.0 0.0 0.0 0.0 1.0 1.0 1.0 0.0 0.0 
0.0 0.744555533002076 0.390211848 0.0 0.01 1.0 0.997422680412371 0.99871134 12.2 0.05 
1.0 0.99789140595333 0.542256533 0.04 0.12 0.976588628762541 0.976588628762541 0.976588629 305.31 0.31 
0.0 0.676039487923301 0.349516563 0.0 0.0 1.0 1.0 1.0 1.77 0.04 
1.0 0.0778783556377343 0.050015219 0.0 0.0 1.0 0.996699669966996 0.998349835 0.02 0.0 
0.0 0.131296285028637 0.605689013 0.04 0.07 1.0 0.996865203761755 0.998432602 224.74 0.2 
1.0 1.2022982207951 0.60114911 0.0 0.0 1.0 1.0 1.0 0.0 0.0 
0.0 0.211005687877705 0.683090161 0.02 0.18 0.943298969072164 0.963917525773195 0.953608247 821.32 0.18 
1.0 0.0593888809210752 0.055078978 0.0 0.01 0.938053097345132 0.997050147492625 0.967551622 15.4 0.08 
0.0 0.0960852708408048 0.388618918 -0.01 0.01 1.0 1.0 1.0 6.94 0.08 
1.0 0.0520383273589679 0.127784886 0.08 0.09 0.984126984126984 0.984126984126984 0.984126984 411.51 0.59 
0.0 0.0221520819212152 0.011076041 0.0 0.0 1.0 0.996710526315789 0.998355263 0.0 0.0 
1.0 0.0228597243679244 0.022859724 -0.01 0.0 0.966887417218543 0.966887417218543 0.966887417 0.0 1.19 
0.0 0.017741822561726 0.062192959 0.0 0.0 1.0 0.997455470737913 0.998727735 0.02 0.0 
1.0 0.667354627932219 0.667354628 -0.12 0.0 0.975342465753424 0.975342465753424 0.975342466 0.0 2.43 
0.0 0.562077934175183 0.281038967 0.0 0.0 1.0 1.0 1.0 0.0 0.0 
1.0 0.662687929460578 0.516915919 0.12 0.31 0.91784702549575 0.929178470254957 0.923512748 523.95 1.23 
0.0 0.241590515729618 0.177735451 0.03 0.1 1.0 0.966666666666666 0.983333333 242.64 0.85 
1.0 0.0 0.0 0.0 0.0 1.0 1.0 1.0 0.0 0.0 
0.0 0.478013778900196 0.37237285 0.03 0.07 1.0 1.0 1.0 65.04 0.81 
1.0 0.943568801537557 0.471784401 0.0 0.0 1.0 1.0 1.0 0.0 0.0 
0.0 0.0600239093195218 0.040756857 0.0 0.0 1.0 1.0 1.0 0.01 0.0 
1.0 0.342104185004753 0.342104185 -0.06 0.0 0.972350230414746 0.972350230414746 0.97235023 0.0 2.23 
0.0 0.0844263274663411 0.189417978 0.01 0.02 1.0 0.968586387434554 0.984293194 37.05 0.39 
1.0 0.0436808180468584 0.076076079 0.01 0.01 1.0 1.0 1.0 43.16 0.15 
0.0 0.0693153717009414 0.048546865 0.0 0.0 1.0 0.995689655172413 0.997844828 0.02 0.0 
1.0 0.297980077655741 0.297980078 -0.02 0.0 1.0 1.0 1.0 0.0 1.8 
0.0 0.0544417880262697 0.208009847 -0.01 0.0 1.0 0.924107142857142 0.962053571 0.76 0.05 
1.0 0.0388874211357927 0.636752797 0.01 0.09 0.958563535911602 0.975138121546961 0.966850829 216.28 0.21 
0.0 0.0 0.0 0.0 0.0 1.0 1.0 1.0 0.0 0.0 
1.0 0.0566215782835027 0.27545104 0.08 0.11 0.976897689768976 0.976897689768976 0.97689769 303.44 0.47 
0.0 1.33918703240963 1.271431342 -0.09 0.23 1.0 0.902061855670103 0.951030928 144.76 0.13 
1.0 0.946912170978799 0.473456085 0.0 0.0 1.0 1.0 1.0 0.0 0.0 
0.0 0.551878325578596 0.297719415 0.0 0.0 1.0 1.0 1.0 0.42 0.04 
1.0 0.0599541287844177 0.080714795 0.02 0.02 0.992277992277992 0.996138996138996 0.994208494 129.04 0.18 
0.0 0.419476629126541 0.354110819 0.01 0.03 1.0 0.988200589970501 0.994100295 355.96 0.05 
1.0 0.0771830516089681 0.057895224 0.04 0.04 1.0 1.0 1.0 712.0 0.33 
0.0 0.0600239093195218 0.148214498 0.0 0.0 1.0 1.0 1.0 0.16 0.02 
1.0 0.734955557406933 0.52770616 0.18 0.37 0.886597938144329 0.889175257731958 0.887886598 402.31 0.72 
0.0 0.0719894857357552 0.629888344 -0.08 0.04 0.929971988795518 0.994397759103641 0.962184874 28.52 0.04 
1.0 0.0200808046632287 0.010040402 0.01 0.01 0.991228070175438 0.994152046783625 0.992690058 55.83 0.16 
0.0 0.675206624248399 0.986204642 0.2 0.63 1.0 0.993808049535603 0.996904025 308.42 0.03 
1.0 0.868207575092389 0.681132168 0.06 0.17 0.963172804532577 0.974504249291784 0.968838527 322.03 0.04 
0.0 0.13204071076721 0.119907512 0.3 0.41 0.883280757097791 0.889589905362776 0.886435331 941.32 2.28 
1.0 0.0 0.0 0.1 0.11 0.977198697068403 0.977198697068403 0.977198697 307.0 0.96 
0.0 0.599228948735971 0.380413591 0.02 0.03 1.0 1.0 1.0 35.94 0.28 
1.0 0.330862899159724 0.330862899 -0.01 0.0 0.989090909090909 0.989090909090909 0.989090909 0.0 2.19 
0.0 0.0364188753405764 0.03133728 0.0 0.0 1.0 1.0 1.0 0.0 0.0 
1.0 0.276700299378803 0.13835015 0.0 0.0 1.0 1.0 1.0 0.0 0.0 
0.0 0.184459293937031 0.609098898 -0.01 0.01 1.0 1.0 1.0 5.53 0.07 
1.0 0.0262556850879242 0.026255685 0.0 0.0 1.0 1.0 1.0 0.0 0.0 
0.0 0.0277783581726275 0.077265963 0.0 0.0 1.0 1.0 1.0 0.02 0.01 
1.0 0.16413686562036 0.082068433 0.43 0.69 0.539893617021276 0.539893617021276 0.539893617 376.0 2.07 
0.0 0.70505755944942 0.374309032 -0.01 0.0 1.0 0.996763754045307 0.998381877 0.56 0.04 
1.0 0.359102175401786 0.179551088 0.0 0.0 1.0 1.0 1.0 0.0 0.0 
0.0 0.0342305497175502 0.081654406 0.0 0.0 1.0 1.0 1.0 0.02 0.01 
1.0 0.531148512151595 0.498306527 -0.03 0.01 1.0 1.0 1.0 5.93 0.03 
0.0 0.838455913773507 0.419227957 0.0 0.0 1.0 0.935567010309278 0.967783505 0.0 0.0 
1.0 0.0832790147097544 0.055528686 0.0 0.0 1.0 1.0 1.0 0.01 0.0 
0.0 0.904611110601021 0.537375034 -0.06 0.01 1.0 0.91640866873065 0.958204334 6.89 0.34 
1.0 0.0 0.0 0.03 0.03 0.994565217391304 0.994565217391304 0.994565217 184.0 0.35 
0.0 0.507423749189171 0.32178712 -0.03 0.02 1.0 0.909793814432989 0.954896907 18.71 0.27 
