1.0 0.0754569134062313 0.052957135 0.03 0.03 0.995215311004784 0.995215311004784 0.995215311 209.01 0.24 
0.0 0.171856026877275 0.085928013 0.0 0.0 1.0 1.0 1.0 0.0 0.0 
1.0 0.0708105549081962 0.156200535 0.02 0.02 1.0 1.0 1.0 73.02 0.25 
0.0 0.0277783581726275 0.013889179 0.0 0.0 1.0 1.0 1.0 0.0 0.0 
1.0 0.0434409002022211 0.21630821 0.02 0.03 0.962025316455696 0.981012658227848 0.971518987 44.39 0.25 
0.0 0.0 0.0 0.0 0.0 1.0 1.0 1.0 0.0 0.0 
1.0 0.0209786462403052 0.010489323 0.0 0.0 1.0 1.0 1.0 0.0 0.0 
0.0 0.0353803230759327 0.645480671 -0.01 0.01 1.0 0.997134670487106 0.998567335 3.7 0.05 
1.0 0.69029217016548 0.457260662 -0.02 0.04 0.990963855421686 0.996987951807228 0.993975904 121.4 0.08 
0.0 0.0223403798434835 0.01117019 0.0 0.0 0.986798679867986 0.99009900990099 0.988448845 0.05 0.01 
1.0 0.604811716417282 0.313150761 0.0 0.01 1.0 0.97452229299363 0.987261146 3.84 0.07 
0.0 0.0 0.0 0.0 0.0 0.996865203761755 0.996865203761755 0.996865204 0.0 0.0 
1.0 0.756805504608052 0.443121562 0.18 0.22 0.943859649122807 0.943859649122807 0.943859649 286.31 0.98 
0.0 0.498165535626351 0.259827671 0.0 0.01 1.0 0.996815286624203 0.998407643 5.7 0.1 
1.0 0.478716234787928 0.239358117 0.0 0.0 1.0 1.0 1.0 0.0 0.0 
0.0 0.158783978067245 0.079391989 0.0 0.0 1.0 0.996904024767801 0.998452012 0.04 0.01 
1.0 0.0226619610938116 0.022661961 0.29 0.33 0.904907975460122 0.904907975460122 0.904907975 652.0 2.16 
0.0 0.499388029866287 0.909163291 0.04 0.11 1.0 1.0 1.0 304.48 0.19 
1.0 0.0533840302767845 0.026692015 0.0 0.0 1.0 1.0 1.0 0.0 0.0 
0.0 0.0547547716962164 0.048862104 0.0 0.0 1.0 1.0 1.0 0.01 0.0 
1.0 0.0858792034312631 0.069512605 0.02 0.02 1.0 1.0 1.0 266.12 0.19 
0.0 0.717885385512261 0.714272182 0.27 0.34 1.0 0.958990536277602 0.979495268 187.83 0.03 
1.0 0.0 0.0 0.0 0.0 1.0 1.0 1.0 0.0 0.0 
0.0 0.0364344158699368 0.018217208 0.0 0.0 1.0 0.997032640949554 0.99851632 0.0 0.0 
1.0 0.846039359308129 0.761957918 0.0 0.15 0.959183673469387 0.983673469387755 0.971428571 257.96 0.23 
0.0 1.16885271809542 0.584426359 0.0 0.0 1.0 0.889175257731958 0.944587629 0.0 0.0 
1.0 0.021489805529056 0.068515255 0.02 0.02 1.0 1.0 1.0 156.5 0.18 
0.0 0.0924265213022947 0.046213261 0.0 0.0 1.0 1.0 1.0 0.0 0.0 
1.0 0.0419476776352413 0.523064644 0.0 0.01 1.0 1.0 1.0 3.9 0.04 
0.0 0.853033146507135 0.528323707 -0.01 0.01 1.0 0.997032640949554 0.99851632 5.98 0.06 
1.0 0.0649157045465794 0.180712985 0.0 0.0 1.0 1.0 1.0 0.29 0.03 
0.0 0.694282668498343 0.446739117 0.03 0.08 0.90721649484536 0.994845360824742 0.951030928 384.43 0.03 
1.0 0.354051139344926 0.328538107 0.29 0.38 0.876865671641791 0.985074626865671 0.930970149 269.08 1.98 
0.0 0.779478842749047 0.51601501 0.02 0.1 1.0 0.909793814432989 0.954896907 295.27 0.04 
1.0 0.0 0.0 0.0 0.0 1.0 1.0 1.0 0.0 0.0 
0.0 0.0608385728247732 0.030419286 0.0 0.0 1.0 0.996774193548387 0.998387097 0.0 0.0 
1.0 0.171057602655322 0.771691376 0.03 0.06 1.0 0.94535519125683 0.972677596 81.87 0.35 
0.0 0.764223250704448 0.382111625 0.0 0.0 1.0 1.0 1.0 0.0 0.0 
1.0 0.0584062649333791 0.040871085 0.14 0.17 0.959595959595959 0.959595959595959 0.95959596 297.01 1.39 
0.0 0.658905609973488 0.340054093 0.0 0.0 1.0 1.0 1.0 1.71 0.03 
1.0 0.492835397428675 0.360167706 -0.01 0.01 1.0 1.0 1.0 13.51 0.0 
0.0 0.562077934175183 0.405402089 0.0 0.01 1.0 1.0 1.0 6.58 0.3 
1.0 0.494444078994312 0.391594544 0.02 0.04 1.0 1.0 1.0 75.71 0.23 
0.0 0.0649157045465794 0.204027521 0.0 0.0 1.0 1.0 1.0 0.37 0.04 
1.0 0.874442075537194 0.793296859 0.04 0.12 1.0 1.0 1.0 100.76 0.9 
0.0 0.336788082190399 0.262905758 0.13 0.21 0.894329896907216 0.914948453608247 0.904639175 268.6 1.34 
1.0 0.0 0.0 0.0 0.0 1.0 1.0 1.0 0.0 0.0 
0.0 0.0262556850879242 0.026035769 0.0 0.0 1.0 0.980237154150197 0.990118577 0.02 0.01 
1.0 0.0612323647247525 0.030616182 0.4 0.52 0.784256559766763 0.784256559766763 0.78425656 343.0 2.46 
0.0 0.915401061231681 0.557858113 -0.02 0.04 0.981072555205047 0.993690851735015 0.987381703 51.51 0.21 
1.0 0.0322952391734162 0.082459783 0.0 0.0 1.0 1.0 1.0 0.03 0.01 
0.0 0.021489805529056 0.010744903 0.0 0.0 1.0 1.0 1.0 0.0 0.0 
1.0 0.686635231636276 0.403408252 0.05 0.07 0.99236641221374 0.99236641221374 0.992366412 525.33 0.15 
0.0 0.909661043781435 0.454830522 0.0 0.0 1.0 0.959183673469387 0.979591837 0.0 0.0 
1.0 0.0428532780666871 0.232982776 0.02 0.03 1.0 0.996835443037974 0.998417722 327.79 0.19 
0.0 0.154512801681532 0.781899694 -0.06 0.02 1.0 0.878125 0.9390625 8.07 0.2 
1.0 0.0736871448813177 0.046474292 0.0 0.0 1.0 1.0 1.0 0.01 0.0 
0.0 0.0599601521247647 0.089880504 0.0 0.0 1.0 1.0 1.0 0.04 0.01 
1.0 0.0962707250056827 0.404837483 0.01 0.08 0.880733944954128 0.975535168195718 0.928134557 110.72 0.04 
0.0 0.040160163405664 0.040160163 0.0 0.0 1.0 1.0 1.0 0.0 0.39 
1.0 0.0961022276199578 0.083429165 0.0 0.0 1.0 1.0 1.0 0.05 0.01 
0.0 0.137952768200447 0.068976384 0.0 0.0 1.0 1.0 1.0 0.0 0.0 
1.0 1.79869261291822 1.544817914 0.04 0.31 1.0 1.0 1.0 624.76 0.49 
0.0 1.2022982207951 0.60114911 0.0 0.0 1.0 1.0 1.0 0.0 0.0 
1.0 0.383812928714808 0.269868769 0.29 0.39 0.879120879120879 0.879120879120879 0.879120879 557.15 2.16 
0.0 0.11782484456112 0.058912422 0.0 0.0 1.0 1.0 1.0 0.0 0.0 
1.0 0.562077934175183 0.29152829 0.0 0.0 1.0 1.0 1.0 3.32 0.07 
0.0 0.0866216601957414 0.104787092 0.1 0.11 0.976588628762541 0.976588628762541 0.976588629 299.13 0.75 
1.0 0.181664847230866 0.857849819 0.03 0.11 0.985795454545454 0.988636363636363 0.987215909 412.82 0.3 
0.0 0.0639194471416606 0.227601649 -0.02 0.0 1.0 0.867507886435331 0.933753943 0.83 0.06 
1.0 0.0558624014980071 0.086007742 0.0 0.0 1.0 1.0 1.0 0.06 0.01 
0.0 0.063950457181214 0.106945233 0.0 0.0 1.0 0.996996996996996 0.998498498 0.09 0.01 
1.0 0.0239068963031024 0.011953448 0.01 0.02 1.0 0.99638989169675 0.998194946 277.0 0.28 
0.0 0.0 0.0 0.04 0.04 0.982300884955752 0.991150442477876 0.986725664 111.99 0.44 
1.0 0.681208146406281 0.340604073 0.0 0.0 1.0 1.0 1.0 0.0 0.0 
0.0 0.0 0.0 0.0 0.0 1.0 1.0 1.0 0.0 0.0 
1.0 0.174898303975751 0.152080582 0.26 0.31 0.95045045045045 0.954954954954954 0.952702703 411.36 1.86 
0.0 1.20367565198842 1.186264185 -0.17 0.3 0.889175257731958 0.902061855670103 0.895618557 236.76 0.05 
1.0 0.0208139940747914 0.020813994 0.0 0.0 0.996941896024464 0.996941896024464 0.996941896 0.0 0.37 
0.0 0.740005090693393 0.506881855 -0.02 0.01 1.0 1.0 1.0 4.7 0.22 
1.0 0.170092807761879 0.152444647 0.03 0.04 0.993265993265993 0.993265993265993 0.993265993 297.35 0.19 
0.0 0.0456883890739836 0.073581925 0.0 0.0 0.988416988416988 0.996138996138996 0.992277992 0.1 0.02 
1.0 0.869409850419958 0.953013172 -0.01 0.32 0.994269340974212 0.994269340974212 0.994269341 521.26 0.13 
0.0 0.0 0.0 0.0 0.0 1.0 0.995495495495495 0.997747748 0.0 0.0 
1.0 0.768633173701 0.480241622 0.05 0.12 0.988130563798219 0.988130563798219 0.988130564 542.22 0.14 
0.0 0.0 0.0 0.0 0.0 1.0 1.0 1.0 0.0 0.0 
1.0 0.660485982435195 0.437844945 0.01 0.04 1.0 1.0 1.0 203.15 0.16 
0.0 0.0280853074773292 0.027931833 0.0 0.0 1.0 0.987068965517241 0.993534483 0.02 0.0 
1.0 0.0215482557268673 0.08983934 0.02 0.02 0.996815286624203 0.996815286624203 0.996815287 314.03 0.14 
0.0 0.467284094836369 0.244300285 0.0 0.0 1.0 0.870662460567823 0.93533123 0.32 0.03 
1.0 0.068593217936596 0.034296609 0.0 0.0 1.0 0.968944099378882 0.98447205 0.0 0.0 
0.0 0.0507680121046872 0.179687694 -0.01 0.0 0.992277992277992 0.996138996138996 0.994208494 0.23 0.03 
1.0 0.502425366099554 0.372517111 0.12 0.26 0.997375328083989 0.997375328083989 0.997375328 762.0 1.54 
0.0 0.0429694362376849 0.232842571 0.0 0.0 1.0 0.980891719745222 0.99044586 0.35 0.04 
1.0 0.632842830750061 0.412356997 -0.01 0.0 1.0 1.0 1.0 0.24 0.04 
0.0 0.0968506565216047 0.259783181 -0.01 0.0 1.0 0.980891719745222 0.99044586 0.89 0.09 
1.0 0.075467916829079 0.056709091 0.0 0.0 1.0 0.993788819875776 0.99689441 0.03 0.01 
0.0 0.173444059505957 0.08672203 0.0 0.0 1.0 0.788844621513944 0.894422311 0.0 0.0 
1.0 0.0 0.0 0.0 0.0 1.0 1.0 1.0 0.0 0.0 
0.0 0.0339945502968456 0.016997275 0.02 0.02 0.983827493261455 0.994609164420485 0.989218329 122.33 0.31 
1.0 0.048394137828187 0.03629897 0.02 0.02 0.996350364963503 0.996350364963503 0.996350365 274.01 0.2 
0.0 0.0621928117929606 0.042235023 0.0 0.0 0.996688741721854 0.996688741721854 0.996688742 0.03 0.0 
1.0 1.09203667400983 1.063163225 0.18 0.54 1.0 1.0 1.0 565.48 0.06 
0.0 0.0277783581726275 0.013889179 0.0 0.0 1.0 0.995689655172413 0.997844828 0.0 0.0 
1.0 0.147227905583166 0.124351684 0.06 0.07 0.992277992277992 0.996138996138996 0.994208494 517.02 0.48 
0.0 0.478716234787928 0.249931175 0.0 0.0 1.0 1.0 1.0 0.11 0.01 
1.0 0.0708149198462115 0.740050753 0.21 0.38 0.878125 0.878125 0.878125 322.22 0.92 
0.0 0.0645814363776275 0.907166323 0.0 0.03 0.997032640949554 0.997032640949554 0.997032641 31.23 0.05 
1.0 0.0234056746645995 0.011702837 0.0 0.0 1.0 1.0 1.0 0.0 0.0 
0.0 0.0391718317362676 0.02938092 0.0 0.0 1.0 1.0 1.0 0.01 0.0 
1.0 0.0 0.0 0.0 0.0 1.0 1.0 1.0 0.0 0.0 
0.0 0.052770466931256 0.184873632 0.06 0.06 0.99537037037037 0.99537037037037 0.99537037 329.04 0.48 
1.0 0.0 0.0 0.0 0.0 1.0 1.0 1.0 0.0 0.0 
0.0 0.671733581735833 0.982798813 -0.06 0.11 1.0 0.996240601503759 0.998120301 50.67 0.4 
1.0 0.0663550962706155 0.047468609 0.02 0.02 0.996932515337423 0.996932515337423 0.996932515 326.01 0.16 
0.0 0.483916643587452 0.241958322 0.0 0.0 1.0 1.0 1.0 0.0 0.0 
1.0 0.0 0.0 0.0 0.0 1.0 1.0 1.0 0.0 0.0 
0.0 0.405226822409176 0.267355387 0.06 0.08 1.0 0.921875 0.9609375 263.98 0.32 
1.0 0.106644096151696 0.106644096 -0.01 0.0 0.997455470737913 0.997455470737913 0.997455471 0.0 0.86 
0.0 0.0 0.0 0.0 0.0 1.0 1.0 1.0 0.0 0.0 
1.0 0.715324272068189 0.918054998 0.09 0.27 0.988505747126436 0.988505747126436 0.988505747 541.18 1.02 
0.0 0.587290789639407 0.304598517 0.11 0.18 0.849849849849849 0.921921921921921 0.885885886 166.3 1.41 
1.0 0.560245306763885 0.297357708 0.01 0.02 1.0 1.0 1.0 179.09 0.07 
0.0 0.0841156071386904 0.042057804 0.0 0.0 1.0 0.997912317327766 0.998956159 0.0 0.0 
1.0 0.0429694362376849 0.079255071 0.0 0.0 1.0 1.0 1.0 0.04 0.01 
0.0 0.472969912501066 1.111360561 0.0 0.17 0.982195845697329 0.997032640949554 0.989614243 147.86 0.18 
1.0 0.609822626234592 1.202240862 0.04 0.19 1.0 0.997175141242937 0.998587571 184.94 0.49 
0.0 0.0278798704683955 0.013939935 0.0 0.0 0.995689655172413 0.995689655172413 0.995689655 0.01 0.0 
1.0 0.588949300486855 0.877194854 0.01 0.17 0.991452991452991 0.994301994301994 0.992877493 438.59 0.64 
0.0 0.414850545212041 0.207425273 0.0 0.0 1.0 0.855029585798816 0.927514793 0.0 0.0 
1.0 0.0 0.0 0.0 0.0 1.0 1.0 1.0 0.0 0.0 
0.0 0.237778004288858 0.127998564 0.01 0.01 1.0 0.9921875 0.99609375 31.66 0.19 
1.0 0.0754017467854704 0.154561371 0.11 0.12 0.977987421383647 0.987421383647798 0.982704403 453.41 0.81 
0.0 0.0804987438688252 0.770580721 -0.01 0.01 1.0 1.0 1.0 10.29 0.05 
1.0 0.0429694362376849 0.021484718 0.0 0.0 1.0 1.0 1.0 0.0 0.0 
0.0 0.730738170003502 0.365369085 -0.01 0.02 0.985250737463126 0.997050147492625 0.991150442 16.98 0.25 
1.0 1.04365740701425 0.521828704 0.0 0.0 1.0 1.0 1.0 0.0 0.0 
0.0 0.627437033677109 0.400298395 -0.03 0.04 0.971786833855799 0.996865203761755 0.984326019 25.11 0.32 
1.0 0.0882701884630966 0.080129837 0.0 0.0 1.0 1.0 1.0 0.06 0.01 
0.0 0.0767661839885406 0.354186435 -0.01 0.0 1.0 1.0 1.0 1.24 0.02 
1.0 0.0455410717570152 0.035508139 0.04 0.05 0.992277992277992 0.992277992277992 0.992277992 259.01 0.36 
0.0 0.090011247902983 0.045005624 0.0 0.0 1.0 0.98170731707317 0.990853659 0.0 0.0 
1.0 1.82636916617556 1.629122041 -0.02 0.61 1.0 1.0 1.0 668.44 0.13 
0.0 0.290800378670856 0.21471288 0.04 0.04 1.0 0.997304582210242 0.998652291 350.64 0.24 
1.0 0.0 0.0 0.0 0.0 1.0 1.0 1.0 0.0 0.0 
0.0 0.0 0.0 0.0 0.0 1.0 0.984210526315789 0.992105263 0.0 0.0 
1.0 0.149609690761167 0.074804845 0.0 0.0 1.0 1.0 1.0 0.0 0.0 
0.0 0.643016498076621 0.574780813 -0.01 0.16 0.968152866242038 0.971337579617834 0.969745223 307.68 0.26 
1.0 0.0620199882194553 0.175054504 0.21 0.26 0.929230769230769 0.932307692307692 0.930769231 626.32 1.54 
0.0 0.177111187571085 0.16155258 0.0 0.0 1.0 1.0 1.0 0.42 0.04 
1.0 0.0 0.0 0.03 0.03 0.995708154506437 0.995708154506437 0.995708155 233.0 0.29 
0.0 0.858581850498729 0.989683787 -0.07 0.16 1.0 0.988505747126436 0.994252874 95.62 0.65 
1.0 0.879522286769936 0.439761143 0.01 0.02 0.997282608695652 0.997282608695652 0.997282609 368.0 0.05 
0.0 0.0603627771368761 0.564793977 0.0 0.02 0.997267759562841 0.997267759562841 0.99726776 183.57 0.03 
1.0 0.955491897288429 0.562673766 0.01 0.07 0.989795918367346 0.994897959183673 0.992346939 333.53 0.08 
0.0 0.0450529128086024 0.033633691 0.0 0.0 1.0 0.983443708609271 0.991721854 0.02 0.0 
1.0 0.844351365378622 1.088844925 0.12 0.4 0.97486033519553 0.97486033519553 0.974860335 727.47 0.6 
0.0 0.0557409191195386 0.080383331 0.0 0.0 1.0 0.995689655172413 0.997844828 0.05 0.01 
1.0 0.715324272068189 0.918054998 0.09 0.27 0.988505747126436 0.988505747126436 0.988505747 541.18 1.02 
0.0 0.887731895101687 0.443865948 0.0 0.0 1.0 1.0 1.0 0.0 0.0 
1.0 0.431439280559023 0.766222097 -0.03 0.06 1.0 0.997134670487106 0.998567335 48.31 0.01 
0.0 0.0902219713655183 0.045110986 0.0 0.0 1.0 1.0 1.0 0.0 0.0 
1.0 0.599228948735971 0.823136562 -0.02 0.07 1.0 1.0 1.0 39.09 0.27 
0.0 0.0553960351055113 0.027698018 0.0 0.0 1.0 1.0 1.0 0.0 0.0 
1.0 0.0187247707446828 0.708920963 0.02 0.05 0.994609164420485 0.994609164420485 0.994609164 742.0 0.09 
0.0 0.0 0.0 0.0 0.0 1.0 1.0 1.0 0.0 0.0 
1.0 0.907374955335904 1.104125259 0.01 0.29 0.985465116279069 0.985465116279069 0.985465116 513.98 0.96 
0.0 0.0634089260465911 0.548849351 -0.01 0.01 1.0 0.996884735202492 0.998442368 4.78 0.01 
1.0 0.0530380851089993 0.050208913 0.06 0.07 0.991902834008097 0.991902834008097 0.991902834 370.0 0.57 
0.0 0.0187682690492915 0.009384135 0.0 0.0 0.986522911051212 0.991913746630727 0.989218329 0.06 0.01 
1.0 0.754464910048866 0.691022424 0.32 0.52 0.973333333333333 0.975999999999999 0.974666667 928.59 2.0 
0.0 0.0390741155048994 0.019537058 0.0 0.0 1.0 1.0 1.0 0.0 0.0 
1.0 0.0 0.0 0.04 0.04 0.993846153846153 0.993846153846153 0.993846154 325.0 0.36 
0.0 0.250762010576678 0.125381005 0.0 0.0 1.0 0.993421052631578 0.996710526 0.0 0.0 
1.0 0.740005090693393 0.420980373 -0.01 0.01 1.0 0.997032640949554 0.99851632 6.13 0.06 
0.0 0.9374723317261 0.496606625 -0.01 0.01 0.987068965517241 0.995689655172413 0.99137931 5.89 0.01 
1.0 0.171924045593234 0.149531389 0.04 0.05 0.990624999999999 0.990624999999999 0.990625 320.28 0.27 
0.0 0.0 0.0 0.0 0.0 1.0 1.0 1.0 0.0 0.0 
1.0 0.0206520864796601 0.020652086 0.0 0.0 1.0 1.0 1.0 0.0 0.0 
0.0 0.0480954609920476 0.18947918 0.0 0.0 1.0 0.989090909090909 0.994545455 0.24 0.03 
1.0 0.555976572448074 0.502432821 0.0 0.05 1.0 0.995780590717299 0.997890295 67.57 0.07 
0.0 0.711252800266253 0.3556264 0.0 0.0 1.0 1.0 1.0 0.0 0.0 
1.0 0.0486918268375366 0.038636975 0.0 0.0 1.0 0.996932515337423 0.998466258 0.01 0.0 
0.0 0.0 0.0 0.0 0.0 1.0 1.0 1.0 0.0 0.0 
1.0 0.0 0.0 0.15 0.17 0.960526315789473 0.960526315789473 0.960526316 304.0 1.37 
0.0 0.2353137638881 0.117656882 0.0 0.0 1.0 1.0 1.0 0.0 0.0 
1.0 0.452631365743122 0.379294183 0.08 0.1 0.986449864498645 0.989159891598916 0.987804878 437.48 0.59 
0.0 0.0366167293797121 0.018308365 0.0 0.0 1.0 1.0 1.0 0.0 0.0 
1.0 0.323535568963029 0.276552566 -0.01 0.0 1.0 1.0 1.0 1.3 0.11 
0.0 0.454011591519564 0.237750699 0.0 0.0 1.0 1.0 1.0 0.19 0.02 
1.0 0.427798006376749 0.29293481 0.02 0.04 1.0 1.0 1.0 355.55 0.18 
0.0 0.0 0.0 0.03 0.13 0.865497076023391 0.935672514619882 0.900584795 135.82 1.36 
1.0 0.0217855061668038 0.010892753 0.0 0.0 1.0 1.0 1.0 0.0 0.0 
0.0 0.431439280559023 0.343975409 0.0 0.01 1.0 1.0 1.0 19.9 0.03 
1.0 0.373561247301554 0.373561247 -0.01 0.0 1.0 1.0 1.0 0.0 2.84 
0.0 0.0 0.0 0.0 0.0 1.0 1.0 1.0 0.0 0.0 
1.0 0.464383292171582 0.232191646 0.0 0.0 1.0 1.0 1.0 0.0 0.0 
0.0 0.0234758940935979 0.023440784 0.0 0.0 1.0 0.996478873239436 0.998239437 0.01 0.0 
1.0 0.201075083833952 0.100537542 0.0 0.0 1.0 1.0 1.0 0.0 0.0 
0.0 0.0698935560551578 0.034946778 0.0 0.0 1.0 1.0 1.0 0.0 0.0 
