1.0 0.688652287403887 0.344326144 0.0 0.0 1.0 1.0 1.0 0.0 0.0 
0.0 0.420164637173218 1.215203032 0.12 0.24 1.0 0.760309278350515 0.880154639 577.27 0.17 
1.0 0.728535533996472 0.914858142 0.04 0.63 1.0 1.0 1.0 492.19 0.05 
0.0 0.0486918268375366 0.038636975 0.0 0.0 1.0 0.996932515337423 0.998466258 0.01 0.0 
1.0 0.702239380528821 0.375167421 -0.01 0.0 1.0 1.0 1.0 1.21 0.05 
0.0 0.0383507834087113 0.103380393 0.0 0.0 1.0 1.0 1.0 0.06 0.01 
1.0 0.0524950451998158 0.252056871 0.02 0.02 1.0 1.0 1.0 27.4 0.26 
0.0 0.0600239093195218 0.149627475 0.0 0.0 1.0 1.0 1.0 0.15 0.02 
1.0 0.224252473115142 0.112126237 0.1 0.12 0.97444089456869 0.97444089456869 0.974440895 313.0 0.9 
0.0 0.0386572159431509 0.030102736 0.0 0.0 1.0 1.0 1.0 0.01 0.0 
1.0 0.377079824775209 0.188539912 0.0 0.0 1.0 1.0 1.0 0.0 0.0 
0.0 1.393033578109 1.308947427 0.12 0.68 0.992932862190812 0.992932862190812 0.992932862 599.95 0.18 
1.0 0.0452494973011154 0.045249497 0.0 0.0 1.0 1.0 1.0 0.02 0.0 
0.0 0.740005090693393 0.889989325 0.05 0.36 1.0 0.997032640949554 0.99851632 213.2 0.72 
1.0 0.822961039054412 0.822961039 -0.44 0.0 1.0 1.0 1.0 0.0 0.15 
0.0 0.658429890895838 0.351839694 -0.01 0.0 1.0 0.996138996138996 0.998069498 0.69 0.06 
1.0 0.0 0.0 0.0 0.0 1.0 1.0 1.0 0.0 0.0 
0.0 0.255820803499984 0.127910402 0.0 0.0 1.0 1.0 1.0 0.0 0.0 
1.0 0.0 0.0 0.0 0.0 1.0 1.0 1.0 0.0 0.0 
0.0 0.0237613531260355 0.023761353 0.0 0.0 1.0 1.0 1.0 0.0 0.0 
1.0 0.0 0.0 0.0 0.0 1.0 1.0 1.0 0.0 0.0 
0.0 0.710658978106077 0.463672421 0.0 0.03 1.0 0.977917981072555 0.988958991 14.65 0.04 
1.0 0.0566918751570044 0.052393668 0.38 0.45 0.843076923076923 0.846153846153846 0.844615385 920.2 2.64 
0.0 0.06475291319563 0.547935078 -0.01 0.0 1.0 0.997354497354497 0.998677249 2.4 0.05 
1.0 0.743752066822375 1.228524202 0.33 0.74 0.461942257217847 0.485564304461942 0.473753281 585.29 0.19 
0.0 0.712042783029343 0.939731847 0.08 0.47 0.891752577319587 0.899484536082474 0.895618557 533.44 0.19 
1.0 0.0272824787467599 0.013641239 0.03 0.03 0.995798319327731 0.995798319327731 0.995798319 238.0 0.28 
0.0 0.192676207660135 0.650883757 0.07 0.21 0.940721649484536 0.956185567010309 0.948453608 639.37 0.45 
1.0 0.906379347110516 0.462595666 0.06 0.1 0.976063829787234 0.978723404255319 0.977393617 334.51 0.21 
0.0 0.604963910367397 0.824559973 -0.03 0.1 1.0 0.994652406417112 0.997326203 182.6 0.14 
1.0 0.0582288937368788 0.029114447 0.0 0.0 1.0 1.0 1.0 0.0 0.0 
0.0 0.01983215576629 0.009916078 0.0 0.0 1.0 0.994202898550724 0.997101449 0.01 0.0 
1.0 0.994849321286294 0.609971221 0.0 0.06 1.0 1.0 1.0 72.03 0.24 
0.0 0.0393639275619094 0.039315778 0.0 0.0 1.0 0.997134670487106 0.998567335 0.02 0.0 
1.0 0.0 0.0 0.0 0.0 1.0 1.0 1.0 0.0 0.0 
0.0 0.11290779586551 0.056453898 0.0 0.0 1.0 0.97134670487106 0.985673352 0.0 0.0 
1.0 0.0383614089131149 0.038361409 0.0 0.0 1.0 1.0 1.0 0.0 0.25 
0.0 0.773614721470839 0.543399359 0.23 0.29 0.927807486631016 0.954545454545454 0.941176471 1011.63 1.27 
1.0 0.943568801537557 0.471784401 0.0 0.0 1.0 1.0 1.0 0.0 0.0 
0.0 0.0424147318581174 0.021207366 0.0 0.0 1.0 0.992857142857142 0.996428571 0.01 0.0 
1.0 0.711423876168231 0.592137262 -0.01 0.06 1.0 1.0 1.0 20.76 0.03 
0.0 0.042058630469852 0.154716381 0.02 0.02 1.0 1.0 1.0 322.05 0.12 
1.0 0.910728669886619 1.185695684 0.19 0.56 1.0 1.0 1.0 430.82 1.12 
0.0 0.0429694362376849 0.117433788 0.01 0.01 1.0 1.0 1.0 20.04 0.13 
1.0 0.0478007124750384 0.023900356 0.0 0.0 1.0 1.0 1.0 0.0 0.0 
0.0 0.585579064670683 0.918779464 0.06 0.18 0.989690721649484 0.994845360824742 0.992268041 448.75 0.87 
1.0 0.0485286554060802 0.037857115 0.0 0.0 1.0 1.0 1.0 0.01 0.0 
0.0 0.287459069803765 0.208360965 -0.04 0.01 1.0 0.95045045045045 0.975225225 1.53 0.16 
1.0 0.660485982435195 0.437844945 0.01 0.04 1.0 1.0 1.0 203.15 0.16 
0.0 0.0898033804732823 0.04490169 -0.03 0.0 0.940063091482649 0.962145110410094 0.951104101 0.27 0.01 
1.0 0.0411950173244082 0.041195017 0.0 0.0 1.0 1.0 1.0 0.0 0.4 
0.0 0.890561650446367 0.535927014 -0.01 0.01 1.0 0.896907216494845 0.948453608 7.17 0.04 
1.0 0.073565534361552 0.087897608 0.06 0.06 0.988095238095238 0.988095238095238 0.988095238 336.09 0.45 
0.0 0.0673695599273949 0.03368478 0.0 0.0 0.964401294498381 0.996763754045307 0.980582524 0.05 0.01 
1.0 0.0428532780666871 0.232982776 0.02 0.03 1.0 0.996835443037974 0.998417722 327.79 0.19 
0.0 0.214482853675317 0.642512672 0.0 0.02 1.0 1.0 1.0 15.7 0.16 
1.0 0.0 0.0 0.0 0.0 1.0 1.0 1.0 0.0 0.0 
0.0 0.0613254872559077 0.030662744 0.0 0.0 1.0 0.913265306122448 0.956632653 0.0 0.0 
1.0 0.048641233763665 0.048641234 0.0 0.0 1.0 1.0 1.0 0.0 0.46 
0.0 0.214482853675317 0.70401486 -0.02 0.03 1.0 0.899484536082474 0.949742268 44.59 0.03 
1.0 0.0 0.0 0.0 0.0 1.0 1.0 1.0 0.0 0.0 
0.0 0.712042783029343 0.462275824 -0.05 0.01 0.899484536082474 0.997422680412371 0.948453608 6.3 0.2 
1.0 0.571149006534049 0.349139352 0.27 0.38 0.677551020408163 0.76734693877551 0.72244898 167.57 1.39 
0.0 0.87681682268112 0.438408411 0.0 0.0 1.0 0.995918367346938 0.997959184 0.0 0.0 
1.0 0.0618485037323465 0.030924252 0.0 0.0 1.0 1.0 1.0 0.0 0.0 
0.0 0.0337510120778166 0.016875506 0.0 0.0 1.0 0.985401459854014 0.99270073 0.0 0.0 
1.0 0.0843156439093984 0.1419459 0.0 0.0 1.0 1.0 1.0 0.25 0.03 
0.0 0.09277111711335 0.155941693 0.0 0.0 0.995689655172413 0.995689655172413 0.995689655 0.24 0.04 
1.0 0.043923594672997 0.160311947 0.04 0.04 1.0 1.0 1.0 612.0 0.36 
0.0 0.814553554940188 0.416595987 0.01 0.02 1.0 0.997311827956989 0.998655914 372.89 0.03 
1.0 0.887495787832807 1.115227483 0.03 0.38 0.994652406417112 0.994652406417112 0.994652406 665.2 0.57 
0.0 0.671733581735833 0.335866791 0.0 0.0 1.0 1.0 1.0 0.0 0.0 
1.0 0.1355282833517 0.124172922 0.01 0.01 1.0 1.0 1.0 41.13 0.11 
0.0 0.0929250155774511 0.417817355 -0.03 0.01 0.990445859872611 0.993630573248407 0.992038217 2.49 0.14 
1.0 0.0392862289344921 0.030596237 0.0 0.0 1.0 1.0 1.0 0.01 0.0 
0.0 1.34261883954671 1.231598376 -0.02 0.29 1.0 0.894329896907216 0.947164948 403.02 0.4 
1.0 0.812045541980583 0.41670973 0.01 0.04 0.996845425867507 0.996845425867507 0.996845426 422.0 0.09 
0.0 0.1991955645715 0.695734378 -0.16 0.09 0.894329896907216 0.90721649484536 0.900773196 104.82 0.66 
1.0 0.159885819577868 0.15988582 -0.01 0.0 0.991452991452991 0.991452991452991 0.991452991 0.0 1.72 
0.0 0.759257356883298 0.568168591 0.02 0.06 1.0 1.0 1.0 101.95 0.08 
1.0 0.990463026172509 0.860674754 0.0 0.14 0.987244897959183 0.989795918367346 0.988520408 433.1 0.51 
0.0 0.309361887361058 0.165254001 0.04 0.06 0.837920489296636 0.978593272171253 0.908256881 199.95 0.47 
1.0 0.0201313384327796 0.635426786 -0.03 0.04 1.0 0.963068181818181 0.981534091 27.14 0.19 
0.0 0.0618485037323465 0.030924252 0.0 0.0 1.0 1.0 1.0 0.0 0.0 
1.0 0.254675095984233 0.254675096 -0.02 0.0 0.991967871485943 0.991967871485943 0.991967871 0.0 1.64 
0.0 0.0265274065792525 0.013263703 0.0 0.0 1.0 0.938775510204081 0.969387755 0.07 0.01 
1.0 0.276700299378803 0.149333727 -0.01 0.0 1.0 1.0 1.0 0.06 0.01 
0.0 0.387589134897332 0.203113777 0.0 0.0 1.0 0.997304582210242 0.998652291 0.1 0.01 
1.0 0.914253887912841 0.771222404 0.19 0.26 1.0 1.0 1.0 338.73 1.41 
0.0 0.837457844093488 0.606016984 0.1 0.22 0.95906432748538 0.961988304093567 0.960526316 411.15 0.62 
1.0 0.963128224930376 0.481564112 0.0 0.0 1.0 1.0 1.0 0.0 0.0 
0.0 0.742709694902273 0.392839566 0.0 0.01 1.0 0.990445859872611 0.99522293 10.59 0.05 
1.0 0.0 0.0 0.0 0.0 1.0 1.0 1.0 0.0 0.0 
0.0 0.0976237625401564 0.182287172 -0.01 0.0 1.0 0.982456140350877 0.99122807 4.09 0.03 
1.0 0.87740625145043 0.438703126 0.0 0.0 1.0 1.0 1.0 0.0 0.0 
0.0 0.0265274065792525 0.013263703 0.0 0.0 1.0 1.0 1.0 0.0 0.0 
1.0 0.0 0.0 0.0 0.0 1.0 1.0 1.0 0.0 0.0 
0.0 0.531148512151595 0.276467009 0.0 0.0 1.0 1.0 1.0 0.27 0.02 
1.0 0.0721777615461715 0.047485577 0.0 0.0 1.0 1.0 1.0 0.01 0.0 
0.0 0.0951158519080739 0.047557926 0.0 0.0 1.0 1.0 1.0 0.0 0.0 
1.0 0.0707274255828398 0.035363713 0.0 0.0 1.0 1.0 1.0 0.0 0.0 
0.0 0.336788082190399 0.849644074 -0.01 0.14 1.0 0.894329896907216 0.947164948 441.33 0.15 
1.0 0.175292382493856 0.154633229 0.0 0.0 1.0 1.0 1.0 0.22 0.03 
0.0 0.138769385841995 0.069384693 0.0 0.0 1.0 1.0 1.0 0.0 0.0 
1.0 0.545648829490156 0.272824415 0.08 0.1 0.980263157894736 0.980263157894736 0.980263158 304.0 0.45 
0.0 0.0 0.0 0.0 0.0 1.0 0.985915492957746 0.992957746 0.0 0.0 
1.0 0.0410771942312423 0.116994643 0.0 0.0 1.0 1.0 1.0 0.1 0.02 
0.0 0.864112947349194 0.442302901 -0.06 0.01 0.9533527696793 0.967930029154518 0.960641399 5.12 0.21 
1.0 0.0230612269388944 0.023027432 0.0 0.0 1.0 0.996551724137931 0.998275862 0.01 0.0 
0.0 0.0217855061668038 0.076738531 0.0 0.0 1.0 1.0 1.0 0.03 0.0 
1.0 0.0605098655008392 0.102559662 0.05 0.05 0.990445859872611 0.990445859872611 0.99044586 314.08 0.35 
0.0 0.0383614089131149 0.019180704 0.0 0.0 1.0 1.0 1.0 0.0 0.0 
1.0 0.0 0.0 0.0 0.0 1.0 0.984210526315789 0.992105263 0.0 0.0 
0.0 0.0778041344031273 0.038902067 0.02 0.02 0.996268656716417 0.996268656716417 0.996268657 268.0 0.23 
1.0 0.0900703892013119 0.272782437 0.0 0.0 1.0 1.0 1.0 1.04 0.08 
0.0 0.192676207660135 0.680764463 0.02 0.21 0.889175257731958 0.940721649484536 0.914948454 392.17 0.59 
1.0 0.559465691715464 0.290808887 0.0 0.01 0.898026315789473 0.996710526315789 0.947368421 9.15 0.05 
0.0 0.419476629126541 0.354110819 0.01 0.03 1.0 0.988200589970501 0.994100295 355.96 0.05 
1.0 0.316976796261093 0.158488398 0.0 0.0 1.0 0.99537037037037 0.997685185 0.0 0.0 
0.0 0.0 0.0 0.0 0.0 1.0 1.0 1.0 0.0 0.0 
1.0 0.099623389466162 0.092874092 0.21 0.3 0.910216718266253 0.910216718266253 0.910216718 323.09 1.91 
0.0 0.0677132057903799 0.044514841 0.03 0.04 0.996855345911949 0.996855345911949 0.996855346 396.75 0.33 
1.0 0.281627091645998 0.154263171 0.03 0.03 1.0 1.0 1.0 241.0 0.17 
0.0 0.0392676281005356 0.113578454 0.02 0.02 1.0 0.994301994301994 0.997150997 351.12 0.1 
1.0 0.0858792034312631 0.042939602 0.0 0.0 1.0 1.0 1.0 0.0 0.0 
0.0 0.0558027308258628 0.039818309 0.0 0.0 1.0 0.996415770609318 0.998207885 0.01 0.0 
1.0 0.405800279914573 0.212890414 0.14 0.17 0.952513966480446 0.955307262569832 0.953910615 336.05 1.1 
0.0 0.588949300486855 0.877194854 0.01 0.17 0.991452991452991 0.994301994301994 0.992877493 438.59 0.64 
1.0 0.0 0.0 0.02 0.02 0.99628252788104 0.99628252788104 0.996282528 269.0 0.26 
0.0 0.0414328681373426 0.020716434 0.0 0.0 1.0 1.0 1.0 0.0 0.0 
1.0 0.923569233939572 0.526503426 0.04 0.1 0.743859649122806 0.943859649122807 0.843859649 61.97 0.38 
0.0 0.0 0.0 0.0 0.0 1.0 1.0 1.0 0.0 0.0 
1.0 0.0434409002022211 0.566077873 0.01 0.02 0.996784565916398 0.996784565916398 0.996784566 312.19 0.01 
0.0 0.0 0.0 0.0 0.0 1.0 1.0 1.0 0.0 0.0 
1.0 0.0386572159431509 0.019328608 0.23 0.34 0.891737891737891 0.891737891737891 0.891737892 351.0 2.23 
0.0 1.0612731540063 0.530636577 0.0 0.0 1.0 0.986522911051212 0.993261456 0.0 0.0 
1.0 0.050158007359891 0.025079004 0.0 0.0 1.0 1.0 1.0 0.0 0.0 
0.0 0.028503412954556 0.014251706 0.0 0.0 1.0 1.0 1.0 0.0 0.0 
1.0 0.0712759023849942 0.045780245 0.0 0.0 1.0 1.0 1.0 0.01 0.0 
0.0 0.038968982908286 0.019484491 0.05 0.06 0.962145110410094 0.977917981072555 0.970031546 131.94 0.73 
1.0 0.0212593629087996 0.021259363 0.04 0.04 0.996865203761755 0.996865203761755 0.996865204 638.0 0.38 
0.0 0.934273627248996 0.467136814 0.0 0.0 1.0 1.0 1.0 0.0 0.0 
1.0 0.0262556850879242 0.013127843 0.0 0.0 1.0 1.0 1.0 0.0 0.0 
0.0 0.0209786462403052 0.010489323 0.0 0.0 1.0 0.897832817337461 0.948916409 0.11 0.01 
1.0 0.0789873367431947 0.039493668 0.02 0.03 0.995967741935483 0.995967741935483 0.995967742 248.0 0.21 
0.0 0.890820064387514 0.626814806 -0.05 0.06 0.997912317327766 0.997912317327766 0.997912317 70.18 0.07 
1.0 0.692400987461596 0.346200494 0.0 0.0 1.0 1.0 1.0 0.0 0.0 
0.0 0.281198134803726 0.718186384 -0.02 0.06 0.963917525773195 0.997422680412371 0.980670103 73.02 0.05 
1.0 0.666706590085228 0.392773805 0.04 0.07 0.988505747126436 0.988505747126436 0.988505747 351.4 0.05 
0.0 0.0547547716962164 0.038122289 0.0 0.0 1.0 1.0 1.0 0.01 0.0 
1.0 0.0525693263147386 0.254031905 0.0 0.0 1.0 1.0 1.0 0.62 0.05 
0.0 0.305126155084017 0.152563078 0.0 0.0 1.0 0.994565217391304 0.997282609 0.0 0.0 
1.0 0.0 0.0 0.0 0.0 1.0 1.0 1.0 0.0 0.0 
0.0 0.0748929709006422 0.074621476 0.0 0.0 1.0 0.991428571428571 0.995714286 0.08 0.01 
1.0 0.0353803230759327 0.017690162 0.0 0.0 1.0 1.0 1.0 0.0 0.0 
0.0 0.11079108669504 0.055395543 0.11 0.15 0.966165413533834 0.966165413533834 0.966165414 266.0 1.04 
1.0 0.0 0.0 0.0 0.0 1.0 1.0 1.0 0.0 0.0 
0.0 0.0618485037323463 0.2567336 0.01 0.01 1.0 1.0 1.0 16.41 0.11 
1.0 0.314651240234804 0.21671011 0.06 0.1 0.973474801061007 0.9973474801061 0.985411141 184.63 1.16 
0.0 0.0959114171323825 0.070580457 0.0 0.0 1.0 0.992277992277992 0.996138996 0.06 0.01 
1.0 0.689041318563039 0.356258606 0.02 0.02 1.0 1.0 1.0 283.0 0.08 
0.0 0.0666767281676593 0.033338364 0.0 0.0 1.0 1.0 1.0 0.0 0.0 
1.0 0.193563831380911 0.149295712 0.2 0.25 0.930851063829787 0.944148936170212 0.9375 434.81 1.83 
0.0 0.0214316941424852 0.021374085 0.0 0.0 1.0 0.993690851735015 0.996845426 0.01 0.0 
1.0 0.754464910048866 1.112342101 0.06 0.34 0.92 0.975999999999999 0.948 351.6 0.53 
0.0 0.693726792106099 0.562583036 0.01 0.08 1.0 1.0 1.0 86.7 0.58 
1.0 0.0741708587858657 0.252459385 0.01 0.02 0.99715909090909 0.99715909090909 0.997159091 352.57 0.04 
0.0 0.0908211590772563 0.061770923 0.0 0.0 1.0 1.0 1.0 0.02 0.0 
1.0 0.0612323647247525 0.030616182 0.0 0.0 1.0 1.0 1.0 0.0 0.0 
0.0 0.598660967725907 0.587655632 0.05 0.14 0.870229007633587 0.997455470737913 0.933842239 211.95 0.46 
1.0 0.314658948294986 0.216005231 0.19 0.25 0.913544668587896 0.922190201729106 0.917867435 310.91 1.4 
0.0 0.0810482611891956 0.102817044 0.01 0.02 0.990536277602523 0.996845425867507 0.993690852 105.11 0.13 
1.0 0.955491897288429 0.562673766 0.01 0.07 0.989795918367346 0.994897959183673 0.992346939 333.53 0.08 
0.0 0.118107403656959 0.059053702 0.0 0.0 1.0 1.0 1.0 0.0 0.0 
1.0 0.0 0.0 0.0 0.0 1.0 1.0 1.0 0.0 0.0 
0.0 0.0254752063474844 0.086351556 -0.01 0.0 0.992277992277992 0.992277992277992 0.992277992 0.1 0.02 
1.0 0.758550205750609 0.379275103 0.0 0.0 1.0 0.996874999999999 0.9984375 0.0 0.0 
0.0 0.0527032349254074 0.026351617 0.04 0.04 0.993846153846153 0.993846153846153 0.993846154 325.0 0.32 
1.0 0.620835068099577 0.952863671 -0.04 0.17 1.0 1.0 1.0 110.55 0.56 
0.0 0.777296027024072 0.693057886 -0.08 0.09 0.899484536082474 0.989690721649484 0.944587629 152.75 0.02 
1.0 0.0262556850879242 0.026255685 0.0 0.0 1.0 1.0 1.0 0.0 0.0 
0.0 0.860618583456463 0.985313575 0.23 0.72 0.961988304093567 0.991228070175438 0.976608187 417.17 0.15 
1.0 0.0 0.0 0.0 0.0 1.0 1.0 1.0 0.0 0.0 
0.0 0.67948777183462 0.339743886 0.0 0.0 1.0 1.0 1.0 0.0 0.0 
1.0 0.649253610790155 0.334667208 0.01 0.02 0.991228070175438 0.994152046783625 0.992690058 59.7 0.17 
0.0 0.0 0.0 0.0 0.0 1.0 1.0 1.0 0.0 0.0 
1.0 0.0 0.0 0.0 0.0 1.0 1.0 1.0 0.0 0.0 
0.0 0.0773036079807894 0.038651804 0.0 0.0 1.0 1.0 1.0 0.0 0.0 
1.0 0.0600239093195218 0.040756857 0.0 0.0 1.0 1.0 1.0 0.01 0.0 
0.0 0.0 0.0 0.0 0.0 0.971786833855799 0.996865203761755 0.984326019 0.03 0.0 
1.0 0.120510910297321 0.060255455 0.0 0.0 1.0 1.0 1.0 0.0 0.0 
0.0 0.76170373746072 0.685261741 -0.05 0.11 0.889175257731958 0.989690721649484 0.93943299 267.03 0.26 
1.0 0.0832846732333399 0.075389517 0.0 0.0 1.0 1.0 1.0 0.03 0.01 
0.0 0.438313741280604 0.219156871 0.0 0.0 1.0 1.0 1.0 0.0 0.0 
1.0 0.0787435252182342 0.059507947 0.02 0.02 0.996655518394648 0.996655518394648 0.996655518 299.03 0.16 
0.0 0.0277783581726275 0.013889179 0.0 0.0 1.0 0.987068965517241 0.993534483 0.01 0.0 
1.0 0.806682219897062 0.967993596 0.0 0.21 1.0 1.0 1.0 374.06 0.81 
0.0 0.608819744380155 0.410664305 0.02 0.04 0.989690721649484 0.997422680412371 0.993556701 474.18 0.04 
1.0 0.0411882194605285 0.076303684 0.0 0.0 1.0 1.0 1.0 0.04 0.01 
0.0 0.783836504823293 0.391918252 -0.02 0.01 0.955497382198952 0.973821989528795 0.964659686 4.1 0.27 
