1.0 0.568250342771362 0.303662229 0.0 0.0 1.0 1.0 1.0 0.44 0.04 
0.0 0.536057143127903 0.330321485 0.0 0.03 0.962145110410094 0.990536277602523 0.976340694 50.4 0.35 
1.0 0.0275776979183499 0.013788849 0.0 0.0 1.0 1.0 1.0 0.0 0.0 
0.0 0.0435605050230868 0.541301007 -0.07 0.06 1.0 0.88034188034188 0.94017094 28.52 0.65 
1.0 0.0927563371777963 0.046378169 0.09 0.11 0.977987421383647 0.977987421383647 0.977987421 318.0 0.93 
0.0 0.0555380567855558 0.027769028 0.0 0.0 1.0 1.0 1.0 0.0 0.0 
1.0 1.02147820060607 1.017103893 -0.06 0.23 1.0 1.0 1.0 89.04 0.06 
0.0 0.836902271913767 0.799303005 -0.1 0.09 0.889175257731958 0.997422680412371 0.943298969 238.03 0.06 
1.0 0.088451266649678 0.325422892 0.06 0.09 0.977653631284916 0.980446927374301 0.979050279 314.01 0.26 
0.0 0.831696082680391 0.42644933 0.0 0.0 1.0 0.996865203761755 0.998432602 0.98 0.01 
1.0 0.153071670710043 0.076535835 0.0 0.0 1.0 1.0 1.0 0.0 0.0 
0.0 0.0844263274663411 0.260362883 0.0 0.02 0.968586387434554 0.994764397905759 0.981675393 21.71 0.11 
1.0 0.105184313005493 0.052592157 0.0 0.0 1.0 1.0 1.0 0.0 0.0 
0.0 0.838455913773507 1.424348671 -0.16 0.4 0.760309278350515 0.935567010309278 0.847938144 489.97 0.23 
1.0 0.328402382434168 0.175215405 0.0 0.01 1.0 1.0 1.0 9.93 0.13 
0.0 0.788362224835953 0.538553617 -0.03 0.04 1.0 1.0 1.0 21.95 0.19 
1.0 0.0185104751494431 0.009255238 0.04 0.05 0.992042440318302 0.992042440318302 0.99204244 377.0 0.42 
0.0 1.02778114750852 0.513890574 0.0 0.0 1.0 1.0 1.0 0.0 0.0 
1.0 0.357927757919656 0.260475694 0.13 0.14 1.0 1.0 1.0 139.94 1.17 
0.0 0.73799737083685 0.379714532 0.03 0.03 0.993690851735015 0.996845425867507 0.995268139 263.58 0.09 
1.0 0.0 0.0 0.0 0.0 1.0 1.0 1.0 0.0 0.0 
0.0 0.164012164597201 0.135487367 0.0 0.0 1.0 0.997354497354497 0.998677249 0.25 0.02 
1.0 0.0863128372055108 0.063803872 0.0 0.0 1.0 1.0 1.0 0.03 0.01 
0.0 0.0808825795009111 0.076436033 -0.01 0.0 0.929971988795518 0.99719887955182 0.963585434 0.54 0.05 
1.0 0.0551370545603342 0.027568527 0.0 0.0 1.0 1.0 1.0 0.0 0.0 
0.0 0.171924045593234 0.085962023 0.0 0.0 1.0 0.990624999999999 0.9953125 0.0 0.0 
1.0 0.355757474132766 0.177878737 0.0 0.0 1.0 1.0 1.0 0.0 0.0 
0.0 0.0814830923424272 0.219868602 0.0 0.0 1.0 1.0 1.0 0.41 0.04 
1.0 0.703466545671197 0.351733273 0.06 0.1 0.978658536585365 0.978658536585365 0.978658537 328.0 0.26 
0.0 0.0209786462403052 0.010489323 0.0 0.0 1.0 1.0 1.0 0.0 0.0 
1.0 0.586137714706872 1.046474697 0.08 0.24 0.982142857142857 0.982142857142857 0.982142857 935.24 0.33 
0.0 0.122956999336944 0.0614785 0.0 0.0 1.0 1.0 1.0 0.0 0.0 
1.0 0.0 0.0 0.0 0.0 1.0 1.0 1.0 0.0 0.0 
0.0 0.0924265213022947 0.046213261 0.0 0.0 1.0 1.0 1.0 0.0 0.0 
1.0 0.654285482253875 0.461201513 -0.02 0.02 1.0 1.0 1.0 11.46 0.1 
0.0 0.131691556532417 0.065845778 0.0 0.0 1.0 1.0 1.0 0.0 0.0 
1.0 0.854638851747687 0.854638852 -0.1 0.0 1.0 1.0 1.0 0.0 0.7 
0.0 0.527261766070646 0.476115823 -0.03 0.02 1.0 1.0 1.0 6.73 0.39 
1.0 0.545648829490156 0.272824415 0.08 0.1 0.980263157894736 0.980263157894736 0.980263158 304.0 0.46 
0.0 0.0555380567855558 0.027769028 0.0 0.0 1.0 0.995689655172413 0.997844828 0.01 0.0 
1.0 0.0435605050230868 0.032673006 0.15 0.18 0.956656346749226 0.956656346749226 0.956656347 323.01 1.25 
0.0 0.0557409191195386 0.041861551 0.0 0.0 0.991379310344827 0.995689655172413 0.993534483 0.04 0.01 
1.0 1.31542818210934 1.228770721 -0.06 0.35 1.0 1.0 1.0 496.13 1.12 
0.0 0.762458768410407 0.471875573 0.0 0.01 1.0 0.956185567010309 0.978092784 12.64 0.06 
1.0 0.678744596479091 0.997595723 0.08 0.39 1.0 1.0 1.0 250.39 0.13 
0.0 0.944729522285407 0.706006809 -0.11 0.18 0.870662460567823 0.914826498422712 0.892744479 287.66 0.38 
1.0 0.620835068099577 0.952863671 -0.04 0.17 1.0 1.0 1.0 110.55 0.56 
0.0 0.0262556850879242 0.013127843 0.0 0.0 1.0 1.0 1.0 0.0 0.0 
1.0 0.210529699050427 0.10526485 0.11 0.13 0.972136222910216 0.972136222910216 0.972136223 323.0 0.75 
0.0 0.0300979582577513 0.015048979 0.0 0.0 1.0 0.993736951983298 0.996868476 0.0 0.0 
1.0 0.20139440317369 0.183973249 0.04 0.04 0.990963855421686 0.993975903614457 0.99246988 257.03 0.24 
0.0 0.831372799847455 0.571554327 -0.03 0.05 1.0 1.0 1.0 55.64 0.25 
1.0 0.257318640543831 0.233512044 0.03 0.04 0.997032640949554 0.997032640949554 0.997032641 362.0 0.36 
0.0 0.73799737083685 0.724328174 0.34 0.38 1.0 0.996845425867507 0.998422713 205.06 0.02 
1.0 0.20337265843033 0.825750514 -0.01 0.04 1.0 0.997319034852546 0.998659517 45.22 0.02 
0.0 0.838455913773507 0.579456338 0.0 0.25 0.889175257731958 0.935567010309278 0.912371134 438.21 0.32 
1.0 0.0649157045465794 0.180712985 0.0 0.0 1.0 1.0 1.0 0.29 0.03 
0.0 0.0427377908806097 0.087389251 0.0 0.02 0.883280757097791 0.996845425867507 0.940063091 158.3 0.06 
1.0 0.88299012774617 0.479483789 0.0 0.01 1.0 1.0 1.0 2.59 0.1 
0.0 0.0679092078242415 0.046132227 0.02 0.02 1.0 1.0 1.0 135.0 0.21 
1.0 0.0900703892013119 0.415788629 -0.01 0.0 1.0 1.0 1.0 2.0 0.05 
0.0 0.455156439386743 0.247260183 0.0 0.01 0.997134670487106 0.997134670487106 0.99713467 5.34 0.04 
1.0 0.0 0.0 0.0 0.0 1.0 1.0 1.0 0.0 0.0 
0.0 0.822961039054412 0.41148052 0.0 0.0 1.0 1.0 1.0 0.0 0.0 
1.0 0.290800378670856 0.21471288 0.04 0.04 1.0 0.997304582210242 0.998652291 350.64 0.24 
0.0 0.318861131135159 0.159430566 0.0 0.0 1.0 1.0 1.0 0.0 0.0 
1.0 0.0858792034312631 0.042939602 0.0 0.0 1.0 1.0 1.0 0.0 0.0 
0.0 0.0696126878610854 0.034806344 0.02 0.02 0.993827160493827 0.996913580246913 0.99537037 161.5 0.2 
1.0 0.0 0.0 0.0 0.0 1.0 1.0 1.0 0.0 0.0 
0.0 0.189208980538166 0.09460449 -0.01 0.0 1.0 0.96875 0.984375 0.2 0.06 
1.0 0.990463026172509 1.267126739 0.0 0.39 0.989795918367346 0.989795918367346 0.989795918 724.3 0.1 
0.0 0.13204071076721 0.066020355 -0.04 0.01 0.876971608832807 0.883280757097791 0.880126183 5.0 0.15 
1.0 0.541952602754964 0.270976301 0.05 0.08 0.984177215189873 0.984177215189873 0.984177215 316.0 0.37 
0.0 0.0725348902086271 0.046593488 0.0 0.0 1.0 1.0 1.0 0.01 0.0 
1.0 0.923442133739234 0.546243283 0.04 0.08 0.997267759562841 0.997267759562841 0.99726776 492.65 0.46 
0.0 0.355757474132766 0.286085782 0.0 0.0 1.0 1.0 1.0 0.21 0.12 
1.0 0.396843947977921 0.35307573 0.12 0.16 1.0 1.0 1.0 165.17 1.63 
0.0 0.0 0.0 0.0 0.0 1.0 1.0 1.0 0.0 0.0 
1.0 1.58777221342909 1.524336438 0.33 0.93 0.927272727272727 0.963636363636363 0.945454545 940.77 0.58 
0.0 0.431439280559023 0.766222097 -0.03 0.06 1.0 0.997134670487106 0.998567335 48.31 0.01 
1.0 0.980116240085836 0.808804637 0.15 0.31 0.843373493975903 0.957831325301204 0.90060241 519.54 0.85 
0.0 0.464383292171582 0.318153669 -0.01 0.01 1.0 0.990624999999999 0.9953125 3.12 0.18 
1.0 0.305431896321273 0.261979931 0.55 0.61 0.838028169014084 0.845070422535211 0.841549296 1322.25 2.75 
0.0 0.0429694362376849 0.232842571 0.0 0.01 1.0 0.980891719745222 0.99044586 7.24 0.09 
1.0 0.0453123921296478 0.033987177 0.0 0.0 1.0 1.0 1.0 0.01 0.0 
0.0 0.0 0.0 0.04 0.04 0.988338192419825 0.991253644314868 0.989795918 256.49 0.46 
1.0 0.0511036014221082 0.043251214 0.06 0.06 0.988416988416988 0.988416988416988 0.988416988 259.01 0.48 
0.0 0.184459293937031 0.092229647 0.0 0.0 1.0 1.0 1.0 0.0 0.0 
1.0 0.258508044281012 0.212272839 0.0 0.01 1.0 1.0 1.0 46.77 0.07 
0.0 0.136195407391988 0.587618458 -0.03 0.01 1.0 0.994301994301994 0.997150997 7.67 0.16 
1.0 0.906379347110516 0.462595666 0.06 0.1 0.976063829787234 0.978723404255319 0.977393617 334.51 0.21 
0.0 0.0212025770039786 0.010601289 0.0 0.0 1.0 1.0 1.0 0.0 0.0 
1.0 0.172184517131063 0.160884095 0.0 0.0 1.0 0.996987951807228 0.998493976 0.33 0.04 
0.0 0.836222220425105 0.41811111 0.0 0.0 1.0 0.791044776119402 0.895522388 0.0 0.0 
1.0 0.0 0.0 0.0 0.0 1.0 1.0 1.0 0.0 0.0 
0.0 0.0587439797867209 0.02937199 0.0 0.0 1.0 1.0 1.0 0.0 0.0 
1.0 0.0 0.0 0.0 0.0 1.0 0.984210526315789 0.992105263 0.0 0.0 
0.0 2.00111894137571 1.000559471 0.0 0.0 1.0 0.997206703910614 0.998603352 0.0 0.0 
1.0 0.917117270245628 1.149702083 0.06 0.45 0.965367965367965 0.965367965367965 0.965367965 451.4 1.08 
0.0 0.167905147612213 0.083952574 -0.01 0.01 0.712389380530973 0.982300884955752 0.847345133 1.83 0.13 
1.0 0.0710666147950947 0.205170981 -0.01 0.0 1.0 1.0 1.0 0.28 0.04 
0.0 0.021489805529056 0.010744903 0.0 0.0 1.0 1.0 1.0 0.0 0.0 
1.0 1.28489227407782 0.642446137 0.0 0.0 1.0 1.0 1.0 0.0 0.0 
0.0 0.0942049885997985 0.047102494 0.0 0.0 1.0 1.0 1.0 0.0 0.0 
1.0 0.0 0.0 0.0 0.0 1.0 1.0 1.0 0.0 0.0 
0.0 0.281198134803726 0.811908487 0.04 0.1 0.894329896907216 0.997422680412371 0.945876289 253.0 0.25 
1.0 0.702568290441557 0.382380551 0.0 0.0 1.0 1.0 1.0 1.15 0.07 
0.0 0.21849725860896 0.109248629 0.0 0.0 1.0 0.996268656716417 0.998134328 0.06 0.01 
1.0 0.881981091609838 0.440990546 0.0 0.0 1.0 1.0 1.0 0.0 0.0 
0.0 0.0557409191195386 0.055740919 0.0 0.0 0.995689655172413 0.995689655172413 0.995689655 0.04 0.01 
1.0 0.0433219971907989 0.021660999 0.05 0.05 0.990415335463258 0.993610223642172 0.99201278 313.0 0.51 
0.0 0.018989047265046 0.018813733 0.0 0.0 0.975806451612903 0.997311827956989 0.98655914 0.06 0.01 
1.0 0.848952015449364 0.752686111 0.17 0.51 0.962264150943396 0.962264150943396 0.962264151 538.89 2.28 
0.0 0.0 0.0 0.0 0.0 1.0 0.99236641221374 0.996183206 0.0 0.0 
1.0 0.0378515401098124 0.08237052 0.0 0.0 1.0 1.0 1.0 0.04 0.01 
0.0 0.0 0.0 0.0 0.0 1.0 1.0 1.0 0.0 0.0 
1.0 0.854838752212137 0.604734638 -0.04 0.04 1.0 1.0 1.0 24.73 0.03 
0.0 0.039460734195219 0.132276927 0.0 0.01 1.0 0.994269340974212 0.99713467 9.59 0.09 
1.0 0.0764127049519044 0.049099106 0.02 0.02 1.0 1.0 1.0 309.0 0.18 
0.0 0.0559453810900975 0.027972691 0.0 0.0 1.0 0.991379310344827 0.995689655 0.0 0.0 
1.0 0.969317912601186 0.584028607 0.04 0.1 0.988888888888888 0.988888888888888 0.988888889 545.12 0.01 
0.0 0.878410842924781 0.66999865 0.02 0.12 0.988636363636363 0.988636363636363 0.988636364 393.47 0.02 
1.0 0.01983215576629 0.009916078 0.0 0.0 1.0 1.0 1.0 0.0 0.0 
0.0 0.658905609973488 0.340054093 0.0 0.0 1.0 1.0 1.0 1.71 0.03 
1.0 1.59890972087256 1.461714237 0.06 0.63 0.992932862190812 0.992932862190812 0.992932862 607.89 0.18 
0.0 0.128725485976723 0.064362743 0.0 0.0 1.0 0.969613259668508 0.98480663 0.0 0.0 
1.0 0.0889360779877459 0.10442277 0.0 0.0 1.0 1.0 1.0 0.11 0.01 
0.0 1.95951017862725 1.576528522 -0.07 0.32 0.899484536082474 0.945876288659793 0.922680412 395.47 0.04 
1.0 0.0869592562665178 0.043479628 0.0 0.0 1.0 0.995999999999999 0.998 0.0 0.0 
0.0 0.0549168777007294 0.0451486 0.02 0.02 1.0 0.997134670487106 0.998567335 349.01 0.18 
1.0 0.272735930391693 0.859192964 0.09 0.23 0.975138121546961 0.975138121546961 0.975138122 828.02 0.36 
0.0 0.0497396448289763 0.038759002 0.0 0.0 1.0 0.995689655172413 0.997844828 0.01 0.0 
1.0 0.041294906134971 0.030973496 0.0 0.0 1.0 1.0 1.0 0.01 0.0 
0.0 0.0517660061328564 0.091903358 -0.03 0.01 0.883280757097791 0.958990536277602 0.921135647 16.36 0.24 
1.0 0.0759774505806457 0.115307452 0.01 0.01 1.0 1.0 1.0 54.1 0.11 
0.0 0.400197728931149 1.205219578 -0.06 0.22 0.760309278350515 0.871134020618556 0.815721649 391.3 0.1 
1.0 1.00400732910698 1.004007329 -0.49 0.0 0.974789915966386 0.974789915966386 0.974789916 0.0 1.61 
0.0 0.309307511198443 0.154653756 0.0 0.0 1.0 1.0 1.0 0.0 0.0 
1.0 0.0 0.0 0.0 0.0 1.0 1.0 1.0 0.0 0.0 
0.0 0.904611110601021 0.473279394 0.01 0.01 1.0 1.0 1.0 12.08 0.03 
1.0 0.0 0.0 0.0 0.0 1.0 1.0 1.0 0.0 0.0 
0.0 0.343929933197805 0.171964967 0.0 0.0 1.0 1.0 1.0 0.0 0.0 
1.0 0.175701765975895 0.156598986 0.01 0.01 1.0 0.984251968503937 0.992125984 27.14 0.09 
0.0 0.0 0.0 0.0 0.0 1.0 0.996428571428571 0.998214286 0.0 0.0 
1.0 0.0955175295989993 0.377812213 0.0 0.01 1.0 1.0 1.0 2.35 0.11 
0.0 0.465464541352562 1.143392618 0.05 0.14 1.0 1.0 1.0 109.35 0.22 
1.0 0.257889384212362 0.128944692 0.0 0.0 1.0 1.0 1.0 0.0 0.0 
0.0 0.212508864880071 0.205084001 -0.02 0.01 0.90721649484536 0.997422680412371 0.952319588 8.45 0.0 
1.0 0.0557409191195386 0.02787046 0.05 0.05 0.991379310344827 0.995689655172413 0.993534483 232.0 0.44 
0.0 0.0429694362376849 0.042969436 0.0 0.0 1.0 1.0 1.0 0.01 0.0 
1.0 0.637493033975271 0.504280818 0.06 0.11 0.957831325301204 0.975903614457831 0.96686747 211.29 0.45 
0.0 0.603547069780279 0.301773535 -0.01 0.0 0.997032640949554 0.997032640949554 0.997032641 0.25 0.02 
1.0 0.0873757859059086 0.055184712 0.0 0.0 1.0 0.996551724137931 0.998275862 0.02 0.0 
0.0 0.846299466951633 0.447414061 0.0 0.01 1.0 1.0 1.0 3.73 0.04 
1.0 0.0300979582577513 0.022588202 0.05 0.05 0.991649269311064 0.993736951983298 0.992693111 479.0 0.42 
0.0 0.0891944327568476 0.194069232 0.02 0.03 0.986013986013986 0.996503496503496 0.991258741 93.98 0.28 
1.0 0.888137848945064 0.444068924 0.0 0.0 1.0 1.0 1.0 0.0 0.0 
0.0 0.0275776979183499 0.013788849 0.0 0.0 1.0 1.0 1.0 0.0 0.0 
1.0 0.0 0.0 0.0 0.0 1.0 1.0 1.0 0.0 0.0 
0.0 0.292000331379623 0.146000166 0.0 0.0 1.0 0.997032640949554 0.99851632 0.0 0.0 
1.0 0.0275776979183499 0.013788849 0.0 0.0 1.0 1.0 1.0 0.0 0.0 
0.0 0.155634101835094 0.673953647 0.16 0.36 0.894329896907216 0.894329896907216 0.894329897 431.83 1.0 
1.0 1.31067987257132 1.2489927 0.23 0.66 0.98050139275766 0.983286908077994 0.98189415 709.4 1.17 
0.0 0.0419175889863189 0.020958794 0.0 0.0 1.0 1.0 1.0 0.0 0.0 
1.0 0.517165350026592 0.258582675 0.02 0.03 0.994845360824742 0.994845360824742 0.994845361 194.0 0.14 
0.0 0.0 0.0 0.0 0.0 1.0 0.996763754045307 0.998381877 0.0 0.0 
1.0 0.660973230691551 0.330486615 0.0 0.0 1.0 1.0 1.0 0.0 0.0 
0.0 0.0280853074773292 0.014042654 0.0 0.0 0.987068965517241 0.995689655172413 0.99137931 0.02 0.0 
1.0 0.0451052184351539 0.197618409 0.32 0.65 0.513833992094861 0.521739130434782 0.517786561 245.31 1.8 
0.0 0.0277783581726275 0.013889179 0.0 0.0 1.0 1.0 1.0 0.0 0.0 
1.0 0.846299466951633 0.423149733 0.0 0.0 1.0 1.0 1.0 0.0 0.0 
0.0 0.0835830637615662 0.041791532 0.0 0.0 1.0 0.995689655172413 0.997844828 0.0 0.0 
1.0 0.0 0.0 0.05 0.05 0.991111111111111 0.991111111111111 0.991111111 225.0 0.46 
0.0 0.1731597557551 0.086579878 0.0 0.0 0.971786833855799 0.996865203761755 0.984326019 0.06 0.01 
1.0 0.914253887912841 0.771222404 0.19 0.26 1.0 1.0 1.0 338.73 1.41 
0.0 0.446010920243834 0.346159501 -0.01 0.01 0.993055555555555 0.996527777777777 0.994791667 3.65 0.25 
1.0 0.545827844233365 0.332714696 0.01 0.03 1.0 0.670391061452513 0.835195531 16.64 0.31 
0.0 0.831372799847455 0.74767485 0.22 0.57 1.0 1.0 1.0 308.3 0.86 
1.0 0.12081409501537 0.060407048 0.0 0.0 1.0 1.0 1.0 0.0 0.0 
0.0 0.040843717863401 0.020421859 0.0 0.0 1.0 1.0 1.0 0.0 0.0 
1.0 0.040160163405664 0.031282037 0.0 0.0 1.0 1.0 1.0 0.01 0.0 
0.0 0.0920157819756407 0.062587087 0.07 0.08 0.984293193717277 0.984293193717277 0.984293194 191.02 0.59 
1.0 0.467785087145833 0.253574507 0.01 0.02 0.997134670487106 0.997134670487106 0.99713467 349.25 0.07 
0.0 0.622670987246137 0.311335494 0.0 0.0 1.0 1.0 1.0 0.0 0.0 
1.0 0.222982785891894 0.111491393 0.0 0.0 1.0 1.0 1.0 0.0 0.0 
0.0 0.0 0.0 0.0 0.0 1.0 0.996923076923076 0.998461538 0.0 0.0 
1.0 0.0768253471463398 0.038412674 0.0 0.0 1.0 1.0 1.0 0.0 0.0 
0.0 0.846900754646194 0.626063789 -0.04 0.03 1.0 0.946875 0.9734375 22.12 0.08 
1.0 0.0187682690492915 0.009384135 0.05 0.05 0.991913746630727 0.991913746630727 0.991913747 371.0 0.48 
0.0 0.021089974675165 0.069422917 0.0 0.0 1.0 1.0 1.0 0.02 0.0 
1.0 0.0422824341559714 0.035632528 0.0 0.0 1.0 1.0 1.0 0.01 0.0 
0.0 0.0217855061668038 0.1031224 0.0 0.0 1.0 1.0 1.0 0.05 0.01 
1.0 0.0277783581726275 0.027778358 0.0 0.0 1.0 1.0 1.0 0.0 0.0 
0.0 0.741506869798187 0.370753435 0.0 0.0 1.0 1.0 1.0 0.0 0.0 
1.0 0.0814830923424272 0.899934622 0.17 0.23 0.942598187311178 0.948640483383685 0.945619335 556.48 0.49 
0.0 0.0 0.0 0.0 0.0 1.0 1.0 1.0 0.0 0.0 
1.0 0.874227138616876 0.46680801 -0.01 0.02 0.990654205607476 0.996884735202492 0.99376947 109.52 0.02 
0.0 0.303025074089 0.151512537 0.09 0.2 0.776119402985074 0.876865671641791 0.826492537 124.65 1.59 
1.0 1.98196373032307 1.933017262 0.17 0.81 0.990853658536585 0.990853658536585 0.990853659 1029.39 0.13 
0.0 0.27591798285789 0.80874698 -0.04 0.06 0.97682119205298 0.996688741721854 0.986754967 95.0 0.07 
