1.0 0.0436808180468584 0.043680818 0.0 0.0 1.0 1.0 1.0 0.01 0.0 
0.0 0.27591798285789 0.268434109 0.0 0.03 0.97682119205298 0.996688741721854 0.986754967 288.86 0.03 
1.0 0.787007043964788 0.393503522 0.0 0.0 1.0 1.0 1.0 0.0 0.0 
0.0 0.0262556850879242 0.013127843 0.0 0.0 1.0 1.0 1.0 0.0 0.0 
1.0 0.0778041344031273 0.069705422 0.0 0.0 1.0 1.0 1.0 0.05 0.01 
0.0 0.642067283321906 0.321033642 0.0 0.0 1.0 0.991836734693877 0.995918367 0.0 0.0 
1.0 0.0553960351055113 0.027698018 0.0 0.0 1.0 1.0 1.0 0.0 0.0 
0.0 0.0555380567855558 0.027769028 0.0 0.0 1.0 0.987068965517241 0.993534483 0.03 0.01 
1.0 0.223259254333485 0.111629627 0.0 0.0 1.0 1.0 1.0 0.0 0.0 
0.0 0.454011591519564 0.87697554 -0.03 0.1 1.0 1.0 1.0 51.73 0.12 
1.0 0.0414328681373426 0.041432868 0.0 0.0 1.0 1.0 1.0 0.0 0.4 
0.0 0.292900619731146 0.14645031 0.0 0.0 1.0 0.996874999999999 0.9984375 0.0 0.0 
1.0 0.0 0.0 0.03 0.03 0.995575221238938 0.995575221238938 0.995575221 226.0 0.29 
0.0 0.0791516596040298 0.03957583 0.0 0.0 1.0 0.993883792048929 0.996941896 0.0 0.0 
1.0 0.264879734006728 0.264879734 0.0 0.0 1.0 1.0 1.0 0.0 1.55 
0.0 0.0202845880542838 0.599727037 -0.04 0.02 0.979591836734693 0.997084548104956 0.988338192 8.63 0.09 
1.0 0.990463026172509 0.860674754 0.0 0.14 0.987244897959183 0.989795918367346 0.988520408 433.1 0.51 
0.0 0.838455913773507 0.766369291 -0.03 0.08 0.935567010309278 0.994845360824742 0.965206186 225.46 0.13 
1.0 0.0584062649333791 0.040871085 0.14 0.17 0.959595959595959 0.959595959595959 0.95959596 297.01 1.36 
0.0 0.0924265213022947 0.06010244 0.0 0.0 1.0 1.0 1.0 0.01 0.0 
1.0 0.0 0.0 0.0 0.0 1.0 1.0 1.0 0.0 0.0 
0.0 0.712042783029343 0.496620459 -0.04 0.03 0.899484536082474 0.997422680412371 0.948453608 31.42 0.07 
1.0 0.0226619610938116 0.067928036 0.0 0.0 1.0 1.0 1.0 0.02 0.0 
0.0 0.0641154300769788 0.112267138 0.0 0.0 1.0 1.0 1.0 0.11 0.01 
1.0 0.450929247751232 0.758802766 -0.03 0.08 1.0 1.0 1.0 188.71 0.04 
0.0 0.206192050633231 0.103096025 0.0 0.0 0.978540772532188 0.995708154506437 0.987124464 0.08 0.01 
1.0 0.0668787843888388 0.329636428 0.29 0.52 1.0 0.743935309973045 0.871967655 350.53 2.48 
0.0 0.28808902035702 0.14404451 0.0 0.0 1.0 0.932307692307692 0.966153846 0.0 0.0 
1.0 0.038968982908286 0.019484491 0.0 0.0 1.0 1.0 1.0 0.0 0.0 
0.0 0.0429694362376849 0.042969436 0.0 0.0 1.0 1.0 1.0 0.01 0.0 
1.0 0.0581557306257277 0.127798828 0.01 0.01 1.0 1.0 1.0 14.59 0.21 
0.0 0.270048037545064 0.148521004 0.0 0.0 1.0 1.0 1.0 0.07 0.01 
1.0 0.0 0.0 0.0 0.0 1.0 0.995689655172413 0.997844828 0.0 0.0 
0.0 0.0842013440645039 0.432717752 -0.05 0.08 1.0 0.929230769230769 0.964615385 354.82 0.0 
1.0 0.0220900695991859 0.02209007 0.02 0.02 1.0 1.0 1.0 304.0 0.26 
0.0 0.921585716572883 0.524362225 0.01 0.04 1.0 0.990624999999999 0.9953125 161.27 0.03 
1.0 0.461097186127269 0.230548593 0.15 0.23 0.938775510204081 0.938775510204081 0.93877551 245.0 1.04 
0.0 1.17898144643903 0.589490723 0.0 0.0 1.0 0.997014925373134 0.998507463 0.93 0.02 
1.0 0.0 0.0 0.0 0.0 1.0 1.0 1.0 0.0 0.0 
0.0 0.0708149198462115 0.100149436 -0.03 0.0 0.878125 0.921875 0.9 2.09 0.16 
1.0 0.772559187083392 0.464096644 0.15 0.33 0.891752577319587 0.894329896907216 0.893041237 382.22 0.89 
0.0 1.83577221874529 1.647291156 -0.1 0.36 0.93465909090909 0.994318181818181 0.964488636 594.27 0.03 
1.0 0.649253610790155 0.334667208 0.01 0.02 0.991228070175438 0.994152046783625 0.992690058 59.7 0.17 
0.0 0.169044432562129 0.637531854 0.01 0.06 1.0 0.997267759562841 0.99863388 59.02 0.36 
1.0 0.131728022046043 0.123196652 0.0 0.0 1.0 0.996960486322188 0.998480243 0.2 0.03 
0.0 0.354630523304191 0.230796546 0.0 0.0 1.0 1.0 1.0 0.51 0.04 
1.0 0.0759774505806457 0.075977451 0.0 0.0 1.0 1.0 1.0 0.0 0.76 
0.0 0.0835830637615662 0.055680711 0.0 0.0 1.0 0.995689655172413 0.997844828 0.02 0.0 
1.0 0.043923594672997 0.160311947 0.04 0.04 1.0 1.0 1.0 612.0 0.36 
0.0 0.0 0.0 0.0 0.0 1.0 1.0 1.0 0.0 0.0 
1.0 0.15377224993904 0.076886125 0.0 0.0 1.0 1.0 1.0 0.0 0.0 
0.0 0.271251013045678 0.67017763 0.05 0.12 0.980446927374301 0.997206703910614 0.988826816 203.01 0.72 
1.0 0.484197727718717 0.814242602 0.05 0.2 1.0 0.99390243902439 0.99695122 368.83 0.84 
0.0 0.0208685696629229 0.010434285 0.0 0.0 1.0 0.993846153846153 0.996923077 0.01 0.0 
1.0 0.0386572159431509 0.019328608 0.23 0.34 0.891737891737891 0.891737891737891 0.891737892 351.0 2.23 
0.0 0.864112947349194 0.442302901 -0.06 0.01 0.9533527696793 0.967930029154518 0.960641399 5.12 0.21 
1.0 0.240038828967687 0.18603977 0.31 0.43 0.883280757097791 0.883280757097791 0.883280757 864.89 2.27 
0.0 0.0476547865757686 0.147066334 -0.02 0.01 1.0 0.911475409836065 0.955737705 1.77 0.14 
1.0 0.0690585676413284 0.069058568 0.0 0.0 1.0 1.0 1.0 0.0 0.58 
0.0 0.507423749189171 0.772325445 -0.03 0.07 1.0 0.84020618556701 0.920103093 58.52 0.33 
1.0 0.943568801537557 0.471784401 0.0 0.0 1.0 1.0 1.0 0.0 0.0 
0.0 0.132151794675943 0.066075897 0.0 0.0 1.0 1.0 1.0 0.0 0.0 
1.0 0.577354049143257 0.303663402 0.0 0.01 1.0 1.0 1.0 2.8 0.1 
0.0 1.1532957369804 0.576647868 0.0 0.0 1.0 1.0 1.0 0.0 0.0 
1.0 0.588949300486855 0.580870011 0.08 0.13 0.988603988603988 0.994301994301994 0.991452991 390.42 0.88 
0.0 0.373561247301554 0.186780624 0.0 0.0 1.0 0.977198697068403 0.988599349 0.83 0.09 
1.0 0.0275776979183499 0.013788849 0.0 0.0 1.0 1.0 1.0 0.0 0.0 
0.0 0.604811716417282 0.313150761 0.0 0.0 1.0 0.97452229299363 0.987261146 0.33 0.02 
1.0 1.44845321433673 1.301800321 0.0 0.41 0.992619926199261 0.996309963099631 0.994464945 319.41 0.02 
0.0 0.0555380567855558 0.137325163 0.0 0.0 1.0 0.995689655172413 0.997844828 0.12 0.02 
1.0 0.0557409191195386 0.02787046 0.05 0.05 0.991379310344827 0.995689655172413 0.993534483 232.0 0.44 
0.0 0.0493560892110924 0.024678045 0.0 0.0 1.0 0.996894409937888 0.998447205 0.0 0.0 
1.0 0.0889360779877459 0.10442277 0.0 0.0 1.0 1.0 1.0 0.11 0.01 
0.0 0.862425975002266 0.457564605 0.0 0.0 1.0 1.0 1.0 1.84 0.08 
1.0 0.808627497424305 0.413282454 0.0 0.0 1.0 0.997422680412371 0.99871134 0.43 0.03 
0.0 0.646441108258634 0.393696437 0.01 0.02 1.0 1.0 1.0 33.63 0.1 
1.0 0.502425366099554 0.275589873 0.11 0.25 0.931758530183727 0.997375328083989 0.964566929 381.16 1.53 
0.0 0.769138972077092 0.69419629 0.01 0.1 0.969135802469135 0.987654320987654 0.978395062 181.51 0.19 
1.0 1.50309023931923 0.75154512 0.01 0.02 0.997267759562841 0.997267759562841 0.99726776 366.0 0.02 
0.0 0.921285516425012 0.460642758 0.0 0.0 1.0 1.0 1.0 0.0 0.0 
1.0 0.87740625145043 0.521303797 -0.01 0.01 1.0 1.0 1.0 3.26 0.05 
0.0 0.0764595424535969 0.048888009 0.0 0.0 1.0 1.0 1.0 0.01 0.0 
1.0 0.136389206537383 0.068194603 0.02 0.02 0.996794871794871 0.996794871794871 0.996794872 312.0 0.16 
0.0 0.296510265599824 0.209776877 0.0 0.0 1.0 1.0 1.0 0.59 0.06 
1.0 0.0658814879561051 0.582862688 -0.01 0.03 1.0 0.992932862190812 0.996466431 53.03 0.09 
0.0 0.0378515401098124 0.132086412 0.0 0.0 1.0 1.0 1.0 0.11 0.01 
1.0 0.764887109287822 0.481273123 0.17 0.37 0.90721649484536 0.90721649484536 0.907216495 686.03 1.32 
0.0 0.762458768410407 0.741350428 -0.06 0.06 0.909793814432989 0.956185567010309 0.932989691 63.63 0.06 
1.0 0.0557409191195386 0.02787046 0.0 0.0 0.995689655172413 0.995689655172413 0.995689655 0.01 0.0 
0.0 0.208802937498891 0.185592778 0.0 0.0 1.0 1.0 1.0 0.48 0.05 
1.0 0.0 0.0 0.0 0.0 1.0 1.0 1.0 0.0 0.0 
0.0 0.0912364670409079 0.481245006 -0.01 0.0 1.0 0.996865203761755 0.998432602 0.38 0.01 
1.0 0.0419476776352413 0.020973839 0.0 0.0 1.0 1.0 1.0 0.0 0.0 
0.0 0.185392676130014 0.092696338 0.0 0.0 1.0 1.0 1.0 0.0 0.0 
1.0 0.288211390110029 0.154821542 0.03 0.04 0.993690851735015 0.996845425867507 0.995268139 317.06 0.23 
0.0 0.0726400638293254 0.036320032 0.0 0.0 1.0 0.925925925925925 0.962962963 0.0 0.0 
1.0 0.355757474132766 0.177878737 0.0 0.0 1.0 1.0 1.0 0.0 0.0 
0.0 0.0618485037323465 0.030924252 0.0 0.0 1.0 1.0 1.0 0.0 0.0 
1.0 1.98196373032307 1.933017262 0.17 0.81 0.990853658536585 0.990853658536585 0.990853659 1029.39 0.13 
0.0 0.0613389110031691 0.126618526 0.0 0.01 1.0 0.97452229299363 0.987261146 7.5 0.16 
1.0 0.829711332811845 0.80593746 0.15 0.56 0.940425531914893 0.96595744680851 0.953191489 473.59 2.13 
0.0 0.285807549285982 1.148024489 0.04 0.14 0.760309278350515 0.997422680412371 0.878865979 287.08 0.09 
1.0 0.0285061105798471 0.014253055 0.0 0.0 1.0 1.0 1.0 0.0 0.0 
0.0 0.0553960351055113 0.027698018 0.0 0.0 1.0 1.0 1.0 0.0 0.0 
1.0 0.130389858578722 0.115766452 0.0 0.0 1.0 0.996644295302013 0.998322148 0.14 0.02 
0.0 0.694560805960911 0.347280403 0.0 0.0 1.0 1.0 1.0 0.0 0.0 
1.0 0.0398883573493911 0.120270129 0.0 0.02 1.0 1.0 1.0 171.14 0.21 
0.0 0.422715705077721 0.222102755 0.01 0.01 1.0 0.980891719745222 0.99044586 51.5 0.13 
1.0 0.0422824341559714 0.203315513 0.02 0.02 1.0 1.0 1.0 320.08 0.1 
0.0 0.0429694362376849 0.117433788 0.01 0.01 1.0 1.0 1.0 20.04 0.13 
1.0 0.0435605050230868 0.032673006 0.15 0.18 0.956656346749226 0.956656346749226 0.956656347 323.01 1.25 
0.0 0.314651240234804 0.309389275 -0.02 0.01 1.0 0.9973474801061 0.99867374 2.46 0.18 
1.0 0.169034125059796 0.084517063 0.0 0.0 1.0 1.0 1.0 0.0 0.0 
0.0 0.0756333470998681 0.047958968 -0.01 0.0 0.760233918128654 0.982456140350877 0.871345029 2.61 0.1 
1.0 1.38158133418359 1.380418018 0.09 0.77 0.802325581395348 0.953488372093023 0.877906977 189.01 0.33 
0.0 0.761870743506642 0.40356012 -0.02 0.01 1.0 0.962825278810408 0.981412639 7.63 0.05 
1.0 0.0 0.0 0.0 0.0 1.0 1.0 1.0 0.0 0.0 
0.0 0.0212025770039786 0.069198207 0.0 0.0 1.0 1.0 1.0 0.03 0.0 
1.0 0.0421702141319927 0.040010877 0.02 0.02 0.996894409937888 0.996894409937888 0.99689441 322.01 0.19 
0.0 0.0617684851168838 0.824770349 -0.01 0.01 1.0 0.927272727272727 0.963636364 6.25 0.04 
1.0 0.0451052184351539 0.116068023 0.02 0.02 1.0 1.0 1.0 20.83 0.33 
0.0 1.19354686623768 0.596773433 -0.06 0.04 0.871134020618556 0.899484536082474 0.885309278 27.25 0.41 
1.0 0.838852894635788 1.131437963 0.19 0.46 0.839436619718309 0.859154929577464 0.849295775 888.97 0.43 
0.0 0.0 0.0 0.0 0.0 1.0 1.0 1.0 0.0 0.0 
1.0 0.924363198267638 0.579042097 0.09 0.14 0.977987421383647 0.987421383647798 0.982704403 438.88 0.54 
0.0 0.0217855061668038 0.010892753 0.0 0.0 1.0 1.0 1.0 0.0 0.0 
1.0 0.0 0.0 0.01 0.02 0.99638989169675 0.99638989169675 0.996389892 277.0 0.25 
0.0 0.154512801681532 0.781899694 -0.06 0.02 1.0 0.878125 0.9390625 8.07 0.2 
1.0 0.0582288937368788 0.029114447 0.0 0.0 1.0 1.0 1.0 0.0 0.0 
0.0 0.019033872162318 0.009516936 0.0 0.0 1.0 1.0 1.0 0.0 0.0 
1.0 0.0 0.0 0.0 0.0 1.0 1.0 1.0 0.0 0.0 
0.0 0.0358990284409961 0.017949514 0.0 0.0 1.0 1.0 1.0 0.0 0.0 
1.0 0.0924265213022947 0.07408372 0.05 0.05 1.0 0.995689655172413 0.997844828 441.81 0.48 
0.0 0.140951765677311 0.070475883 0.0 0.0 1.0 1.0 1.0 0.0 0.0 
1.0 0.0427377908806097 0.072682088 0.06 0.07 0.9875 0.9875 0.9875 320.04 0.57 
0.0 0.738206170569416 1.336544092 0.03 0.19 0.986522911051212 0.994609164420485 0.990566038 156.75 0.15 
1.0 0.567869490196994 0.283934745 0.07 0.12 0.975460122699386 0.975460122699386 0.975460123 326.0 0.53 
0.0 0.28808902035702 0.14404451 -0.01 0.0 0.932307692307692 0.993846153846153 0.963076923 0.29 0.03 
1.0 0.0 0.0 0.0 0.0 1.0 1.0 1.0 0.0 0.0 
0.0 0.185198635820187 0.169194725 0.0 0.0 1.0 1.0 1.0 0.45 0.05 
1.0 0.221753094779465 0.110876547 0.18 0.22 0.940944881889763 0.940944881889763 0.940944882 254.0 1.66 
0.0 0.0214316941424852 0.021374085 0.0 0.0 1.0 0.993690851735015 0.996845426 0.01 0.0 
1.0 0.0411950173244082 0.032094327 0.0 0.0 1.0 1.0 1.0 0.01 0.0 
0.0 0.245314927190565 0.122657464 0.0 0.0 1.0 0.900928792569659 0.950464396 0.0 0.0 
1.0 0.57640593604551 0.288202968 0.0 0.0 1.0 1.0 1.0 0.0 0.0 
0.0 0.0217855061668038 0.010892753 0.0 0.0 1.0 1.0 1.0 0.0 0.0 
1.0 0.754730588799507 0.387966583 0.0 0.0 1.0 1.0 1.0 0.64 0.02 
0.0 0.0 0.0 0.0 0.0 1.0 1.0 1.0 0.0 0.0 
1.0 0.464383292171582 0.232191646 0.0 0.0 1.0 1.0 1.0 0.0 0.0 
0.0 0.0435605050230868 0.032703101 0.0 0.0 1.0 0.996763754045307 0.998381877 0.01 0.0 
1.0 0.817179769477342 0.526560801 0.04 0.09 0.996621621621621 0.996621621621621 0.996621622 446.43 0.31 
0.0 0.355757474132766 0.286085782 0.0 0.0 1.0 1.0 1.0 0.21 0.12 
1.0 0.0353803230759327 0.017690162 0.0 0.0 1.0 0.997134670487106 0.998567335 0.0 0.0 
0.0 0.0690585676413284 0.054259651 0.0 0.0 1.0 0.994269340974212 0.99713467 0.05 0.01 
1.0 0.962501570244481 1.015130686 -0.03 0.44 0.909348441926345 0.91784702549575 0.913597734 809.13 0.23 
0.0 0.87927246018794 0.43963623 0.0 0.0 1.0 1.0 1.0 0.0 0.0 
1.0 0.0 0.0 0.19 0.23 0.938775510204081 0.938775510204081 0.93877551 245.0 1.7 
0.0 0.106833656122722 0.10622166 0.0 0.0 0.981249999999999 0.99375 0.9875 0.35 0.04 
1.0 0.0 0.0 0.0 0.0 1.0 1.0 1.0 0.0 0.0 
0.0 0.0 0.0 0.0 0.0 1.0 1.0 1.0 0.0 0.0 
1.0 0.0 0.0 0.08 0.08 0.983333333333333 0.983333333333333 0.983333333 300.0 0.77 
0.0 0.0 0.0 0.0 0.0 1.0 0.996268656716417 0.998134328 0.0 0.0 
1.0 0.122956999336944 0.0614785 0.0 0.0 1.0 1.0 1.0 0.0 0.0 
0.0 0.216238840727577 1.005473139 0.05 0.24 0.915824915824915 0.936026936026935 0.925925926 243.72 0.19 
1.0 0.0217855061668038 0.010892753 0.0 0.0 1.0 1.0 1.0 0.0 0.0 
0.0 0.70505755944942 0.418374558 -0.01 0.01 1.0 0.996763754045307 0.998381877 2.57 0.15 
1.0 0.0461365951180433 0.035976224 0.0 0.0 1.0 1.0 1.0 0.01 0.0 
0.0 0.067494360609112 0.03374718 0.0 0.0 1.0 0.994565217391304 0.997282609 0.01 0.0 
1.0 0.0 0.0 0.02 0.02 0.997109826589595 0.997109826589595 0.997109827 346.0 0.25 
0.0 0.563943562333293 0.501128652 0.1 0.15 1.0 1.0 1.0 98.18 0.83 
1.0 0.0869592562665178 0.043479628 0.0 0.0 1.0 0.995999999999999 0.998 0.0 0.0 
0.0 0.846299466951633 0.447414061 0.0 0.01 1.0 1.0 1.0 3.73 0.04 
1.0 0.535515215892509 0.796074208 0.01 0.16 0.922600619195046 0.984520123839009 0.953560372 143.04 0.61 
0.0 0.0841156071386904 0.042057804 0.0 0.0 0.997912317327766 0.997912317327766 0.997912317 0.01 0.0 
1.0 0.0663550962706155 0.047468609 0.02 0.02 0.996932515337423 0.996932515337423 0.996932515 326.01 0.16 
0.0 0.136195407391988 0.587618458 -0.03 0.01 1.0 0.994301994301994 0.997150997 7.67 0.16 
1.0 0.0719894857357552 0.051925781 0.2 0.26 0.927170868347338 0.929971988795518 0.928571429 699.24 1.77 
0.0 0.0616067104727896 0.030803355 0.0 0.0 1.0 1.0 1.0 0.0 0.0 
1.0 1.15374316890217 1.104598029 0.17 0.46 1.0 1.0 1.0 716.21 1.15 
0.0 0.0467492277569555 0.023374614 0.0 0.0 1.0 1.0 1.0 0.0 0.0 
1.0 0.0183843972236067 0.069731167 0.0 0.0 1.0 1.0 1.0 0.02 0.0 
0.0 0.0613389110031691 0.030669456 0.0 0.0 1.0 0.97452229299363 0.987261146 0.0 0.0 
1.0 0.0898510923104771 0.044925546 0.03 0.03 1.0 0.995283018867924 0.997641509 212.0 0.25 
0.0 0.392394301761928 0.210612515 0.0 0.0 1.0 1.0 1.0 0.12 0.02 
1.0 1.09452662212727 1.071489875 -0.01 0.22 1.0 0.996978851963746 0.998489426 721.35 0.67 
0.0 0.898863875971626 0.449431938 0.0 0.0 1.0 0.925696594427244 0.962848297 0.0 0.0 
1.0 0.0 0.0 0.0 0.0 1.0 0.994565217391304 0.997282609 0.0 0.0 
0.0 0.498165535626351 0.259827671 0.0 0.0 1.0 0.996815286624203 0.998407643 0.2 0.02 
1.0 0.0798310822018937 0.050991582 0.0 0.0 1.0 0.993399339933993 0.99669967 0.02 0.0 
0.0 0.0383614089131149 0.038361409 0.0 0.0 1.0 1.0 1.0 0.0 0.25 
1.0 0.0676554102686104 0.047420493 0.0 0.0 1.0 1.0 1.0 0.01 0.0 
0.0 0.296510265599824 0.209776877 0.0 0.0 1.0 1.0 1.0 0.59 0.06 
1.0 0.0419175889863189 0.020958794 0.0 0.0 1.0 1.0 1.0 0.0 0.0 
0.0 0.0 0.0 0.0 0.0 0.971786833855799 0.996865203761755 0.984326019 0.03 0.0 
1.0 0.0898033804732823 0.110922046 0.04 0.13 0.883280757097791 0.940063091482649 0.911671924 143.98 1.19 
0.0 0.0810482611891956 0.106544486 0.0 0.02 0.883280757097791 0.996845425867507 0.940063091 161.16 0.14 
1.0 0.177111187571085 0.177111188 0.0 0.0 1.0 1.0 1.0 0.56 0.06 
0.0 0.688847469237236 0.356161682 -0.01 0.0 1.0 0.360424028268551 0.680212014 0.57 0.02 
1.0 0.0 0.0 0.0 0.0 1.0 1.0 1.0 0.0 0.0 
0.0 0.772559187083392 0.690689466 -0.1 0.07 0.891752577319587 0.989690721649484 0.940721649 77.5 0.08 
