1.0 0.663079958249567 0.331539979 0.16 0.3 0.909375 0.909375 0.909375 320.0 0.84 
0.0 0.675206624248399 0.358577151 0.0 0.01 1.0 1.0 1.0 2.95 0.05 
1.0 0.0914736159053586 0.056366489 0.0 0.0 1.0 1.0 1.0 0.02 0.0 
0.0 0.129483952465766 0.605310876 -0.06 0.04 1.0 0.921875 0.9609375 15.25 0.51 
1.0 0.0 0.0 0.0 0.0 1.0 1.0 1.0 0.0 0.0 
0.0 0.821797926639741 0.461178855 -0.04 0.01 1.0 0.981818181818181 0.990909091 4.96 0.05 
1.0 0.822961039054412 0.511458569 -0.02 0.03 1.0 1.0 1.0 11.75 0.06 
0.0 0.181292378441966 0.760239705 0.01 0.04 1.0 1.0 1.0 34.16 0.09 
1.0 0.662687929460578 0.516915919 0.12 0.31 0.91784702549575 0.929178470254957 0.923512748 523.95 1.23 
0.0 0.666045722146777 0.491872811 -0.05 0.02 1.0 0.909793814432989 0.954896907 15.82 0.05 
1.0 0.890820064387514 0.45290853 0.01 0.02 0.997912317327766 0.997912317327766 0.997912317 480.38 0.04 
0.0 0.0376557446286782 0.018827872 0.0 0.0 1.0 1.0 1.0 0.0 0.0 
1.0 0.0 0.0 0.0 0.0 1.0 1.0 1.0 0.0 0.0 
0.0 0.0 0.0 0.0 0.0 1.0 1.0 1.0 0.0 0.0 
1.0 0.0422824341559714 0.021141217 0.02 0.02 0.996884735202492 0.996884735202492 0.996884735 321.0 0.19 
0.0 0.026899250494481 0.063915529 0.0 0.0 1.0 1.0 1.0 0.02 0.0 
1.0 0.0696614903440458 0.221558521 0.0 0.0 1.0 1.0 1.0 4.2 0.05 
0.0 0.0961022276199578 0.083429165 0.0 0.0 1.0 1.0 1.0 0.05 0.01 
1.0 0.235649142468084 0.117824571 0.0 0.0 1.0 1.0 1.0 0.0 0.0 
0.0 0.777296027024072 0.487477582 0.11 0.32 0.899484536082474 0.90721649484536 0.903350515 728.14 1.02 
1.0 0.322747497288805 0.217489355 0.0 0.0 1.0 1.0 1.0 0.67 0.07 
0.0 0.0650626405333832 0.046320169 0.0 0.0 1.0 1.0 1.0 0.01 0.0 
1.0 0.0455410717570152 0.177074223 0.03 0.05 0.992277992277992 0.992277992277992 0.992277992 259.13 0.23 
0.0 0.472969912501066 0.236484956 0.0 0.0 1.0 0.982195845697329 0.991097923 0.0 0.0 
1.0 0.171924045593234 0.149531389 0.04 0.05 0.990624999999999 0.990624999999999 0.990625 320.28 0.27 
0.0 0.317699898946662 0.22528497 0.04 0.08 1.0 0.90721649484536 0.953608247 398.42 0.46 
1.0 0.2537972504901 0.806498716 -0.03 0.03 0.997267759562841 0.997267759562841 0.99726776 370.91 0.15 
0.0 0.0287409193078362 0.01437046 0.0 0.0 1.0 1.0 1.0 0.0 0.0 
1.0 1.98196373032307 1.933017262 0.17 0.81 0.990853658536585 0.990853658536585 0.990853659 1029.39 0.13 
0.0 0.0832790147097544 0.080291311 0.0 0.0 1.0 1.0 1.0 0.04 0.01 
1.0 0.0411950173244082 0.077537702 0.16 0.19 0.966666666666666 0.966666666666666 0.966666667 600.0 1.34 
0.0 0.0 0.0 0.0 0.0 1.0 0.898678414096916 0.949339207 0.0 0.0 
1.0 0.222982785891894 0.111491393 0.0 0.0 1.0 1.0 1.0 0.0 0.0 
0.0 0.0808825795009111 0.077284862 0.0 0.0 1.0 0.99719887955182 0.99859944 0.09 0.01 
1.0 0.0863128372055108 0.131712012 0.0 0.0 1.0 1.0 1.0 0.21 0.02 
0.0 0.0 0.0 0.0 0.0 1.0 0.996865203761755 0.998432602 0.0 0.0 
1.0 0.0353803230759327 0.017690162 0.0 0.0 1.0 1.0 1.0 0.0 0.0 
0.0 0.0240543662108213 0.012027183 0.0 0.0 1.0 1.0 1.0 0.0 0.0 
1.0 1.42157223609486 1.421572236 -0.18 0.0 1.0 1.0 1.0 0.0 1.61 
0.0 0.0212025770039786 0.701250513 0.0 0.01 1.0 0.971786833855799 0.985893417 5.53 0.04 
1.0 0.0444179365905639 0.022208968 0.0 0.0 1.0 1.0 1.0 0.0 0.0 
0.0 0.0 0.0 0.0 0.0 1.0 0.997076023391812 0.998538012 0.0 0.0 
1.0 0.713240530087617 0.488137499 0.05 0.11 0.986842105263157 0.986842105263157 0.986842105 829.1 0.26 
0.0 0.0422892547811446 0.909848029 -0.01 0.04 0.918727915194346 0.992932862190812 0.955830389 159.63 0.04 
1.0 0.0 0.0 0.15 0.17 0.960526315789473 0.960526315789473 0.960526316 304.0 1.37 
0.0 0.0588890678472048 0.056902973 0.0 0.0 1.0 1.0 1.0 0.03 0.0 
1.0 0.0 0.0 0.0 0.0 1.0 1.0 1.0 0.0 0.0 
0.0 0.242442600614606 0.212852936 0.05 0.06 0.970772442588726 0.997912317327766 0.98434238 219.69 0.51 
1.0 0.0209786462403052 0.010489323 0.0 0.0 1.0 1.0 1.0 0.0 0.0 
0.0 0.831696082680391 0.415848041 -0.03 0.03 0.971786833855799 0.996865203761755 0.984326019 24.64 0.1 
1.0 0.0900703892013119 0.272782437 0.0 0.0 1.0 1.0 1.0 1.04 0.08 
0.0 0.0204403588084492 0.010220179 0.0 0.0 1.0 1.0 1.0 0.0 0.0 
1.0 0.593067072004187 0.374062086 0.02 0.15 0.96231884057971 0.965217391304347 0.963768116 320.94 0.4 
0.0 0.0842013440645039 0.062964493 0.0 0.0 1.0 0.929230769230769 0.964615385 0.18 0.02 
1.0 0.59239407069282 0.583483961 0.36 0.57 1.0 1.0 1.0 371.0 2.17 
0.0 0.184459293937031 0.858757089 -0.01 0.02 1.0 1.0 1.0 11.08 0.0 
1.0 0.0882701884630966 0.080129837 0.0 0.0 1.0 1.0 1.0 0.06 0.01 
0.0 0.0 0.0 0.0 0.0 1.0 1.0 1.0 0.0 0.0 
1.0 0.0 0.0 0.0 0.0 1.0 1.0 1.0 0.0 0.0 
0.0 0.0649108086393813 0.260033624 0.0 0.01 1.0 0.997134670487106 0.998567335 4.99 0.04 
1.0 0.0 0.0 0.0 0.0 1.0 1.0 1.0 0.0 0.0 
0.0 0.28808902035702 0.14404451 0.0 0.0 1.0 0.932307692307692 0.966153846 0.0 0.0 
1.0 0.183313441081209 0.155946075 0.01 0.01 1.0 1.0 1.0 44.06 0.1 
0.0 0.460448111633332 0.230224056 0.0 0.0 0.97682119205298 0.996688741721854 0.986754967 0.16 0.02 
1.0 0.199779108111018 0.18741961 0.06 0.09 0.990384615384615 0.990384615384615 0.990384615 668.12 0.61 
0.0 0.041402186659916 0.172953919 0.02 0.02 0.996960486322188 0.996960486322188 0.996960486 329.14 0.1 
1.0 0.78452226878971 0.480033365 -0.01 0.03 1.0 1.0 1.0 7.66 0.04 
0.0 0.0863062523442876 0.072742418 -0.05 0.01 0.894329896907216 0.90721649484536 0.900773196 6.02 0.29 
1.0 0.735999002523472 0.426970146 0.07 0.09 0.983660130718954 0.986928104575163 0.985294118 553.99 0.12 
0.0 0.866958696889648 0.589347276 -0.01 0.03 1.0 1.0 1.0 16.68 0.27 
1.0 0.0226619610938116 0.067928036 0.0 0.0 1.0 1.0 1.0 0.02 0.0 
0.0 0.0632519508365717 0.054282171 0.0 0.0 1.0 1.0 1.0 0.02 0.0 
1.0 0.581869819672327 0.29093491 0.02 0.02 0.996774193548387 0.996774193548387 0.996774194 310.0 0.07 
0.0 0.634445282288599 0.827927301 0.0 0.09 0.994475138121546 0.997237569060773 0.995856354 141.78 0.24 
1.0 0.37714652697009 0.340031735 0.4 0.81 0.663043478260869 0.663043478260869 0.663043478 349.78 2.78 
0.0 0.884226476540352 0.672906466 -0.02 0.08 0.988636363636363 0.99715909090909 0.992897727 249.65 0.19 
1.0 0.0 0.0 0.0 0.0 1.0 1.0 1.0 0.0 0.0 
0.0 0.0207057550810892 0.010352878 0.0 0.0 1.0 1.0 1.0 0.0 0.0 
1.0 0.907374955335904 1.40280539 0.12 0.56 0.90406976744186 0.985465116279069 0.944767442 795.73 0.04 
0.0 0.0 0.0 0.0 0.0 1.0 1.0 1.0 0.0 0.0 
1.0 0.666045722146777 1.089842093 0.06 0.45 0.909793814432989 0.914948453608247 0.912371134 509.83 0.46 
0.0 0.467785087145833 0.367258504 -0.01 0.02 1.0 0.997134670487106 0.998567335 70.96 0.07 
1.0 0.0520383273589679 0.127784886 0.08 0.09 0.984126984126984 0.984126984126984 0.984126984 411.51 0.59 
0.0 0.0597830729153689 0.053791893 0.0 0.0 1.0 1.0 1.0 0.02 0.0 
1.0 0.199781317614078 0.956538827 0.36 0.69 0.47769028871391 0.485564304461942 0.481627297 404.62 0.27 
0.0 0.0 0.0 0.0 0.0 1.0 1.0 1.0 0.0 0.0 
1.0 0.83443423629989 0.801167858 0.23 0.45 1.0 1.0 1.0 61.03 2.08 
0.0 0.0246643208124894 0.01233216 0.0 0.0 1.0 1.0 1.0 0.0 0.0 
1.0 0.830237670572683 0.450582974 0.0 0.0 1.0 1.0 1.0 1.34 0.07 
0.0 0.038060092151583 0.019030046 0.0 0.0 1.0 1.0 1.0 0.0 0.0 
1.0 0.721755058544604 0.387015393 0.03 0.06 0.99195710455764 0.99195710455764 0.991957105 382.81 0.28 
0.0 0.0 0.0 0.0 0.0 1.0 0.988023952095808 0.994011976 0.0 0.0 
1.0 0.0295044445015376 0.029504445 0.0 0.0 1.0 1.0 1.0 0.0 0.0 
0.0 0.599228948735971 0.380413591 0.02 0.03 1.0 1.0 1.0 35.94 0.28 
1.0 0.0208139940747914 0.010406997 0.02 0.02 0.996941896024464 0.996941896024464 0.996941896 327.0 0.21 
0.0 0.689041318563039 0.344520659 0.0 0.0 1.0 1.0 1.0 0.0 0.0 
1.0 0.157733743907194 0.82475682 0.08 0.18 0.946875 0.974999999999999 0.9609375 676.34 0.22 
0.0 0.0358681627845499 0.578223037 0.0 0.0 1.0 1.0 1.0 3.88 0.01 
1.0 0.95572419053384 0.605282346 -0.01 0.1 0.986979166666666 0.989583333333333 0.98828125 413.4 0.31 
0.0 0.0204403588084492 0.010220179 0.0 0.0 1.0 0.996996996996996 0.998498498 0.0 0.0 
1.0 0.0665854743974204 0.033292737 0.09 0.1 0.979057591623036 0.979057591623036 0.979057592 191.0 0.76 
0.0 0.214482853675317 0.642512672 0.0 0.02 1.0 1.0 1.0 15.7 0.16 
1.0 0.0 0.0 -0.01 0.0 0.969283276450511 0.969283276450511 0.969283276 0.0 1.12 
0.0 0.0583116684022933 0.029155834 0.0 0.0 1.0 0.996932515337423 0.998466258 0.0 0.0 
1.0 0.0202845880542838 0.071834783 0.0 0.0 1.0 1.0 1.0 0.03 0.0 
0.0 0.0 0.0 0.0 0.0 1.0 1.0 1.0 0.0 0.0 
1.0 0.02661932885159 0.026619329 0.05 0.05 0.995918367346938 0.995918367346938 0.995918367 490.0 0.43 
0.0 0.0 0.0 0.0 0.0 1.0 1.0 1.0 0.0 0.0 
1.0 1.50309023931923 1.344160147 0.04 0.27 0.997267759562841 0.997267759562841 0.99726776 537.12 0.3 
0.0 0.046939257774748 0.151184622 -0.01 0.0 1.0 0.996478873239436 0.998239437 0.15 0.02 
1.0 0.0230612269388944 0.023027432 0.0 0.0 1.0 0.996551724137931 0.998275862 0.01 0.0 
0.0 0.0280853074773292 0.123598789 0.0 0.0 0.987068965517241 0.995689655172413 0.99137931 0.24 0.04 
1.0 0.0 0.0 0.0 0.0 1.0 1.0 1.0 0.0 0.0 
0.0 0.72369587573823 0.433965179 -0.09 0.02 0.711864406779661 0.966101694915254 0.838983051 7.17 0.15 
1.0 0.369205600782166 0.252678045 0.22 0.31 0.909793814432989 0.909793814432989 0.909793814 388.91 1.46 
0.0 0.461728994921057 0.901555607 -0.12 0.07 0.848837209302325 0.982558139534883 0.915697674 43.9 0.18 
1.0 0.0436808180468584 0.021840409 0.1 0.12 0.924924924924924 0.957957957957957 0.941441441 180.05 1.17 
0.0 0.042668116212028 0.021334058 0.0 0.0 0.891025641025641 0.996794871794871 0.943910256 0.13 0.01 
1.0 0.0613389110031691 0.242027308 0.08 0.1 0.97452229299363 0.980891719745222 0.977707006 274.34 0.56 
0.0 0.80881431151271 0.432379846 -0.01 0.0 1.0 0.991379310344827 0.995689655 1.3 0.11 
1.0 0.964010189182006 0.566243264 0.04 0.07 0.997354497354497 0.997354497354497 0.997354497 505.39 0.36 
0.0 0.300284761735227 0.246480485 0.0 0.02 0.940721649484536 0.997422680412371 0.969072165 91.23 0.21 
1.0 0.171924045593234 0.149531389 0.04 0.05 0.990624999999999 0.990624999999999 0.990625 320.28 0.27 
0.0 0.0 0.0 0.0 0.0 0.991549295774647 0.997183098591549 0.994366197 0.01 0.0 
1.0 0.0 0.0 0.0 0.0 1.0 1.0 1.0 0.0 0.0 
0.0 0.0 0.0 0.0 0.0 1.0 1.0 1.0 0.0 0.0 
1.0 0.0 0.0 0.0 0.0 1.0 1.0 1.0 0.0 0.0 
0.0 0.0215482557268673 0.106723198 0.01 0.01 1.0 0.996815286624203 0.998407643 20.04 0.13 
1.0 0.476305553807032 0.300202928 -0.01 0.0 1.0 0.995798319327731 0.99789916 0.68 0.07 
0.0 0.021489805529056 0.010744903 0.0 0.0 1.0 1.0 1.0 0.0 0.0 
1.0 0.968808741745457 0.509665732 0.01 0.05 0.994152046783625 0.994152046783625 0.994152047 380.22 0.12 
0.0 1.30511164817586 0.652555824 -0.04 0.03 0.971204188481675 0.992146596858638 0.981675393 24.02 0.06 
1.0 0.646590470207932 0.617280351 0.49 0.79 0.75 0.75 0.75 770.03 1.87 
0.0 0.0769984593778077 0.118978265 0.0 0.0 1.0 1.0 1.0 0.13 0.02 
1.0 0.877425738443004 0.604144319 -0.01 0.07 0.989090909090909 0.989090909090909 0.989090909 280.97 0.13 
0.0 0.0617684851168838 0.030884243 0.0 0.0 1.0 1.0 1.0 0.0 0.0 
1.0 0.0285061105798471 0.014253055 0.0 0.0 1.0 1.0 1.0 0.0 0.0 
0.0 0.898863875971626 0.532363375 0.0 0.02 1.0 0.925696594427244 0.962848297 10.03 0.05 
1.0 0.0619284306269321 0.183217041 0.01 0.01 1.0 0.996960486322188 0.998480243 18.43 0.1 
0.0 0.0912364670409079 0.736267458 0.0 0.02 1.0 0.971786833855799 0.985893417 23.28 0.07 
1.0 0.826701080184217 0.95391944 0.01 0.28 1.0 1.0 1.0 180.39 1.13 
0.0 0.063656672390851 0.119746663 0.0 0.0 1.0 1.0 1.0 0.15 0.02 
1.0 0.912876325880828 0.612573902 -0.02 0.04 1.0 1.0 1.0 22.88 0.38 
0.0 0.440063122201629 0.230357604 0.02 0.02 0.996969696969696 0.996969696969696 0.996969697 330.14 0.08 
1.0 0.0 0.0 0.0 0.0 1.0 1.0 1.0 0.0 0.0 
0.0 0.369205600782166 0.202536882 0.0 0.01 1.0 0.909793814432989 0.954896907 22.07 0.06 
1.0 0.806682219897062 0.967993596 0.0 0.21 1.0 1.0 1.0 374.06 0.81 
0.0 0.0665854743974204 0.049871933 0.0 0.01 0.979057591623036 0.984293193717277 0.981675393 14.55 0.17 
1.0 0.758550205750609 0.379275103 0.0 0.0 1.0 0.996874999999999 0.9984375 0.0 0.0 
0.0 0.038060092151583 0.038060092 0.0 0.0 1.0 1.0 1.0 0.01 0.0 
1.0 0.022993637240889 0.022993637 0.0 0.0 1.0 1.0 1.0 0.0 0.24 
0.0 0.218738079392867 0.10936904 0.0 0.0 0.980263157894736 0.996710526315789 0.988486842 0.32 0.04 
1.0 0.542153334422595 0.542153334 -0.14 0.0 1.0 1.0 1.0 0.0 2.27 
0.0 0.836902271913767 1.015224569 0.05 0.18 0.899484536082474 0.997422680412371 0.948453608 394.51 0.02 
1.0 0.0203881511698506 0.020388151 0.07 0.07 0.991097922848664 0.991097922848664 0.991097923 674.0 0.65 
0.0 0.568237555072452 0.848842163 -0.05 0.08 0.994318181818181 0.99715909090909 0.995738636 570.72 0.06 
1.0 0.555976572448074 0.502432821 0.0 0.05 1.0 0.995780590717299 0.997890295 67.57 0.07 
0.0 0.0243552454938662 0.012177623 0.0 0.0 1.0 0.996323529411764 0.998161765 0.0 0.0 
1.0 0.0759774505806457 0.075977451 0.0 0.0 1.0 1.0 1.0 0.0 0.76 
0.0 0.235649142468084 0.117824571 0.0 0.0 1.0 1.0 1.0 0.0 0.0 
1.0 0.2263212832386 0.113160642 0.0 0.0 1.0 1.0 1.0 0.0 0.0 
0.0 0.0764127049519044 0.038206352 0.0 0.0 1.0 1.0 1.0 0.0 0.0 
1.0 2.45353992833132 1.332700906 0.01 0.12 0.958579881656804 0.997041420118343 0.977810651 376.97 0.04 
0.0 0.170138956666946 0.085069478 0.0 0.0 1.0 0.91640866873065 0.958204334 0.0 0.0 
1.0 0.118998835249055 0.111241167 0.38 0.46 0.842565597667638 0.845481049562682 0.844023324 876.87 2.26 
0.0 0.134944497927267 0.133492604 0.0 0.02 0.883280757097791 0.993690851735015 0.938485804 79.42 0.02 
1.0 0.709823998265026 0.585705227 0.03 0.1 0.988636363636363 0.988636363636363 0.988636364 374.62 0.06 
0.0 0.0645814363776275 0.050462714 0.0 0.0 1.0 0.997032640949554 0.99851632 0.03 0.0 
1.0 0.0 0.0 0.0 0.0 1.0 1.0 1.0 0.0 0.0 
0.0 0.0 0.0 0.0 0.0 1.0 1.0 1.0 0.0 0.0 
1.0 0.996335770611198 0.508712873 0.21 0.31 0.903954802259887 0.906779661016949 0.905367232 400.59 1.3 
0.0 0.74676706718483 0.373383534 0.0 0.0 1.0 1.0 1.0 0.0 0.0 
1.0 0.0690585676413284 0.069058568 0.0 0.0 1.0 1.0 1.0 0.0 0.58 
0.0 0.857913377448543 0.725153724 -0.07 0.01 1.0 0.991913746630727 0.995956873 3.21 0.05 
1.0 0.0 0.0 0.0 0.0 1.0 1.0 1.0 0.0 0.0 
0.0 0.0 0.0 0.0 0.0 1.0 0.988593155893536 0.994296578 0.0 0.0 
1.0 0.545827844233365 1.279282445 0.21 0.55 0.628491620111731 0.670391061452513 0.649441341 331.06 0.44 
0.0 0.0788244752788959 0.039412238 0.0 0.0 0.970260223048327 0.99628252788104 0.983271375 0.04 0.01 
1.0 0.0676085614974587 0.24185902 0.01 0.02 1.0 0.997206703910614 0.998603352 358.27 0.07 
0.0 0.0586151312253593 0.029307566 0.0 0.0 1.0 1.0 1.0 0.0 0.0 
1.0 0.498347501879491 0.249173751 0.0 0.0 1.0 1.0 1.0 0.0 0.0 
0.0 0.0 0.0 0.0 0.0 1.0 1.0 1.0 0.0 0.0 
1.0 0.551878325578596 0.341784941 0.05 0.06 1.0 1.0 1.0 57.34 0.65 
0.0 0.0589220138302771 0.055947649 0.0 0.0 1.0 1.0 1.0 0.03 0.0 
1.0 0.0208139940747914 0.020813994 0.0 0.0 0.996941896024464 0.996941896024464 0.996941896 0.0 0.37 
0.0 0.407701828830892 0.781438231 -0.14 0.07 0.894329896907216 0.963917525773195 0.929123711 42.1 0.15 
1.0 0.870055851611776 0.445222001 0.01 0.05 0.991097922848664 0.991097922848664 0.991097923 338.35 0.13 
0.0 0.703466545671197 0.351733273 0.0 0.0 1.0 0.978658536585365 0.989329268 0.0 0.0 
1.0 0.834694147442099 0.436937005 0.01 0.02 1.0 0.996763754045307 0.998381877 309.63 0.03 
0.0 0.0429694362376849 0.021484718 0.0 0.0 1.0 1.0 1.0 0.0 0.0 
1.0 0.675070823078018 0.337535412 -0.02 0.0 1.0 0.984375 0.9921875 0.73 0.09 
0.0 1.19354686623768 0.596773433 -0.06 0.04 0.871134020618556 0.899484536082474 0.885309278 27.25 0.41 
1.0 0.314658948294986 0.216005231 0.19 0.25 0.913544668587896 0.922190201729106 0.917867435 310.91 1.4 
0.0 0.0862286309517237 0.043114315 0.0 0.0 1.0 1.0 1.0 0.0 0.0 
1.0 0.913317885274018 0.967398043 0.05 0.24 1.0 1.0 1.0 100.49 0.33 
0.0 1.03428977586783 1.031209067 0.09 0.4 1.0 1.0 1.0 265.42 0.04 
1.0 0.186970843565625 0.093485422 0.0 0.0 1.0 1.0 1.0 0.0 0.0 
0.0 0.0 0.0 0.0 0.0 1.0 0.995689655172413 0.997844828 0.0 0.0 
1.0 0.839248804382156 0.57392809 0.06 0.18 0.992277992277992 0.992277992277992 0.992277992 523.91 0.5 
0.0 0.921285516425012 0.546636046 0.01 0.02 1.0 1.0 1.0 6.62 0.07 
