1.0 0.524353592988367 0.961997635 0.12 0.28 0.997214484679665 0.997214484679665 0.997214485 551.48 0.53 
0.0 0.0982620565325183 0.468244658 -0.07 0.02 0.899484536082474 0.90721649484536 0.903350515 11.1 0.23 
1.0 0.06475291319563 0.307271214 0.0 0.01 0.928571428571428 0.997354497354497 0.962962963 8.18 0.01 
0.0 0.400197728931149 1.179853954 0.02 0.32 0.871134020618556 0.945876288659793 0.908505155 640.6 0.18 
1.0 0.02661932885159 0.026619329 0.05 0.05 0.995918367346938 0.995918367346938 0.995918367 490.0 0.43 
0.0 0.9374723317261 0.468736166 0.0 0.0 1.0 0.987068965517241 0.993534483 0.0 0.0 
1.0 0.0800824403230776 0.04004122 0.0 0.0 1.0 1.0 1.0 0.0 0.0 
0.0 0.441370542519562 0.28749234 -0.02 0.01 1.0 0.984177215189873 0.992088608 10.92 0.09 
1.0 0.0 0.0 0.0 0.0 1.0 1.0 1.0 0.0 0.0 
0.0 0.214482853675317 0.625854997 0.01 0.06 1.0 0.84020618556701 0.920103093 115.15 0.02 
1.0 0.0399525207249724 0.01997626 0.0 0.0 1.0 1.0 1.0 0.0 0.0 
0.0 0.033762029511268 0.016881015 0.0 0.0 1.0 1.0 1.0 0.0 0.0 
1.0 0.37714652697009 0.25410022 0.31 0.67 0.663043478260869 0.663043478260869 0.663043478 218.47 2.79 
0.0 0.477004403110432 0.249547236 -0.01 0.0 0.980645161290322 0.996774193548387 0.988709677 2.07 0.02 
1.0 0.0263455923390652 0.026345592 0.0 0.0 1.0 1.0 1.0 0.0 0.0 
0.0 0.837457844093488 0.552204213 -0.01 0.02 1.0 0.961988304093567 0.980994152 10.98 0.12 
1.0 0.0 0.0 0.02 0.02 0.996268656716417 0.996268656716417 0.996268657 268.0 0.28 
0.0 0.132624327667699 0.066312164 0.0 0.0 1.0 1.0 1.0 0.0 0.0 
1.0 0.656837738121801 0.913530305 0.04 0.49 1.0 0.997101449275362 0.998550725 483.65 1.19 
0.0 0.0 0.0 0.0 0.0 1.0 0.996710526315789 0.998355263 0.0 0.0 
1.0 0.2263212832386 0.113160642 0.0 0.0 1.0 1.0 1.0 0.0 0.0 
0.0 0.0793576731530485 0.039678837 0.0 0.0 0.95575221238938 0.99410029498525 0.974926254 0.12 0.02 
1.0 0.199781317614078 0.956538827 0.36 0.69 0.47769028871391 0.485564304461942 0.481627297 404.62 0.27 
0.0 0.0429694362376849 0.139687261 0.01 0.01 1.0 1.0 1.0 23.28 0.12 
1.0 0.601394154776991 1.002824603 0.06 0.22 1.0 0.991549295774647 0.995774648 239.06 0.39 
0.0 0.764887109287822 0.473089744 0.0 0.04 1.0 0.90721649484536 0.953608247 66.6 0.28 
1.0 0.0223403798434835 0.01117019 0.1 0.11 0.977198697068403 0.977198697068403 0.977198697 307.0 0.93 
0.0 1.36250006634303 1.350843549 0.01 0.26 1.0 1.0 1.0 339.41 0.07 
1.0 0.0350433959664759 0.10934127 0.05 0.06 0.985994397759103 0.985994397759103 0.985994398 270.14 0.47 
0.0 0.0461365951180433 0.035976224 0.0 0.0 1.0 1.0 1.0 0.01 0.0 
1.0 0.0 0.0 0.0 0.0 1.0 1.0 1.0 0.0 0.0 
0.0 0.836902271913767 0.418451136 0.0 0.0 1.0 0.997422680412371 0.99871134 0.0 0.0 
1.0 0.305126155084017 0.152563078 0.0 0.0 1.0 0.994565217391304 0.997282609 0.0 0.0 
0.0 0.184459293937031 0.158075425 0.0 0.0 1.0 1.0 1.0 0.44 0.05 
1.0 0.0 0.0 0.0 0.0 1.0 1.0 1.0 0.0 0.0 
0.0 0.472969912501066 0.435329513 0.12 0.15 0.979228486646884 0.982195845697329 0.980712166 408.23 0.64 
1.0 0.0386572159431509 0.109466458 0.0 0.0 1.0 1.0 1.0 0.06 0.01 
0.0 0.0570560174613129 0.028528009 0.0 0.0 1.0 1.0 1.0 0.0 0.0 
1.0 0.619066288955174 0.333797472 0.01 0.02 1.0 1.0 1.0 12.1 0.22 
0.0 0.0187247707446828 0.009362385 0.0 0.0 0.994609164420485 0.997304582210242 0.995956873 0.01 0.0 
1.0 0.0209234528265329 0.098732267 0.12 0.15 0.936416184971098 0.95664739884393 0.946531792 247.14 1.17 
0.0 0.717885385512261 0.358942693 0.11 0.15 0.958990536277602 0.962145110410094 0.960567823 291.66 0.42 
1.0 0.0814830923424272 0.372691788 0.01 0.02 1.0 1.0 1.0 314.74 0.02 
0.0 1.34261883954671 1.206580665 0.03 0.14 1.0 0.894329896907216 0.947164948 210.78 0.29 
1.0 1.08958039144791 0.595783487 -0.01 0.01 1.0 1.0 1.0 3.72 0.15 
0.0 0.10502574337867 0.052512872 0.0 0.0 1.0 0.995689655172413 0.997844828 0.02 0.0 
1.0 0.0 0.0 0.0 0.0 1.0 1.0 1.0 0.0 0.0 
0.0 0.954786664104014 0.498053653 0.01 0.01 1.0 1.0 1.0 217.42 0.04 
1.0 0.160156230477025 0.16015623 -0.01 0.0 1.0 1.0 1.0 0.0 0.97 
0.0 0.507423749189171 0.331528926 -0.03 0.02 1.0 0.894329896907216 0.947164948 18.37 0.25 
1.0 0.0731281173561998 0.095476481 0.01 0.01 1.0 1.0 1.0 40.18 0.17 
0.0 0.749601204475194 0.590520243 -0.03 0.05 1.0 0.997134670487106 0.998567335 113.49 0.33 
1.0 0.235649142468084 0.198623688 0.05 0.06 1.0 1.0 1.0 268.96 0.39 
0.0 0.0 0.0 0.0 0.0 1.0 1.0 1.0 0.0 0.0 
1.0 0.0668573928469679 0.033428696 0.0 0.0 1.0 1.0 1.0 0.0 0.0 
0.0 0.0475098133127893 0.18593947 0.0 0.0 1.0 0.978494623655913 0.989247312 0.22 0.03 
1.0 0.0 0.0 0.0 0.0 1.0 1.0 1.0 0.0 0.0 
0.0 0.0392676281005356 0.019633814 0.0 0.0 1.0 0.997134670487106 0.998567335 0.01 0.0 
1.0 0.0 0.0 0.0 0.0 1.0 1.0 1.0 0.0 0.0 
0.0 0.0 0.0 0.0 0.0 1.0 1.0 1.0 0.0 0.0 
1.0 0.0600239093195218 0.040756857 0.0 0.0 1.0 1.0 1.0 0.01 0.0 
0.0 0.0222144687344339 0.011107234 0.0 0.0 1.0 1.0 1.0 0.0 0.0 
1.0 0.0 0.0 0.0 0.0 1.0 1.0 1.0 0.0 0.0 
0.0 0.038968982908286 0.030200339 0.0 0.0 0.977917981072555 0.993690851735015 0.985804416 0.09 0.01 
1.0 0.130389858578722 0.115766452 0.0 0.0 1.0 0.996644295302013 0.998322148 0.14 0.02 
0.0 0.0806876948307314 0.199768025 -0.01 0.0 1.0 0.987616099071207 0.99380805 0.78 0.07 
1.0 0.0595497485258183 0.029774874 0.0 0.0 1.0 1.0 1.0 0.0 0.0 
0.0 0.0215482557268673 0.021548256 0.02 0.02 1.0 1.0 1.0 313.0 0.26 
1.0 0.78234378781173 0.602728031 0.02 0.04 1.0 1.0 1.0 324.37 0.31 
0.0 0.545718595678117 0.792846078 0.02 0.16 1.0 0.997032640949554 0.99851632 370.69 0.17 
1.0 0.990882265262347 0.495441133 0.07 0.13 0.971518987341772 0.971518987341772 0.971518987 316.0 0.32 
0.0 0.0 0.0 0.0 0.0 1.0 0.996865203761755 0.998432602 0.0 0.0 
1.0 0.0411950173244082 0.077537702 0.16 0.19 0.966666666666666 0.966666666666666 0.966666667 600.0 1.34 
0.0 0.0322952391734162 0.01614762 0.0 0.0 1.0 1.0 1.0 0.0 0.0 
1.0 0.287459069803765 0.143729535 0.0 0.0 1.0 1.0 1.0 0.0 0.0 
0.0 0.155634101835094 0.679654877 0.17 0.32 0.894329896907216 0.902061855670103 0.898195876 390.89 0.47 
1.0 0.0209786462403052 0.010489323 0.0 0.0 1.0 1.0 1.0 0.0 0.0 
0.0 0.0777411197866119 0.250178197 0.0 0.0 1.0 1.0 1.0 0.49 0.05 
1.0 0.239946151255037 0.706022725 0.02 0.09 0.994623655913978 0.994623655913978 0.994623656 441.11 0.22 
0.0 0.0810482611891956 0.051182368 0.0 0.0 1.0 0.996845425867507 0.998422713 0.02 0.0 
1.0 0.431439280559023 0.84351015 0.0 0.13 1.0 1.0 1.0 249.79 0.27 
0.0 0.0 0.0 0.0 0.0 1.0 1.0 1.0 0.0 0.0 
1.0 0.109393857253219 0.054696929 0.0 0.0 1.0 1.0 1.0 0.0 0.0 
0.0 0.0604982941023021 0.083069388 0.0 0.0 1.0 1.0 1.0 0.05 0.01 
1.0 0.73799737083685 0.379714532 0.03 0.03 0.993690851735015 0.996845425867507 0.995268139 263.58 0.09 
0.0 0.227398635110816 0.113699318 0.0 0.0 1.0 0.378881987577639 0.689440994 0.0 0.0 
1.0 0.0 0.0 0.0 0.0 1.0 1.0 1.0 0.0 0.0 
0.0 0.104621424433124 0.052310712 0.02 0.02 0.996763754045307 0.996763754045307 0.996763754 309.0 0.17 
1.0 0.0599541287844177 0.080714795 0.02 0.02 0.992277992277992 0.996138996138996 0.994208494 129.04 0.18 
0.0 0.0239068963031024 0.011953448 0.0 0.0 1.0 1.0 1.0 0.0 0.0 
1.0 0.153038278780851 0.153038279 -0.01 0.0 1.0 1.0 1.0 0.0 1.02 
0.0 0.0 0.0 0.0 0.0 1.0 1.0 1.0 0.0 0.0 
1.0 1.46489640594791 1.245019338 0.14 0.61 0.98473282442748 0.994910941475826 0.989821883 421.03 0.09 
0.0 0.0620199882194553 0.031009994 -0.01 0.0 0.929230769230769 0.993846153846153 0.961538462 0.17 0.02 
1.0 0.136389206537383 0.068194603 0.02 0.02 0.996794871794871 0.996794871794871 0.996794872 312.0 0.16 
0.0 0.183263270427093 0.091631635 0.0 0.0 0.970772442588726 0.997912317327766 0.98434238 0.06 0.01 
1.0 0.994849321286294 0.609971221 0.0 0.06 1.0 1.0 1.0 72.03 0.24 
0.0 0.0234758940935979 0.093894574 0.0 0.0 1.0 1.0 1.0 0.04 0.01 
1.0 0.120510910297321 0.060255455 0.0 0.0 1.0 1.0 1.0 0.0 0.0 
0.0 0.0486130361899837 0.031805016 0.0 0.0 0.991649269311064 0.997912317327766 0.994780793 0.03 0.0 
1.0 0.769499878113342 0.437545524 0.04 0.09 0.985250737463126 0.985250737463126 0.985250737 349.9 0.31 
0.0 0.0771462314252572 0.146958245 0.0 0.0 1.0 0.993006993006993 0.996503497 0.2 0.03 
1.0 0.912876325880828 0.612573902 -0.02 0.04 1.0 1.0 1.0 22.88 0.38 
0.0 0.0429694362376849 0.200611774 0.02 0.02 1.0 1.0 1.0 314.1 0.1 
1.0 0.0277783581726275 0.013889179 0.0 0.0 1.0 1.0 1.0 0.0 0.0 
0.0 0.0413206420085713 0.762812359 0.0 0.01 1.0 0.997455470737913 0.998727735 4.1 0.03 
1.0 0.0486977352912609 0.048697735 0.0 0.0 0.995798319327731 0.995798319327731 0.995798319 0.0 0.64 
0.0 0.430391022925244 0.224579646 0.0 0.0 1.0 0.991913746630727 0.995956873 0.46 0.04 
1.0 0.0 0.0 0.0 0.0 1.0 1.0 1.0 0.0 0.0 
0.0 0.0868399065197451 0.071190838 0.02 0.02 1.0 0.996774193548387 0.998387097 310.02 0.17 
1.0 0.837457844093488 0.746652747 0.11 0.26 0.961988304093567 0.964912280701754 0.963450292 454.45 0.86 
0.0 0.772559187083392 1.057589013 0.09 0.5 0.891752577319587 0.894329896907216 0.893041237 511.13 0.23 
1.0 0.0270894082753977 0.013544704 0.0 0.0 1.0 1.0 1.0 0.0 0.0 
0.0 0.102932002078561 0.051466001 0.0 0.0 1.0 1.0 1.0 0.0 0.0 
1.0 0.181495060276128 0.142110339 0.02 0.02 1.0 1.0 1.0 51.03 0.3 
0.0 0.0 0.0 0.0 0.0 1.0 0.992857142857142 0.996428571 0.0 0.0 
1.0 0.0215482557268673 0.08983934 0.02 0.02 0.996815286624203 0.996815286624203 0.996815287 314.03 0.14 
0.0 0.0269939695435285 0.122554803 0.0 0.0 1.0 0.845833333333333 0.922916667 0.23 0.03 
1.0 0.0956577968571376 0.047828898 0.03 0.03 0.994490358126721 0.994490358126721 0.994490358 363.0 0.27 
0.0 0.28808902035702 0.154478795 0.0 0.0 1.0 0.932307692307692 0.966153846 0.14 0.02 
1.0 0.434981809734327 0.217490905 0.0 0.0 1.0 1.0 1.0 0.0 0.0 
0.0 0.0605098655008392 0.241612785 -0.01 0.0 0.980891719745222 0.990445859872611 0.98566879 1.08 0.1 
1.0 0.190472447016791 0.71564926 0.1 0.25 0.93859649122807 0.944444444444444 0.941520468 344.77 0.41 
0.0 0.0800824403230776 0.04004122 0.0 0.0 1.0 1.0 1.0 0.0 0.0 
1.0 0.211005687877705 1.085257933 0.1 0.29 0.943298969072164 0.945876288659793 0.944587629 672.45 0.21 
0.0 0.0259898735319368 0.012994937 0.02 0.02 0.992094861660079 0.996047430830039 0.994071146 126.0 0.24 
1.0 0.0769984593778077 0.03849923 0.0 0.0 1.0 1.0 1.0 0.0 0.0 
0.0 0.0383614089131149 0.019180704 0.0 0.0 1.0 1.0 1.0 0.0 0.0 
1.0 0.0612323647247525 0.030616182 0.0 0.0 1.0 1.0 1.0 0.0 0.0 
0.0 0.944383321007792 0.88787806 0.04 0.35 1.0 0.997032640949554 0.99851632 210.65 0.38 
1.0 0.235649142468084 0.641346659 -0.02 0.03 1.0 1.0 1.0 18.08 0.02 
0.0 0.0898033804732823 0.085425821 -0.02 0.0 0.940063091482649 0.996845425867507 0.968454259 0.4 0.05 
1.0 0.0220284283205545 0.011014214 0.1 0.12 0.97444089456869 0.97444089456869 0.974440895 313.0 0.98 
0.0 0.0519638107663966 0.090023647 0.0 0.0 1.0 1.0 1.0 0.05 0.01 
1.0 0.0 0.0 0.0 0.0 1.0 1.0 1.0 0.0 0.0 
0.0 0.0666767281676593 0.054800762 0.01 0.02 1.0 0.99638989169675 0.998194946 277.01 0.19 
1.0 0.97256270099789 1.371419896 -0.05 0.38 1.0 1.0 1.0 429.09 0.43 
0.0 0.0679092078242415 0.170253497 0.0 0.0 1.0 1.0 1.0 5.11 0.1 
1.0 0.764887109287822 0.481273123 0.17 0.37 0.90721649484536 0.90721649484536 0.907216495 686.03 1.32 
0.0 0.710658978106077 0.588971536 -0.1 0.02 1.0 0.870662460567823 0.93533123 7.11 0.02 
1.0 0.823249476496926 0.477410394 0.07 0.07 1.0 1.0 1.0 330.93 0.12 
0.0 0.257915010289319 0.128957505 0.0 0.0 1.0 1.0 1.0 0.0 0.0 
1.0 0.0700542808754984 0.1233413 0.0 0.0 1.0 1.0 1.0 0.18 0.02 
0.0 0.339275346943621 0.242949313 0.0 0.01 1.0 1.0 1.0 12.67 0.21 
1.0 0.549362566380034 0.428826971 0.01 0.04 1.0 0.726315789473684 0.863157895 36.28 0.25 
0.0 0.0420406911276813 0.021020346 0.0 0.0 1.0 1.0 1.0 0.0 0.0 
1.0 0.0722599480341395 0.100492717 0.0 0.0 1.0 0.969613259668508 0.98480663 0.21 0.02 
0.0 0.0205987150611097 0.085269362 0.0 0.0 0.99099099099099 0.996996996996996 0.993993994 0.13 0.02 
1.0 0.0212025770039786 0.010601289 0.0 0.0 1.0 1.0 1.0 0.0 0.0 
0.0 0.0262556850879242 0.013127843 0.0 0.0 1.0 0.995983935742971 0.997991968 0.0 0.0 
1.0 0.0 0.0 0.12 0.15 0.966165413533834 0.966165413533834 0.966165414 266.0 1.23 
0.0 0.0557409191195386 0.041913113 0.0 0.0 0.987068965517241 0.995689655172413 0.99137931 0.05 0.01 
1.0 0.907374955335904 1.104125259 0.01 0.29 0.985465116279069 0.985465116279069 0.985465116 513.98 0.96 
0.0 0.685319188258604 0.37196716 0.0 0.0 1.0 1.0 1.0 1.34 0.07 
1.0 0.0601849586562254 0.057469865 0.0 0.0 1.0 0.996815286624203 0.998407643 0.02 0.0 
0.0 0.693692650812902 0.357066505 -0.01 0.0 1.0 0.828828828828828 0.914414414 0.8 0.03 
1.0 0.236405085826691 0.118202543 0.0 0.0 1.0 1.0 1.0 0.0 0.0 
0.0 0.0852840997605255 0.04264205 0.0 0.0 1.0 0.891025641025641 0.945512821 0.0 0.0 
1.0 0.0605098655008392 0.102559662 0.05 0.05 0.990445859872611 0.990445859872611 0.99044586 314.08 0.35 
0.0 0.838455913773507 0.629310275 -0.06 0.05 1.0 0.935567010309278 0.967783505 59.9 0.15 
1.0 0.0 0.0 0.0 0.0 1.0 1.0 1.0 0.0 0.0 
0.0 0.281198134803726 0.718186384 -0.02 0.06 0.963917525773195 0.997422680412371 0.980670103 73.02 0.05 
1.0 0.0411950173244082 0.032094327 0.0 0.0 1.0 1.0 1.0 0.01 0.0 
0.0 0.836902271913767 0.427419842 0.0 0.0 1.0 0.997422680412371 0.99871134 0.25 0.02 
1.0 0.0980391132797319 0.049019557 0.0 0.0 1.0 1.0 1.0 0.0 0.0 
0.0 0.0604982941023021 0.060498294 0.0 0.0 1.0 1.0 1.0 0.0 0.67 
1.0 0.143080545316285 0.136282249 0.17 0.2 0.921875 0.96875 0.9453125 464.29 1.48 
0.0 0.0601849586562254 0.149708 0.0 0.0 1.0 0.996815286624203 0.998407643 0.2 0.02 
1.0 0.0 0.0 0.0 0.0 1.0 1.0 1.0 0.0 0.0 
0.0 0.0862286309517237 0.043114315 0.0 0.0 1.0 1.0 1.0 0.0 0.0 
1.0 2.01735539792581 1.651766727 0.08 0.54 0.969230769230769 0.974358974358974 0.971794872 1034.41 0.02 
0.0 0.0279821836452784 0.027880271 0.0 0.0 1.0 0.991379310344827 0.995689655 0.01 0.0 
1.0 0.0949241594483574 0.070249629 0.0 0.0 1.0 1.0 1.0 0.03 0.01 
0.0 0.675764335158092 0.337882168 -0.01 0.0 0.982078853046595 0.989247311827956 0.985663082 0.36 0.02 
1.0 0.0869592562665178 0.043479628 0.0 0.0 1.0 0.995999999999999 0.998 0.0 0.0 
0.0 0.694282668498343 0.424958385 -0.01 0.03 0.894329896907216 0.994845360824742 0.944587629 26.2 0.07 
1.0 0.0 0.0 0.24 0.26 0.925925925925925 0.925925925925925 0.925925926 270.0 1.94 
0.0 0.0 0.0 0.0 0.0 1.0 0.900928792569659 0.950464396 0.0 0.0 
1.0 0.795416396299481 0.760423068 -0.03 0.18 1.0 1.0 1.0 99.3 0.35 
0.0 0.050319038811679 0.025159519 0.0 0.0 1.0 1.0 1.0 0.0 0.0 
1.0 0.171924045593234 0.149531389 0.04 0.05 0.990624999999999 0.990624999999999 0.990625 320.28 0.27 
0.0 1.13037775044001 0.620052217 -0.07 0.04 1.0 0.97324414715719 0.986622074 18.35 0.0 
1.0 0.048641233763665 0.024320617 0.0 0.0 1.0 1.0 1.0 0.0 0.0 
0.0 0.0 0.0 0.0 0.0 1.0 1.0 1.0 0.0 0.0 
1.0 0.663969904184248 0.331984952 0.0 0.0 1.0 1.0 1.0 0.0 0.0 
0.0 0.83443423629989 0.670488667 0.02 0.16 1.0 1.0 1.0 41.8 0.99 
1.0 0.0239068963031024 0.011953448 0.01 0.02 1.0 0.99638989169675 0.998194946 277.0 0.28 
0.0 0.0600239093195218 0.087782307 0.0 0.0 1.0 1.0 1.0 0.06 0.01 
1.0 0.834694147442099 0.676685764 -0.01 0.04 1.0 1.0 1.0 27.8 0.47 
0.0 0.944729522285407 0.526251917 -0.14 0.03 0.889589905362776 0.914826498422712 0.902208202 21.35 0.06 
1.0 0.0427377908806097 0.072682088 0.06 0.07 0.9875 0.9875 0.9875 320.04 0.57 
0.0 0.503817112382778 0.265172259 0.0 0.0 1.0 0.959183673469387 0.979591837 0.21 0.02 
1.0 0.0 0.0 0.0 0.0 1.0 1.0 1.0 0.0 0.0 
0.0 0.461097186127269 0.449705464 0.26 0.36 1.0 0.938775510204081 0.969387755 215.97 1.97 
1.0 0.721755058544604 0.387015393 0.03 0.06 0.99195710455764 0.99195710455764 0.991957105 382.81 0.28 
0.0 2.01415351399358 1.062466821 0.01 0.07 1.0 0.997126436781609 0.998563218 125.06 0.13 
1.0 0.0275776979183499 0.013788849 0.0 0.0 1.0 1.0 1.0 0.0 0.0 
0.0 0.454011591519564 0.237750699 0.0 0.0 1.0 1.0 1.0 0.19 0.02 
1.0 0.0215482557268673 0.08983934 0.02 0.02 0.996815286624203 0.996815286624203 0.996815287 314.03 0.14 
0.0 0.742709694902273 0.38209975 0.02 0.02 1.0 0.990445859872611 0.99522293 314.0 0.07 
