1.0 0.0476547865757686 0.085440157 0.27 0.33 0.908196721311475 0.911475409836065 0.909836066 903.04 1.99 
0.0 0.759257356883298 0.379628678 0.0 0.0 1.0 1.0 1.0 0.0 0.0 
1.0 0.0722599480341395 0.100492717 0.0 0.0 1.0 0.969613259668508 0.98480663 0.21 0.02 
0.0 0.0646970605935975 0.137172202 0.0 0.01 0.97286012526096 0.993736951983298 0.983298539 39.37 0.0 
1.0 0.154603572442691 0.077301786 0.02 0.03 0.995535714285714 0.995535714285714 0.995535714 224.0 0.25 
0.0 0.129647276765605 0.064823638 0.0 0.0 1.0 0.994011976047904 0.997005988 0.02 0.01 
1.0 0.82415316873979 1.184320205 0.13 0.67 0.904191616766467 0.967065868263473 0.935628743 907.77 0.29 
0.0 0.676039487923301 0.349516563 0.0 0.0 1.0 1.0 1.0 1.77 0.04 
1.0 0.890561650446367 1.450401539 0.11 0.45 0.760309278350515 0.896907216494845 0.828608247 734.78 0.18 
0.0 0.712042783029343 0.559872306 0.13 0.33 0.894329896907216 0.899484536082474 0.896907216 380.71 0.53 
1.0 0.0696126878610854 0.377791906 0.06 0.07 0.99074074074074 0.993827160493827 0.992283951 617.06 0.24 
0.0 0.407701828830892 0.788277273 -0.16 0.09 0.889175257731958 0.894329896907216 0.891752577 90.48 0.08 
1.0 0.806682219897062 0.967993596 0.0 0.21 1.0 1.0 1.0 374.06 0.81 
0.0 0.0721777615461715 0.036088881 0.0 0.0 1.0 1.0 1.0 0.0 0.0 
1.0 0.0295044445015376 0.014752222 0.0 0.0 1.0 1.0 1.0 0.0 0.0 
0.0 0.0 0.0 0.0 0.0 1.0 1.0 1.0 0.0 0.0 
1.0 0.0810482611891956 0.061893026 0.04 0.04 0.996845425867507 0.996845425867507 0.996845426 634.01 0.33 
0.0 0.0422824341559714 0.074558045 0.0 0.0 1.0 0.981249999999999 0.990625 0.09 0.01 
1.0 0.457338643081064 1.000564548 0.07 0.75 0.515306122448979 0.989795918367346 0.75255102 546.42 0.14 
0.0 0.923569233939572 0.526503426 0.04 0.1 0.743859649122806 0.943859649122807 0.843859649 61.97 0.38 
1.0 0.860618583456463 0.450956745 -0.01 0.05 0.961988304093567 0.991228070175438 0.976608187 86.88 0.12 
0.0 0.831696082680391 0.42644933 0.01 0.02 1.0 0.996865203761755 0.998432602 319.0 0.07 
1.0 0.0 0.0 0.24 0.26 0.925925925925925 0.925925925925925 0.925925926 270.0 1.94 
0.0 0.0891944327568476 0.194069232 0.02 0.03 0.986013986013986 0.996503496503496 0.991258741 93.98 0.28 
1.0 0.0609818462123076 0.111682232 0.02 0.03 1.0 1.0 1.0 166.52 0.27 
0.0 0.199781317614078 0.956538827 0.36 0.69 0.47769028871391 0.485564304461942 0.481627297 404.62 0.27 
1.0 0.132870040090655 0.06643502 0.18 0.24 0.871134020618556 0.90721649484536 0.889175258 276.57 1.96 
0.0 0.498165535626351 0.270567486 0.0 0.0 1.0 0.996815286624203 0.998407643 0.4 0.04 
1.0 0.0764595424535969 0.407228457 0.0 0.01 1.0 0.996845425867507 0.998422713 3.64 0.02 
0.0 0.853033146507135 0.426516573 0.0 0.0 1.0 0.997032640949554 0.99851632 0.0 0.0 
1.0 0.807048845039503 1.300878141 0.13 0.51 0.936026936026935 0.939393939393939 0.937710438 486.69 0.41 
0.0 0.536057143127903 0.376371504 0.02 0.07 0.962145110410094 0.977917981072555 0.970031546 162.82 0.37 
1.0 0.830237670572683 0.450582974 0.0 0.0 1.0 1.0 1.0 1.34 0.07 
0.0 0.72582065432 0.362910327 0.0 0.0 1.0 1.0 1.0 0.0 0.0 
1.0 1.59890972087256 1.461714237 0.06 0.63 0.992932862190812 0.992932862190812 0.992932862 607.89 0.18 
0.0 0.317699898946662 0.784839881 0.03 0.1 1.0 0.989690721649484 0.994845361 358.12 0.08 
1.0 0.769499878113342 0.437545524 0.04 0.09 0.985250737463126 0.985250737463126 0.985250737 349.9 0.31 
0.0 0.329911761480464 0.271210313 -0.01 0.01 0.932989690721649 0.997422680412371 0.965206186 4.82 0.12 
1.0 0.246308082285007 0.134752888 0.02 0.02 0.996527777777777 0.996527777777777 0.996527778 288.06 0.15 
0.0 0.822961039054412 0.41148052 0.0 0.0 1.0 1.0 1.0 0.0 0.0 
1.0 0.830237670572683 0.686920531 0.03 0.22 1.0 1.0 1.0 243.48 0.87 
0.0 0.0868399065197451 0.071190838 0.02 0.02 1.0 0.996774193548387 0.998387097 310.02 0.17 
1.0 0.348321547235499 0.258279107 0.56 0.67 0.364485981308411 0.364485981308411 0.364485981 426.65 0.81 
0.0 0.87740625145043 0.637547683 -0.01 0.08 1.0 0.979228486646884 0.989614243 290.47 0.11 
1.0 0.910728669886619 1.185695684 0.19 0.56 1.0 1.0 1.0 430.82 1.12 
0.0 0.0 0.0 0.0 0.0 1.0 0.985221674876847 0.992610837 0.0 0.0 
1.0 1.50881147235858 1.296914573 0.19 1.14 0.831578947368421 0.83859649122807 0.835087719 994.93 0.66 
0.0 0.880295985312487 0.942238798 -0.02 0.42 1.0 0.795665634674922 0.897832817 214.79 0.27 
1.0 0.0832846732333399 0.041642337 0.0 0.0 1.0 1.0 1.0 0.0 0.0 
0.0 0.184459293937031 0.092229647 0.0 0.0 1.0 1.0 1.0 0.0 0.0 
1.0 0.0445379124397734 0.078033754 0.1 0.14 0.959999999999999 0.963636363636363 0.961818182 249.1 1.31 
0.0 0.72161012213659 0.882633765 0.07 0.53 1.0 1.0 1.0 328.27 0.11 
1.0 0.0839348094016319 0.051097476 0.02 0.02 0.997375328083989 0.997375328083989 0.997375328 381.01 0.14 
0.0 0.0553960351055113 0.027698018 0.0 0.0 1.0 1.0 1.0 0.0 0.0 
1.0 0.0252259849379112 0.012612992 0.0 0.0 1.0 1.0 1.0 0.0 0.0 
0.0 0.0206520864796601 0.020652086 0.0 0.0 1.0 1.0 1.0 0.0 0.0 
1.0 1.02147820060607 1.017103893 -0.06 0.23 1.0 1.0 1.0 89.04 0.06 
0.0 0.168336301796212 0.084168151 0.0 0.0 1.0 0.996913580246913 0.99845679 0.04 0.01 
1.0 0.0873757859059086 0.055184712 0.0 0.0 1.0 0.996551724137931 0.998275862 0.02 0.0 
0.0 0.0469051485823969 0.023452574 0.0 0.0 1.0 0.96875 0.984375 0.0 0.0 
1.0 0.206192050633231 0.171682594 0.1 0.11 0.978540772532188 0.978540772532188 0.978540773 233.41 0.54 
0.0 0.0507680121046872 0.043083419 0.0 0.0 0.988416988416988 0.996138996138996 0.992277992 0.05 0.01 
1.0 0.0985397007342185 0.04926985 0.0 0.0 1.0 1.0 1.0 0.0 0.0 
0.0 0.0 0.0 0.0 0.0 1.0 1.0 1.0 0.0 0.0 
1.0 0.0 0.0 0.0 0.0 1.0 1.0 1.0 0.0 0.0 
0.0 0.924363198267638 0.523910968 0.03 0.25 0.60062893081761 0.987421383647798 0.794025157 459.77 1.22 
1.0 0.936369487461149 0.745240733 -0.03 0.02 1.0 0.996323529411764 0.998161765 7.85 0.22 
0.0 0.023546567098459 0.023476121 0.0 0.0 1.0 0.992957746478873 0.996478873 0.01 0.0 
1.0 0.857913377448543 0.438319074 0.04 0.05 0.991913746630727 0.994609164420485 0.993261456 371.0 0.15 
0.0 0.711252800266253 0.3556264 0.0 0.0 1.0 0.995918367346938 0.997959184 0.26 0.03 
1.0 0.0392862289344921 0.030596237 0.0 0.0 1.0 1.0 1.0 0.01 0.0 
0.0 0.779657777840341 0.716283729 -0.08 0.02 1.0 1.0 1.0 11.28 0.03 
1.0 0.0 0.0 0.0 0.0 1.0 1.0 1.0 0.0 0.0 
0.0 0.574573852189215 0.502482438 -0.03 0.0 1.0 1.0 1.0 2.23 0.04 
1.0 0.0 0.0 -0.25 0.0 0.539893617021276 0.539893617021276 0.539893617 0.0 2.01 
0.0 0.618336252718896 0.56244069 0.22 0.4 0.961783439490445 0.968152866242038 0.964968153 439.13 2.27 
1.0 0.236136528478112 0.227437304 -0.01 0.0 0.990131578947368 0.996710526315789 0.993421053 0.99 0.09 
0.0 0.984403653855708 0.802619361 -0.1 0.02 1.0 1.0 1.0 14.02 0.01 
1.0 0.955491897288429 0.562673766 0.01 0.07 0.989795918367346 0.994897959183673 0.992346939 333.53 0.08 
0.0 0.788362224835953 0.538553617 -0.03 0.04 1.0 1.0 1.0 21.95 0.19 
1.0 0.838227258499489 0.518711412 0.25 0.39 0.90721649484536 0.90721649484536 0.907216495 643.23 1.41 
0.0 0.368708208516979 0.239054329 0.05 0.06 0.978593272171253 0.993883792048929 0.986238532 264.9 0.37 
1.0 0.0220900695991859 0.02209007 0.09 0.1 0.980645161290322 0.980645161290322 0.980645161 310.0 0.79 
0.0 0.0714626537686691 0.04764827 0.0 0.0 0.996415770609318 0.996415770609318 0.996415771 0.03 0.01 
1.0 0.902230540632502 1.173940269 0.02 0.62 0.516574585635359 0.975138121546961 0.745856354 407.06 0.34 
0.0 0.608819744380155 0.607961773 0.09 0.16 0.943298969072164 0.989690721649484 0.966494845 351.31 0.81 
1.0 0.584136210697303 0.292068105 0.05 0.09 0.982507288629737 0.982507288629737 0.982507289 343.0 0.33 
0.0 0.0486130361899837 0.12913019 0.0 0.0 0.991649269311064 0.993736951983298 0.992693111 0.45 0.03 
1.0 0.812045541980583 0.41670973 0.01 0.04 0.996845425867507 0.996845425867507 0.996845426 422.0 0.09 
0.0 0.0458410923794206 0.107990025 -0.11 0.01 0.900928792569659 0.91640866873065 0.908668731 5.07 0.31 
1.0 0.432554134926898 0.22702197 0.12 0.14 0.969135802469135 0.969135802469135 0.969135802 324.11 0.8 
0.0 0.281813677977665 0.223782401 -0.01 0.0 1.0 0.966165413533834 0.983082707 1.01 0.1 
1.0 0.0226619610938116 0.022661961 0.29 0.33 0.904907975460122 0.904907975460122 0.904907975 652.0 2.16 
0.0 0.171924045593234 0.085962023 0.0 0.0 1.0 0.990624999999999 0.9953125 0.0 0.0 
1.0 0.0285821223591092 0.014291061 0.0 0.0 1.0 0.996932515337423 0.998466258 0.0 0.0 
0.0 0.0788244752788959 0.061893203 0.16 0.18 0.970260223048327 0.970260223048327 0.970260223 531.39 1.38 
1.0 0.0216070477846688 0.021607048 0.0 0.0 1.0 1.0 1.0 0.0 0.0 
0.0 0.0620199882194553 0.031009994 0.0 0.0 1.0 1.0 1.0 0.0 0.0 
1.0 0.0353803230759327 0.017690162 0.0 0.0 1.0 1.0 1.0 0.0 0.0 
0.0 0.0881809822548464 0.056117674 0.0 0.0 1.0 1.0 1.0 0.01 0.0 
1.0 0.881663204354685 0.637728711 0.21 0.44 0.892638036809815 0.892638036809815 0.892638037 389.35 1.08 
0.0 0.0764595424535969 0.182335466 0.01 0.02 1.0 0.996845425867507 0.998422713 40.64 0.21 
1.0 0.919172254439517 0.638786006 0.03 0.14 0.973760932944606 0.973760932944606 0.973760933 354.67 0.23 
0.0 0.252551178148966 0.20409264 0.16 0.25 0.894329896907216 0.909793814432989 0.902061856 315.9 1.6 
1.0 0.0759774505806457 0.115307452 0.01 0.01 1.0 1.0 1.0 54.1 0.11 
0.0 0.0 0.0 0.0 0.0 1.0 1.0 1.0 0.0 0.0 
1.0 0.0224039112548652 0.011201956 0.0 0.0 1.0 1.0 1.0 0.0 0.0 
0.0 0.318861131135159 0.676575454 -0.04 0.03 1.0 1.0 1.0 82.43 0.01 
1.0 0.0832846732333399 0.083284673 0.0 0.0 1.0 1.0 1.0 0.0 0.74 
0.0 0.155969834440558 0.151532941 -0.01 0.0 1.0 0.991935483870967 0.995967742 0.31 0.05 
1.0 0.0 0.0 0.0 0.0 1.0 0.996415770609318 0.998207885 0.0 0.0 
0.0 1.47021929237855 1.243830926 0.01 0.19 1.0 0.92 0.96 234.83 0.03 
1.0 0.117475622962003 0.058737811 0.0 0.0 1.0 1.0 1.0 0.0 0.0 
0.0 0.0600239093195218 0.051496673 0.0 0.0 1.0 1.0 1.0 0.02 0.0 
1.0 0.0745300361366993 0.095980429 0.0 0.0 1.0 1.0 1.0 0.08 0.01 
0.0 0.761553150571371 0.531177754 0.0 0.04 1.0 1.0 1.0 57.38 0.17 
1.0 0.0789873367431947 0.039493668 0.02 0.03 0.995967741935483 0.995967741935483 0.995967742 248.0 0.21 
0.0 0.712723570894374 0.70107574 -0.01 0.1 1.0 0.971518987341772 0.985759494 59.64 0.05 
1.0 0.0 0.0 0.0 0.0 1.0 1.0 1.0 0.0 0.0 
0.0 0.56619542798145 0.293755952 0.0 0.0 1.0 0.867507886435331 0.933753943 0.33 0.04 
1.0 0.848952015449364 0.752686111 0.17 0.51 0.962264150943396 0.962264150943396 0.962264151 538.89 2.28 
0.0 0.0212025770039786 0.010601289 0.0 0.0 1.0 1.0 1.0 0.0 0.0 
1.0 0.230620583898675 0.115310292 0.0 0.0 1.0 1.0 1.0 0.0 0.0 
0.0 0.0985397007342185 0.04926985 0.0 0.0 1.0 1.0 1.0 0.0 0.0 
1.0 1.30189333173805 0.650946666 0.0 0.0 1.0 0.993333333333333 0.996666667 0.0 0.0 
0.0 0.0690585676413284 0.054163098 0.0 0.0 1.0 1.0 1.0 0.02 0.0 
1.0 0.0419476776352413 0.153413706 0.0 0.0 1.0 1.0 1.0 0.11 0.01 
0.0 0.173749991864006 0.086874996 0.0 0.0 1.0 0.595070422535211 0.797535211 0.0 0.0 
1.0 0.834694147442099 0.436937005 0.01 0.02 1.0 0.996763754045307 0.998381877 309.63 0.03 
0.0 0.252551178148966 0.233517016 0.02 0.05 1.0 0.909793814432989 0.954896907 242.31 0.36 
1.0 0.0 0.0 0.0 0.0 1.0 1.0 1.0 0.0 0.0 
0.0 1.26815775379292 0.634078877 -0.01 0.05 0.983333333333333 0.993333333333333 0.988333333 166.29 0.13 
1.0 0.0731281173561998 0.095476481 0.01 0.01 1.0 1.0 1.0 40.18 0.17 
0.0 0.814553554940188 0.416595987 0.01 0.02 1.0 0.997311827956989 0.998655914 372.89 0.03 
1.0 0.829985145084172 0.504471002 0.03 0.05 1.0 1.0 1.0 202.11 0.28 
0.0 0.0947884450940259 0.047394223 0.0 0.0 1.0 1.0 1.0 0.0 0.0 
1.0 0.0712759023849942 0.092091849 0.1 0.11 0.962750716332378 0.97134670487106 0.967048711 266.19 0.82 
0.0 0.734955557406933 0.53715749 -0.04 0.04 0.886597938144329 0.997422680412371 0.942010309 26.41 0.02 
1.0 0.57640593604551 0.288202968 0.0 0.0 1.0 1.0 1.0 0.0 0.0 
0.0 0.0197345316184079 0.606640699 0.18 0.29 0.894329896907216 0.899484536082474 0.896907216 355.67 0.94 
1.0 0.0 0.0 0.0 0.0 1.0 1.0 1.0 0.0 0.0 
0.0 0.764223250704448 0.560687673 -0.02 0.03 1.0 0.988023952095808 0.994011976 9.86 0.2 
1.0 0.545827844233365 0.332714696 0.01 0.03 1.0 0.670391061452513 0.835195531 16.64 0.31 
0.0 0.0885309930053112 0.044265497 0.0 0.0 1.0 0.971786833855799 0.985893417 0.15 0.02 
1.0 0.0386572159431509 0.109466458 0.0 0.0 1.0 1.0 1.0 0.06 0.01 
0.0 0.281627091645998 0.140813546 0.0 0.0 1.0 1.0 1.0 0.0 0.0 
1.0 0.545648829490156 0.272824415 0.08 0.1 0.980263157894736 0.980263157894736 0.980263158 304.0 0.45 
0.0 0.397689113988211 1.073720162 -0.01 0.12 0.979228486646884 0.997032640949554 0.988130564 180.65 0.13 
1.0 0.0429694362376849 0.032229621 0.0 0.0 1.0 1.0 1.0 0.01 0.0 
0.0 0.0402723695891569 0.020136185 0.02 0.03 0.983333333333333 0.993333333333333 0.988333333 118.8 0.31 
1.0 0.0832790147097544 0.055528686 0.0 0.0 1.0 1.0 1.0 0.01 0.0 
0.0 0.0613389110031691 0.041414358 0.0 0.0 1.0 0.97452229299363 0.987261146 0.04 0.01 
1.0 0.0634322669712523 0.060184746 0.02 0.04 0.996610169491525 0.996610169491525 0.996610169 392.67 0.33 
0.0 0.477004403110432 0.238502202 0.0 0.0 1.0 0.996774193548387 0.998387097 0.0 0.0 
1.0 0.620835068099577 0.952863671 -0.04 0.17 1.0 1.0 1.0 110.55 0.56 
0.0 0.0376557446286782 0.018827872 0.0 0.0 1.0 1.0 1.0 0.0 0.0 
1.0 0.02661932885159 0.026619329 0.05 0.05 0.995918367346938 0.995918367346938 0.995918367 490.0 0.43 
0.0 0.0 0.0 0.0 0.0 1.0 0.955102040816326 0.97755102 0.0 0.0 
1.0 0.893638497319326 0.459947091 0.02 0.05 0.991967871485943 0.995983935742971 0.993975904 249.0 0.1 
0.0 0.0296200410826571 0.014810021 0.0 0.0 1.0 0.99537037037037 0.997685185 0.0 0.0 
1.0 0.613879902284046 0.306939951 0.0 0.0 1.0 1.0 1.0 0.0 0.0 
0.0 0.681152565159923 0.35123452 0.0 0.0 1.0 1.0 1.0 0.73 0.01 
1.0 1.02022496224079 0.510112481 0.05 0.07 0.986979166666666 0.986979166666666 0.986979167 384.0 0.17 
0.0 0.0265274065792525 0.013263703 0.0 0.0 1.0 1.0 1.0 0.0 0.0 
1.0 0.0956577968571376 0.047828898 0.03 0.03 0.994490358126721 0.994490358126721 0.994490358 363.0 0.27 
0.0 0.0265274065792525 0.013263703 0.0 0.0 1.0 0.955102040816326 0.97755102 0.05 0.01 
1.0 0.240038828967687 0.173906571 0.28 0.4 0.883280757097791 0.889589905362776 0.886435331 639.77 2.22 
0.0 0.663900484476424 0.331950242 0.0 0.0 1.0 1.0 1.0 0.0 0.0 
1.0 0.831696082680391 0.426477723 0.01 0.02 0.996865203761755 0.996865203761755 0.996865204 320.14 0.07 
0.0 0.0627602166108864 0.031380108 0.0 0.0 1.0 1.0 1.0 0.0 0.0 
1.0 0.948524432921163 1.007600358 0.15 0.45 1.0 0.991452991452991 0.995726496 370.22 1.79 
0.0 0.0 0.0 0.0 0.0 1.0 1.0 1.0 0.0 0.0 
1.0 0.909661043781435 0.79376876 0.07 0.21 0.959183673469387 0.959183673469387 0.959183673 270.36 0.31 
0.0 0.850713860611363 0.42535693 0.0 0.0 1.0 1.0 1.0 0.0 0.0 
1.0 0.0773036079807894 0.148207939 0.05 0.05 1.0 0.995689655172413 0.997844828 232.05 0.36 
0.0 0.0591785835882164 0.179731673 -0.02 0.01 0.894329896907216 0.997422680412371 0.945876289 2.55 0.13 
1.0 0.0553960351055113 0.055396035 0.0 0.0 1.0 1.0 1.0 0.03 0.01 
0.0 0.387548903664323 0.371590079 0.0 0.02 1.0 1.0 1.0 10.64 0.27 
1.0 0.0262556850879242 0.013127843 0.0 0.0 1.0 1.0 1.0 0.0 0.0 
0.0 0.0205987150611097 0.082775549 0.0 0.0 0.99099099099099 0.996996996996996 0.993993994 0.14 0.02 
1.0 0.171856026877275 0.085928013 0.0 0.0 1.0 1.0 1.0 0.0 0.0 
0.0 0.129262860780606 0.11910927 -0.01 0.0 1.0 0.95045045045045 0.975225225 0.34 0.05 
1.0 0.0 0.0 0.2 0.24 0.924778761061946 0.929203539823008 0.92699115 211.69 1.74 
0.0 0.0956577968571376 0.196818937 -0.01 0.0 1.0 0.994490358126721 0.997245179 0.77 0.06 
1.0 0.0721777615461715 0.336683452 0.0 0.0 1.0 1.0 1.0 1.5 0.09 
0.0 0.0648962222687569 0.032448111 0.0 0.0 1.0 0.994011976047904 0.997005988 0.01 0.0 
1.0 0.0 0.0 0.05 0.05 0.980662983425414 0.988950276243093 0.98480663 205.12 0.56 
0.0 0.122738317259772 0.061369159 0.0 0.0 1.0 1.0 1.0 0.0 0.0 
1.0 0.02427927049306 0.012139635 0.0 0.0 1.0 1.0 1.0 0.0 0.0 
0.0 0.917167089052839 0.458583545 0.0 0.0 1.0 1.0 1.0 0.0 0.0 
1.0 0.0435605050230868 0.032673006 0.15 0.18 0.956656346749226 0.956656346749226 0.956656347 323.01 1.25 
0.0 0.300284761735227 0.746278977 -0.03 0.05 0.894329896907216 0.997422680412371 0.945876289 72.73 0.0 
1.0 0.0 0.0 0.0 0.0 1.0 1.0 1.0 0.0 0.0 
0.0 0.0601849586562254 0.051577197 0.0 0.0 1.0 0.996815286624203 0.998407643 0.03 0.0 
1.0 0.0698679499389159 0.045948189 0.0 0.0 1.0 1.0 1.0 0.01 0.0 
0.0 0.0942049885997985 0.047102494 -0.02 0.0 1.0 0.891737891737891 0.945868946 0.74 0.07 
1.0 0.0555380567855558 0.027769028 0.0 0.0 1.0 1.0 1.0 0.0 0.0 
0.0 0.0222144687344339 0.011107234 0.0 0.0 1.0 1.0 1.0 0.0 0.0 
1.0 0.0232665787339596 0.023266579 0.0 0.0 1.0 1.0 1.0 0.0 0.0 
0.0 0.16606092360647 0.083030462 0.42 0.69 0.539893617021276 0.539893617021276 0.539893617 376.0 1.91 
