1.0 0.0435605050230868 0.032673006 0.15 0.18 0.956656346749226 0.956656346749226 0.956656347 323.01 1.25 
0.0 0.018989047265046 0.100810412 0.11 0.12 0.973118279569892 0.975806451612903 0.974462366 372.0 0.96 
1.0 0.148770568367181 0.074385284 0.0 0.0 1.0 1.0 1.0 0.0 0.0 
0.0 0.0764595424535969 0.271871819 -0.01 0.02 1.0 0.870662460567823 0.93533123 22.5 0.18 
1.0 0.0555380567855558 0.041658207 0.03 0.03 1.0 1.0 1.0 232.0 0.26 
0.0 0.0250627239472686 0.632087824 -0.09 0.01 0.903448275862068 0.982758620689655 0.943103448 8.32 0.06 
1.0 0.100987141924181 0.050493571 0.04 0.05 0.969283276450511 0.986348122866894 0.9778157 128.03 0.45 
0.0 0.846039359308129 0.623430956 0.11 0.22 0.983673469387755 0.983673469387755 0.983673469 921.56 0.7 
1.0 0.710658978106077 0.366045336 0.02 0.02 1.0 0.993690851735015 0.996845426 159.35 0.04 
0.0 0.0924265213022947 0.046213261 0.0 0.0 1.0 0.995689655172413 0.997844828 0.01 0.0 
1.0 0.0 0.0 0.0 0.0 1.0 1.0 1.0 0.0 0.0 
0.0 0.791302656485342 0.567324661 -0.03 0.05 1.0 0.991999999999999 0.996 34.59 0.21 
1.0 0.604811716417282 0.529411654 0.2 0.29 1.0 0.97452229299363 0.987261146 206.28 1.76 
0.0 0.0277783581726275 0.013889179 0.0 0.0 1.0 0.987068965517241 0.993534483 0.01 0.0 
1.0 0.203678007939334 0.111158213 0.0 0.0 1.0 1.0 1.0 0.04 0.0 
0.0 0.502425366099554 0.274205753 -0.01 0.0 1.0 0.997375328083989 0.998687664 0.38 0.03 
1.0 0.0773036079807894 0.052540983 0.0 0.0 1.0 1.0 1.0 0.01 0.0 
0.0 0.0 0.0 0.03 0.03 0.994845360824742 0.994845360824742 0.994845361 194.0 0.33 
1.0 0.468965422650048 0.255567818 0.01 0.01 1.0 1.0 1.0 79.64 0.09 
0.0 0.0 0.0 0.0 0.0 1.0 1.0 1.0 0.0 0.0 
1.0 0.0 0.0 0.0 0.0 1.0 1.0 1.0 0.0 0.0 
0.0 0.0280853074773292 0.014042654 0.0 0.0 1.0 0.987068965517241 0.993534483 0.0 0.0 
1.0 0.869409850419958 0.953013172 -0.01 0.32 0.994269340974212 0.994269340974212 0.994269341 521.26 0.13 
0.0 0.0221520819212152 0.011076041 0.0 0.0 1.0 0.996710526315789 0.998355263 0.0 0.0 
1.0 0.038049545793566 0.019024773 0.02 0.02 0.996874999999999 0.996874999999999 0.996875 320.0 0.19 
0.0 1.03722714015499 0.51861357 0.1 0.21 0.84020618556701 0.871134020618556 0.855670103 201.0 0.9 
1.0 0.048394137828187 0.03629897 0.02 0.02 0.996350364963503 0.996350364963503 0.996350365 274.01 0.2 
0.0 1.30511164817586 1.305111648 -0.43 0.0 0.992146596858638 0.992146596858638 0.992146597 0.0 0.16 
1.0 0.280078744630632 0.140039372 0.16 0.27 0.922600619195046 0.922600619195046 0.922600619 323.0 1.57 
0.0 1.03904150909448 0.519520755 0.0 0.0 1.0 1.0 1.0 0.0 0.0 
1.0 0.02427927049306 0.012139635 0.0 0.0 1.0 1.0 1.0 0.0 0.0 
0.0 0.0 0.0 0.0 0.0 1.0 1.0 1.0 0.0 0.0 
1.0 0.0 0.0 0.03 0.03 0.995708154506437 0.995708154506437 0.995708155 233.0 0.29 
0.0 0.890561650446367 0.535927014 -0.01 0.01 1.0 0.896907216494845 0.948453608 7.17 0.04 
1.0 0.130389858578722 0.123532351 0.08 0.08 0.993288590604026 0.996644295302013 0.994966443 386.1 0.71 
0.0 0.878410842924781 1.206222817 0.1 0.63 0.985795454545454 0.988636363636363 0.987215909 615.07 0.46 
1.0 0.0429247950234865 0.021462398 0.01 0.02 0.99638989169675 0.99638989169675 0.996389892 277.0 0.25 
0.0 0.716825848845551 0.493436943 -0.01 0.04 1.0 1.0 1.0 14.15 0.24 
1.0 0.0 0.0 0.0 0.0 1.0 1.0 1.0 0.0 0.0 
0.0 0.769719561177718 0.724232079 -0.01 0.13 1.0 1.0 1.0 73.39 0.34 
1.0 0.0 0.0 0.0 0.0 1.0 1.0 1.0 0.0 0.0 
0.0 0.0546588236180275 0.027329412 0.0 0.0 1.0 1.0 1.0 0.0 0.0 
1.0 0.0217855061668038 0.010892753 0.0 0.0 1.0 1.0 1.0 0.0 0.0 
0.0 0.0885309930053112 0.054866785 0.0 0.0 1.0 1.0 1.0 0.02 0.0 
1.0 0.703919520440489 0.954536195 -0.03 0.13 1.0 1.0 1.0 466.99 0.43 
0.0 0.777296027024072 0.487477582 0.11 0.32 0.899484536082474 0.90721649484536 0.903350515 728.14 1.02 
1.0 0.017741822561726 0.060660686 0.0 0.0 1.0 1.0 1.0 0.02 0.0 
0.0 0.699834449646165 0.349917225 -0.06 0.07 0.237918215613382 0.966542750929368 0.602230483 23.13 0.27 
1.0 0.568250342771362 0.311454583 0.01 0.02 1.0 1.0 1.0 18.25 0.24 
0.0 0.0 0.0 0.0 0.0 1.0 1.0 1.0 0.0 0.0 
1.0 0.0 0.0 0.0 0.0 1.0 1.0 1.0 0.0 0.0 
0.0 0.099623389466162 0.076163312 0.0 0.0 1.0 0.910216718266253 0.955108359 0.37 0.04 
1.0 0.0863128372055108 0.131712012 0.0 0.0 1.0 1.0 1.0 0.21 0.02 
0.0 0.0277783581726275 0.027778358 0.0 0.0 1.0 1.0 1.0 0.0 0.0 
1.0 0.257889384212362 0.128944692 0.0 0.0 1.0 1.0 1.0 0.0 0.0 
0.0 0.0588890678472048 0.263337077 0.0 0.0 1.0 0.997134670487106 0.998567335 0.38 0.03 
1.0 0.735999002523472 0.735999003 -0.31 0.0 0.986928104575163 0.986928104575163 0.986928105 0.0 0.33 
0.0 0.0698935560551578 0.265811275 0.0 0.01 1.0 0.848837209302325 0.924418605 6.77 0.01 
1.0 0.660485982435195 0.437844945 0.01 0.04 1.0 1.0 1.0 203.15 0.16 
0.0 0.021089974675165 0.069422917 0.0 0.0 1.0 1.0 1.0 0.02 0.0 
1.0 0.87740625145043 0.521303797 -0.01 0.01 1.0 1.0 1.0 3.26 0.05 
0.0 0.163725513778447 0.660295828 -0.03 0.02 1.0 0.997229916897506 0.998614958 11.66 0.02 
1.0 0.407701828830892 0.372244956 0.25 0.35 0.894329896907216 0.894329896907216 0.894329897 467.88 1.32 
0.0 0.0870995231917752 0.608273147 -0.01 0.02 0.988636363636363 0.994318181818181 0.991477273 65.37 0.06 
1.0 0.422615274913311 0.278943822 0.0 0.01 1.0 1.0 1.0 14.45 0.01 
0.0 0.134258729623652 0.128858734 0.38 0.64 0.581761006289308 0.60062893081761 0.591194969 930.06 1.95 
1.0 0.568250342771362 0.311454583 0.01 0.02 1.0 1.0 1.0 18.25 0.24 
0.0 0.0456883890739836 0.022844195 0.0 0.0 1.0 0.96875 0.984375 0.03 0.01 
1.0 0.99789140595333 0.542256533 0.04 0.12 0.976588628762541 0.976588628762541 0.976588629 305.31 0.31 
0.0 0.0 0.0 0.02 0.02 0.996268656716417 0.996268656716417 0.996268657 268.0 0.28 
1.0 0.0 0.0 0.0 0.0 1.0 1.0 1.0 0.0 0.0 
0.0 0.041727642634605 0.020863821 0.0 0.0 1.0 1.0 1.0 0.0 0.0 
1.0 0.23878845417949 0.128756612 0.05 0.05 0.994609164420485 0.994609164420485 0.994609164 742.0 0.38 
0.0 0.0374621215234668 0.018731061 0.0 0.0 1.0 1.0 1.0 0.0 0.0 
1.0 0.0768253471463398 0.038412674 0.0 0.0 1.0 1.0 1.0 0.0 0.0 
0.0 0.632300415328356 0.437454635 -0.05 0.02 1.0 0.997375328083989 0.998687664 9.8 0.32 
1.0 0.0392676281005356 0.019633814 0.0 0.0 1.0 0.994301994301994 0.997150997 0.0 0.0 
0.0 0.37457612349409 0.197587419 0.09 0.14 0.95906432748538 0.964912280701754 0.961988304 291.46 1.01 
1.0 0.0251440699125891 0.074325965 0.14 0.16 0.963099630996309 0.963099630996309 0.963099631 271.03 1.02 
0.0 0.0605098655008392 0.680224677 -0.01 0.02 1.0 0.990445859872611 0.99522293 12.4 0.03 
1.0 0.0353803230759327 0.017690162 0.0 0.0 1.0 1.0 1.0 0.0 0.0 
0.0 0.396843947977921 0.198421974 0.0 0.0 1.0 1.0 1.0 0.0 0.0 
1.0 0.270929797960533 0.267751589 0.04 0.06 1.0 1.0 1.0 225.38 0.31 
0.0 0.0186384181703463 0.009319209 0.0 0.0 1.0 0.994609164420485 0.997304582 0.01 0.0 
1.0 0.0499180143026197 0.077606335 0.03 0.04 0.994236311239193 0.994236311239193 0.994236311 347.05 0.25 
0.0 0.646441108258634 0.393696437 0.01 0.02 1.0 1.0 1.0 33.63 0.1 
1.0 0.0280853074773292 0.014042654 0.06 0.07 0.987068965517241 0.987068965517241 0.987068966 232.0 0.66 
0.0 0.0866216601957414 0.104787092 0.1 0.11 0.976588628762541 0.976588628762541 0.976588629 299.13 0.75 
1.0 0.84749234873978 0.799275518 0.0 0.24 1.0 1.0 1.0 163.32 0.01 
0.0 0.994849321286294 0.572385386 -0.04 0.02 1.0 0.997134670487106 0.998567335 9.96 0.07 
1.0 1.04365740701425 0.521828704 0.0 0.0 1.0 1.0 1.0 0.0 0.0 
0.0 0.0429694362376849 0.117433788 0.0 0.0 1.0 1.0 1.0 0.1 0.01 
1.0 0.862425975002266 0.431212988 0.0 0.0 1.0 1.0 1.0 0.0 0.0 
0.0 0.040048630190433 0.140819573 0.0 0.0 1.0 1.0 1.0 0.09 0.01 
1.0 0.0 0.0 0.0 0.0 1.0 1.0 1.0 0.0 0.0 
0.0 0.0591785835882164 0.136830719 0.0 0.02 1.0 0.894329896907216 0.947164948 87.59 0.24 
1.0 0.37714652697009 0.25410022 0.31 0.67 0.663043478260869 0.663043478260869 0.663043478 218.47 2.79 
0.0 0.862425975002266 0.465584899 -0.07 0.04 1.0 0.900928792569659 0.950464396 23.64 0.45 
1.0 0.784920553178637 0.537734548 0.25 0.53 0.819718309859154 0.819718309859154 0.81971831 773.77 0.95 
0.0 0.0205987150611097 0.804185464 -0.01 0.0 1.0 0.927272727272727 0.963636364 1.26 0.03 
1.0 0.326308742127741 0.945586386 -0.02 0.07 1.0 1.0 1.0 35.79 0.68 
0.0 0.0 0.0 0.0 0.0 1.0 1.0 1.0 0.0 0.0 
1.0 0.741506869798187 0.370753435 0.0 0.0 1.0 1.0 1.0 0.0 0.0 
0.0 0.0 0.0 0.0 0.0 1.0 1.0 1.0 0.0 0.0 
1.0 0.779657777840341 0.716283729 -0.08 0.02 1.0 1.0 1.0 11.28 0.03 
0.0 0.0779453334874418 0.196682609 0.0 0.0 1.0 1.0 1.0 0.45 0.04 
1.0 0.0411950173244082 0.041195017 0.0 0.0 1.0 1.0 1.0 0.0 0.4 
0.0 0.0546588236180275 0.027329412 0.0 0.0 1.0 1.0 1.0 0.0 0.0 
1.0 0.0266735207925976 0.01333676 0.0 0.0 1.0 1.0 1.0 0.0 0.0 
0.0 0.0204403588084492 0.085190184 0.0 0.0 1.0 0.996996996996996 0.998498498 0.03 0.0 
1.0 0.0211461152051303 0.096656988 0.0 0.0 1.0 1.0 1.0 0.04 0.01 
0.0 0.0527032349254074 0.026351617 0.0 0.0 1.0 0.993846153846153 0.996923077 0.0 0.0 
1.0 0.0 0.0 0.07 0.07 0.986798679867986 0.986798679867986 0.98679868 303.0 0.68 
0.0 1.74975120908321 0.952647815 -0.02 0.02 1.0 0.997032640949554 0.99851632 15.88 0.18 
1.0 0.264573380246879 0.13228669 0.0 0.0 1.0 1.0 1.0 0.0 0.0 
0.0 0.270261187922632 0.144260665 0.0 0.0 1.0 0.994736842105263 0.997368421 0.07 0.01 
1.0 1.28489227407782 0.642446137 0.0 0.0 1.0 1.0 1.0 0.0 0.0 
0.0 0.0277783581726275 0.123445314 0.0 0.0 1.0 0.995689655172413 0.997844828 0.06 0.01 
1.0 0.306377016417389 0.166685493 0.01 0.01 1.0 1.0 1.0 9.95 0.19 
0.0 0.168969091599724 0.141594801 0.03 0.03 1.0 0.996874999999999 0.9984375 93.33 0.34 
1.0 0.039827557911359 0.019913779 0.0 0.0 1.0 1.0 1.0 0.0 0.0 
0.0 0.0223403798434835 0.01117019 0.1 0.11 0.977198697068403 0.977198697068403 0.977198697 307.0 0.93 
1.0 0.944383321007792 1.347067265 0.05 0.46 0.997032640949554 0.997032640949554 0.997032641 595.83 0.4 
0.0 0.950489204295871 0.554559986 0.01 0.08 0.989821882951653 0.99236641221374 0.991094148 327.4 0.38 
1.0 0.888137848945064 0.494534828 0.0 0.01 1.0 1.0 1.0 2.73 0.16 
0.0 0.706487332732957 0.700107062 -0.1 0.12 1.0 0.997134670487106 0.998567335 58.88 0.67 
1.0 0.478025413547332 0.357015194 0.02 0.03 0.996960486322188 0.996960486322188 0.996960486 332.98 0.22 
0.0 0.831372799847455 0.571554327 -0.03 0.05 1.0 1.0 1.0 55.64 0.25 
1.0 0.777296027024072 1.393768727 0.03 0.59 0.760309278350515 0.899484536082474 0.829896907 485.85 0.34 
0.0 0.16511516727898 0.082557584 0.0 0.0 1.0 0.995967741935483 0.997983871 0.0 0.0 
1.0 0.0741708587858657 0.252459385 0.01 0.02 0.99715909090909 0.99715909090909 0.997159091 352.57 0.04 
0.0 0.023546567098459 0.011773284 0.0 0.0 1.0 1.0 1.0 0.0 0.0 
1.0 0.70505755944942 0.35252878 0.01 0.02 0.996763754045307 0.996763754045307 0.996763754 309.0 0.08 
0.0 0.712042783029343 0.498925166 -0.05 0.04 0.899484536082474 0.997422680412371 0.948453608 114.47 0.13 
1.0 0.0264361636418826 0.013218082 0.0 0.0 1.0 1.0 1.0 0.0 0.0 
0.0 0.0555380567855558 0.041658207 0.0 0.0 1.0 1.0 1.0 0.01 0.0 
1.0 0.632842830750061 0.412356997 -0.01 0.0 1.0 1.0 1.0 0.24 0.04 
0.0 0.0355622440384318 0.025320345 0.0 0.0 0.97286012526096 0.991649269311064 0.982254697 7.63 0.08 
1.0 0.0278798704683955 0.027829114 0.0 0.0 1.0 0.995689655172413 0.997844828 0.01 0.0 
0.0 0.0 0.0 0.05 0.05 0.991111111111111 0.991111111111111 0.991111111 225.0 0.48 
1.0 1.07503107524964 0.537515538 0.0 0.0 1.0 1.0 1.0 0.0 0.0 
0.0 0.020492853706224 0.107302 0.0 0.0 1.0 1.0 1.0 0.03 0.01 
1.0 0.071584833692919 0.090270256 0.0 0.01 1.0 0.333333333333333 0.666666667 5.09 0.04 
0.0 0.040843717863401 0.031818555 0.0 0.0 1.0 1.0 1.0 0.01 0.0 
1.0 0.588949300486855 0.877194854 0.01 0.17 0.991452991452991 0.994301994301994 0.992877493 438.59 0.64 
0.0 0.0222772335300707 0.022277234 0.0 0.0 0.996688741721854 0.996688741721854 0.996688742 0.01 0.0 
1.0 0.0378515401098124 0.532989949 0.0 0.01 1.0 1.0 1.0 13.01 0.1 
0.0 0.0 0.0 0.0 0.0 1.0 1.0 1.0 0.0 0.0 
1.0 0.11980085607378 0.059900428 0.0 0.0 1.0 1.0 1.0 0.0 0.0 
0.0 0.099623389466162 0.50211725 -0.06 0.01 1.0 0.910216718266253 0.955108359 7.55 0.29 
1.0 0.0 0.0 0.12 0.15 0.966165413533834 0.966165413533834 0.966165414 266.0 1.23 
0.0 0.732079220680377 0.462377714 0.17 0.29 0.940721649484536 0.943298969072164 0.942010309 780.29 0.88 
1.0 0.0576228878985421 0.117260695 0.06 0.13 0.972677595628415 0.978142076502732 0.975409836 366.03 0.85 
0.0 0.0859155013346631 0.042957751 0.0 0.0 1.0 0.963265306122448 0.981632653 0.0 0.0 
1.0 0.0217855061668038 0.010892753 0.0 0.0 1.0 1.0 1.0 0.0 0.0 
0.0 0.115296055183091 0.057648028 0.0 0.0 1.0 1.0 1.0 0.0 0.0 
1.0 0.0572136671100258 0.220361457 0.18 0.21 0.929870129870129 0.937662337662337 0.933766234 339.97 1.09 
0.0 0.240038828967687 0.130677652 0.0 0.0 1.0 0.883280757097791 0.941640379 0.19 0.02 
1.0 1.74079535094623 1.444719191 0.23 0.67 0.932944606413994 0.950437317784256 0.941690962 960.03 0.44 
0.0 0.834694147442099 0.428239827 0.0 0.0 1.0 1.0 1.0 0.32 0.03 
1.0 0.131728022046043 0.123196652 0.0 0.0 1.0 0.996960486322188 0.998480243 0.2 0.03 
0.0 0.965872300254213 0.512630591 -0.02 0.01 1.0 0.990654205607476 0.995327103 2.73 0.12 
1.0 0.0376557446286782 0.029317195 0.0 0.0 1.0 1.0 1.0 0.01 0.0 
0.0 0.0928036465316008 0.360191792 0.01 0.03 1.0 0.973333333333333 0.986666667 106.9 0.02 
1.0 0.099623389466162 0.049811695 0.0 0.0 1.0 1.0 1.0 0.0 0.0 
0.0 0.020492853706224 0.010246427 0.02 0.06 0.784256559766763 0.967930029154518 0.876093294 45.2 0.61 
1.0 0.720628848655806 0.563807348 0.0 0.03 1.0 1.0 1.0 63.35 0.04 
0.0 0.0524950451998158 0.082364997 0.0 0.0 1.0 1.0 1.0 0.04 0.01 
1.0 0.0435530293489536 0.021776515 0.43 0.69 0.539893617021276 0.539893617021276 0.539893617 376.0 1.99 
0.0 0.904611110601021 0.452305555 -0.06 0.02 1.0 0.900928792569659 0.950464396 18.08 0.54 
1.0 0.0222144687344339 0.011107234 0.04 0.04 0.993421052631578 0.993421052631578 0.993421053 304.0 0.38 
0.0 0.0591785835882164 0.047523373 0.0 0.0 1.0 0.894329896907216 0.947164948 0.26 0.03 
1.0 0.019542337228798 0.009771169 0.0 0.0 1.0 1.0 1.0 0.0 0.0 
0.0 0.0444153979532044 0.022207699 0.0 0.0 1.0 1.0 1.0 0.0 0.0 
1.0 0.382833705683126 0.877579428 0.2 0.47 0.94535519125683 0.94535519125683 0.945355191 804.12 1.03 
0.0 0.0 0.0 0.04 0.04 0.982300884955752 0.991150442477876 0.986725664 111.99 0.44 
1.0 0.688071247053757 0.916321129 0.05 0.22 1.0 1.0 1.0 99.59 0.01 
0.0 0.0452956997257025 0.532072047 -0.01 0.01 0.997183098591549 0.997183098591549 0.997183099 3.2 0.01 
1.0 0.054161236245209 0.027080618 0.0 0.0 1.0 1.0 1.0 0.0 0.0 
0.0 0.018855917943417 0.66481332 -0.02 0.01 1.0 0.986522911051212 0.993261456 7.06 0.02 
1.0 0.0584062649333791 0.040871085 0.14 0.17 0.959595959595959 0.959595959595959 0.95959596 297.01 1.39 
0.0 0.779478842749047 0.549967802 -0.02 0.06 1.0 0.889175257731958 0.944587629 550.61 0.16 
1.0 0.0 0.0 0.0 0.0 1.0 1.0 1.0 0.0 0.0 
0.0 0.0 0.0 0.0 0.0 1.0 1.0 1.0 0.0 0.0 
1.0 0.343139337552586 0.171569669 0.0 0.0 1.0 1.0 1.0 0.0 0.0 
0.0 0.0429694362376849 0.117433788 0.0 0.0 1.0 1.0 1.0 0.1 0.01 
1.0 0.163023629494365 0.769352892 0.07 0.21 0.974063400576368 0.974063400576368 0.974063401 520.94 0.41 
0.0 0.929154431708091 1.042164533 0.22 0.7 0.935567010309278 0.963917525773195 0.949742268 740.74 1.97 
1.0 0.0 0.0 0.2 0.24 0.924778761061946 0.929203539823008 0.92699115 211.69 1.74 
0.0 0.046939257774748 0.023469629 0.0 0.0 1.0 0.996478873239436 0.998239437 0.0 0.0 
1.0 0.710368202388891 0.485315949 0.08 0.15 0.980237154150197 0.980237154150197 0.980237154 278.93 0.68 
0.0 0.921585716572883 0.483383985 -0.04 0.01 1.0 0.925 0.9625 5.17 0.21 
1.0 0.377079824775209 0.188539912 0.0 0.0 1.0 1.0 1.0 0.0 0.0 
0.0 0.0353803230759327 0.14594593 0.01 0.01 1.0 0.997134670487106 0.998567335 37.98 0.1 
1.0 0.303011781855131 0.303011782 -0.05 0.0 0.982300884955752 0.982300884955752 0.982300885 0.0 2.49 
0.0 0.297980077655741 0.148990039 0.0 0.0 1.0 1.0 1.0 0.0 0.0 
1.0 0.0767661839885406 0.354186435 -0.01 0.0 1.0 1.0 1.0 1.24 0.02 
0.0 0.211005687877705 0.173578089 -0.04 0.01 0.909793814432989 0.943298969072164 0.926546392 5.08 0.26 
1.0 0.246308082285007 0.134752888 0.02 0.02 0.996527777777777 0.996527777777777 0.996527778 288.06 0.15 
0.0 0.269761622676472 0.134880811 0.0 0.0 1.0 0.990624999999999 0.9953125 0.0 0.0 
