1.0 0.12923343913194 0.128979463 0.13 0.15 0.969613259668508 0.969613259668508 0.96961326 542.6 0.97 
0.0 0.929154431708091 0.551279179 -0.1 0.09 0.90721649484536 0.935567010309278 0.921391753 386.42 0.37 
1.0 0.739152082396845 0.422670769 0.01 0.03 0.996710526315789 0.996710526315789 0.996710526 314.36 0.06 
0.0 0.0277783581726275 0.013889179 0.0 0.0 1.0 0.995689655172413 0.997844828 0.0 0.0 
1.0 0.0 0.0 0.0 0.0 1.0 1.0 1.0 0.0 0.0 
0.0 0.627925106207341 0.313962553 0.0 0.0 1.0 0.981981981981981 0.990990991 0.0 0.0 
1.0 0.0538017452936875 0.026900873 0.18 0.28 0.921052631578947 0.921052631578947 0.921052632 342.0 1.81 
0.0 0.137952768200447 0.068976384 0.0 0.0 1.0 1.0 1.0 0.0 0.0 
1.0 0.160156230477025 0.16015623 -0.01 0.0 1.0 1.0 1.0 0.0 0.97 
0.0 0.0441224477355724 0.022061224 0.0 0.0 1.0 1.0 1.0 0.0 0.0 
1.0 0.201293898347424 0.100646949 0.0 0.0 1.0 1.0 1.0 0.0 0.0 
0.0 1.39735202297502 0.698676011 0.0 0.0 1.0 0.997093023255813 0.998546512 0.0 0.0 
1.0 0.0 0.0 0.0 0.0 1.0 1.0 1.0 0.0 0.0 
0.0 0.740278374639438 0.394875005 -0.01 0.0 0.97752808988764 0.99625468164794 0.986891386 0.81 0.07 
1.0 0.0271855751461549 0.013592788 0.0 0.0 1.0 1.0 1.0 0.0 0.0 
0.0 0.738710313023037 0.677161882 -0.04 0.04 1.0 0.993527508090614 0.996763754 18.85 0.29 
1.0 0.122075463660846 0.061037732 0.09 0.11 0.887218045112781 0.958646616541353 0.922932331 99.71 1.1 
0.0 0.503817112382778 0.251908556 0.0 0.0 1.0 0.959183673469387 0.979591837 0.0 0.0 
1.0 0.0 0.0 0.0 0.0 1.0 1.0 1.0 0.0 0.0 
0.0 2.01024142777587 1.686370747 0.14 0.48 1.0 0.760309278350515 0.880154639 819.55 0.08 
1.0 0.0239068963031024 0.011953448 0.0 0.0 1.0 1.0 1.0 0.0 0.0 
0.0 0.0353803230759327 0.017690162 0.0 0.0 1.0 1.0 1.0 0.0 0.0 
1.0 0.604811716417282 0.313150761 0.0 0.01 1.0 0.97452229299363 0.987261146 3.84 0.07 
0.0 1.34261883954671 1.225855073 -0.14 0.22 0.894329896907216 0.956185567010309 0.925257732 262.94 0.59 
1.0 0.330862899159724 0.330862899 -0.01 0.0 0.989090909090909 0.989090909090909 0.989090909 0.0 2.19 
0.0 0.988530152112064 0.859708317 0.01 0.27 0.987244897959183 0.987244897959183 0.987244898 729.98 0.35 
1.0 0.0898033804732823 0.110922046 0.04 0.13 0.883280757097791 0.940063091482649 0.911671924 143.98 1.19 
0.0 0.0245862648658319 0.012293132 0.0 0.0 1.0 0.996268656716417 0.998134328 0.0 0.0 
1.0 0.0 0.0 0.0 0.0 1.0 1.0 1.0 0.0 0.0 
0.0 0.0591785835882164 0.107406343 0.27 0.34 0.894329896907216 0.894329896907216 0.894329897 388.11 2.04 
1.0 0.255429986523709 0.239492105 0.17 0.19 1.0 1.0 1.0 1276.97 1.14 
0.0 0.024901715029831 0.65938288 0.02 0.05 0.992481203007518 0.996240601503759 0.994360902 268.65 0.11 
1.0 0.0 0.0 0.0 0.0 1.0 1.0 1.0 0.0 0.0 
0.0 0.698983527416178 0.367506357 0.0 0.01 1.0 1.0 1.0 3.25 0.08 
1.0 0.0521719874638617 0.036465855 0.01 0.01 1.0 1.0 1.0 108.33 0.19 
0.0 0.050158007359891 0.025079004 0.0 0.0 1.0 1.0 1.0 0.0 0.0 
1.0 0.0440460714620383 0.101058843 0.03 0.04 1.0 1.0 1.0 354.99 0.29 
0.0 0.194857669120318 0.097428835 0.0 0.0 1.0 0.982578397212543 0.991289199 0.0 0.0 
1.0 0.703466545671197 0.351733273 0.06 0.1 0.978658536585365 0.978658536585365 0.978658537 328.0 0.26 
0.0 0.0527032349254074 0.026351617 0.0 0.0 1.0 0.993846153846153 0.996923077 0.0 0.0 
1.0 0.235649142468084 0.641346659 -0.02 0.03 1.0 1.0 1.0 18.08 0.02 
0.0 0.0 0.0 0.0 0.0 1.0 0.996774193548387 0.998387097 0.0 0.0 
1.0 0.0444153979532044 0.077336939 0.02 0.02 1.0 1.0 1.0 344.73 0.16 
0.0 0.0968506565216047 0.297508096 0.0 0.01 1.0 0.996815286624203 0.998407643 12.32 0.22 
1.0 0.502425366099554 0.372517111 0.12 0.26 0.997375328083989 0.997375328083989 0.997375328 762.0 1.54 
0.0 0.0 0.0 0.0 0.0 1.0 1.0 1.0 0.0 0.0 
1.0 0.0187247707446828 0.009362385 0.03 0.03 0.994609164420485 0.994609164420485 0.994609164 371.0 0.39 
0.0 0.936369487461149 0.468184744 0.0 0.0 1.0 0.996323529411764 0.998161765 0.0 0.0 
1.0 0.050319038811679 0.14477504 0.0 0.0 1.0 1.0 1.0 0.1 0.01 
0.0 0.0538017452936875 0.10685885 0.08 0.18 0.921052631578947 0.935672514619882 0.928362573 248.1 1.26 
1.0 0.107988019056341 0.05399401 0.02 0.02 0.997183098591549 0.997183098591549 0.997183099 355.0 0.14 
0.0 0.732079220680377 0.962813043 -0.16 0.09 0.899484536082474 0.943298969072164 0.921391753 115.02 0.26 
1.0 0.0 0.0 0.0 0.0 1.0 1.0 1.0 0.0 0.0 
0.0 0.0841156071386904 0.066364322 0.0 0.0 0.991649269311064 0.997912317327766 0.994780793 0.12 0.01 
1.0 0.0605098655008392 0.102559662 0.05 0.05 0.990445859872611 0.990445859872611 0.99044586 314.08 0.35 
0.0 0.0237613531260355 0.023761353 0.0 0.0 1.0 1.0 1.0 0.0 0.0 
1.0 0.988530152112064 0.859708317 0.01 0.27 0.987244897959183 0.987244897959183 0.987244898 729.98 0.35 
0.0 0.0586151312253593 0.039796889 0.0 0.0 1.0 1.0 1.0 0.01 0.0 
1.0 0.357927757919656 0.260475694 0.13 0.14 1.0 1.0 1.0 139.94 1.17 
0.0 0.39128385161505 0.348065177 -0.04 0.02 0.867507886435331 0.996845425867507 0.932176656 19.01 0.03 
1.0 0.0852840997605255 0.551480397 0.15 0.38 0.891025641025641 0.891025641025641 0.891025641 625.07 0.88 
0.0 0.80881431151271 0.418398248 -0.01 0.0 1.0 0.991379310344827 0.995689655 0.97 0.09 
1.0 0.0 0.0 0.0 0.0 1.0 1.0 1.0 0.0 0.0 
0.0 0.65905444283165 0.329527221 0.0 0.0 1.0 1.0 1.0 0.0 0.0 
1.0 0.12081409501537 0.060407048 0.0 0.0 1.0 1.0 1.0 0.0 0.0 
0.0 0.531054252887102 0.285064184 0.0 0.0 1.0 1.0 1.0 0.58 0.04 
1.0 0.0 0.0 0.07 0.07 0.986798679867986 0.986798679867986 0.98679868 303.0 0.65 
0.0 0.0215482557268673 0.06854448 0.0 0.0 1.0 0.996815286624203 0.998407643 0.04 0.01 
1.0 0.0676085614974587 0.139863123 -0.01 0.0 1.0 1.0 1.0 0.2 0.02 
0.0 0.405226822409176 0.317398192 0.02 0.04 1.0 1.0 1.0 112.73 0.14 
1.0 0.017741822561726 0.060660686 0.0 0.0 1.0 1.0 1.0 0.02 0.0 
0.0 0.941288468796834 1.166628994 0.09 0.61 0.97378277153558 0.97378277153558 0.973782772 665.37 1.01 
1.0 1.5614484427067 0.780724221 -0.01 0.0 0.986522911051212 0.997304582210242 0.991913747 1.04 0.03 
0.0 0.0 0.0 0.0 0.0 1.0 0.996763754045307 0.998381877 0.0 0.0 
1.0 0.075467916829079 0.056610643 0.04 0.04 1.0 1.0 1.0 161.0 0.36 
0.0 0.0876290502549295 0.465478937 -0.06 0.03 0.917613636363636 0.982954545454545 0.950284091 26.7 0.06 
1.0 0.0295044445015376 0.014752222 0.0 0.0 1.0 1.0 1.0 0.0 0.0 
0.0 0.0913754666410589 0.302237384 0.05 0.1 0.360424028268551 0.968197879858657 0.664310954 475.4 0.08 
1.0 0.405800279914573 0.212890414 0.14 0.17 0.952513966480446 0.955307262569832 0.953910615 336.05 1.1 
0.0 0.086654186012512 0.043327093 0.0 0.0 1.0 0.984210526315789 0.992105263 0.0 0.0 
1.0 0.692781905987647 0.356611132 -0.01 0.0 1.0 1.0 1.0 1.06 0.0 
0.0 0.0698679499389159 0.034933975 0.0 0.0 1.0 1.0 1.0 0.0 0.0 
1.0 0.933384669133901 0.544464545 0.02 0.03 1.0 1.0 1.0 339.87 0.1 
0.0 0.759131833481686 0.921533321 0.12 0.36 1.0 1.0 1.0 186.44 0.94 
1.0 0.02427927049306 0.02427927 0.0 0.0 1.0 1.0 1.0 0.0 0.0 
0.0 0.019542337228798 0.009771169 0.0 0.0 1.0 1.0 1.0 0.0 0.0 
1.0 0.460448111633332 0.901012045 0.05 0.18 0.97682119205298 0.97682119205298 0.976821192 361.58 0.55 
0.0 0.703466545671197 0.351733273 0.0 0.0 1.0 0.978658536585365 0.989329268 0.0 0.0 
1.0 0.240038828967687 0.173906571 0.28 0.4 0.883280757097791 0.889589905362776 0.886435331 639.77 2.22 
0.0 0.0 0.0 0.02 0.02 0.996268656716417 0.996268656716417 0.996268657 268.0 0.28 
1.0 0.0 0.0 0.05 0.05 0.991111111111111 0.991111111111111 0.991111111 225.0 0.46 
0.0 0.021489805529056 0.010744903 0.0 0.0 1.0 0.990445859872611 0.99522293 0.01 0.0 
1.0 0.0789873367431947 0.039493668 0.02 0.03 0.995967741935483 0.995967741935483 0.995967742 248.0 0.21 
0.0 0.0217855061668038 0.010892753 0.0 0.0 1.0 1.0 1.0 0.0 0.0 
1.0 0.169034125059796 0.084517063 0.0 0.0 1.0 1.0 1.0 0.0 0.0 
0.0 0.581869819672327 0.29093491 0.02 0.02 0.996774193548387 0.996774193548387 0.996774194 310.0 0.07 
1.0 0.0183843972236067 0.069731167 0.0 0.0 1.0 1.0 1.0 0.02 0.0 
0.0 0.914218041782033 0.867006058 -0.1 0.05 1.0 1.0 1.0 29.72 0.23 
1.0 0.858581850498729 1.436367682 0.04 0.56 1.0 1.0 1.0 401.65 0.97 
0.0 0.201293898347424 0.100646949 0.0 0.0 1.0 1.0 1.0 0.0 0.0 
1.0 0.965872300254213 0.48293615 0.0 0.0 1.0 1.0 1.0 0.0 0.0 
0.0 0.594577819662421 0.311704274 0.0 0.0 1.0 0.995495495495495 0.997747748 0.22 0.03 
1.0 0.151581073140848 0.075790537 0.0 0.0 1.0 0.986348122866894 0.993174061 0.0 0.0 
0.0 0.0764595424535969 0.233871697 0.0 0.02 1.0 0.867507886435331 0.933753943 53.56 0.19 
1.0 0.223554224045767 0.198652108 -0.01 0.05 1.0 0.595070422535211 0.797535211 107.61 0.49 
0.0 0.0277783581726275 0.013889179 0.0 0.0 1.0 1.0 1.0 0.0 0.0 
1.0 0.2263212832386 0.113160642 0.0 0.0 1.0 1.0 1.0 0.0 0.0 
0.0 0.72161012213659 0.420759792 -0.02 0.01 1.0 1.0 1.0 3.79 0.0 
1.0 0.0286134400889394 0.02861344 0.0 0.0 1.0 1.0 1.0 0.0 0.0 
0.0 0.2353137638881 0.117656882 -0.02 0.0 1.0 0.927927927927927 0.963963964 1.16 0.14 
1.0 0.0 0.0 0.07 0.07 0.986798679867986 0.986798679867986 0.98679868 303.0 0.68 
0.0 0.0215482557268673 0.010774128 0.0 0.0 1.0 0.990415335463258 0.995207668 0.01 0.0 
1.0 0.153038278780851 0.153038279 -0.01 0.0 1.0 1.0 1.0 0.0 1.02 
0.0 0.87681682268112 0.438408411 0.0 0.0 1.0 0.995918367346938 0.997959184 0.0 0.0 
1.0 0.0882701884630966 0.080129837 0.0 0.0 1.0 1.0 1.0 0.06 0.01 
0.0 0.461097186127269 0.300804711 0.11 0.2 0.938775510204081 0.963265306122448 0.951020408 227.88 1.08 
1.0 0.018468244015651 0.693126715 0.0 0.0 1.0 1.0 1.0 1.45 0.01 
0.0 0.837457844093488 0.747617404 -0.04 0.14 0.593567251461988 0.961988304093567 0.777777778 111.74 0.51 
1.0 0.0414328681373426 0.041432868 0.0 0.0 1.0 1.0 1.0 0.0 0.4 
0.0 0.024901715029831 0.012450858 0.0 0.0 1.0 0.992481203007518 0.996240602 0.0 0.0 
1.0 0.0458410923794206 0.14557801 0.18 0.34 0.900928792569659 0.900928792569659 0.900928793 646.07 2.0 
0.0 0.158501733444515 0.617578739 -0.01 0.03 1.0 0.997354497354497 0.998677249 30.46 0.05 
1.0 1.42157223609486 1.421572236 -0.18 0.0 1.0 1.0 1.0 0.0 1.61 
0.0 0.0768253471463398 0.038412674 0.0 0.0 1.0 0.977198697068403 0.988599349 0.09 0.01 
1.0 0.0832846732333399 0.083284673 0.0 0.0 1.0 1.0 1.0 0.0 0.74 
0.0 0.0835830637615662 0.055680711 0.0 0.0 1.0 0.995689655172413 0.997844828 0.02 0.0 
1.0 0.0 0.0 0.0 0.0 1.0 1.0 1.0 0.0 0.0 
0.0 0.0557409191195386 0.052740282 0.0 0.0 0.995689655172413 0.995689655172413 0.995689655 0.04 0.01 
1.0 0.343139337552586 0.235102954 -0.02 0.02 1.0 0.744755244755244 0.872377622 10.15 0.53 
0.0 0.02427927049306 0.090900759 0.01 0.01 1.0 1.0 1.0 26.3 0.16 
1.0 0.0 0.0 0.0 0.0 1.0 1.0 1.0 0.0 0.0 
0.0 0.0202845880542838 0.010142294 0.0 0.0 1.0 1.0 1.0 0.0 0.0 
1.0 0.0411950173244082 0.119180902 0.13 0.15 0.959999999999999 0.966666666666666 0.963333333 285.68 1.15 
0.0 0.80881431151271 0.467783939 -0.01 0.01 1.0 1.0 1.0 1.63 0.13 
1.0 0.72780369072706 0.437568961 0.27 0.48 0.774058577405857 0.790794979079497 0.782426778 226.74 1.09 
0.0 0.0748759732320604 0.245669853 0.03 0.03 1.0 1.0 1.0 23.66 0.36 
1.0 0.812045541980583 0.41670973 0.01 0.04 0.996845425867507 0.996845425867507 0.996845426 422.0 0.09 
0.0 0.0557409191195386 0.043879539 0.01 0.02 0.844827586206896 0.995689655172413 0.920258621 11.16 0.21 
1.0 0.0197345316184079 0.009867266 0.0 0.0 1.0 1.0 1.0 0.0 0.0 
0.0 0.808627497424305 0.786757303 0.06 0.41 0.90721649484536 0.997422680412371 0.952319588 454.34 2.25 
1.0 0.143080545316285 0.136282249 0.17 0.2 0.921875 0.96875 0.9453125 464.29 1.48 
0.0 0.655847649454573 0.588441586 0.02 0.14 1.0 0.964912280701754 0.98245614 138.01 0.98 
1.0 0.0870995231917752 0.05504658 0.19 0.33 0.897832817337461 0.897832817337461 0.897832817 323.02 2.04 
0.0 0.0557409191195386 0.041759639 0.03 0.03 1.0 0.995689655172413 0.997844828 232.0 0.24 
1.0 0.0530380851089993 0.050208913 0.06 0.07 0.991902834008097 0.991902834008097 0.991902834 370.0 0.57 
0.0 0.370148166807198 0.185074083 0.0 0.0 1.0 1.0 1.0 0.0 0.0 
1.0 0.248726243769732 0.134852445 0.0 0.0 1.0 1.0 1.0 0.07 0.01 
0.0 0.608932620565087 0.30446631 0.0 0.0 1.0 1.0 1.0 0.0 0.0 
1.0 0.0 0.0 0.0 0.0 1.0 1.0 1.0 0.0 0.0 
0.0 0.717885385512261 0.714272182 0.27 0.34 1.0 0.958990536277602 0.979495268 187.83 0.03 
1.0 0.0 0.0 0.0 0.0 1.0 1.0 1.0 0.0 0.0 
0.0 0.0660783761156329 0.241271055 0.0 0.0 1.0 1.0 1.0 0.52 0.05 
1.0 0.189023433691842 0.851330949 0.15 0.34 0.914948453608247 0.914948453608247 0.914948454 612.68 0.39 
0.0 0.0414328681373426 0.032315281 0.0 0.0 1.0 0.996527777777777 0.998263889 0.01 0.0 
1.0 0.0609818462123076 0.619981646 -0.02 0.01 1.0 1.0 1.0 2.8 0.05 
0.0 0.0613389110031691 0.030669456 0.0 0.0 1.0 0.97452229299363 0.987261146 0.0 0.0 
1.0 0.20337265843033 0.825750514 -0.01 0.04 1.0 0.997319034852546 0.998659517 45.22 0.02 
0.0 0.0212025770039786 0.010601289 0.0 0.0 1.0 1.0 1.0 0.0 0.0 
1.0 0.870527059159146 0.473252255 0.0 0.01 1.0 1.0 1.0 2.44 0.1 
0.0 0.0278798704683955 0.013939935 0.0 0.0 0.995689655172413 0.995689655172413 0.995689655 0.01 0.0 
1.0 0.114119533252228 0.057059767 0.0 0.0 1.0 1.0 1.0 0.0 0.0 
0.0 0.129990395955361 0.064995198 0.0 0.0 1.0 1.0 1.0 0.0 0.0 
1.0 0.0742260696704329 0.357418646 -0.01 0.0 1.0 1.0 1.0 1.11 0.08 
0.0 0.310274146541635 0.155137073 0.0 0.0 1.0 1.0 1.0 0.0 0.0 
1.0 0.0842013440645039 0.073110666 0.25 0.29 0.929230769230769 0.929230769230769 0.929230769 811.96 1.78 
0.0 0.87927246018794 0.814436832 -0.08 0.11 1.0 0.997134670487106 0.998567335 61.35 0.67 
1.0 0.692069686917751 0.359676083 0.02 0.03 0.995798319327731 0.995798319327731 0.995798319 239.11 0.08 
0.0 0.0232665787339596 0.011633289 0.0 0.0 1.0 1.0 1.0 0.0 0.0 
1.0 0.0369873274571349 0.677217485 0.02 0.04 0.996978851963746 0.996978851963746 0.996978852 273.98 0.12 
0.0 0.0771462314252572 0.07345456 0.0 0.0 1.0 1.0 1.0 0.03 0.01 
1.0 0.0748929709006422 0.089466118 0.0 0.0 1.0 0.991428571428571 0.995714286 0.12 0.02 
0.0 0.604963910367397 0.824559973 -0.03 0.1 1.0 0.994652406417112 0.997326203 182.6 0.14 
1.0 0.983710036386117 0.619275269 0.05 0.13 0.986979166666666 0.986979166666666 0.986979167 609.18 0.33 
0.0 0.181292378441966 0.716636121 0.0 0.03 1.0 0.989690721649484 0.994845361 35.85 0.2 
1.0 0.0 0.0 0.0 0.0 1.0 1.0 1.0 0.0 0.0 
0.0 0.0768253471463398 0.038412674 0.0 0.0 1.0 0.977198697068403 0.988599349 0.09 0.01 
1.0 0.839248804382156 0.539814394 0.0 0.05 0.992277992277992 0.992277992277992 0.992277992 261.42 0.04 
0.0 0.890561650446367 0.51335607 0.15 0.26 0.896907216494845 0.909793814432989 0.903350515 317.9 0.87 
1.0 0.0896596069085538 0.089659607 0.0 0.0 1.0 1.0 1.0 0.0 0.71 
0.0 0.0808825795009111 0.059698795 0.0 0.0 1.0 0.99719887955182 0.99859944 0.03 0.01 
1.0 0.168321249171228 0.154632452 0.03 0.04 0.997101449275362 0.997101449275362 0.997101449 673.77 0.2 
0.0 0.240038828967687 0.18603977 0.31 0.43 0.883280757097791 0.883280757097791 0.883280757 864.89 2.27 
1.0 0.171986576106427 0.136591703 0.03 0.03 1.0 1.0 1.0 184.06 0.2 
0.0 0.0 0.0 0.0 0.0 1.0 1.0 1.0 0.0 0.0 
1.0 0.0791839572688488 0.119000989 0.1 0.11 0.976897689768976 0.976897689768976 0.97689769 303.16 0.69 
0.0 0.545718595678117 0.428727225 -0.01 0.02 1.0 1.0 1.0 25.2 0.14 
1.0 0.0522757283486831 0.120551485 0.03 0.04 0.989276139410187 0.99195710455764 0.990616622 279.11 0.3 
0.0 0.405714574961642 0.220806802 0.0 0.0 1.0 0.991228070175438 0.995614035 0.33 0.03 
1.0 0.0550072650933864 0.204818894 0.03 0.03 1.0 1.0 1.0 471.81 0.18 
0.0 0.827561860152219 0.434922147 -0.01 0.0 1.0 0.946875 0.9734375 0.57 0.04 
1.0 0.0 0.0 0.0 0.0 1.0 1.0 1.0 0.0 0.0 
0.0 0.604811716417282 0.529411654 0.2 0.29 1.0 0.97452229299363 0.987261146 206.28 1.76 
1.0 0.969307462895498 1.320008617 0.27 0.78 0.97953216374269 0.97953216374269 0.979532164 1422.21 1.34 
0.0 0.0605098655008392 0.126204003 0.0 0.0 1.0 0.990445859872611 0.99522293 5.56 0.09 
1.0 0.0220900695991859 0.011045035 0.0 0.0 1.0 1.0 1.0 0.0 0.0 
0.0 0.197659137366133 0.098829569 0.0 0.0 1.0 0.90721649484536 0.953608247 0.0 0.0 
1.0 0.0 0.0 0.12 0.14 0.968944099378882 0.968944099378882 0.968944099 161.0 1.14 
0.0 0.038060092151583 0.083646766 0.0 0.0 1.0 0.969613259668508 0.98480663 0.11 0.01 
1.0 0.0533840302767845 0.026692015 0.0 0.0 1.0 1.0 1.0 0.0 0.0 
0.0 0.023546567098459 0.023476121 0.0 0.0 1.0 0.992957746478873 0.996478873 0.01 0.0 
