1.0 0.759373400086454 0.739456498 0.06 0.14 0.979710144927536 0.979710144927536 0.979710145 391.58 0.11 
0.0 0.019033872162318 0.009516936 0.0 0.0 1.0 1.0 1.0 0.0 0.0 
1.0 0.0222144687344339 0.022214469 0.0 0.0 1.0 1.0 1.0 0.0 0.22 
0.0 0.73799737083685 0.400958409 0.01 0.02 1.0 0.996845425867507 0.998422713 107.34 0.06 
1.0 0.0741708587858657 0.252459385 0.01 0.02 0.99715909090909 0.99715909090909 0.997159091 352.57 0.04 
0.0 0.781234160577425 0.39061708 0.0 0.0 1.0 1.0 1.0 0.0 0.0 
1.0 0.431439280559023 0.269849612 -0.01 0.0 1.0 1.0 1.0 0.62 0.05 
0.0 0.0416737059285854 0.169091986 0.0 0.0 1.0 1.0 1.0 0.19 0.02 
1.0 0.340789061758102 0.170394531 0.0 0.0 1.0 1.0 1.0 0.0 0.0 
0.0 0.0570560174613129 0.028528009 0.0 0.0 1.0 1.0 1.0 0.0 0.0 
1.0 0.0904388751185517 0.045219438 0.03 0.04 0.994011976047904 0.994011976047904 0.994011976 167.0 0.28 
0.0 0.0211461152051303 0.020980055 0.0 0.0 0.978593272171253 0.996941896024464 0.987767584 0.05 0.01 
1.0 0.910728669886619 0.455364335 0.0 0.0 1.0 1.0 1.0 0.0 0.0 
0.0 0.0217855061668038 0.076738531 0.0 0.0 1.0 1.0 1.0 0.03 0.0 
1.0 0.173568953521754 0.810535836 0.05 0.11 1.0 1.0 1.0 193.14 0.27 
0.0 0.0696126878610854 0.034806344 0.02 0.02 0.993827160493827 0.996913580246913 0.99537037 161.5 0.2 
1.0 0.0836497046105892 0.36956912 0.24 0.69 0.663043478260869 0.663043478260869 0.663043478 368.0 1.86 
0.0 0.192676207660135 0.680764463 0.02 0.21 0.889175257731958 0.940721649484536 0.914948454 392.17 0.59 
1.0 0.425478358264406 0.302356878 -0.01 0.01 1.0 1.0 1.0 7.23 0.03 
0.0 0.632300415328356 0.339143277 0.0 0.0 1.0 1.0 1.0 1.06 0.05 
1.0 0.0599541287844177 0.080714795 0.02 0.02 0.992277992277992 0.996138996138996 0.994208494 129.04 0.18 
0.0 0.71457721974786 0.641685066 -0.04 0.08 1.0 0.206185567010309 0.603092784 74.32 0.19 
1.0 0.200528336202849 0.699646758 0.02 0.14 0.982142857142857 0.982142857142857 0.982142857 469.02 0.25 
0.0 0.914253887912841 0.771222404 0.19 0.26 1.0 1.0 1.0 338.73 1.41 
1.0 0.0835830637615662 0.041791532 0.03 0.03 0.995689655172413 0.995689655172413 0.995689655 232.0 0.25 
0.0 0.0429694362376849 0.032229621 0.0 0.0 1.0 1.0 1.0 0.01 0.0 
1.0 0.529262684215188 0.52779738 0.09 0.2 0.96875 0.96875 0.96875 563.04 0.31 
0.0 0.884226476540352 1.0449684 0.09 0.37 0.985795454545454 0.99715909090909 0.991477273 254.54 0.92 
1.0 0.0499180143026197 0.077606335 0.03 0.04 0.994236311239193 0.994236311239193 0.994236311 347.05 0.25 
0.0 0.720242086623066 0.488839434 -0.08 0.03 0.90721649484536 0.909793814432989 0.908505155 17.69 0.29 
1.0 0.20337265843033 0.825750514 -0.01 0.04 1.0 0.997319034852546 0.998659517 45.22 0.02 
0.0 0.663900484476424 0.40098608 0.0 0.03 1.0 0.990445859872611 0.99522293 95.1 0.17 
1.0 0.912876325880828 0.612573902 -0.02 0.04 1.0 1.0 1.0 22.88 0.38 
0.0 0.0764127049519044 0.049099106 0.0 0.0 1.0 1.0 1.0 0.01 0.0 
1.0 0.266950581287627 0.143465565 0.0 0.0 1.0 1.0 1.0 0.06 0.01 
0.0 0.327053625711977 0.216039685 0.0 0.0 1.0 1.0 1.0 0.3 0.04 
1.0 0.588949300486855 0.580870011 0.08 0.13 0.988603988603988 0.994301994301994 0.991452991 390.42 0.88 
0.0 0.717885385512261 0.358942693 0.11 0.15 0.958990536277602 0.962145110410094 0.960567823 291.66 0.42 
1.0 0.972890737843999 0.70164088 0.0 0.04 1.0 1.0 1.0 73.04 0.16 
0.0 0.1991955645715 0.099597782 0.0 0.0 1.0 0.90721649484536 0.953608247 0.0 0.0 
1.0 0.0337510120778166 0.033751012 -0.01 0.0 0.985401459854014 0.985401459854014 0.98540146 0.0 0.78 
0.0 0.838455913773507 1.424348671 -0.16 0.4 0.760309278350515 0.935567010309278 0.847938144 489.97 0.23 
1.0 0.230620583898675 0.115310292 0.0 0.0 1.0 1.0 1.0 0.0 0.0 
0.0 0.024901715029831 0.095326419 0.0 0.0 1.0 0.992481203007518 0.996240602 0.11 0.02 
1.0 0.019033872162318 0.009516936 0.0 0.0 1.0 1.0 1.0 0.0 0.0 
0.0 0.038968982908286 0.019484491 0.05 0.06 0.962145110410094 0.977917981072555 0.970031546 131.94 0.73 
1.0 0.0530380851089993 0.050208913 0.06 0.07 0.991902834008097 0.991902834008097 0.991902834 370.0 0.57 
0.0 0.15280246281535 0.137922976 0.01 0.01 1.0 1.0 1.0 56.51 0.12 
1.0 0.0839348094016319 0.051097476 0.02 0.02 0.997375328083989 0.997375328083989 0.997375328 381.01 0.14 
0.0 0.0547547716962164 0.048862104 0.0 0.0 1.0 1.0 1.0 0.01 0.0 
1.0 0.0634322669712523 0.060184746 0.02 0.04 0.996610169491525 0.996610169491525 0.996610169 392.67 0.33 
0.0 0.0385544860430355 0.077047595 0.0 0.0 1.0 1.0 1.0 0.04 0.01 
1.0 0.0 0.0 0.0 0.0 1.0 1.0 1.0 0.0 0.0 
0.0 0.232674497346797 0.116337249 0.0 0.0 1.0 1.0 1.0 0.0 0.0 
1.0 0.0212593629087996 0.010629681 0.02 0.02 0.996865203761755 0.996865203761755 0.996865204 319.0 0.23 
0.0 0.0 0.0 0.0 0.0 1.0 1.0 1.0 0.0 0.0 
1.0 0.0 0.0 0.0 0.0 1.0 1.0 1.0 0.0 0.0 
0.0 0.0269939695435285 0.013496985 0.0 0.0 1.0 0.995833333333333 0.997916667 0.0 0.0 
1.0 0.12081409501537 0.060407048 0.0 0.0 1.0 1.0 1.0 0.0 0.0 
0.0 0.455931905394726 1.105357286 -0.05 0.1 0.985795454545454 0.994318181818181 0.990056818 80.68 0.13 
1.0 0.392394301761928 0.364904963 -0.05 0.01 1.0 1.0 1.0 2.13 0.19 
0.0 0.269761622676472 0.199622788 0.02 0.05 0.921875 0.990624999999999 0.95625 62.1 0.59 
1.0 0.0586151312253593 0.048135438 0.02 0.02 0.996913580246913 0.996913580246913 0.99691358 324.02 0.17 
0.0 0.02427927049306 0.012139635 0.0 0.0 1.0 1.0 1.0 0.0 0.0 
1.0 0.0 0.0 0.0 0.0 1.0 1.0 1.0 0.0 0.0 
0.0 0.850713860611363 0.42535693 0.0 0.01 1.0 0.988023952095808 0.994011976 2.48 0.05 
1.0 0.0 0.0 0.0 0.0 1.0 1.0 1.0 0.0 0.0 
0.0 0.608819744380155 0.430685461 -0.01 0.07 0.909793814432989 0.989690721649484 0.949742268 255.78 0.37 
1.0 0.097861309246028 0.059098769 0.0 0.0 1.0 1.0 1.0 0.02 0.0 
0.0 0.0 0.0 0.0 0.0 1.0 1.0 1.0 0.0 0.0 
1.0 0.0419476776352413 0.523064644 0.0 0.01 1.0 1.0 1.0 3.9 0.04 
0.0 0.0863062523442876 0.626863581 -0.08 0.05 0.891752577319587 0.90721649484536 0.899484536 55.04 0.07 
1.0 0.311611292540152 0.155805646 0.02 0.02 0.979289940828402 0.994082840236686 0.986686391 95.13 0.24 
0.0 0.0 0.0 0.0 0.0 1.0 1.0 1.0 0.0 0.0 
1.0 0.0 0.0 0.0 0.0 1.0 1.0 1.0 0.0 0.0 
0.0 0.0416737059285854 0.169091986 0.0 0.0 1.0 1.0 1.0 0.19 0.02 
1.0 0.305431896321273 0.261979931 0.55 0.61 0.838028169014084 0.845070422535211 0.841549296 1322.25 2.75 
0.0 0.632300415328356 0.457163494 -0.05 0.02 1.0 0.997375328083989 0.998687664 11.02 0.35 
1.0 0.994849321286294 0.507243626 0.0 0.0 1.0 1.0 1.0 1.02 0.01 
0.0 0.0265274065792525 0.013263703 0.0 0.0 1.0 0.938775510204081 0.969387755 0.07 0.01 
1.0 0.0 0.0 0.01 0.02 0.99638989169675 0.99638989169675 0.996389892 277.0 0.25 
0.0 0.0 0.0 0.0 0.0 1.0 1.0 1.0 0.0 0.0 
1.0 0.681208146406281 0.351711308 0.0 0.0 1.0 1.0 1.0 1.97 0.06 
0.0 0.0588890678472048 0.049078348 0.0 0.0 1.0 1.0 1.0 0.02 0.0 
1.0 0.050461537934643 0.025230769 0.0 0.0 1.0 1.0 1.0 0.0 0.0 
0.0 1.39911715517933 0.699558578 -0.03 0.01 0.986522911051212 0.994609164420485 0.990566038 5.93 0.09 
1.0 0.236881395348386 0.178600877 0.09 0.1 0.980225988700564 0.980225988700564 0.980225989 354.43 0.51 
0.0 0.0857109375213726 0.24001605 0.0 0.0 1.0 0.982558139534883 0.99127907 0.56 0.05 
1.0 0.131728022046043 0.587692715 -0.03 0.02 1.0 1.0 1.0 8.75 0.01 
0.0 0.666045722146777 1.089842093 0.06 0.45 0.909793814432989 0.914948453608247 0.912371134 509.83 0.46 
1.0 0.0262556850879242 0.026255685 0.0 0.0 1.0 1.0 1.0 0.0 0.0 
0.0 0.0949241594483574 0.169033541 0.0 0.0 1.0 1.0 1.0 0.27 0.04 
1.0 0.968808741745457 0.708373763 -0.01 0.08 0.994152046783625 0.994152046783625 0.994152047 469.2 0.14 
0.0 0.067494360609112 0.03374718 0.0 0.0 1.0 0.994565217391304 0.997282609 0.01 0.0 
1.0 0.0 0.0 0.11 0.15 0.966244725738396 0.966244725738396 0.966244726 237.0 1.21 
0.0 0.0 0.0 0.0 0.0 1.0 0.978873239436619 0.98943662 0.0 0.0 
1.0 0.0 0.0 0.0 0.0 1.0 1.0 1.0 0.0 0.0 
0.0 0.0388874211357927 0.742268709 0.07 0.15 0.975138121546961 0.975138121546961 0.975138122 1086.0 0.26 
1.0 0.888137848945064 0.494534828 0.0 0.01 1.0 1.0 1.0 2.73 0.16 
0.0 0.021489805529056 0.010744903 0.0 0.0 1.0 1.0 1.0 0.0 0.0 
1.0 0.0248220402102694 0.01241102 0.0 0.0 1.0 1.0 1.0 0.0 0.0 
0.0 0.0993134043730053 0.106989343 0.0 0.0 1.0 0.996960486322188 0.998480243 0.17 0.02 
1.0 0.817179769477342 0.526560801 0.04 0.09 0.996621621621621 0.996621621621621 0.996621622 446.43 0.31 
0.0 0.838227258499489 1.398868719 0.02 0.36 0.90721649484536 0.945876288659793 0.926546392 609.92 0.05 
1.0 0.0895481549283223 0.055976033 0.04 0.04 0.996666666666666 0.996666666666666 0.996666667 600.0 0.35 
0.0 0.0859155013346631 0.042957751 0.0 0.0 1.0 0.963265306122448 0.981632653 0.0 0.0 
1.0 0.0 0.0 -0.01 0.0 0.987394957983193 0.987394957983193 0.987394958 0.0 0.64 
0.0 0.0705774216877336 0.035288711 0.0 0.0 1.0 0.994152046783625 0.997076023 0.0 0.0 
1.0 0.224252473115142 0.112126237 0.1 0.12 0.97444089456869 0.97444089456869 0.974440895 313.0 0.9 
0.0 0.563943562333293 0.281971781 0.0 0.0 1.0 1.0 1.0 0.0 0.0 
1.0 0.167101363527827 0.083550682 0.0 0.0 1.0 1.0 1.0 0.0 0.0 
0.0 0.643016498076621 1.059240656 0.14 0.44 0.961783439490445 0.971337579617834 0.96656051 514.44 1.21 
1.0 0.460448111633332 0.901012045 0.05 0.18 0.97682119205298 0.97682119205298 0.976821192 361.58 0.55 
0.0 0.846900754646194 0.458857837 -0.04 0.06 0.878125 0.946875 0.9125 26.39 0.79 
1.0 0.394321161959359 0.867851691 0.14 0.23 0.982558139534883 0.982558139534883 0.98255814 537.76 0.75 
0.0 0.769138972077092 0.69419629 0.01 0.1 0.969135802469135 0.987654320987654 0.978395062 181.51 0.19 
1.0 0.0485286554060802 0.037857115 0.0 0.0 1.0 1.0 1.0 0.01 0.0 
0.0 0.783836504823293 0.391918252 -0.02 0.01 0.955497382198952 0.973821989528795 0.964659686 4.1 0.27 
1.0 0.87740625145043 0.521303797 -0.01 0.01 1.0 1.0 1.0 3.26 0.05 
0.0 0.627437033677109 0.313718517 0.0 0.0 1.0 0.996865203761755 0.998432602 0.0 0.0 
1.0 2.05587289821212 2.036614148 0.12 0.94 0.861538461538461 0.974358974358974 0.917948718 1215.74 0.03 
0.0 0.0 0.0 0.0 0.0 1.0 0.988023952095808 0.994011976 0.0 0.0 
1.0 0.216414089193227 0.108207045 0.0 0.0 1.0 1.0 1.0 0.0 0.0 
0.0 0.024901715029831 0.012450858 0.0 0.0 1.0 0.992481203007518 0.996240602 0.0 0.0 
1.0 0.39128385161505 0.391283852 -0.34 0.0 0.867507886435331 0.867507886435331 0.867507886 0.0 2.67 
0.0 0.0213164757906426 0.064545394 0.0 0.0 1.0 0.889589905362776 0.944794953 0.14 0.02 
1.0 0.709306925535749 0.354653463 0.03 0.06 0.988847583643122 0.988847583643122 0.988847584 269.0 0.17 
0.0 0.0262556850879242 0.026255685 0.0 0.0 1.0 1.0 1.0 0.0 0.0 
1.0 0.357927757919656 0.260475694 0.13 0.14 1.0 1.0 1.0 139.94 1.17 
0.0 0.131691556532417 0.065845778 0.0 0.0 1.0 1.0 1.0 0.0 0.0 
1.0 0.637493033975271 0.504280818 0.06 0.11 0.957831325301204 0.975903614457831 0.96686747 211.29 0.45 
0.0 0.0 0.0 0.0 0.0 1.0 1.0 1.0 0.0 0.0 
1.0 0.0275776979183499 0.027577698 0.0 0.0 1.0 1.0 1.0 0.0 0.0 
0.0 0.324744404380747 0.213685395 -0.01 0.0 1.0 0.9875 0.99375 0.84 0.09 
1.0 0.0 0.0 0.0 0.0 1.0 1.0 1.0 0.0 0.0 
0.0 0.400197728931149 0.299696647 0.23 0.35 0.871134020618556 0.90721649484536 0.889175258 784.36 1.89 
1.0 0.0764127049519044 0.049099106 0.02 0.02 1.0 1.0 1.0 309.0 0.18 
0.0 0.330862899159724 0.799348044 0.0 0.09 0.989090909090909 0.989090909090909 0.989090909 317.39 0.04 
1.0 0.183313441081209 0.155946075 0.01 0.01 1.0 1.0 1.0 44.06 0.1 
0.0 0.1991955645715 0.194109499 -0.05 0.03 0.90721649484536 0.914948453608247 0.911082474 160.36 0.14 
1.0 0.921285516425012 0.520543186 0.0 0.01 1.0 1.0 1.0 3.01 0.19 
0.0 0.0968506565216047 0.078437283 0.0 0.0 1.0 1.0 1.0 0.05 0.01 
1.0 1.31293028096472 0.65646514 0.01 0.01 0.991803278688524 0.997267759562841 0.994535519 121.33 0.03 
0.0 0.0600239093195218 0.109077166 0.0 0.0 1.0 0.996815286624203 0.998407643 0.1 0.01 
1.0 0.136389206537383 0.068194603 0.02 0.02 0.996794871794871 0.996794871794871 0.996794872 312.0 0.16 
0.0 0.764887109287822 0.550837596 0.04 0.28 0.894329896907216 0.90721649484536 0.900773196 560.61 0.83 
1.0 0.0 0.0 0.0 0.0 1.0 1.0 1.0 0.0 0.0 
0.0 0.0555380567855558 0.041658207 0.0 0.0 1.0 1.0 1.0 0.01 0.0 
1.0 0.0722333511395841 0.091405268 0.0 0.0 1.0 0.996551724137931 0.998275862 0.07 0.01 
0.0 0.838455913773507 0.722779858 0.1 0.32 0.935567010309278 0.943298969072164 0.93943299 441.38 0.28 
1.0 0.0419476776352413 0.020973839 0.0 0.0 1.0 1.0 1.0 0.0 0.0 
0.0 0.608932620565087 0.580405473 -0.01 0.01 1.0 1.0 1.0 5.0 0.23 
1.0 0.0841156071386904 0.042057804 0.01 0.01 0.997912317327766 0.997912317327766 0.997912317 479.0 0.13 
0.0 0.314903356359905 1.034843011 0.04 0.14 0.982954545454545 0.994318181818181 0.988636364 309.77 0.03 
1.0 0.2338222085409 0.818238813 0.01 0.11 0.992932862190812 0.992932862190812 0.992932862 434.69 0.22 
0.0 0.0 0.0 0.0 0.0 1.0 1.0 1.0 0.0 0.0 
1.0 0.846039359308129 0.761957918 0.0 0.15 0.959183673469387 0.983673469387755 0.971428571 257.96 0.23 
0.0 0.822961039054412 0.511458569 -0.02 0.03 1.0 1.0 1.0 11.75 0.06 
1.0 0.025308475175301 0.012654238 0.0 0.0 1.0 1.0 1.0 0.0 0.0 
0.0 0.0600239093195218 0.030011955 0.0 0.0 1.0 0.990445859872611 0.99522293 0.03 0.01 
1.0 0.0 0.0 0.04 0.04 0.994152046783625 0.994152046783625 0.994152047 342.0 0.36 
0.0 0.822961039054412 0.41148052 0.0 0.0 1.0 1.0 1.0 0.0 0.0 
1.0 0.808627497424305 0.413282454 0.0 0.0 1.0 0.997422680412371 0.99871134 0.43 0.03 
0.0 0.0814830923424272 0.372691788 0.0 0.0 1.0 1.0 1.0 1.0 0.08 
1.0 0.866460128427678 1.082771918 0.04 0.17 0.994413407821229 0.994413407821229 0.994413408 488.93 0.05 
0.0 0.304348986236983 0.218194849 -0.07 0.02 0.883280757097791 0.962145110410094 0.922712934 31.42 0.29 
1.0 0.0 0.0 0.0 0.0 1.0 1.0 1.0 0.0 0.0 
0.0 0.0859155013346631 0.220773377 -0.04 0.01 1.0 0.963265306122448 0.981632653 1.63 0.18 
1.0 0.716825848845551 0.474650378 -0.05 0.02 1.0 1.0 1.0 8.68 0.0 
0.0 0.510688668859979 0.372204832 -0.04 0.01 1.0 0.977987421383647 0.988993711 4.26 0.24 
1.0 0.0 0.0 0.0 0.0 1.0 1.0 1.0 0.0 0.0 
0.0 0.0710666147950947 0.035533307 0.0 0.0 1.0 0.995535714285714 0.997767857 0.01 0.0 
1.0 0.601394154776991 1.002824603 0.06 0.22 1.0 0.991549295774647 0.995774648 239.06 0.39 
0.0 0.0 0.0 0.0 0.0 1.0 1.0 1.0 0.0 0.0 
1.0 0.0402723695891569 0.606271836 0.0 0.03 0.996655518394648 0.996655518394648 0.996655518 302.88 0.05 
0.0 0.148832705624184 0.074416353 -0.01 0.0 0.955631399317406 0.996587030716723 0.976109215 0.07 0.01 
1.0 0.0 0.0 0.0 0.0 1.0 1.0 1.0 0.0 0.0 
0.0 0.099623389466162 0.049811695 -0.11 0.0 0.897832817337461 0.910216718266253 0.904024768 1.81 0.11 
1.0 0.698096144817782 0.90205771 0.09 0.31 1.0 1.0 1.0 499.44 0.87 
0.0 0.87927246018794 0.67864312 0.12 0.23 1.0 1.0 1.0 162.79 1.27 
1.0 0.0436808180468584 0.076076079 0.01 0.01 1.0 1.0 1.0 43.16 0.15 
0.0 0.0 0.0 0.0 0.0 1.0 1.0 1.0 0.0 0.0 
1.0 0.0 0.0 0.0 0.0 1.0 1.0 1.0 0.0 0.0 
0.0 0.0600239093195218 0.051496673 0.0 0.0 1.0 1.0 1.0 0.02 0.0 
1.0 0.0206520864796601 0.08332303 0.0 0.0 1.0 1.0 1.0 0.03 0.0 
0.0 0.0 0.0 0.0 0.0 1.0 1.0 1.0 0.0 0.0 
1.0 0.838227258499489 0.518711412 0.25 0.39 0.90721649484536 0.90721649484536 0.907216495 643.23 1.41 
0.0 0.0503190388116789 0.035904422 0.0 0.0 1.0 1.0 1.0 0.01 0.0 
1.0 0.551878325578596 0.341784941 0.05 0.06 1.0 1.0 1.0 57.34 0.65 
0.0 0.744555533002076 0.458979729 0.01 0.07 0.90721649484536 0.997422680412371 0.952319588 514.74 0.4 
1.0 0.586137714706872 0.809392393 0.02 0.21 0.982142857142857 0.982142857142857 0.982142857 521.56 0.42 
0.0 0.0712759023849942 0.055319915 0.02 0.02 0.962750716332378 0.997134670487106 0.979942693 52.03 0.22 
1.0 0.570590975416156 0.285295488 0.0 0.0 1.0 1.0 1.0 0.0 0.0 
0.0 0.112231212922166 0.056115606 0.0 0.0 1.0 1.0 1.0 0.0 0.0 
1.0 0.0 0.0 0.0 0.0 1.0 1.0 1.0 0.0 0.0 
0.0 0.0211461152051303 0.065273282 0.12 0.12 0.978593272171253 0.978593272171253 0.978593272 654.0 0.83 
1.0 0.225093120467056 0.11254656 0.0 0.0 1.0 1.0 1.0 0.0 0.0 
0.0 0.105591169639937 0.052795585 0.07 0.08 0.985250737463126 0.985250737463126 0.985250737 339.0 0.58 
1.0 0.244150593530373 0.122075297 0.11 0.12 0.974137931034482 0.974137931034482 0.974137931 348.0 0.76 
0.0 0.674506330502582 0.493281536 0.07 0.11 1.0 1.0 1.0 182.06 0.48 
