1.0 0.11980085607378 0.059900428 0.0 0.0 1.0 1.0 1.0 0.0 0.0 
0.0 0.695823444713384 0.402775064 0.04 0.11 0.97324414715719 0.976588628762541 0.974916388 264.46 0.15 
1.0 0.0434409002022211 0.21630821 0.02 0.03 0.962025316455696 0.981012658227848 0.971518987 44.39 0.25 
0.0 0.0914736159053586 0.4067547 0.0 0.01 1.0 1.0 1.0 2.88 0.09 
1.0 0.0202845880542838 0.071834783 0.0 0.0 1.0 1.0 1.0 0.03 0.0 
0.0 0.0605098655008392 0.279337701 0.0 0.02 0.990445859872611 0.996815286624203 0.993630573 17.75 0.2 
1.0 0.0764127049519044 0.049099106 0.02 0.02 1.0 1.0 1.0 309.0 0.18 
0.0 0.053661721482253 0.176746371 0.03 0.04 0.993710691823899 0.993710691823899 0.993710692 318.19 0.2 
1.0 0.0697628876274181 0.298512327 -0.01 0.0 1.0 1.0 1.0 0.86 0.07 
0.0 0.0383614089131149 0.038361409 0.0 0.0 1.0 1.0 1.0 0.0 0.25 
1.0 1.69693954668667 1.544454533 0.46 1.15 0.97378277153558 0.97378277153558 0.973782772 1116.73 1.29 
0.0 0.730738170003502 0.365369085 0.0 0.0 1.0 0.997050147492625 0.998525074 0.0 0.0 
1.0 0.724094770979972 0.982460422 0.15 0.67 0.93859649122807 0.93859649122807 0.938596491 597.48 0.21 
0.0 0.0555380567855558 0.041658207 0.0 0.0 1.0 1.0 1.0 0.01 0.0 
1.0 0.0440460714620383 0.101058843 0.03 0.04 1.0 1.0 1.0 354.99 0.29 
0.0 0.263492306488736 0.131746153 0.0 0.0 1.0 0.984756097560975 0.992378049 0.0 0.0 
1.0 0.0275776979183499 0.013788849 0.0 0.0 1.0 1.0 1.0 0.0 0.0 
0.0 0.0 0.0 0.0 0.0 1.0 1.0 1.0 0.0 0.0 
1.0 0.67725439592039 0.394610896 -0.02 0.01 1.0 0.996960486322188 0.998480243 5.53 0.08 
0.0 0.269761622676472 0.199622788 0.02 0.05 0.921875 0.990624999999999 0.95625 62.1 0.59 
1.0 0.0 0.0 0.0 0.0 1.0 1.0 1.0 0.0 0.0 
0.0 0.0605098655008392 0.209381989 0.01 0.01 1.0 0.990445859872611 0.99522293 16.8 0.16 
1.0 0.0603177511895181 0.213272031 -0.01 0.03 0.652329749103942 0.982078853046595 0.817204301 15.45 0.33 
0.0 0.0985397007342185 0.04926985 0.0 0.0 1.0 1.0 1.0 0.0 0.0 
1.0 0.0613389110031691 0.242027308 0.08 0.1 0.97452229299363 0.980891719745222 0.977707006 274.34 0.56 
0.0 0.744456670670716 0.372228335 0.02 0.02 0.997050147492625 0.997050147492625 0.997050147 339.0 0.06 
1.0 0.119601547166904 0.059800774 0.0 0.0 1.0 1.0 1.0 0.0 0.0 
0.0 0.515425093951423 0.257712547 0.0 0.01 1.0 0.925925925925925 0.962962963 7.4 0.35 
1.0 0.962501570244481 1.015130686 -0.03 0.44 0.909348441926345 0.91784702549575 0.913597734 809.13 0.23 
0.0 0.093386970375234 0.056992843 0.0 0.0 1.0 0.993939393939393 0.996969697 0.02 0.0 
1.0 0.20337265843033 0.825750514 -0.01 0.04 1.0 0.997319034852546 0.998659517 45.22 0.02 
0.0 0.189023433691842 0.094511717 -0.05 0.01 0.871134020618556 0.914948453608247 0.893041237 3.35 0.24 
1.0 0.0 0.0 0.0 0.0 1.0 1.0 1.0 0.0 0.0 
0.0 0.140951765677311 0.070475883 0.0 0.0 1.0 1.0 1.0 0.0 0.0 
1.0 0.0286134400889394 0.01430672 0.0 0.0 1.0 1.0 1.0 0.0 0.0 
0.0 0.0 0.0 0.0 0.0 1.0 1.0 1.0 0.0 0.0 
1.0 0.78234378781173 0.602728031 0.02 0.04 1.0 1.0 1.0 324.37 0.31 
0.0 0.836222220425105 0.41811111 -0.01 0.0 0.791044776119402 0.996268656716417 0.893656716 0.8 0.04 
1.0 0.0 0.0 0.0 0.0 1.0 1.0 1.0 0.0 0.0 
0.0 0.764887109287822 0.675233087 -0.02 0.16 0.90721649484536 0.994845360824742 0.951030928 154.72 1.09 
1.0 0.0535433011336311 0.045648335 0.03 0.03 1.0 1.0 1.0 152.9 0.39 
0.0 0.0 0.0 0.0 0.0 1.0 0.985915492957746 0.992957746 0.0 0.0 
1.0 0.0 0.0 0.0 0.0 1.0 1.0 1.0 0.0 0.0 
0.0 0.567869490196994 0.283934745 0.07 0.12 0.975460122699386 0.975460122699386 0.975460123 326.0 0.53 
1.0 0.588127349431181 0.872496746 0.0 0.17 1.0 1.0 1.0 402.55 0.31 
0.0 0.0524950451998158 0.052495045 0.0 0.0 1.0 1.0 1.0 0.02 0.0 
1.0 0.631299900908491 0.31564995 0.0 0.0 1.0 0.997126436781609 0.998563218 0.22 0.02 
0.0 0.0 0.0 0.12 0.15 0.966165413533834 0.966165413533834 0.966165414 266.0 1.21 
1.0 0.656837738121801 0.913530305 0.04 0.49 1.0 0.997101449275362 0.998550725 483.65 1.19 
0.0 0.615613450001113 0.307806725 0.0 0.0 1.0 0.993527508090614 0.996763754 0.0 0.0 
1.0 0.396843947977921 0.35307573 0.12 0.16 1.0 1.0 1.0 165.17 1.63 
0.0 0.0207057550810892 0.010352878 0.0 0.0 1.0 0.984756097560975 0.992378049 0.02 0.0 
1.0 0.0801933899981968 0.06090597 0.05 0.06 0.972644376899696 0.990881458966565 0.981762918 436.66 0.45 
0.0 0.461728994921057 0.230864497 0.0 0.0 1.0 0.848837209302325 0.924418605 0.0 0.0 
1.0 0.0756333470998681 0.090808003 0.45 0.5 0.748538011695906 0.760233918128654 0.754385965 394.14 2.55 
0.0 0.206192050633231 0.113086299 0.0 0.0 1.0 1.0 1.0 0.06 0.01 
1.0 0.0 0.0 0.0 0.0 1.0 1.0 1.0 0.0 0.0 
0.0 0.09277111711335 0.060274738 0.0 0.0 1.0 0.995689655172413 0.997844828 0.02 0.0 
1.0 0.0 0.0 0.0 0.0 1.0 1.0 1.0 0.0 0.0 
0.0 0.372364144644762 0.259254445 0.08 0.09 1.0 1.0 1.0 82.01 0.85 
1.0 0.0282940270164837 0.014147014 0.23 0.27 0.922448979591836 0.926530612244897 0.924489796 245.0 2.22 
0.0 0.12081409501537 0.060407048 0.0 0.0 1.0 1.0 1.0 0.0 0.0 
1.0 0.272735930391693 0.859192964 0.09 0.23 0.975138121546961 0.975138121546961 0.975138122 828.02 0.36 
0.0 0.661564174056686 0.417031078 0.33 0.42 0.845833333333333 0.933333333333333 0.889583333 1008.69 2.21 
1.0 0.171924045593234 0.149531389 0.04 0.05 0.990624999999999 0.990624999999999 0.990625 320.28 0.27 
0.0 0.627437033677109 0.324319805 0.02 0.02 1.0 0.996865203761755 0.998432602 319.0 0.06 
1.0 0.0405602919446984 0.03042244 0.09 0.1 0.979591836734693 0.979591836734693 0.979591837 343.01 0.83 
0.0 0.0773036079807894 0.066420832 0.0 0.0 1.0 1.0 1.0 0.03 0.01 
1.0 0.635777234787678 1.111552784 0.02 0.15 1.0 1.0 1.0 444.01 0.29 
0.0 0.551878325578596 0.286831916 0.0 0.0 1.0 1.0 1.0 0.21 0.02 
1.0 0.0243552454938662 0.012177623 0.02 0.02 0.996323529411764 0.996323529411764 0.996323529 272.0 0.22 
0.0 0.109878780679966 0.05493939 0.07 0.07 0.986970684039087 0.986970684039087 0.986970684 307.0 0.54 
1.0 0.920713936349004 0.460356968 0.07 0.11 0.976973684210526 0.976973684210526 0.976973684 304.0 0.38 
0.0 0.464383292171582 0.283504839 0.0 0.01 1.0 0.9875 0.99375 2.05 0.16 
1.0 0.101475461577786 0.050737731 0.02 0.03 0.996138996138996 0.996138996138996 0.996138996 259.0 0.2 
0.0 0.094188169229758 0.508377341 -0.01 0.02 0.978609625668449 0.994652406417112 0.986631016 78.38 0.05 
1.0 0.0455750979354825 0.034217411 0.12 0.12 0.966887417218543 0.970198675496688 0.968543046 270.88 1.01 
0.0 0.470106851037801 0.246006548 0.0 0.01 1.0 1.0 1.0 4.6 0.1 
1.0 0.0870995231917752 0.05504658 0.19 0.33 0.897832817337461 0.897832817337461 0.897832817 323.02 2.13 
0.0 0.0851513859728799 0.114115966 -0.02 0.0 0.93125 0.96875 0.95 1.69 0.14 
1.0 0.0455410717570152 0.142960528 0.04 0.05 0.992277992277992 0.992277992277992 0.992277992 259.11 0.25 
0.0 0.163023629494365 0.586772335 -0.01 0.02 1.0 1.0 1.0 4.77 0.29 
1.0 0.0 0.0 0.0 0.0 1.0 1.0 1.0 0.0 0.0 
0.0 0.711252800266253 0.3556264 0.0 0.0 1.0 1.0 1.0 0.0 0.0 
1.0 0.982617329541584 0.582624553 0.05 0.13 0.973118279569892 0.973118279569892 0.97311828 375.17 0.2 
0.0 0.901181852102095 0.849347272 0.01 0.37 1.0 0.928853754940711 0.964426877 165.88 0.38 
1.0 0.206192050633231 0.171682594 0.1 0.11 0.978540772532188 0.978540772532188 0.978540773 233.41 0.54 
0.0 0.0353988255951069 0.017699413 0.0 0.0 1.0 0.988416988416988 0.994208494 0.0 0.0 
1.0 1.02147820060607 1.017103893 -0.06 0.23 1.0 1.0 1.0 89.04 0.06 
0.0 0.608932620565087 0.30446631 0.0 0.0 1.0 1.0 1.0 0.0 0.0 
1.0 0.0832846732333399 0.083284673 0.0 0.0 1.0 1.0 1.0 0.0 0.74 
0.0 0.0 0.0 0.0 0.0 1.0 0.995689655172413 0.997844828 0.0 0.0 
1.0 0.87740625145043 0.438703126 0.0 0.0 1.0 1.0 1.0 0.0 0.0 
0.0 0.0651064140733245 0.05339006 0.0 0.0 1.0 0.996503496503496 0.998251748 0.03 0.0 
1.0 0.740510656554896 0.370255328 0.0 0.0 1.0 1.0 1.0 0.0 0.0 
0.0 0.473652362140594 0.236826181 -0.03 0.01 0.959044368600682 0.969283276450511 0.964163823 9.07 0.01 
1.0 0.82415316873979 1.184320205 0.13 0.67 0.904191616766467 0.967065868263473 0.935628743 907.77 0.29 
0.0 0.0708149198462115 0.03540746 0.0 0.0 1.0 0.878125 0.9390625 0.0 0.0 
1.0 0.0214316941424852 0.09669534 0.04 0.04 0.993690851735015 0.993690851735015 0.993690852 317.04 0.25 
0.0 0.171057602655322 0.170051018 0.01 0.02 1.0 0.997267759562841 0.99863388 26.64 0.3 
1.0 0.0223403798434835 0.01117019 0.1 0.11 0.977198697068403 0.977198697068403 0.977198697 307.0 0.93 
0.0 0.0 0.0 0.0 0.0 1.0 0.891737891737891 0.945868946 0.0 0.0 
1.0 1.24082607371499 1.240826074 -0.75 0.0 0.93859649122807 0.93859649122807 0.938596491 0.0 0.42 
0.0 0.0391798623289367 0.030482684 0.0 0.0 1.0 0.996763754045307 0.998381877 0.01 0.0 
1.0 0.291226496128171 0.215659128 0.1 0.12 0.954268292682926 0.966463414634146 0.960365854 238.56 0.73 
0.0 0.0392676281005356 0.019633814 -0.01 0.0 0.891737891737891 0.994301994301994 0.943019943 3.43 0.06 
1.0 0.0599541287844177 0.080714795 0.02 0.02 0.992277992277992 0.996138996138996 0.994208494 129.04 0.18 
0.0 0.0 0.0 0.0 0.0 0.986798679867986 0.99009900990099 0.988448845 0.04 0.01 
1.0 0.088451266649678 0.325422892 0.06 0.09 0.977653631284916 0.980446927374301 0.979050279 314.01 0.26 
0.0 0.067494360609112 0.093647608 0.0 0.0 1.0 1.0 1.0 0.04 0.01 
1.0 0.169855635539478 0.169855636 -0.01 0.0 0.994897959183673 0.994897959183673 0.994897959 0.0 1.17 
0.0 0.862425975002266 0.431212988 0.0 0.0 1.0 1.0 1.0 0.0 0.0 
1.0 0.0 0.0 0.0 0.0 1.0 1.0 1.0 0.0 0.0 
0.0 0.65548853629439 0.327744268 0.0 0.0 1.0 0.663043478260869 0.831521739 0.0 0.0 
1.0 0.403728606408585 0.220357967 0.02 0.02 0.996978851963746 0.996978851963746 0.996978852 331.18 0.09 
0.0 0.557608043552023 0.289696775 0.0 0.0 1.0 1.0 1.0 0.21 0.02 
1.0 0.20337265843033 0.825750514 -0.01 0.04 1.0 0.997319034852546 0.998659517 45.22 0.02 
0.0 0.743752066822375 0.623088716 -0.11 0.13 0.461942257217847 0.997375328083989 0.729658793 188.06 0.28 
1.0 0.541952602754964 0.322959122 0.06 0.11 0.984177215189873 0.984177215189873 0.984177215 633.43 0.27 
0.0 0.0546588236180275 0.09317519 0.0 0.0 1.0 1.0 1.0 0.09 0.01 
1.0 0.0682483659324245 0.034124183 0.0 0.0 1.0 1.0 1.0 0.0 0.0 
0.0 0.207962357006846 0.184190601 0.01 0.01 1.0 1.0 1.0 21.72 0.16 
1.0 0.352719956882814 0.187467213 0.02 0.02 1.0 1.0 1.0 302.0 0.14 
0.0 0.021489805529056 0.010744903 0.0 0.0 1.0 0.990445859872611 0.99522293 0.01 0.0 
1.0 0.545648829490156 0.272824415 0.08 0.1 0.980263157894736 0.980263157894736 0.980263158 304.0 0.46 
0.0 0.0228597243679244 0.011429862 0.0 0.0 1.0 0.966887417218543 0.983443709 0.0 0.0 
1.0 0.0234758940935979 0.011737947 0.0 0.0 1.0 1.0 1.0 0.0 0.0 
0.0 0.607103801952931 1.28330699 0.13 0.39 0.943298969072164 0.945876288659793 0.944587629 781.32 0.05 
1.0 0.481748052467498 0.461079838 0.23 0.42 1.0 0.988805970149253 0.994402985 260.39 2.52 
0.0 0.0842013440645039 0.432717752 -0.05 0.08 1.0 0.929230769230769 0.964615385 354.82 0.0 
1.0 0.0727003585248474 0.036350179 0.0 0.0 1.0 1.0 1.0 0.0 0.0 
0.0 0.0455410717570152 0.022770536 0.0 0.0 1.0 0.992277992277992 0.996138996 0.0 0.0 
1.0 0.0 0.0 0.0 0.0 1.0 0.984210526315789 0.992105263 0.0 0.0 
0.0 0.0719789336351772 0.035989467 0.0 0.0 1.0 0.979999999999999 0.99 0.0 0.0 
1.0 0.0 0.0 0.0 0.0 1.0 1.0 1.0 0.0 0.0 
0.0 0.0982620565325183 0.115566048 -0.05 0.01 0.899484536082474 0.90721649484536 0.903350515 6.36 0.27 
1.0 0.846299466951633 0.423149733 0.0 0.0 1.0 1.0 1.0 0.0 0.0 
0.0 0.0 0.0 0.0 0.0 0.971786833855799 0.996865203761755 0.984326019 0.03 0.0 
1.0 0.0634089260465911 0.094782038 0.03 0.04 0.996884735202492 0.996884735202492 0.996884735 400.53 0.26 
0.0 0.74804818024726 0.37402409 0.0 0.0 1.0 1.0 1.0 0.0 0.0 
1.0 0.0551370545603342 0.027568527 0.0 0.0 1.0 1.0 1.0 0.0 0.0 
0.0 0.627925106207341 0.313962553 0.0 0.0 1.0 0.981981981981981 0.990990991 0.0 0.0 
1.0 0.0 0.0 0.0 0.0 1.0 1.0 1.0 0.0 0.0 
0.0 0.0416737059285854 0.192406522 0.0 0.0 1.0 1.0 1.0 0.24 0.03 
1.0 0.0 0.0 0.0 0.0 1.0 1.0 1.0 0.0 0.0 
0.0 0.436299438199227 0.285238046 -0.02 0.01 0.976439790575916 0.994764397905759 0.985602094 3.11 0.2 
1.0 0.608819744380155 0.930399804 0.08 0.19 0.989690721649484 0.989690721649484 0.989690722 687.48 0.18 
0.0 0.953235176620347 0.661107723 -0.01 0.06 1.0 1.0 1.0 30.47 0.09 
1.0 0.0260778329833976 0.013038916 0.0 0.0 1.0 1.0 1.0 0.0 0.0 
0.0 0.185392676130014 0.179985349 0.0 0.0 1.0 1.0 1.0 0.6 0.06 
1.0 0.050319038811679 0.14477504 0.0 0.0 1.0 1.0 1.0 0.1 0.01 
0.0 0.0414328681373426 0.020716434 0.0 0.0 1.0 1.0 1.0 0.0 0.0 
1.0 0.0600239093195218 0.051496673 0.0 0.0 1.0 1.0 1.0 0.02 0.0 
0.0 0.0212025770039786 0.069198207 0.0 0.0 1.0 1.0 1.0 0.03 0.0 
1.0 0.20139440317369 0.192001141 0.02 0.03 1.0 0.993975903614457 0.996987952 358.66 0.16 
0.0 0.023546567098459 0.023476121 0.0 0.0 1.0 0.992957746478873 0.996478873 0.01 0.0 
1.0 0.093552131993414 0.091321854 0.02 0.02 0.997183098591549 0.997183098591549 0.997183099 355.09 0.11 
0.0 0.0547547716962164 0.046654629 0.0 0.0 1.0 1.0 1.0 0.01 0.0 
1.0 0.0898510923104771 0.059911924 0.0 0.0 1.0 1.0 1.0 0.01 0.0 
0.0 0.422615274913311 0.268542087 0.0 0.01 1.0 1.0 1.0 13.46 0.04 
1.0 0.531148512151595 0.285164187 -0.01 0.0 1.0 0.996763754045307 0.998381877 0.81 0.06 
0.0 0.846900754646194 0.998535423 0.03 0.33 0.946875 0.981249999999999 0.9640625 263.25 0.83 
1.0 0.429546986323036 0.41761161 0.01 0.09 0.986842105263157 0.990131578947368 0.988486842 551.67 0.36 
0.0 0.063656672390851 0.059759537 0.0 0.0 1.0 1.0 1.0 0.04 0.01 
1.0 0.969317912601186 0.584028607 0.04 0.1 0.988888888888888 0.988888888888888 0.988888889 545.12 0.01 
0.0 0.0508310715523028 0.025415536 0.0 0.0 1.0 0.995575221238938 0.997787611 0.0 0.0 
1.0 1.09203667400983 1.063163225 0.18 0.54 1.0 1.0 1.0 565.48 0.06 
0.0 0.0993346278881227 0.080591566 0.0 0.0 1.0 1.0 1.0 0.03 0.01 
1.0 0.658905609973488 0.340054093 0.0 0.0 1.0 1.0 1.0 0.59 0.02 
0.0 0.257436782111026 0.196793636 -0.05 0.02 0.90721649484536 0.909793814432989 0.908505155 8.02 0.34 
1.0 0.0530380851089993 0.050208913 0.06 0.07 0.991902834008097 0.991902834008097 0.991902834 370.0 0.57 
0.0 0.0429694362376849 0.021484718 0.0 0.0 1.0 1.0 1.0 0.0 0.0 
1.0 0.0282940270164837 0.014147014 0.0 0.0 1.0 1.0 1.0 0.0 0.0 
0.0 0.138370975387123 0.069185488 0.0 0.0 1.0 1.0 1.0 0.0 0.0 
1.0 0.0601621208663721 0.045127233 0.03 0.03 0.995283018867924 0.995283018867924 0.995283019 212.01 0.23 
0.0 0.545827844233365 0.29221762 0.0 0.02 0.670391061452513 0.994413407821229 0.832402235 48.64 0.11 
1.0 1.27308896400644 1.183807793 0.0 0.24 1.0 1.0 1.0 567.21 1.01 
0.0 0.531054252887102 0.27641988 0.0 0.0 1.0 1.0 1.0 0.29 0.02 
1.0 0.0 0.0 0.0 0.0 1.0 1.0 1.0 0.0 0.0 
0.0 0.829958229134821 1.420099828 -0.1 0.34 0.760309278350515 0.943298969072164 0.851804124 291.79 0.28 
1.0 0.0411950173244082 0.032094327 0.0 0.0 1.0 1.0 1.0 0.01 0.0 
0.0 0.0654138162860413 0.049286104 0.0 0.0 1.0 0.984293193717277 0.992146597 0.04 0.01 
1.0 0.830237670572683 0.450582974 0.0 0.0 1.0 1.0 1.0 1.34 0.07 
0.0 1.2022982207951 0.60114911 0.0 0.0 1.0 1.0 1.0 0.0 0.0 
1.0 0.0898510923104771 0.059911924 0.03 0.03 1.0 1.0 1.0 212.0 0.25 
0.0 0.850713860611363 0.42535693 0.0 0.0 1.0 1.0 1.0 0.0 0.0 
1.0 0.0549168777007294 0.027458439 0.0 0.0 1.0 1.0 1.0 0.0 0.0 
0.0 0.303011781855131 0.151505891 0.07 0.08 0.982300884955752 0.982300884955752 0.982300885 291.07 0.66 
1.0 0.0190789241997616 0.074347087 0.03 0.04 0.986338797814207 0.991803278688524 0.989071038 218.43 0.36 
0.0 0.308372704296377 0.163505561 0.0 0.0 1.0 1.0 1.0 0.07 0.01 
1.0 0.023546567098459 0.023546567 0.0 0.0 1.0 1.0 1.0 0.0 0.0 
0.0 0.0946457533196538 0.065013038 0.0 0.0 1.0 0.997134670487106 0.998567335 0.05 0.01 
1.0 0.0789873367431947 0.039493668 0.02 0.03 0.995967741935483 0.995967741935483 0.995967742 248.0 0.21 
0.0 0.0282940270164837 0.014147014 0.0 0.0 1.0 1.0 1.0 0.0 0.0 
1.0 0.849975284027729 0.424987642 0.0 0.0 1.0 1.0 1.0 0.0 0.0 
0.0 0.0605098655008392 0.057632319 0.0 0.0 1.0 0.990445859872611 0.99522293 0.04 0.01 
1.0 0.0208685696629229 0.02086857 0.02 0.02 0.996932515337423 0.996932515337423 0.996932515 326.0 0.18 
0.0 0.067026669037874 0.052439105 0.0 0.0 1.0 1.0 1.0 0.03 0.0 
1.0 0.048641233763665 0.048641234 0.0 0.0 1.0 1.0 1.0 0.0 0.46 
0.0 0.041727642634605 0.020863821 0.0 0.0 1.0 0.996923076923076 0.998461538 0.01 0.0 
