1.0 0.0 0.0 0.0 0.0 1.0 1.0 1.0 0.0 0.0 
0.0 0.929154431708091 0.464577216 0.02 0.17 0.871134020618556 0.935567010309278 0.903350515 186.97 0.41 
1.0 0.0862286309517237 0.043114315 0.0 0.0 1.0 1.0 1.0 0.0 0.0 
0.0 0.0557409191195386 0.02787046 0.0 0.0 1.0 0.995689655172413 0.997844828 0.0 0.0 
1.0 0.281627091645998 0.154263171 0.03 0.03 1.0 1.0 1.0 241.0 0.17 
0.0 0.0557409191195386 0.052740282 0.0 0.0 0.995689655172413 0.995689655172413 0.995689655 0.04 0.01 
1.0 0.455156439386743 0.247260183 0.0 0.02 0.997134670487106 0.997134670487106 0.99713467 349.41 0.04 
0.0 0.646441108258634 0.352592544 0.0 0.0 1.0 1.0 1.0 1.28 0.07 
1.0 0.0 0.0 0.0 0.0 1.0 1.0 1.0 0.0 0.0 
0.0 0.0866216601957414 0.391222552 0.07 0.13 0.976588628762541 0.976588628762541 0.976588629 308.28 0.4 
1.0 0.0873757859059086 0.055184712 0.0 0.0 1.0 0.996551724137931 0.998275862 0.02 0.0 
0.0 0.441370542519562 0.415273032 -0.02 0.03 1.0 0.962025316455696 0.981012658 10.14 0.44 
1.0 0.0352109907044965 0.030976483 0.0 0.0 1.0 1.0 1.0 0.01 0.0 
0.0 0.836902271913767 0.588130848 0.06 0.1 0.997422680412371 0.997422680412371 0.99742268 780.64 0.06 
1.0 0.021089974675165 0.073989737 0.0 0.0 1.0 1.0 1.0 0.02 0.0 
0.0 0.693726792106099 0.36654536 -0.02 0.01 1.0 0.997134670487106 0.998567335 5.04 0.03 
1.0 0.0206520864796601 0.082568621 0.0 0.0 1.0 0.996960486322188 0.998480243 0.03 0.01 
0.0 0.0618481957470582 0.11255982 -0.03 0.02 0.440129449838187 0.980582524271844 0.710355987 11.09 0.21 
1.0 0.0202332278371195 0.061094441 0.0 0.0 1.0 0.997032640949554 0.99851632 0.02 0.0 
0.0 0.230003201266078 0.125924449 0.0 0.0 1.0 0.99025974025974 0.99512987 0.07 0.01 
1.0 0.0708978862864638 0.035448943 0.0 0.0 1.0 1.0 1.0 0.0 0.0 
0.0 0.0277783581726275 0.027778358 0.0 0.0 1.0 1.0 1.0 0.0 0.0 
1.0 0.709823998265026 0.585705227 0.03 0.1 0.988636363636363 0.988636363636363 0.988636364 374.62 0.06 
0.0 1.30511164817586 1.305111648 -0.43 0.0 0.992146596858638 0.992146596858638 0.992146597 0.0 0.16 
1.0 0.0546588236180275 0.027329412 0.0 0.0 1.0 1.0 1.0 0.0 0.0 
0.0 0.0 0.0 0.0 0.0 1.0 1.0 1.0 0.0 0.0 
1.0 0.12923343913194 0.128979463 0.13 0.15 0.969613259668508 0.969613259668508 0.96961326 542.6 0.97 
0.0 0.720242086623066 0.920409999 -0.08 0.12 1.0 0.909793814432989 0.954896907 127.72 0.1 
1.0 0.0863128372055108 0.063803872 0.0 0.0 1.0 1.0 1.0 0.03 0.01 
0.0 0.562394516763363 0.348058347 0.0 0.12 0.332402234636871 0.980446927374301 0.656424581 59.86 0.54 
1.0 0.0 0.0 0.0 0.0 1.0 1.0 1.0 0.0 0.0 
0.0 0.236405085826691 0.118202543 0.0 0.0 1.0 1.0 1.0 0.0 0.0 
1.0 0.485906818748069 0.253095703 0.03 0.04 0.994082840236686 0.994082840236686 0.99408284 338.21 0.14 
0.0 0.866958696889648 0.433479348 0.0 0.0 1.0 1.0 1.0 0.0 0.0 
1.0 0.77564675994392 0.420430562 0.0 0.01 1.0 1.0 1.0 5.27 0.11 
0.0 0.772559187083392 0.690689466 -0.1 0.07 0.891752577319587 0.989690721649484 0.940721649 77.5 0.08 
1.0 0.0547547716962164 0.048862104 0.0 0.0 1.0 1.0 1.0 0.01 0.0 
0.0 0.156749745841486 0.078374873 0.0 0.0 1.0 0.994764397905759 0.997382199 0.0 0.0 
1.0 1.26767910861477 0.633839554 0.0 0.08 0.969283276450511 0.986348122866894 0.9778157 147.18 0.09 
0.0 1.65612572964162 0.828062865 -0.03 0.02 1.0 0.977198697068403 0.988599349 9.13 0.16 
1.0 0.9835044019081 0.929048383 0.19 0.48 0.905714285714285 0.905714285714285 0.905714286 485.66 0.79 
0.0 0.0690585676413284 0.054211248 0.02 0.02 1.0 0.997134670487106 0.998567335 349.02 0.15 
1.0 0.0 0.0 0.0 0.0 1.0 1.0 1.0 0.0 0.0 
0.0 0.0559453810900975 0.027972691 0.0 0.0 0.991379310344827 0.995689655172413 0.993534483 0.02 0.0 
1.0 0.206192050633231 0.171682594 0.1 0.11 0.978540772532188 0.978540772532188 0.978540773 233.41 0.54 
0.0 0.0277783581726275 0.027778358 0.0 0.0 1.0 1.0 1.0 0.0 0.0 
1.0 0.0876290502549295 0.062642397 0.0 0.0 1.0 1.0 1.0 0.03 0.01 
0.0 0.0549168777007294 0.047140403 0.02 0.02 1.0 0.997134670487106 0.998567335 349.01 0.18 
1.0 0.290800378670856 0.24263354 0.01 0.01 1.0 1.0 1.0 42.6 0.12 
0.0 0.0277783581726275 0.013889179 0.0 0.0 1.0 0.995689655172413 0.997844828 0.0 0.0 
1.0 0.0618481957470582 0.053070716 0.09 0.1 0.980582524271844 0.980582524271844 0.980582524 309.02 0.8 
0.0 1.08958039144791 0.544790196 0.0 0.0 1.0 1.0 1.0 0.0 0.0 
1.0 0.0 0.0 0.0 0.0 1.0 1.0 1.0 0.0 0.0 
0.0 0.921585716572883 0.525534835 -0.05 0.02 1.0 0.921875 0.9609375 6.23 0.22 
1.0 0.0 0.0 0.0 0.0 1.0 1.0 1.0 0.0 0.0 
0.0 0.0210341526104483 0.010517076 0.0 0.0 1.0 1.0 1.0 0.0 0.0 
1.0 0.0627602166108864 0.031380108 0.0 0.0 1.0 1.0 1.0 0.0 0.0 
0.0 0.080994082333335 0.110098525 0.07 0.12 0.954198473282442 0.969465648854961 0.961832061 177.09 1.09 
1.0 0.0300923446103394 0.03003255 0.03 0.03 1.0 0.995283018867924 0.997641509 212.0 0.28 
0.0 0.131691556532417 0.065845778 0.0 0.0 1.0 1.0 1.0 0.0 0.0 
1.0 0.0788244752788959 0.051984273 0.12 0.13 0.970260223048327 0.970260223048327 0.970260223 269.01 1.03 
0.0 0.330862899159724 0.799348044 0.0 0.09 0.989090909090909 0.989090909090909 0.989090909 317.39 0.04 
1.0 0.0665854743974204 0.033292737 0.09 0.1 0.979057591623036 0.979057591623036 0.979057592 191.0 0.76 
0.0 0.517165350026592 0.258582675 0.0 0.0 1.0 0.994845360824742 0.99742268 0.0 0.0 
1.0 0.0220284283205545 0.011014214 0.1 0.12 0.97444089456869 0.97444089456869 0.974440895 313.0 0.98 
0.0 0.0262556850879242 0.069245317 0.0 0.0 1.0 1.0 1.0 0.02 0.0 
1.0 0.0603177511895181 0.213272031 -0.01 0.03 0.652329749103942 0.982078853046595 0.817204301 15.45 0.33 
0.0 0.671733581735833 0.982798813 -0.06 0.11 1.0 0.996240601503759 0.998120301 50.67 0.4 
1.0 0.498347501879491 0.249173751 0.0 0.0 1.0 1.0 1.0 0.0 0.0 
0.0 0.209647343987608 0.104823672 0.0 0.0 1.0 0.993736951983298 0.996868476 0.0 0.0 
1.0 0.0411950173244082 0.119180902 0.13 0.15 0.959999999999999 0.966666666666666 0.963333333 285.68 1.15 
0.0 0.717885385512261 0.542195357 -0.02 0.12 0.958990536277602 0.974763406940063 0.966876972 334.46 0.12 
1.0 0.980116240085836 0.808804637 0.15 0.31 0.843373493975903 0.957831325301204 0.90060241 519.54 0.85 
0.0 0.730886481410996 0.594112562 -0.04 0.21 0.515306122448979 0.987244897959183 0.75127551 212.17 0.75 
1.0 0.0550072650933864 0.204818894 0.03 0.03 1.0 1.0 1.0 471.81 0.18 
0.0 0.0832790147097544 0.055528686 0.0 0.0 1.0 1.0 1.0 0.01 0.0 
1.0 0.0817712794043339 0.081771279 -0.01 0.0 0.992094861660079 0.992094861660079 0.992094862 0.0 0.91 
0.0 0.0208139940747914 0.550882406 0.0 0.01 0.993883792048929 0.996941896024464 0.995412844 10.46 0.03 
1.0 0.39128385161505 0.391283852 -0.34 0.0 0.867507886435331 0.867507886435331 0.867507886 0.0 2.67 
0.0 0.630387347530913 0.315193674 0.0 0.0 1.0 1.0 1.0 0.0 0.0 
1.0 0.604811716417282 0.313150761 0.0 0.01 1.0 0.97452229299363 0.987261146 3.84 0.07 
0.0 0.0278798704683955 0.013939935 0.0 0.0 1.0 0.995689655172413 0.997844828 0.0 0.0 
1.0 0.173136234770043 0.145988627 0.04 0.04 0.968390804597701 0.988505747126436 0.978448276 124.29 0.37 
0.0 0.419476629126541 0.294727007 -0.03 0.02 0.755162241887905 0.988200589970501 0.871681416 12.94 0.08 
1.0 0.883504949470676 0.661498906 0.0 0.09 1.0 1.0 1.0 71.79 0.29 
0.0 0.0712759023849942 0.065082485 0.0 0.0 1.0 0.962750716332378 0.981375358 0.15 0.02 
1.0 0.0364188753405764 0.03133728 0.0 0.0 1.0 1.0 1.0 0.0 0.0 
0.0 0.119492939892984 0.05974647 0.0 0.0 1.0 1.0 1.0 0.0 0.0 
1.0 0.73799737083685 0.379714532 0.03 0.03 0.993690851735015 0.996845425867507 0.995268139 263.58 0.09 
0.0 0.762458768410407 0.965655743 0.04 0.3 0.889175257731958 0.956185567010309 0.922680412 405.64 0.34 
1.0 0.244150593530373 0.122075297 0.11 0.12 0.974137931034482 0.974137931034482 0.974137931 348.0 0.76 
0.0 0.019124205152122 0.55025585 -0.02 0.01 0.983606557377049 0.989071038251366 0.986338798 4.74 0.12 
1.0 0.437319576212246 0.790238021 0.02 0.37 0.892255892255892 0.895622895622895 0.893939394 623.8 0.38 
0.0 0.112234947943701 0.056117474 0.0 0.0 1.0 1.0 1.0 0.0 0.0 
1.0 1.39911715517933 1.399117155 -0.57 0.0 0.994609164420485 0.994609164420485 0.994609164 0.0 0.81 
0.0 0.0 0.0 0.0 0.0 1.0 1.0 1.0 0.0 0.0 
1.0 0.443410223852582 0.729075961 0.03 0.1 1.0 1.0 1.0 257.15 0.2 
0.0 0.720242086623066 0.529800755 -0.02 0.04 0.909793814432989 0.997422680412371 0.953608247 44.71 0.07 
1.0 0.0612939134880307 0.092772375 0.0 0.0 1.0 1.0 1.0 0.08 0.01 
0.0 0.838227258499489 1.003539988 0.12 0.46 0.889175257731958 0.90721649484536 0.898195876 656.25 0.92 
1.0 1.39911715517933 1.399117155 -0.57 0.0 0.994609164420485 0.994609164420485 0.994609164 0.0 0.81 
0.0 0.0237613531260355 0.088759934 0.0 0.0 1.0 1.0 1.0 0.03 0.01 
1.0 0.0429694362376849 0.032229621 0.0 0.0 1.0 1.0 1.0 0.01 0.0 
0.0 0.551878325578596 0.303268575 0.02 0.02 1.0 1.0 1.0 18.74 0.25 
1.0 0.326308742127741 0.222955145 0.0 0.0 1.0 1.0 1.0 3.86 0.12 
0.0 0.834694147442099 0.417347074 0.0 0.0 1.0 1.0 1.0 0.0 0.0 
1.0 0.0285061105798471 0.014253055 0.0 0.0 1.0 1.0 1.0 0.0 0.0 
0.0 0.846039359308129 0.42301968 0.0 0.0 1.0 0.983673469387755 0.991836735 0.0 0.0 
1.0 0.349238670780615 0.301517961 0.02 0.03 0.997267759562841 0.997267759562841 0.99726776 368.61 0.11 
0.0 0.165201343368939 0.163399788 0.0 0.0 1.0 1.0 1.0 0.35 0.04 
1.0 0.56619542798145 0.47873964 0.25 0.62 0.867507886435331 0.867507886435331 0.867507886 701.14 2.78 
0.0 0.171856026877275 0.085928013 0.0 0.0 1.0 0.994845360824742 0.99742268 0.04 0.01 
1.0 0.255429986523709 0.239492105 0.17 0.19 1.0 1.0 1.0 1276.97 1.14 
0.0 0.0800824403230776 0.171787373 0.06 0.08 0.98170731707317 0.984756097560975 0.983231707 256.3 0.8 
1.0 0.0773036079807894 0.07330949 0.0 0.0 1.0 0.995689655172413 0.997844828 0.05 0.01 
0.0 0.0810482611891956 0.148867063 0.02 0.03 0.977917981072555 0.996845425867507 0.987381703 346.12 0.23 
1.0 0.131691556532417 0.582715029 -0.01 0.03 1.0 1.0 1.0 13.65 0.01 
0.0 0.507423749189171 0.923305391 0.12 0.23 1.0 1.0 1.0 323.19 0.51 
1.0 0.0 0.0 -0.01 0.0 0.987394957983193 0.987394957983193 0.987394958 0.0 0.64 
0.0 1.95951017862725 1.530864701 -0.11 0.35 0.899484536082474 0.945876288659793 0.922680412 421.62 0.07 
1.0 0.105249215536099 0.052624608 0.0 0.0 1.0 1.0 1.0 0.0 0.0 
0.0 0.0 0.0 0.0 0.0 1.0 0.982300884955752 0.991150442 0.0 0.0 
1.0 0.0 0.0 0.0 0.0 1.0 1.0 1.0 0.0 0.0 
0.0 0.317699898946662 1.163970663 0.04 0.15 1.0 0.760309278350515 0.880154639 515.53 0.04 
1.0 0.0609818462123076 0.111682232 0.02 0.03 1.0 1.0 1.0 166.52 0.27 
0.0 0.71566540623662 0.386174977 0.0 0.0 1.0 0.980132450331125 0.990066225 1.46 0.03 
1.0 0.163023629494365 0.586772335 -0.01 0.02 1.0 1.0 1.0 4.77 0.29 
0.0 1.33918703240963 1.271431342 -0.09 0.23 1.0 0.902061855670103 0.951030928 144.76 0.13 
1.0 0.796275561074849 1.165155176 0.2 0.73 0.985795454545454 0.988636363636363 0.987215909 629.39 0.7 
0.0 0.396843947977921 0.198421974 0.0 0.0 1.0 1.0 1.0 0.0 0.0 
1.0 0.171924045593234 0.149531389 0.04 0.05 0.990624999999999 0.990624999999999 0.990625 320.28 0.27 
0.0 0.021489805529056 0.083049632 0.0 0.0 1.0 0.990445859872611 0.99522293 0.04 0.01 
1.0 1.74079535094623 1.444719191 0.23 0.67 0.932944606413994 0.950437317784256 0.941690962 960.03 0.44 
0.0 0.0591785835882164 0.129187074 -0.06 0.03 0.894329896907216 0.90721649484536 0.900773196 102.29 0.2 
1.0 0.0 0.0 0.0 0.0 1.0 1.0 1.0 0.0 0.0 
0.0 0.0566776147306308 0.282505085 0.01 0.02 0.997267759562841 0.997267759562841 0.99726776 366.44 0.05 
1.0 0.846299466951633 0.595615322 -0.03 0.04 1.0 1.0 1.0 34.32 0.22 
0.0 0.315085211272825 0.157542606 0.0 0.0 1.0 0.959044368600682 0.979522184 0.0 0.0 
1.0 0.0215482557268673 0.08983934 0.02 0.02 0.996815286624203 0.996815286624203 0.996815287 314.03 0.14 
0.0 0.770381442962398 0.398831961 -0.01 0.0 1.0 1.0 1.0 0.26 0.03 
1.0 0.131629170846095 0.065814585 0.08 0.08 0.984520123839009 0.984520123839009 0.984520124 323.0 0.6 
0.0 0.0920157819756407 0.046007891 0.0 0.01 0.979057591623036 0.984293193717277 0.981675393 14.54 0.17 
1.0 0.169226091078721 0.169226091 0.0 0.0 1.0 1.0 1.0 0.0 1.26 
0.0 0.0949241594483574 0.348056651 0.01 0.02 1.0 1.0 1.0 14.02 0.32 
1.0 0.0262556850879242 0.013127843 0.0 0.0 1.0 1.0 1.0 0.0 0.0 
0.0 0.0390741155048994 0.019537058 0.0 0.0 1.0 1.0 1.0 0.0 0.0 
1.0 0.0 0.0 0.0 0.0 1.0 1.0 1.0 0.0 0.0 
0.0 0.0822985228585321 0.041149261 0.0 0.0 1.0 1.0 1.0 0.0 0.0 
1.0 0.869409850419958 0.953013172 -0.01 0.32 0.994269340974212 0.994269340974212 0.994269341 521.26 0.13 
0.0 0.0870995231917752 0.072922484 0.0 0.0 0.988636363636363 0.994318181818181 0.991477273 0.15 0.02 
1.0 0.145564921210343 0.75910163 0.05 0.23 0.945147679324894 0.953586497890295 0.949367089 464.2 0.79 
0.0 0.881981091609838 0.440990546 0.0 0.0 1.0 1.0 1.0 0.0 0.0 
1.0 0.305431896321273 0.261979931 0.55 0.61 0.838028169014084 0.845070422535211 0.841549296 1322.25 2.75 
0.0 0.149040450297467 0.148268915 0.01 0.02 0.968421052631578 0.996491228070175 0.98245614 50.52 0.18 
1.0 0.137606416000468 0.068803208 0.07 0.08 0.985422740524781 0.985422740524781 0.985422741 343.0 0.57 
0.0 0.0506455745968486 0.169695292 0.0 0.0 1.0 1.0 1.0 0.19 0.02 
1.0 0.473146079879935 1.085688911 -0.02 0.07 1.0 1.0 1.0 40.96 0.22 
0.0 0.0662883388371011 0.033144169 0.0 0.01 0.979057591623036 0.984293193717277 0.981675393 14.53 0.23 
1.0 0.314658948294986 0.167874461 0.21 0.25 0.922190201729106 0.92507204610951 0.923631124 333.19 1.45 
0.0 1.53801154315152 0.769005772 -0.02 0.21 0.932748538011695 0.935672514619882 0.934210526 295.47 0.33 
1.0 0.441370542519562 0.239860663 0.01 0.02 1.0 1.0 1.0 157.59 0.08 
0.0 0.0212025770039786 0.010601289 0.0 0.0 1.0 0.971786833855799 0.985893417 0.03 0.0 
1.0 0.0 0.0 0.05 0.06 0.989690721649484 0.989690721649484 0.989690722 194.0 0.54 
0.0 0.6613548935445 0.568903003 0.0 0.1 0.971518987341772 0.974683544303797 0.973101266 221.25 0.02 
1.0 0.406985846579798 0.275825355 0.0 0.0 1.0 1.0 1.0 0.35 0.0 
0.0 0.483916643587452 0.241958322 0.0 0.0 1.0 1.0 1.0 0.0 0.0 
1.0 0.283376231632189 0.221546897 0.0 0.0 1.0 1.0 1.0 0.88 0.08 
0.0 0.513099301118502 0.272729021 0.0 0.0 1.0 0.360424028268551 0.680212014 1.98 0.04 
1.0 0.405226822409176 0.202613411 0.0 0.0 1.0 1.0 1.0 0.0 0.0 
0.0 0.680889987266653 0.393069601 -0.01 0.0 1.0 1.0 1.0 0.0 0.0 
1.0 0.0269939695435285 0.831255612 0.0 0.01 1.0 1.0 1.0 5.02 0.0 
0.0 0.176628318531536 0.088314159 0.0 0.0 1.0 0.993421052631578 0.996710526 0.09 0.01 
1.0 0.849975284027729 0.502972559 0.03 0.08 1.0 1.0 1.0 80.27 0.61 
0.0 0.369205600782166 0.27524899 -0.01 0.0 1.0 0.909793814432989 0.954896907 1.75 0.08 
1.0 0.0612323647247525 0.030616182 0.4 0.52 0.784256559766763 0.784256559766763 0.78425656 343.0 2.46 
0.0 0.675764335158092 0.337882168 0.0 0.0 1.0 0.989247311827956 0.994623656 0.0 0.0 
1.0 0.0287409193078362 0.024859783 0.0 0.0 1.0 1.0 1.0 0.0 0.0 
0.0 0.0 0.0 0.0 0.0 1.0 0.996865203761755 0.998432602 0.0 0.0 
1.0 0.660982216976904 0.655515741 0.0 0.09 0.952681388012618 0.987381703470031 0.970031546 105.17 0.07 
0.0 0.858581850498729 1.186703985 -0.02 0.23 1.0 0.997126436781609 0.998563218 344.77 0.44 
1.0 0.171856026877275 0.085928013 0.0 0.0 1.0 1.0 1.0 0.0 0.0 
0.0 0.710658978106077 0.550971415 -0.09 0.02 1.0 0.867507886435331 0.933753943 9.78 0.02 
1.0 0.0605717587767144 0.030285879 0.02 0.03 0.996078431372549 0.996078431372549 0.996078431 255.0 0.23 
0.0 0.465464541352562 0.232732271 0.0 0.0 1.0 1.0 1.0 0.0 0.0 
1.0 1.50309023931923 0.75154512 0.01 0.02 0.997267759562841 0.997267759562841 0.99726776 366.0 0.02 
0.0 0.257436782111026 0.800027811 -0.09 0.07 0.894329896907216 0.90721649484536 0.900773196 65.88 0.03 
1.0 0.0533840302767845 0.026692015 0.0 0.0 1.0 1.0 1.0 0.0 0.0 
0.0 0.31541988491468 0.25030926 0.0 0.01 1.0 1.0 1.0 14.03 0.01 
1.0 0.0416737059285854 0.169091986 0.0 0.0 1.0 1.0 1.0 0.19 0.02 
0.0 0.305126155084017 0.238556366 -0.01 0.0 1.0 0.994565217391304 0.997282609 0.51 0.08 
1.0 0.742709694902273 0.440390686 0.04 0.09 0.990445859872611 0.990445859872611 0.99044586 485.89 0.26 
0.0 0.0239068963031024 0.023834125 0.0 0.0 1.0 0.992831541218638 0.996415771 0.01 0.0 
1.0 0.604811716417282 0.313150761 0.0 0.01 1.0 0.97452229299363 0.987261146 3.84 0.07 
0.0 0.936369487461149 0.480324379 0.0 0.0 1.0 0.996323529411764 0.998161765 0.99 0.03 
1.0 0.0 0.0 0.0 0.0 1.0 1.0 1.0 0.0 0.0 
0.0 0.0207057550810892 0.010352878 0.0 0.0 1.0 0.984756097560975 0.992378049 0.02 0.0 
1.0 0.706487332732957 0.58713621 -0.02 0.08 0.997134670487106 0.997134670487106 0.99713467 394.04 0.01 
0.0 0.0773036079807894 0.091164676 0.02 0.02 1.0 1.0 1.0 115.52 0.2 
1.0 0.20139440317369 0.183973249 0.04 0.04 0.990963855421686 0.993975903614457 0.99246988 257.03 0.24 
0.0 0.042668116212028 0.021334058 0.0 0.0 1.0 0.891025641025641 0.945512821 0.0 0.0 
