1 -0.0 0.0 -0.0 0.0 1.0 0.7083333333333334 0.854166666666667 0.0 0.0 
0 -0.0 0.0 -0.0 -0.0 1.0 0.9966442953020132 0.998322147651007 0.0 0.0 
1 0.04965097662992789 0.0248254883149639 -0.0 -0.0 1.0 1.0 1.0 0.0 0.0 
0 -0.0 0.0 -0.0 -0.0 1.0 0.9966442953020132 0.998322147651007 0.0 0.0 
1 -0.0 0.0 0.0 0.0 1.0 1.0 1.0 0.0 0.0 
0 0.0 0.0 0.0 0.0 0.0 0.0 0.0 0.0 0.0 
1 0.030372534777978206 0.0227666899680668 -0.0 0.0 1.0 0.9978813559322034 0.998940677966102 0.01 0.0 
0 0.022083380117043378 0.0110416900585217 0.0 -0.0 1.0 0.981859410430839 0.99092970521542 0.0 0.0 
1 -0.0 0.0 0.0 0.0 1.0 1.0 1.0 0.0 0.0 
0 0.050468069137818976 0.0334137420767108 0.01 0.02 0.9631336405529952 0.9953917050691244 0.97926267281106 52.53 0.2 
1 0.666278442414676 0.333139221207338 -0.1 0.06 1.0 0.8846153846153846 0.942307692307692 2.12 0.44 
0 -0.0 0.0 -0.0 -0.0 1.0 0.9966442953020132 0.998322147651007 0.0 0.0 
1 -0.0 0.0 0.07 0.08 0.9854771784232365 0.9854771784232365 0.985477178423237 482.0 0.65 
0 -0.0 0.0 -0.0 0.0 1.0 0.6774193548387096 0.838709677419355 0.0 0.0 
1 0.7691223805667942 0.67691926485557 0.66 0.88 0.5571428571428572 0.5857142857142859 0.571428571428571 121.17 2.16 
0 0.8984583227127803 0.44922916135639 0.04 0.04 0.9794661190965092 0.9897330595482546 0.984599589322382 240.97 0.21 
1 -0.0 0.0 0.0 0.0 1.0 1.0 1.0 0.0 0.0 
0 0.1502751999165481 0.721339526365896 -0.04 0.03 1.0 0.4528301886792453 0.726415094339623 73.57 0.02 
1 -0.0 0.0 -0.0 0.0 1.0 0.6153846153846154 0.807692307692308 0.0 0.0 
0 1.266536818067726 1.13528203523793 0.11 0.46 0.7535211267605633 0.9953051643192488 0.874413145539906 406.89 0.33 
1 0.6846162778013049 0.342308138900652 0.15 0.36 0.8846153846153846 0.8846153846153846 0.884615384615385 26.0 0.82 
0 0.36139458154547405 0.287102798436611 0.03 0.09 0.9602272727272728 0.9886363636363636 0.974431818181818 208.31 0.55 
1 0.0251440699125892 0.0125720349562946 0.53 0.63 0.6761658031088082 0.6761658031088082 0.676165803108808 386.0 2.33 
0 -0.0 0.0 0.39 0.62 0.6935483870967744 0.6935483870967744 0.693548387096774 62.0 2.4 
1 0.01789792517672371 0.00894896258836186 -0.01 0.0 1.0 0.7660668380462725 0.883033419023136 0.31 0.03 
0 -0.0 0.0 -0.0 -0.0 1.0 0.9966442953020132 0.998322147651007 0.0 0.0 
1 0.08509104448327401 0.042545522241637 0.0 0.0 1.0 1.0 1.0 0.0 0.0 
0 0.8645984701429459 0.432299235071473 0.03 0.04 1.0 0.9936034115138594 0.99680170575693 469.0 0.1 
1 0.6730116670092564 0.336505833504628 -0.2 0.33 0.28571428571428564 0.7142857142857143 0.5 3.73 0.53 
0 0.01497005434010946 0.683636433107545 -0.01 0.02 0.977551020408163 0.9959183673469388 0.986734693877551 21.54 0.13 
1 -0.0 0.0 -0.0 -0.0 1.0 1.0 1.0 0.0 0.0 
0 0.6615632381579821 0.330781619078991 -0.02 0.14 1.0 0.75 0.875 1.6 0.66 
1 0.3250829733914482 0.162541486695724 -0.0 0.0 1.0 1.0 1.0 0.0 0.0 
0 0.5437298474071837 0.396320063379984 0.08 0.34 0.875 0.8835227272727273 0.879261363636364 386.11 1.67 
1 0.022083380117043378 0.0110416900585217 0.06 0.07 0.981859410430839 0.984126984126984 0.982993197278912 384.99 0.69 
0 -0.0 0.0 0.0 0.01 0.5628997867803837 0.9914712153518124 0.777185501066098 5.2 0.11 
1 0.7865364435085352 0.401480572353747 0.08 0.13 0.9728506787330315 0.9728506787330315 0.972850678733032 442.51 0.33 
0 0.928529239598717 0.464264619799359 -0.02 0.05 0.7114093959731543 0.959731543624161 0.835570469798658 30.82 0.26 
1 -0.0 0.0 -0.0 0.0 1.0 0.7580645161290323 0.879032258064516 0.0 0.0 
0 0.4459524223135379 0.401146671457703 0.04 0.39 0.919354838709677 0.9838709677419354 0.951612903225806 73.48 1.95 
1 -0.0 0.0 0.11 0.46 0.5384615384615384 0.6153846153846154 0.576923076923077 18.96 1.68 
0 1.0042424730540764 0.502121236527038 -0.14 0.33 1.0 0.28571428571428564 0.642857142857143 3.73 0.1 
1 0.09908391604753189 0.0495419580237659 0.04 0.04 0.9850746268656718 0.9914712153518124 0.988272921108742 266.27 0.37 
0 0.376847984018997 0.94178098976143 0.07 0.44 0.900647948164147 0.9136069114470842 0.907127429805616 909.92 0.66 
1 0.6846162778013049 0.342308138900652 0.15 0.36 0.8846153846153846 0.8846153846153846 0.884615384615385 26.0 0.82 
0 0.27384907245785556 0.136924536228928 0.0 -0.0 1.0 0.9229024943310656 0.961451247165533 0.0 0.0 
1 0.6895519477750732 0.344775973887537 0.0 -0.0 1.0 1.0 1.0 0.0 0.0 
0 0.01623049214816835 0.0161358092033641 -0.0 0.0 1.0 0.986425339366516 0.993212669683258 0.02 0.0 
1 -0.0 0.0 -0.0 -0.0 1.0 0.9727463312368972 0.986373165618449 0.0 0.0 
0 -0.0 0.0 0.01 0.14 0.125 0.375 0.25 1.9 0.09 
1 0.3742549310896416 0.187127465544821 -0.03 0.02 0.7660668380462725 0.9974293059125964 0.881748071979434 15.62 0.69 
0 0.1520053108362029 0.0760026554181015 -0.06 0.08 0.7580645161290323 0.919354838709677 0.838709677419355 10.85 1.03 
1 -0.0 0.0 -0.0 -0.0 1.0 1.0 1.0 0.0 0.0 
0 0.09962338946616205 0.226082949907457 -0.03 0.21 1.0 0.7903225806451613 0.895161290322581 29.74 1.62 
1 -0.0 0.0 0.0 0.0 1.0 1.0 1.0 0.0 0.0 
0 0.09650896073594732 0.271230691524743 -0.09 0.29 0.8225806451612901 0.919354838709677 0.870967741935484 49.01 1.82 
1 0.0947607483566568 0.0769695270739669 0.09 0.1 0.9806866952789698 0.982832618025751 0.981759656652361 445.71 0.81 
0 0.7843037925952074 0.392151896297604 0.0 -0.0 1.0 0.4700460829493088 0.735023041474654 0.0 0.0 
1 -0.0 0.0 -0.1 0.06 0.6153846153846154 0.8846153846153846 0.75 2.12 0.61 
0 0.4959171118080685 0.247958555904034 0.0 -0.0 1.0 0.9922879177377892 0.996143958868895 0.0 0.0 
1 -0.0 0.0 0.0 0.0 1.0 1.0 1.0 0.0 0.0 
0 0.4435682844142889 0.346239281883537 0.02 0.24 0.8295454545454547 0.875 0.852272727272727 259.39 1.45 
1 0.030097958257751373 0.0286902185022557 0.1 0.1 0.9793388429752063 0.9834710743801652 0.981404958677686 484.0 0.84 
0 0.04667886203059532 0.141624611377126 -0.0 0.0 0.9929577464788734 0.9976525821596244 0.995305164319249 0.43 0.03 
1 0.01616684129705593 0.00808342064852796 0.02 0.02 0.9977220956719816 0.9977220956719816 0.997722095671982 439.0 0.16 
0 -0.0 0.0 -0.0 0.0 1.0 0.6935483870967744 0.846774193548387 0.0 0.0 
1 0.08509104448327401 0.069552158829183 -0.0 0.0 1.0 1.0 1.0 0.07 0.01 
0 0.07540821860749106 0.628499230885239 -0.03 0.05 0.8898488120950323 0.9913606911447084 0.94060475161987 55.34 0.07 
1 0.0707680768797802 0.351225226630238 -0.0 0.0 1.0 0.997695852534562 0.998847926267281 3.17 0.0 
0 0.022083380117043378 0.0110416900585217 -0.0 0.0 0.981859410430839 0.9931972789115646 0.987528344671202 0.06 0.01 
1 -0.0 0.0 0.3 0.36 0.8846153846153846 0.8846153846153846 0.884615384615385 26.0 2.14 
0 1.181590243162987 0.590795121581493 -0.02 0.01 0.9676025917926566 0.9913606911447084 0.979481641468682 11.08 0.03 
1 -0.0 0.0 0.43 0.68 0.5842293906810035 0.5842293906810035 0.584229390681004 279.0 2.02 
0 0.2835478929710348 0.141773946485517 -0.0 0.0 1.0 0.9838709677419354 0.991935483870968 0.0 0.0 
1 0.02253214392080778 0.0197499575531257 -0.0 0.01 0.7156626506024096 0.9975903614457832 0.856626506024096 5.06 0.1 
0 0.06219281179296066 0.0393087564959597 -0.03 0.01 0.6703786191536748 0.9576837416481068 0.814031180400891 5.3 0.19 
1 -0.0 0.0 0.12 0.37 0.7580645161290323 0.8064516129032256 0.782258064516129 46.62 2.14 
0 -0.0 0.0 0.0 0.0 1.0 0.9166666666666664 0.958333333333333 0.0 0.0 
1 0.0251440699125892 0.0229518966655533 -0.06 0.01 0.6761658031088082 0.8471502590673574 0.761658031088083 4.61 0.18 
0 -0.0 0.0 -0.1 0.15 0.6935483870967744 0.8064516129032256 0.75 19.44 1.36 
1 0.8127245415610106 0.428086422879458 0.41 0.59 0.3391521197007481 0.3640897755610973 0.351620947630923 772.17 0.33 
0 -0.0 0.0 -0.01 0.0 0.5732647814910026 0.9922879177377892 0.782776349614396 0.11 0.02 
1 0.0740225961475812 0.128824279468757 0.41 0.69 0.5590551181102362 0.5748031496062993 0.566929133858268 381.05 2.38 
0 0.3615394778944647 0.180769738947232 -0.04 0.12 1.0 0.6774193548387096 0.838709677419355 13.95 1.18 
1 -0.0 0.0 -0.0 -0.0 1.0 0.9936034115138594 0.99680170575693 0.0 0.0 
0 0.09908391604753189 0.0495419580237659 -0.0 -0.0 1.0 0.9850746268656718 0.992537313432836 0.0 0.0 
1 -0.0 0.0 0.0 0.0 1.0 1.0 1.0 0.0 0.0 
0 0.4459524223135379 0.222976211156769 -0.02 0.0 0.919354838709677 0.9838709677419354 0.951612903225806 0.24 0.09 
1 0.01475818629482802 0.00737909314741401 0.01 0.01 1.0 0.9979466119096508 0.998973305954825 487.0 0.19 
0 -0.0 0.0 -0.06 0.18 0.6935483870967744 0.7580645161290323 0.725806451612903 22.68 1.6 
1 0.09165764788996307 0.0699766348366203 -0.0 0.0 1.0 0.9818181818181818 0.990909090909091 0.1 0.01 
0 0.5437298474071837 0.271864923703592 -0.08 0.01 0.8835227272727273 0.9346590909090908 0.909090909090909 6.38 0.31 
1 0.030372534777978206 0.0658985378330168 -0.0 0.0 0.972457627118644 0.9978813559322034 0.985169491525424 0.13 0.01 
0 -0.0 0.0 -0.0 -0.0 1.0 0.9931972789115646 0.996598639455782 0.0 0.0 
1 -0.0 0.0 -0.0 0.0 1.0 0.6774193548387096 0.838709677419355 0.0 0.0 
0 0.0 0.0 0.0 0.0 0.0 0.0 0.0 0.0 0.0 
1 -0.0 0.0 0.0 0.0 1.0 1.0 1.0 0.0 0.0 
0 0.023266578733959636 0.761900281737068 -0.01 0.0 1.0 0.9965156794425089 0.998257839721254 2.06 0.1 
1 0.07489355301376338 0.0508964017541222 0.5 0.63 0.6807909604519775 0.6807909604519775 0.680790960451977 354.02 2.29 
0 0.05755265252972321 0.0287763262648616 0.06 0.07 0.984126984126984 0.9863945578231293 0.985260770975057 377.13 0.61 
1 0.030372534777978206 0.0228364363705995 -0.0 0.0 0.9894067796610168 0.9978813559322034 0.99364406779661 0.04 0.0 
0 0.4959171118080685 0.247958555904034 0.0 -0.0 1.0 0.9922879177377892 0.996143958868895 0.0 0.0 
1 0.6895519477750732 0.344775973887537 0.0 -0.0 1.0 1.0 1.0 0.0 0.0 
0 0.6730116670092564 0.87600193744342 0.11 0.81 1.0 0.7142857142857143 0.857142857142857 10.11 0.14 
1 0.8720635602136072 0.447297852067208 -0.01 0.11 0.2385542168674699 0.7156626506024096 0.47710843373494 466.31 0.11 
0 0.42803573449734306 0.214017867248672 -0.0 -0.0 1.0 1.0 1.0 0.0 0.0 
1 0.022083380117043378 0.0220833801170434 0.09 0.1 0.981859410430839 0.981859410430839 0.981859410430839 838.91 0.85 
0 -0.0 0.0 0.0 0.0 1.0 0.125 0.5625 0.0 0.0 
1 -0.0 0.0 0.31 0.55 0.7580645161290323 0.7580645161290323 0.758064516129032 62.0 2.49 
0 -0.0 0.0 -0.2 0.04 0.3076923076923077 0.5384615384615384 0.423076923076923 2.08 0.3 
1 -0.0 0.0 0.37 0.44 0.16 0.16 0.16 25.0 0.2 
0 0.2835478929710348 0.141773946485517 -0.06 0.13 0.6935483870967744 0.9838709677419354 0.838709677419355 15.03 1.16 
1 -0.0 0.0 -0.0 -0.0 1.0 0.9977324263038548 0.998866213151927 0.0 0.0 
0 1.4819527259541605 1.30992565100956 0.03 0.37 0.8641114982578396 0.9930313588850174 0.928571428571429 367.9 0.39 
1 0.022083380117043378 0.0220833801170434 0.09 0.1 0.981859410430839 0.981859410430839 0.981859410430839 838.91 0.81 
0 0.629696481674345 0.475996806056966 -0.0 0.03 1.0 0.9859154929577466 0.992957746478873 22.54 0.18 
1 0.04131357294242817 0.0206567864712141 0.29 0.33 0.886153846153846 0.8892307692307693 0.887692307692308 315.12 2.04 
0 -0.0 0.0 0.31 0.55 0.7580645161290323 0.7580645161290323 0.758064516129032 62.0 2.49 
1 -0.0 0.0 0.0 0.0 1.0 1.0 1.0 0.0 0.0 
0 0.016326979454093383 0.0815055056626177 -0.0 0.0 0.9863325740318906 0.988610478359909 0.9874715261959 0.29 0.02 
1 0.6822056867479602 0.602052179998817 0.05 0.2 0.9222462203023758 0.9546436285097192 0.938444924406048 472.98 0.93 
0 0.3269974743901718 0.163498737195086 -0.01 0.0 0.9342403628117912 0.9931972789115646 0.963718820861678 0.45 0.03 
1 0.5297061990576545 0.439269147450343 -0.1 0.03 1.0 1.0 1.0 0.32 0.45 
0 -0.0 0.0 -0.0 -0.0 1.0 0.9812206572769951 0.990610328638498 0.0 0.0 
1 0.8720635602136072 0.444515665699525 -0.01 0.0 0.2385542168674699 0.9975903614457832 0.618072289156626 0.63 0.0 
0 -0.0 0.0 0.01 0.01 0.9979591836734693 0.9979591836734693 0.997959183673469 490.0 0.17 
1 0.0947607483566568 0.232756230915289 0.02 0.03 0.9678111587982832 0.9806866952789698 0.974248927038627 84.69 0.27 
0 0.4435682844142889 0.347261544385954 -0.06 0.05 0.8295454545454547 0.9886363636363636 0.909090909090909 75.49 0.35 
1 0.3269547847215813 0.163477392360791 -0.01 0.01 0.9481865284974093 0.9870466321243522 0.967616580310881 3.79 0.05 
0 0.09450614728103433 0.0553049344375794 -0.0 0.0 0.9909706546275394 0.9932279909706544 0.992099322799097 0.1 0.01 
1 -0.0 0.0 0.0 0.0 1.0 1.0 1.0 0.0 0.0 
0 -0.0 0.0 0.0 -0.0 1.0 0.984126984126984 0.992063492063492 0.0 0.0 
1 -0.0 0.0 0.31 0.55 0.7580645161290323 0.7580645161290323 0.758064516129032 62.0 2.68 
0 0.09650896073594732 0.271230691524743 -0.09 0.29 0.8225806451612901 0.919354838709677 0.870967741935484 49.01 1.8 
1 0.016359415015602636 0.0163594150156026 0.05 0.05 0.9953917050691244 0.9953917050691244 0.995391705069124 868.0 0.39 
0 0.05602246986522343 0.0541490991069533 -0.0 0.0 1.0 1.0 1.0 0.02 0.0 
1 -0.0 0.0 0.0 0.0 1.0 1.0 1.0 0.0 0.0 
0 0.03578922484588708 0.0178946124229435 -0.0 0.0 1.0 0.9948586118251928 0.997429305912596 0.01 0.0 
1 -0.0 0.0 -0.0 -0.0 1.0 1.0 1.0 0.0 0.0 
0 -0.0 0.0 0.0 0.0 1.0 1.0 1.0 0.0 0.0 
