1 -0.0 0.0 0.07 0.08 0.9854771784232365 0.9854771784232365 0.985477178423237 482.0 0.65 
0 -0.0 0.0 -0.0 -0.0 1.0 1.0 1.0 0.0 0.0 
1 0.02253214392080778 0.0197499575531257 -0.0 0.01 0.7156626506024096 0.9975903614457832 0.856626506024096 5.06 0.1 
0 0.580651755229746 0.551938836906826 0.05 0.12 0.9005102040816326 0.989795918367347 0.94515306122449 427.03 0.62 
1 0.3250829733914482 0.162541486695724 -0.0 0.0 1.0 1.0 1.0 0.0 0.0 
0 0.3615394778944647 0.180769738947232 -0.04 0.13 1.0 0.7580645161290323 0.879032258064516 17.21 1.07 
1 0.030097958257751373 0.0286902185022557 0.1 0.1 0.9793388429752063 0.9834710743801652 0.981404958677686 484.0 0.84 
0 0.6071082391575967 0.508479005265205 -0.05 0.11 0.6400911161731208 0.8200455580865603 0.730068337129841 293.15 0.07 
1 -0.0 0.0 -0.0 -0.0 1.0 0.9727463312368972 0.986373165618449 0.0 0.0 
0 0.5218575827841464 0.269076131915688 -0.0 0.0 1.0 0.8594470046082949 0.929723502304147 0.32 0.02 
1 0.0947607483566568 0.0769695270739669 0.09 0.1 0.9806866952789698 0.982832618025751 0.981759656652361 445.71 0.81 
0 0.8817153491347891 0.48445221515052 -0.17 0.03 0.837448559670782 0.9938271604938274 0.915637860082305 37.96 0.03 
1 0.666278442414676 0.333139221207338 -0.1 0.06 1.0 0.8846153846153846 0.942307692307692 2.12 0.44 
0 0.26345598632800776 0.131727993164004 -0.05 0.03 0.6400911161731208 0.9817767653758542 0.810933940774488 18.22 0.01 
1 -0.0 0.0 -0.0 0.0 1.0 0.7580645161290323 0.879032258064516 0.0 0.0 
0 0.05755265252972321 0.192275063459947 -0.01 0.01 0.9342403628117912 0.984126984126984 0.959183673469388 40.45 0.04 
1 0.0707680768797802 0.351225226630238 -0.0 0.0 1.0 0.997695852534562 0.998847926267281 3.17 0.0 
0 0.07915888226942422 0.0513527246839416 -0.03 0.01 0.6423690205011389 0.9749430523917996 0.808656036446469 8.81 0.12 
1 -0.0 0.0 -0.0 -0.0 1.0 1.0 1.0 0.0 0.0 
0 0.14689728110576386 0.0734486405528819 -0.0 0.0 1.0 0.9966442953020132 0.998322147651007 0.03 0.01 
1 0.017217650311628238 0.0171995612854242 0.37 0.44 0.837448559670782 0.839506172839506 0.838477366255144 964.67 2.36 
0 0.6316823763806962 0.32402089569815 -0.0 0.0 1.0 0.9953917050691244 0.997695852534562 1.35 0.03 
1 0.6895519477750732 0.344775973887537 0.0 -0.0 1.0 1.0 1.0 0.0 0.0 
0 0.6071082391575967 0.322486122895759 -0.0 0.01 0.8200455580865603 0.988610478359909 0.904328018223235 3.24 0.11 
1 0.0251440699125892 0.0229518966655533 -0.06 0.01 0.6761658031088082 0.8471502590673574 0.761658031088083 4.61 0.18 
0 0.19661681972859654 0.106360270661361 -0.01 0.01 0.26636568848758463 0.9932279909706544 0.62979683972912 39.76 0.03 
1 -0.0 0.0 0.31 0.55 0.7580645161290323 0.7580645161290323 0.758064516129032 62.0 2.49 
0 -0.0 0.0 0.0 -0.0 1.0 0.7660668380462725 0.883033419023136 0.0 0.0 
1 -0.0 0.0 -0.0 -0.0 1.0 0.9977324263038548 0.998866213151927 0.0 0.0 
0 -0.0 0.0 0.0 0.0 1.0 1.0 1.0 0.0 0.0 
1 -0.0 0.0 0.43 0.68 0.5842293906810035 0.5842293906810035 0.584229390681004 279.0 2.02 
0 0.3708082825784814 0.185404141289241 0.0 -0.0 1.0 1.0 1.0 0.0 0.0 
1 -0.0 0.0 0.37 0.44 0.16 0.16 0.16 25.0 0.2 
0 0.19643645103383003 0.604133539758305 -0.02 0.03 1.0 0.9976525821596244 0.998826291079812 16.48 0.23 
1 0.8720635602136072 0.447297852067208 -0.01 0.11 0.2385542168674699 0.7156626506024096 0.47710843373494 466.31 0.11 
0 0.5623351446188082 0.281167572309404 -0.11 0.04 1.0 0.125 0.5625 0.38 0.06 
1 0.6895519477750732 0.344775973887537 0.0 -0.0 1.0 1.0 1.0 0.0 0.0 
0 0.015529324822425987 0.549887244306571 -0.04 0.07 0.9242105263157896 0.9663157894736842 0.945263157894737 130.64 0.2 
1 -0.0 0.0 0.0 0.0 1.0 1.0 1.0 0.0 0.0 
0 0.6365141682948128 0.318257084147406 0.12 0.6 0.28571428571428564 0.4285714285714285 0.357142857142857 7.0 0.66 
1 -0.0 0.0 0.0 0.0 1.0 1.0 1.0 0.0 0.0 
0 0.937464383416628 0.839644428717282 0.03 0.58 0.7726315789473683 0.96 0.866315789473684 431.17 0.07 
1 -0.0 0.0 0.31 0.55 0.7580645161290323 0.7580645161290323 0.758064516129032 62.0 2.68 
0 0.27384907245785556 0.145088025955974 -0.04 0.0 0.9229024943310656 0.981859410430839 0.952380952380952 1.36 0.09 
1 -0.0 0.0 0.0 0.0 1.0 1.0 1.0 0.0 0.0 
0 0.5623351446188082 0.281167572309404 -0.11 0.04 1.0 0.125 0.5625 0.38 0.09 
1 0.04131357294242817 0.0206567864712141 0.29 0.33 0.886153846153846 0.8892307692307693 0.887692307692308 315.12 2.04 
0 0.4835521377786173 0.405253461250099 0.03 0.2 0.6502590673575128 0.9870466321243522 0.818652849740933 520.66 0.53 
1 0.5297061990576545 0.439269147450343 -0.1 0.03 1.0 1.0 1.0 0.32 0.45 
0 -0.0 0.0 -0.0 0.0 0.9829545454545452 0.9971590909090908 0.990056818181818 0.02 0.0 
1 0.09165764788996307 0.0699766348366203 -0.0 0.0 1.0 0.9818181818181818 0.990909090909091 0.1 0.01 
0 0.2835478929710348 0.141773946485517 -0.06 0.13 0.7580645161290323 0.9838709677419354 0.870967741935484 17.21 1.0 
1 -0.0 0.0 0.11 0.46 0.5384615384615384 0.6153846153846154 0.576923076923077 18.96 1.68 
0 2.0592945062672934 1.08035952357768 -0.04 0.04 0.972457627118644 0.972457627118644 0.972457627118644 148.65 0.04 
1 -0.0 0.0 0.31 0.55 0.7580645161290323 0.7580645161290323 0.758064516129032 62.0 2.49 
0 0.21075729181873956 0.1696580175308 0.26 0.33 0.916083916083916 0.9184149184149184 0.917249417249417 890.71 2.05 
1 0.3269547847215813 0.163477392360791 -0.01 0.01 0.9481865284974093 0.9870466321243522 0.967616580310881 3.79 0.05 
0 -0.0 0.0 0.04 0.15 0.3076923076923077 0.8846153846153846 0.596153846153846 7.63 0.74 
1 -0.0 0.0 -0.0 -0.0 1.0 1.0 1.0 0.0 0.0 
0 0.6822056867479602 0.605484123338388 -0.04 0.06 0.24190064794816415 0.9546436285097192 0.598272138228942 37.56 0.2 
1 -0.0 0.0 -0.0 -0.0 1.0 1.0 1.0 0.0 0.0 
0 0.09697954377303232 1.07813702502016 -0.04 0.04 0.972457627118644 0.9894067796610168 0.98093220338983 110.85 0.04 
1 -0.0 0.0 0.0 0.0 1.0 1.0 1.0 0.0 0.0 
0 1.351783994289646 0.675891997144823 -0.06 0.21 1.0 0.8571428571428571 0.928571428571429 2.92 0.02 
1 -0.0 0.0 0.0 0.0 1.0 1.0 1.0 0.0 0.0 
0 0.17449997006024281 0.0872499850301214 0.0 0.0 1.0 0.9876796714579056 0.993839835728953 0.0 0.0 
1 0.030372534777978206 0.0227666899680668 -0.0 0.0 1.0 0.9978813559322034 0.998940677966102 0.01 0.0 
0 -0.0 0.0 -0.0 -0.0 1.0 1.0 1.0 0.0 0.0 
1 0.030372534777978206 0.0658985378330168 -0.0 0.0 0.972457627118644 0.9978813559322034 0.985169491525424 0.13 0.01 
0 0.08919443275684764 0.176325209542428 -0.05 0.03 0.6423690205011389 0.9817767653758542 0.812072892938497 18.67 0.01 
1 0.09908391604753189 0.0495419580237659 0.04 0.04 0.9850746268656718 0.9914712153518124 0.988272921108742 266.27 0.37 
0 0.744230088684321 0.37211504434216 0.0 -0.0 1.0 0.7505330490405117 0.875266524520256 0.0 0.0 
1 0.022083380117043378 0.0220833801170434 0.09 0.1 0.981859410430839 0.981859410430839 0.981859410430839 838.91 0.81 
0 0.6472565428776306 0.979579528290668 -0.05 0.11 0.40408163265306124 0.9979591836734693 0.701020408163265 90.79 0.17 
1 -0.0 0.0 -0.0 -0.0 1.0 1.0 1.0 0.0 0.0 
0 0.25613114039546225 0.932099106936356 -0.16 0.08 0.6400911161731208 0.9931662870159452 0.816628701594533 86.82 0.05 
1 -0.0 0.0 0.0 0.0 1.0 1.0 1.0 0.0 0.0 
0 0.34883209584303193 0.174416047921516 0.07 0.19 1.0 0.7777777777777779 0.888888888888889 3.94 1.6 
1 0.07489355301376338 0.0508964017541222 0.5 0.63 0.6807909604519775 0.6807909604519775 0.680790960451977 354.02 2.29 
0 0.4811067080592432 0.240553354029622 -0.01 0.0 0.9954853273137698 0.9954853273137698 0.99548532731377 3.31 0.06 
1 -0.0 0.0 0.0 0.0 1.0 1.0 1.0 0.0 0.0 
0 -0.0 0.0 0.0 0.0 1.0 1.0 1.0 0.0 0.0 
1 0.3742549310896416 0.187127465544821 -0.03 0.02 0.7660668380462725 0.9974293059125964 0.881748071979434 15.62 0.69 
0 -0.0 0.0 0.0 0.0 1.0 1.0 1.0 0.0 0.0 
1 0.6846162778013049 0.342308138900652 0.15 0.36 0.8846153846153846 0.8846153846153846 0.884615384615385 26.0 0.82 
0 -0.0 0.0 0.0 -0.0 1.0 0.959731543624161 0.97986577181208 0.0 0.0 
1 0.030372534777978206 0.0228364363705995 -0.0 0.0 0.9894067796610168 0.9978813559322034 0.99364406779661 0.04 0.0 
0 0.3525425103487513 0.176271255174376 -0.08 0.15 1.0 0.6935483870967744 0.846774193548387 17.86 1.21 
1 0.6846162778013049 0.342308138900652 0.15 0.36 0.8846153846153846 0.8846153846153846 0.884615384615385 26.0 0.82 
0 1.0212081687408467 0.560647283866133 0.04 0.11 0.9164345403899722 0.9498607242339832 0.933147632311978 162.81 0.27 
1 0.8127245415610106 0.428086422879458 0.41 0.59 0.3391521197007481 0.3640897755610973 0.351620947630923 772.17 0.33 
0 -0.0 0.0 0.0 0.0 1.0 0.75 0.875 0.0 0.0 
1 0.022083380117043378 0.0110416900585217 0.06 0.07 0.981859410430839 0.984126984126984 0.982993197278912 384.99 0.69 
0 0.01607235879964646 0.00803617939982323 -0.0 0.0 1.0 0.9886621315192744 0.994331065759637 0.01 0.0 
1 -0.0 0.0 -0.1 0.06 0.6153846153846154 0.8846153846153846 0.75 2.12 0.61 
0 0.016457553638951676 0.0160373245342539 -0.01 0.01 0.903157894736842 0.96 0.931578947368421 11.44 0.06 
1 0.6822056867479602 0.602052179998817 0.05 0.2 0.9222462203023758 0.9546436285097192 0.938444924406048 472.98 0.93 
0 0.08919443275684764 0.172662786576155 0.46 0.65 0.6400911161731208 0.6423690205011389 0.64123006833713 439.29 2.15 
1 -0.0 0.0 0.12 0.37 0.7580645161290323 0.8064516129032256 0.782258064516129 46.62 2.14 
0 0.20161353588532901 0.100806767942664 -0.0 0.0 1.0 0.9966442953020132 0.998322147651007 0.05 0.01 
1 -0.0 0.0 0.31 0.55 0.7580645161290323 0.7580645161290323 0.758064516129032 62.0 2.68 
0 0.6365141682948128 0.523315243291611 -0.13 0.09 1.0 0.4285714285714285 0.714285714285714 0.87 0.47 
1 -0.0 0.0 0.3 0.36 0.8846153846153846 0.8846153846153846 0.884615384615385 26.0 2.14 
0 0.821654712766377 0.410827356383189 -0.0 0.0 1.0 0.9917864476386036 0.995893223819302 0.0 0.0 
1 -0.0 0.0 0.0 0.0 1.0 1.0 1.0 0.0 0.0 
0 0.6829081047004717 0.659711136497642 -0.12 0.36 1.0 0.4285714285714285 0.714285714285714 3.94 0.31 
1 0.0251440699125892 0.0125720349562946 0.53 0.63 0.6761658031088082 0.6761658031088082 0.676165803108808 386.0 2.33 
0 0.016897794165734926 0.00844889708286746 -0.0 -0.0 1.0 0.97423887587822 0.98711943793911 0.0 0.0 
1 -0.0 0.0 -0.0 0.0 1.0 0.6153846153846154 0.807692307692308 0.0 0.0 
0 -0.0 0.0 0.0 0.0 1.0 1.0 1.0 0.0 0.0 
1 0.6730116670092564 0.336505833504628 -0.2 0.33 0.28571428571428564 0.7142857142857143 0.5 3.73 0.53 
0 0.9517673227869262 0.475883661393463 0.0 -0.0 1.0 0.9886621315192744 0.994331065759637 0.0 0.0 
1 0.022083380117043378 0.0220833801170434 0.09 0.1 0.981859410430839 0.981859410430839 0.981859410430839 838.91 0.85 
0 0.2365703607236565 0.840978492127488 0.15 0.22 0.9976525821596244 0.9976525821596244 0.997652582159624 396.33 0.35 
1 -0.0 0.0 0.0 0.0 1.0 1.0 1.0 0.0 0.0 
0 0.4959171118080685 0.465131557707382 0.13 0.32 1.0 0.9922879177377892 0.996143958868895 315.64 1.91 
1 0.01475818629482802 0.00737909314741401 0.01 0.01 1.0 0.9979466119096508 0.998973305954825 487.0 0.19 
0 -0.0 0.0 -0.0 -0.0 1.0 1.0 1.0 0.0 0.0 
1 0.08509104448327401 0.069552158829183 -0.0 0.0 1.0 1.0 1.0 0.07 0.01 
0 0.9569181480647492 0.478459074032375 0.0 -0.0 1.0 0.9979591836734693 0.998979591836735 0.0 0.0 
1 -0.0 0.0 0.0 0.0 1.0 1.0 1.0 0.0 0.0 
0 0.016294681047229552 0.00814734052361478 -0.0 -0.0 1.0 1.0 1.0 0.0 0.0 
1 0.08509104448327401 0.042545522241637 0.0 0.0 1.0 1.0 1.0 0.0 0.0 
0 0.113231477318365 0.0566157386591825 -0.0 0.0 0.9938775510204082 0.9979591836734693 0.995918367346939 0.03 0.0 
1 -0.0 0.0 0.0 0.0 1.0 1.0 1.0 0.0 0.0 
0 -0.0 0.0 -0.0 -0.0 1.0 0.9979591836734693 0.998979591836735 0.0 0.0 
1 -0.0 0.0 -0.0 -0.0 1.0 0.9936034115138594 0.99680170575693 0.0 0.0 
0 0.3525425103487513 0.176271255174376 -0.0 0.0 1.0 1.0 1.0 0.0 0.0 
1 -0.0 0.0 -0.0 -0.0 1.0 1.0 1.0 0.0 0.0 
0 0.923936856009666 0.803071271378813 -0.07 0.15 0.7278617710583153 0.9546436285097192 0.841252699784017 335.62 0.36 
1 -0.0 0.0 -0.0 0.0 1.0 0.7083333333333334 0.854166666666667 0.0 0.0 
0 -0.0 0.0 -0.0 -0.0 1.0 1.0 1.0 0.0 0.0 
1 0.01789792517672371 0.00894896258836186 -0.01 0.0 1.0 0.7660668380462725 0.883033419023136 0.31 0.03 
0 0.3269974743901718 0.163498737195086 0.0 -0.0 1.0 0.9342403628117912 0.967120181405896 0.0 0.0 
1 0.01616684129705593 0.00808342064852796 0.02 0.02 0.9977220956719816 0.9977220956719816 0.997722095671982 439.0 0.16 
0 0.5310355187960252 0.888315267139466 0.02 0.3 0.6580310880829016 0.9507772020725388 0.80440414507772 405.86 0.36 
1 0.04965097662992789 0.0248254883149639 -0.0 -0.0 1.0 1.0 1.0 0.0 0.0 
0 0.057146758033893234 0.0834399853843814 -0.01 0.0 0.9636803874092008 0.9782082324455202 0.970944309927361 1.79 0.03 
1 0.0947607483566568 0.232756230915289 0.02 0.03 0.9678111587982832 0.9806866952789698 0.974248927038627 84.69 0.27 
0 0.34785640375170473 0.2302047364582 -0.01 0.01 1.0 0.8581560283687942 0.929078014184397 6.63 0.06 
