1 0.6895519477750732 0.344775973887537 0.0 -0.0 1.0 1.0 1.0 0.0 0.0 
0 0.5022052464597919 0.266711010247641 0.09 0.13 0.9710843373493978 0.9734939759036146 0.972289156626506 397.26 0.63 
1 0.8720635602136072 0.447297852067208 -0.01 0.11 0.2385542168674699 0.7156626506024096 0.47710843373494 466.31 0.11 
0 0.8465160453282295 0.423258022664115 -0.0 0.0 1.0 0.9979466119096508 0.998973305954825 0.0 0.0 
1 0.01475818629482802 0.00737909314741401 0.01 0.01 1.0 0.9979466119096508 0.998973305954825 487.0 0.19 
0 1.4453866235313197 0.78036988318605 -0.05 0.08 0.8920187793427231 0.9976525821596244 0.944835680751174 71.64 0.15 
1 0.0251440699125892 0.0229518966655533 -0.06 0.01 0.6761658031088082 0.8471502590673574 0.761658031088083 4.61 0.18 
0 0.41963577493948573 0.308036112986658 -0.0 0.01 1.0 0.9976525821596244 0.998826291079812 22.83 0.13 
1 0.3250829733914482 0.162541486695724 -0.0 0.0 1.0 1.0 1.0 0.0 0.0 
0 0.13371483312373358 0.0668574165618668 -0.0 -0.0 1.0 1.0 1.0 0.0 0.0 
1 0.3742549310896416 0.187127465544821 -0.03 0.02 0.7660668380462725 0.9974293059125964 0.881748071979434 15.62 0.69 
0 0.6013943261660805 0.927876162587326 -0.04 0.32 1.0 0.918439716312057 0.959219858156028 258.87 1.16 
1 0.017217650311628238 0.0171995612854242 0.37 0.44 0.837448559670782 0.839506172839506 0.838477366255144 964.67 2.36 
0 0.8277870412500516 0.421446423290408 0.0 0.03 0.9753086419753086 0.9938271604938274 0.984567901234568 126.83 0.2 
1 -0.0 0.0 0.0 0.0 1.0 1.0 1.0 0.0 0.0 
0 -0.0 0.0 0.5 0.66 0.375 0.375 0.375 8.0 1.1 
1 0.7865364435085352 0.401480572353747 0.08 0.13 0.9728506787330315 0.9728506787330315 0.972850678733032 442.51 0.33 
0 0.5022052464597919 0.266975697765588 -0.02 0.01 0.9542168674698795 0.9710843373493978 0.962650602409639 3.67 0.18 
1 0.022083380117043378 0.0220833801170434 0.09 0.1 0.981859410430839 0.981859410430839 0.981859410430839 838.91 0.81 
0 0.1182332903886191 0.0591166451943096 -0.0 -0.0 1.0 0.988479262672811 0.994239631336405 0.0 0.0 
1 0.016359415015602636 0.0163594150156026 0.05 0.05 0.9953917050691244 0.9953917050691244 0.995391705069124 868.0 0.39 
0 -0.0 0.0 -0.0 0.0 1.0 0.625 0.8125 0.0 0.0 
1 0.0947607483566568 0.0769695270739669 0.09 0.1 0.9806866952789698 0.982832618025751 0.981759656652361 445.71 0.81 
0 0.0 0.0 0.0 0.0 0.0 0.0 0.0 0.0 0.0 
1 -0.0 0.0 -0.0 -0.0 1.0 1.0 1.0 0.0 0.0 
0 -0.0 0.0 0.35 0.39 0.8666666666666668 0.8666666666666668 0.866666666666667 30.0 3.18 
1 0.030097958257751373 0.0286902185022557 0.1 0.1 0.9793388429752063 0.9834710743801652 0.981404958677686 484.0 0.84 
0 0.029219653025344208 0.0146098265126721 -0.0 0.0 0.9863325740318906 0.9954441913439636 0.990888382687927 0.06 0.01 
1 -0.0 0.0 0.0 0.0 1.0 1.0 1.0 0.0 0.0 
0 -0.0 0.0 0.0 0.0 1.0 1.0 1.0 0.0 0.0 
1 -0.0 0.0 0.0 0.0 1.0 1.0 1.0 0.0 0.0 
0 0.0628093679942407 0.293017643289073 0.04 0.05 0.989795918367347 0.997448979591837 0.993622448979592 312.01 0.29 
1 -0.0 0.0 0.0 0.0 1.0 1.0 1.0 0.0 0.0 
0 0.5310355187960252 0.39144992316739 -0.09 0.03 0.8445595854922278 0.9507772020725388 0.897668393782383 15.66 0.47 
1 0.0707680768797802 0.351225226630238 -0.0 0.0 1.0 0.997695852534562 0.998847926267281 3.17 0.0 
0 0.3894087389731746 0.194704369486587 0.0 -0.0 1.0 1.0 1.0 0.0 0.0 
1 0.022083380117043378 0.0110416900585217 0.06 0.07 0.981859410430839 0.984126984126984 0.982993197278912 384.99 0.69 
0 0.30463609734923813 0.152318048674619 0.02 0.12 0.42307692307692313 0.8846153846153846 0.653846153846154 5.43 0.95 
1 0.04131357294242817 0.0206567864712141 0.29 0.33 0.886153846153846 0.8892307692307693 0.887692307692308 315.12 2.04 
0 0.26345598632800776 0.139811413812532 -0.0 0.0 0.9817767653758542 0.9977220956719816 0.989749430523918 0.15 0.01 
1 -0.0 0.0 0.0 0.0 1.0 1.0 1.0 0.0 0.0 
0 0.6316823763806962 0.315841188190348 -0.01 0.0 1.0 0.988479262672811 0.994239631336405 2.26 0.06 
1 -0.0 0.0 0.3 0.36 0.8846153846153846 0.8846153846153846 0.884615384615385 26.0 2.14 
0 0.664316082500306 0.355698298550079 -0.08 0.02 0.6423690205011389 0.938496583143508 0.790432801822323 27.03 0.13 
1 0.7691223805667942 0.67691926485557 0.66 0.88 0.5571428571428572 0.5857142857142859 0.571428571428571 121.17 2.16 
0 0.7065442778104265 0.353272138905213 -0.07 0.02 1.0 0.9663157894736842 0.983157894736842 17.34 0.03 
1 -0.0 0.0 0.0 0.0 1.0 1.0 1.0 0.0 0.0 
0 0.34883209584303193 0.348832095843032 0.22 0.35 1.0 1.0 1.0 9.0 2.23 
1 0.0947607483566568 0.232756230915289 0.02 0.03 0.9678111587982832 0.9806866952789698 0.974248927038627 84.69 0.27 
0 -0.0 0.0 -0.04 0.0 0.2333333333333333 0.8666666666666668 0.55 0.01 0.02 
1 0.030372534777978206 0.0658985378330168 -0.0 0.0 0.972457627118644 0.9978813559322034 0.985169491525424 0.13 0.01 
0 0.9556998911125344 0.819303997906503 -0.13 0.29 1.0 1.0 1.0 2.92 0.07 
1 -0.0 0.0 -0.0 -0.0 1.0 1.0 1.0 0.0 0.0 
0 0.09908391604753189 0.265523286453264 -0.01 0.0 0.9850746268656718 0.9914712153518124 0.988272921108742 1.58 0.09 
1 0.08509104448327401 0.042545522241637 0.0 0.0 1.0 1.0 1.0 0.0 0.0 
0 0.6829081047004717 0.341454052350236 0.02 0.35 0.34615384615384615 0.8076923076923077 0.576923076923077 14.22 0.45 
1 -0.0 0.0 -0.0 -0.0 1.0 1.0 1.0 0.0 0.0 
0 0.035043395966475925 0.142999100162048 -0.01 0.0 1.0 0.9886363636363636 0.994318181818182 0.17 0.02 
1 0.07489355301376338 0.0508964017541222 0.5 0.63 0.6807909604519775 0.6807909604519775 0.680790960451977 354.02 2.29 
0 0.016359415015602636 0.0672963527021109 -0.0 0.0 0.988479262672811 0.9953917050691244 0.991935483870968 0.11 0.01 
1 -0.0 0.0 -0.0 -0.0 1.0 0.9936034115138594 0.99680170575693 0.0 0.0 
0 -0.0 0.0 0.0 -0.0 1.0 0.959731543624161 0.97986577181208 0.0 0.0 
1 0.6730116670092564 0.336505833504628 -0.2 0.33 0.28571428571428564 0.7142857142857143 0.5 3.73 0.53 
0 0.8194521312920207 1.22393119717365 -0.08 0.32 0.7700348432055749 0.9094076655052264 0.839721254355401 213.41 0.07 
1 0.04965097662992789 0.0248254883149639 -0.0 -0.0 1.0 1.0 1.0 0.0 0.0 
0 0.09650896073594732 0.190028426853491 -0.05 0.16 0.8225806451612901 0.9838709677419354 0.903225806451613 25.32 1.25 
1 -0.0 0.0 0.31 0.55 0.7580645161290323 0.7580645161290323 0.758064516129032 62.0 2.68 
0 0.016359415015602636 0.00817970750780132 0.0 0.0 1.0 0.9621380846325168 0.981069042316258 0.0 0.0 
1 -0.0 0.0 0.31 0.55 0.7580645161290323 0.7580645161290323 0.758064516129032 62.0 2.49 
0 -0.0 0.0 -0.0 -0.0 1.0 0.988479262672811 0.994239631336405 0.0 0.0 
1 -0.0 0.0 -0.0 -0.0 1.0 0.9727463312368972 0.986373165618449 0.0 0.0 
0 0.022083380117043378 0.0190778694583449 -0.0 0.0 1.0 0.981859410430839 0.99092970521542 0.02 0.0 
1 -0.0 0.0 -0.1 0.06 0.6153846153846154 0.8846153846153846 0.75 2.12 0.61 
0 0.08919443275684764 0.848630753117049 -0.19 0.04 0.6423690205011389 0.9931662870159452 0.817767653758542 35.38 0.02 
1 -0.0 0.0 0.0 0.0 1.0 1.0 1.0 0.0 0.0 
0 0.6846162778013049 0.342308138900652 -0.1 0.28 0.3076923076923077 0.8846153846153846 0.596153846153846 11.56 0.14 
1 0.3269547847215813 0.163477392360791 -0.01 0.01 0.9481865284974093 0.9870466321243522 0.967616580310881 3.79 0.05 
0 0.7558148632822626 0.385286524788545 0.0 0.0 1.0 0.9897330595482546 0.994866529774127 0.33 0.02 
1 -0.0 0.0 -0.0 0.0 1.0 0.6153846153846154 0.807692307692308 0.0 0.0 
0 0.023546567098459075 0.0117732835492295 -0.01 0.01 0.6423690205011389 0.9863325740318906 0.814350797266515 3.42 0.11 
1 0.030372534777978206 0.0227666899680668 -0.0 0.0 1.0 0.9978813559322034 0.998940677966102 0.01 0.0 
0 0.580651755229746 0.299688262987215 -0.03 0.01 0.9005102040816326 0.9413265306122448 0.920918367346939 5.37 0.22 
1 0.6846162778013049 0.342308138900652 0.15 0.36 0.8846153846153846 0.8846153846153846 0.884615384615385 26.0 0.82 
0 0.1725612331626618 0.0946094454387524 -0.01 0.01 0.8905263157894738 0.9578947368421052 0.924210526315789 3.25 0.16 
1 -0.0 0.0 0.0 0.0 1.0 1.0 1.0 0.0 0.0 
0 0.19643645103383003 0.098218225516915 -0.0 -0.0 1.0 1.0 1.0 0.0 0.0 
1 -0.0 0.0 -0.0 0.0 1.0 0.7580645161290323 0.879032258064516 0.0 0.0 
0 1.024010220294295 0.512005110147147 -0.03 0.4 0.28 0.96 0.62 17.28 0.2 
1 0.0740225961475812 0.128824279468757 0.41 0.69 0.5590551181102362 0.5748031496062993 0.566929133858268 381.05 2.38 
0 0.804637919054263 0.402318959527131 -0.02 0.01 0.41723356009070284 0.9591836734693876 0.688208616780045 3.65 0.04 
1 -0.0 0.0 -0.0 0.0 1.0 0.7083333333333334 0.854166666666667 0.0 0.0 
0 0.04824430334970792 0.024122151674854 0.0 -0.0 1.0 0.843076923076923 0.921538461538462 0.0 0.0 
1 -0.0 0.0 0.37 0.44 0.16 0.16 0.16 25.0 0.2 
0 0.5310355187960252 0.278089794354307 -0.0 0.13 0.6761658031088082 0.9507772020725388 0.813471502590674 82.63 0.34 
1 0.030372534777978206 0.0228364363705995 -0.0 0.0 0.9894067796610168 0.9978813559322034 0.99364406779661 0.04 0.0 
0 0.7569085521415507 0.386633983578577 -0.03 0.01 1.0 0.9621380846325168 0.981069042316258 5.88 0.04 
1 -0.0 0.0 0.43 0.68 0.5842293906810035 0.5842293906810035 0.584229390681004 279.0 2.02 
0 0.04108212159516753 0.0380627587808217 -0.01 0.0 1.0 0.940340909090909 0.970170454545455 0.14 0.02 
1 -0.0 0.0 0.0 0.0 1.0 1.0 1.0 0.0 0.0 
0 0.3525425103487513 0.352542510348751 0.11 0.35 1.0 1.0 1.0 62.0 2.11 
1 0.6895519477750732 0.344775973887537 0.0 -0.0 1.0 1.0 1.0 0.0 0.0 
0 0.27799939590506645 0.233891145086077 0.0 0.03 0.9883449883449882 0.993006993006993 0.990675990675991 177.68 0.17 
1 0.0251440699125892 0.0125720349562946 0.53 0.63 0.6761658031088082 0.6761658031088082 0.676165803108808 386.0 2.33 
0 0.1527320203489409 0.0763660101744704 -0.0 0.0 1.0 0.9976580796252928 0.998829039812646 0.03 0.0 
1 0.01789792517672371 0.00894896258836186 -0.01 0.0 1.0 0.7660668380462725 0.883033419023136 0.31 0.03 
0 1.0042424730540764 0.502121236527038 -0.14 0.33 1.0 0.28571428571428564 0.642857142857143 3.73 0.1 
1 -0.0 0.0 0.12 0.37 0.7580645161290323 0.8064516129032256 0.782258064516129 46.62 2.14 
0 0.016657657714843028 0.0165576056768974 0.29 0.29 0.8905263157894738 0.903157894736842 0.896842105263158 889.3 1.93 
1 -0.0 0.0 0.11 0.46 0.5384615384615384 0.6153846153846154 0.576923076923077 18.96 1.68 
0 0.900256051268537 1.07047017161097 0.31 0.37 0.11827956989247312 0.08602150537634409 0.102150537634409 279.0 0.01 
1 -0.0 0.0 0.31 0.55 0.7580645161290323 0.7580645161290323 0.758064516129032 62.0 2.49 
0 0.0324357255404604 0.0162178627702302 -0.0 -0.0 1.0 0.9922879177377892 0.996143958868895 0.0 0.0 
1 0.08509104448327401 0.069552158829183 -0.0 0.0 1.0 1.0 1.0 0.07 0.01 
0 0.2035083444071568 0.101754172203578 -0.0 -0.0 1.0 1.0 1.0 0.0 0.0 
1 -0.0 0.0 0.31 0.55 0.7580645161290323 0.7580645161290323 0.758064516129032 62.0 2.68 
0 0.29839816419932 0.2819619299611 0.01 0.03 1.0 1.0 1.0 56.24 0.09 
1 0.022083380117043378 0.0220833801170434 0.09 0.1 0.981859410430839 0.981859410430839 0.981859410430839 838.91 0.85 
0 0.6822056867479602 0.89622337630293 0.04 0.28 0.9481641468682503 0.9546436285097192 0.951403887688985 879.04 0.4 
1 -0.0 0.0 -0.0 -0.0 1.0 1.0 1.0 0.0 0.0 
0 0.629696481674345 0.413066466354088 0.05 0.07 1.0 1.0 1.0 70.16 0.72 
1 0.09165764788996307 0.0699766348366203 -0.0 0.0 1.0 0.9818181818181818 0.990909090909091 0.1 0.01 
0 -0.0 0.0 0.01 0.4 0.625 0.7083333333333334 0.666666666666667 16.47 2.08 
1 0.01616684129705593 0.00808342064852796 0.02 0.02 0.9977220956719816 0.9977220956719816 0.997722095671982 439.0 0.16 
0 0.01478431915835523 0.00739215957917762 -0.0 0.0 0.9918367346938776 0.9979591836734693 0.994897959183674 0.01 0.0 
1 -0.0 0.0 -0.0 0.0 1.0 0.6774193548387096 0.838709677419355 0.0 0.0 
0 0.4695240172949409 0.460465114645835 0.04 0.2 1.0 0.9922879177377892 0.996143958868895 206.05 1.67 
1 0.666278442414676 0.333139221207338 -0.1 0.06 1.0 0.8846153846153846 0.942307692307692 2.12 0.44 
0 0.2176446659906821 0.116937579069425 -0.0 0.0 1.0 0.986425339366516 0.993212669683258 0.3 0.02 
1 0.8127245415610106 0.428086422879458 0.41 0.59 0.3391521197007481 0.3640897755610973 0.351620947630923 772.17 0.33 
0 -0.0 0.0 -0.0 0.0 0.9897330595482546 0.9979466119096508 0.993839835728953 0.01 0.0 
1 -0.0 0.0 0.0 0.0 1.0 1.0 1.0 0.0 0.0 
0 0.07915888226942422 0.0395794411347121 -0.0 0.0 0.9749430523917996 0.9863325740318906 0.980637813211845 0.23 0.02 
1 -0.0 0.0 0.07 0.08 0.9854771784232365 0.9854771784232365 0.985477178423237 482.0 0.65 
0 0.4459524223135379 0.222976211156769 -0.0 0.0 1.0 0.919354838709677 0.959677419354839 0.0 0.0 
1 0.02253214392080778 0.0197499575531257 -0.0 0.01 0.7156626506024096 0.9975903614457832 0.856626506024096 5.06 0.1 
0 0.18993852386950036 0.0949692619347502 0.0 -0.0 1.0 0.9346246973365616 0.967312348668281 0.0 0.0 
1 -0.0 0.0 -0.0 -0.0 1.0 0.9977324263038548 0.998866213151927 0.0 0.0 
0 -0.0 0.0 -0.0 0.0 1.0 0.6935483870967744 0.846774193548387 0.0 0.0 
1 -0.0 0.0 0.0 0.0 1.0 1.0 1.0 0.0 0.0 
0 0.09125460025639655 0.173692870325929 -0.07 0.01 0.6400911161731208 0.8724373576309796 0.75626423690205 7.05 0.24 
