1 0.030097958257751373 0.0286902185022557 0.1 0.1 0.9793388429752063 0.9834710743801652 0.981404958677686 484.0 0.84 
0 0.41745507877164956 1.02293267091347 -0.05 0.23 0.7700348432055749 0.926829268292683 0.848432055749129 211.14 0.13 
1 -0.0 0.0 -0.0 -0.0 1.0 1.0 1.0 0.0 0.0 
0 0.532506047065826 0.499969601942421 0.02 0.17 1.0 0.6703786191536748 0.835189309576837 183.7 0.97 
1 0.666278442414676 0.333139221207338 -0.1 0.06 1.0 0.8846153846153846 0.942307692307692 2.12 0.44 
0 0.244044214043399 0.2040397308453 0.01 0.02 0.989795918367347 0.9959183673469388 0.992857142857143 195.65 0.07 
1 0.5297061990576545 0.439269147450343 -0.1 0.03 1.0 1.0 1.0 0.32 0.45 
0 0.308891104846187 0.154445552423093 0.0 -0.0 1.0 0.987780040733198 0.993890020366599 0.0 0.0 
1 0.022083380117043378 0.0220833801170434 0.09 0.1 0.981859410430839 0.981859410430839 0.981859410430839 838.91 0.85 
0 -0.0 0.0 -0.0 -0.0 1.0 0.9402985074626864 0.970149253731343 0.0 0.0 
1 -0.0 0.0 -0.0 -0.0 1.0 1.0 1.0 0.0 0.0 
0 0.05577279621184249 0.278989021335817 0.14 0.17 0.9686746987951808 0.9710843373493978 0.969879518072289 698.6 0.87 
1 -0.0 0.0 0.0 0.0 1.0 1.0 1.0 0.0 0.0 
0 0.5437298474071837 0.378270431367466 -0.01 0.11 0.8835227272727273 0.9886363636363636 0.936079545454545 176.94 0.67 
1 -0.0 0.0 -0.0 -0.0 1.0 1.0 1.0 0.0 0.0 
0 0.2313519442560678 0.115675972128034 0.0 0.0 1.0 1.0 1.0 0.0 0.0 
1 0.01616684129705593 0.00808342064852796 0.02 0.02 0.9977220956719816 0.9977220956719816 0.997722095671982 439.0 0.16 
0 0.5623351446188082 0.560929827764663 -0.04 0.02 1.0 0.08602150537634409 0.543010752688172 1.68 0.02 
1 0.8720635602136072 0.447297852067208 -0.01 0.11 0.2385542168674699 0.7156626506024096 0.47710843373494 466.31 0.11 
0 -0.0 0.0 0.31 0.55 0.7580645161290323 0.7580645161290323 0.758064516129032 62.0 2.49 
1 0.01789792517672371 0.00894896258836186 -0.01 0.0 1.0 0.7660668380462725 0.883033419023136 0.31 0.03 
0 0.031746149071385094 0.024339427224921 -0.0 0.0 1.0 0.9542168674698795 0.97710843373494 0.05 0.01 
1 -0.0 0.0 -0.0 0.0 1.0 0.6774193548387096 0.838709677419355 0.0 0.0 
0 0.7906389209809128 0.628163083497884 0.05 0.25 0.8678756476683936 0.9766839378238344 0.922279792746114 274.68 0.98 
1 -0.0 0.0 -0.0 0.0 1.0 0.7083333333333334 0.854166666666667 0.0 0.0 
0 0.6829081047004717 0.341454052350236 0.26 0.49 0.8076923076923077 0.8076923076923077 0.807692307692308 26.0 1.4 
1 0.0947607483566568 0.232756230915289 0.02 0.03 0.9678111587982832 0.9806866952789698 0.974248927038627 84.69 0.27 
0 0.6109007249809115 0.578368409104767 -0.03 0.06 1.0 0.9979466119096508 0.998973305954825 33.54 0.59 
1 -0.0 0.0 0.37 0.44 0.16 0.16 0.16 25.0 0.2 
0 0.4674331568190166 0.233716578409508 -0.0 0.0 1.0 1.0 1.0 0.0 0.0 
1 -0.0 0.0 -0.1 0.06 0.6153846153846154 0.8846153846153846 0.75 2.12 0.61 
0 -0.0 0.0 0.0 0.0 1.0 0.125 0.5625 0.0 0.0 
1 -0.0 0.0 -0.0 0.0 1.0 0.7580645161290323 0.879032258064516 0.0 0.0 
0 0.05662157828350273 0.101759429694633 -0.0 0.0 1.0 0.9932885906040269 0.996644295302013 0.18 0.02 
1 -0.0 0.0 -0.0 -0.0 1.0 0.9936034115138594 0.99680170575693 0.0 0.0 
0 0.07540821860749106 0.628499230885239 -0.03 0.05 0.8898488120950323 0.9913606911447084 0.94060475161987 55.34 0.07 
1 0.09165764788996307 0.0699766348366203 -0.0 0.0 1.0 0.9818181818181818 0.990909090909091 0.1 0.01 
0 0.5022052464597919 0.251102623229896 0.08 0.12 0.9638554216867468 0.9710843373493978 0.967469879518072 330.51 0.66 
1 -0.0 0.0 0.31 0.55 0.7580645161290323 0.7580645161290323 0.758064516129032 62.0 2.68 
0 0.666278442414676 0.333139221207338 0.11 0.46 1.0 0.5384615384615384 0.769230769230769 18.96 0.89 
1 0.6895519477750732 0.344775973887537 0.0 -0.0 1.0 1.0 1.0 0.0 0.0 
0 0.7168157759088685 0.358407887954434 0.0 -0.0 1.0 0.995771670190275 0.997885835095137 0.0 0.0 
1 -0.0 0.0 0.0 0.0 1.0 1.0 1.0 0.0 0.0 
0 0.3563409206018685 0.178170460300934 -0.07 0.19 0.7580645161290323 0.9838709677419354 0.870967741935484 24.84 1.42 
1 -0.0 0.0 0.0 0.0 1.0 1.0 1.0 0.0 0.0 
0 0.8177953417758714 0.418369894763805 0.02 0.04 0.9285714285714286 0.989795918367347 0.959183673469388 51.56 0.35 
1 -0.0 0.0 0.0 0.0 1.0 1.0 1.0 0.0 0.0 
0 0.7906389209809128 0.558796852851247 0.06 0.21 0.9766839378238344 0.9870466321243522 0.981865284974093 484.72 0.79 
1 -0.0 0.0 0.3 0.36 0.8846153846153846 0.8846153846153846 0.884615384615385 26.0 2.14 
0 0.08864403483661465 0.067661448433605 -0.0 0.0 0.9225352112676058 0.9929577464788734 0.957746478873239 0.6 0.04 
1 0.022083380117043378 0.0110416900585217 0.06 0.07 0.981859410430839 0.984126984126984 0.982993197278912 384.99 0.69 
0 -0.0 0.0 -0.0 0.0 1.0 0.7083333333333334 0.854166666666667 0.0 0.0 
1 0.08509104448327401 0.069552158829183 -0.0 0.0 1.0 1.0 1.0 0.07 0.01 
0 0.4895100028856609 0.24475500144283 -0.01 0.01 0.9413265306122448 0.997448979591837 0.969387755102041 3.09 0.16 
1 -0.0 0.0 0.0 0.0 1.0 1.0 1.0 0.0 0.0 
0 -0.0 0.0 0.0 0.0 1.0 0.9978165938864628 0.998908296943231 0.0 0.0 
1 0.7691223805667942 0.67691926485557 0.66 0.88 0.5571428571428572 0.5857142857142859 0.571428571428571 121.17 2.16 
0 0.09962338946616205 0.049811694733081 -0.0 0.0 1.0 0.7903225806451613 0.895161290322581 0.0 0.0 
1 -0.0 0.0 0.0 0.0 1.0 1.0 1.0 0.0 0.0 
0 -0.0 0.0 0.04 0.07 0.8076923076923077 0.9615384615384615 0.884615384615385 4.37 0.81 
1 0.3250829733914482 0.162541486695724 -0.0 0.0 1.0 1.0 1.0 0.0 0.0 
0 0.16103884445583505 0.582533048431983 -0.01 0.03 1.0 0.7535211267605633 0.876760563380282 15.84 0.26 
1 0.6846162778013049 0.342308138900652 0.15 0.36 0.8846153846153846 0.8846153846153846 0.884615384615385 26.0 0.82 
0 0.5022052464597919 0.259568975919124 -0.0 0.0 1.0 0.9710843373493978 0.985542168674699 0.17 0.01 
1 0.030372534777978206 0.0227666899680668 -0.0 0.0 1.0 0.9978813559322034 0.998940677966102 0.01 0.0 
0 0.1502751999165481 0.075137599958274 -0.02 0.0 1.0 0.7924528301886794 0.89622641509434 5.04 0.12 
1 0.8720635602136072 0.444515665699525 -0.01 0.0 0.2385542168674699 0.9975903614457832 0.618072289156626 0.63 0.0 
0 -0.0 0.0 -0.0 -0.0 1.0 1.0 1.0 0.0 0.0 
1 0.08509104448327401 0.042545522241637 0.0 0.0 1.0 1.0 1.0 0.0 0.0 
0 0.6365141682948128 0.318257084147406 -0.13 0.39 0.3 0.6 0.45 6.43 0.42 
1 0.04131357294242817 0.0206567864712141 0.29 0.33 0.886153846153846 0.8892307692307693 0.887692307692308 315.12 2.04 
0 0.9030752549500218 0.471270077077205 -0.04 0.05 0.7642105263157895 0.9642105263157896 0.86421052631579 51.3 0.22 
1 0.6895519477750732 0.344775973887537 0.0 -0.0 1.0 1.0 1.0 0.0 0.0 
0 0.6615632381579821 0.330781619078991 0.0 0.0 1.0 1.0 1.0 0.0 0.0 
1 0.016359415015602636 0.0163594150156026 0.05 0.05 0.9953917050691244 0.9953917050691244 0.995391705069124 868.0 0.39 
0 0.5795291220614944 0.303357348603825 -0.04 0.01 0.4359504132231405 0.9834710743801652 0.709710743801653 5.62 0.01 
1 0.0740225961475812 0.128824279468757 0.41 0.69 0.5590551181102362 0.5748031496062993 0.566929133858268 381.05 2.38 
0 0.07549878542345602 0.0943651313709105 0.0 0.01 0.989795918367347 0.9938775510204082 0.991836734693878 31.45 0.06 
1 -0.0 0.0 0.31 0.55 0.7580645161290323 0.7580645161290323 0.758064516129032 62.0 2.49 
0 0.045763284360939335 0.0228816421804697 0.06 0.07 0.981859410430839 0.984126984126984 0.982993197278912 384.99 0.64 
1 0.8127245415610106 0.428086422879458 0.41 0.59 0.3391521197007481 0.3640897755610973 0.351620947630923 772.17 0.33 
0 0.016326979454093383 0.00816348972704669 -0.0 0.0 0.9863325740318906 0.9954441913439636 0.990888382687927 0.03 0.0 
1 -0.0 0.0 0.0 0.0 1.0 1.0 1.0 0.0 0.0 
0 -0.0 0.0 0.05 0.05 0.9829545454545452 0.9886363636363636 0.985795454545455 233.32 0.66 
1 0.0707680768797802 0.351225226630238 -0.0 0.0 1.0 0.997695852534562 0.998847926267281 3.17 0.0 
0 0.5623351446188082 0.795994079341691 0.23 0.28 0.10752688172043011 0.08602150537634409 0.0967741935483871 169.61 0.02 
1 -0.0 0.0 -0.0 -0.0 1.0 0.9727463312368972 0.986373165618449 0.0 0.0 
0 0.7065442778104265 0.920947396012158 0.03 0.48 1.0 0.9494736842105264 0.974736842105263 359.94 0.09 
1 0.6846162778013049 0.342308138900652 0.15 0.36 0.8846153846153846 0.8846153846153846 0.884615384615385 26.0 0.82 
0 0.01607235879964646 0.00803617939982323 -0.0 -0.0 1.0 1.0 1.0 0.0 0.0 
1 0.022083380117043378 0.0220833801170434 0.09 0.1 0.981859410430839 0.981859410430839 0.981859410430839 838.91 0.81 
0 0.4992227979700849 0.375088801163852 -0.03 0.11 0.877840909090909 0.9886363636363636 0.933238636363636 100.44 0.76 
1 0.7865364435085352 0.401480572353747 0.08 0.13 0.9728506787330315 0.9728506787330315 0.972850678733032 442.51 0.33 
0 0.7351973329063588 0.42844486779221 0.64 0.76 0.5428571428571428 0.5428571428571428 0.542857142857143 140.0 1.01 
1 -0.0 0.0 -0.0 -0.0 1.0 1.0 1.0 0.0 0.0 
0 0.09125460025639655 0.0456273001281983 -0.07 0.01 0.6400911161731208 0.8724373576309796 0.75626423690205 5.08 0.19 
1 0.030372534777978206 0.0658985378330168 -0.0 0.0 0.972457627118644 0.9978813559322034 0.985169491525424 0.13 0.01 
0 -0.0 0.0 -0.0 0.0 1.0 0.7083333333333334 0.854166666666667 0.0 0.0 
1 0.030372534777978206 0.0228364363705995 -0.0 0.0 0.9894067796610168 0.9978813559322034 0.99364406779661 0.04 0.0 
0 0.0251440699125892 0.0125720349562946 -0.01 0.0 0.6761658031088082 0.9481865284974093 0.812176165803109 3.0 0.17 
1 0.0947607483566568 0.0769695270739669 0.09 0.1 0.9806866952789698 0.982832618025751 0.981759656652361 445.71 0.81 
0 -0.0 0.0 -0.0 0.0 1.0 0.625 0.8125 0.0 0.0 
1 0.01475818629482802 0.00737909314741401 0.01 0.01 1.0 0.9979466119096508 0.998973305954825 487.0 0.19 
0 0.5982695885852573 0.975026791437452 0.21 0.6 1.0 1.0 1.0 7.0 0.29 
1 -0.0 0.0 0.0 0.0 1.0 1.0 1.0 0.0 0.0 
0 0.022083380117043378 0.0110416900585217 0.0 -0.0 1.0 0.981859410430839 0.99092970521542 0.0 0.0 
1 -0.0 0.0 -0.0 -0.0 1.0 0.9977324263038548 0.998866213151927 0.0 0.0 
0 0.4514062119967289 0.225703105998364 0.03 0.05 0.9922879177377892 0.9922879177377892 0.992287917737789 389.0 0.21 
1 -0.0 0.0 0.0 0.0 1.0 1.0 1.0 0.0 0.0 
0 0.3563409206018685 0.178170460300934 -0.08 0.18 0.6935483870967744 0.9838709677419354 0.838709677419355 20.79 1.42 
1 -0.0 0.0 -0.0 -0.0 1.0 1.0 1.0 0.0 0.0 
0 0.8605892830185917 0.430294641509296 0.0 -0.0 1.0 0.9765807962529272 0.988290398126464 0.0 0.0 
1 -0.0 0.0 0.43 0.68 0.5842293906810035 0.5842293906810035 0.584229390681004 279.0 2.02 
0 0.7843037925952074 0.400331603805405 -0.01 0.01 0.4700460829493088 0.9953917050691244 0.732718894009217 5.12 0.07 
1 -0.0 0.0 0.07 0.08 0.9854771784232365 0.9854771784232365 0.985477178423237 482.0 0.65 
0 0.25095314470125835 0.125476572350629 -0.0 -0.0 1.0 0.9966442953020132 0.998322147651007 0.0 0.0 
1 -0.0 0.0 0.0 0.0 1.0 1.0 1.0 0.0 0.0 
0 0.6730116670092564 0.336505833504628 -0.07 0.22 0.5555555555555555 0.7777777777777779 0.666666666666667 3.21 0.75 
1 0.07489355301376338 0.0508964017541222 0.5 0.63 0.6807909604519775 0.6807909604519775 0.680790960451977 354.02 2.29 
0 0.09450614728103433 0.145561483504815 -0.01 0.03 0.26636568848758463 0.9909706546275394 0.628668171557562 142.11 0.03 
1 0.04965097662992789 0.0248254883149639 -0.0 -0.0 1.0 1.0 1.0 0.0 0.0 
0 0.21075729181873956 0.192416739637371 -0.03 0.03 0.9184149184149184 0.976689976689977 0.947552447552447 96.92 0.11 
1 0.3269547847215813 0.163477392360791 -0.01 0.01 0.9481865284974093 0.9870466321243522 0.967616580310881 3.79 0.05 
0 0.016391988628871906 0.00819599431443595 -0.0 0.0 1.0 0.962877030162413 0.981438515081206 0.04 0.0 
1 0.017217650311628238 0.0171995612854242 0.37 0.44 0.837448559670782 0.839506172839506 0.838477366255144 964.67 2.36 
0 0.2835478929710348 0.141773946485517 -0.0 0.0 1.0 0.9838709677419354 0.991935483870968 0.0 0.0 
1 -0.0 0.0 -0.0 0.0 1.0 0.6153846153846154 0.807692307692308 0.0 0.0 
0 0.7453785846192588 0.372689292309629 -0.01 0.01 0.7270788912579956 0.9936034115138594 0.860341151385927 4.89 0.02 
1 -0.0 0.0 0.31 0.55 0.7580645161290323 0.7580645161290323 0.758064516129032 62.0 2.49 
0 0.057146758033893234 0.123542640951697 -0.01 0.0 0.9346246973365616 0.9782082324455202 0.956416464891041 0.9 0.01 
1 0.02253214392080778 0.0197499575531257 -0.0 0.01 0.7156626506024096 0.9975903614457832 0.856626506024096 5.06 0.1 
0 0.629696481674345 0.820537971349816 0.01 0.09 1.0 0.9929577464788734 0.996478873239437 61.67 0.5 
1 0.6822056867479602 0.602052179998817 0.05 0.2 0.9222462203023758 0.9546436285097192 0.938444924406048 472.98 0.93 
0 -0.0 0.0 0.0 -0.0 1.0 0.959731543624161 0.97986577181208 0.0 0.0 
1 0.0251440699125892 0.0229518966655533 -0.06 0.01 0.6761658031088082 0.8471502590673574 0.761658031088083 4.61 0.18 
0 0.4835521377786173 0.367708232658686 -0.1 0.06 0.6502590673575128 0.8445595854922278 0.74740932642487 38.22 0.03 
1 -0.0 0.0 0.12 0.37 0.7580645161290323 0.8064516129032256 0.782258064516129 46.62 2.14 
0 -0.0 0.0 -0.0 -0.0 1.0 0.9948586118251928 0.997429305912596 0.0 0.0 
1 0.09908391604753189 0.0495419580237659 0.04 0.04 0.9850746268656718 0.9914712153518124 0.988272921108742 266.27 0.37 
0 0.7537388965283442 0.586687335733915 0.01 0.08 0.9976525821596244 0.9976525821596244 0.997652582159624 460.51 0.6 
