1 -0.0 0.0 0.31 0.55 0.7580645161290323 0.7580645161290323 0.758064516129032 62.0 2.49 
0 0.3269974743901718 0.171662226922133 -0.03 0.0 0.9342403628117912 0.981859410430839 0.958049886621315 1.36 0.09 
1 0.02253214392080778 0.0197499575531257 -0.0 0.01 0.7156626506024096 0.9975903614457832 0.856626506024096 5.06 0.1 
0 0.02013133843277965 0.519481679367449 0.47 0.58 0.7321814254859611 0.7321814254859611 0.732181425485961 464.5 0.99 
1 0.3250829733914482 0.162541486695724 -0.0 0.0 1.0 1.0 1.0 0.0 0.0 
0 0.01478431915835523 0.00739215957917762 -0.0 -0.0 1.0 0.9918367346938776 0.995918367346939 0.0 0.0 
1 -0.0 0.0 0.0 0.0 1.0 1.0 1.0 0.0 0.0 
0 0.016359415015602636 0.00817970750780132 -0.0 -0.0 1.0 0.9953917050691244 0.997695852534562 0.0 0.0 
1 0.6846162778013049 0.342308138900652 0.15 0.36 0.8846153846153846 0.8846153846153846 0.884615384615385 26.0 0.82 
0 0.04824430334970792 0.024122151674854 0.0 -0.0 1.0 0.843076923076923 0.921538461538462 0.0 0.0 
1 -0.0 0.0 0.0 0.0 1.0 1.0 1.0 0.0 0.0 
0 0.09187703676356046 0.0459385183817802 -0.0 0.0 0.984126984126984 0.9954648526077096 0.989795918367347 0.07 0.01 
1 -0.0 0.0 0.3 0.36 0.8846153846153846 0.8846153846153846 0.884615384615385 26.0 2.14 
0 -0.0 0.0 -0.0 0.0 1.0 0.625 0.8125 0.0 0.0 
1 -0.0 0.0 0.07 0.08 0.9854771784232365 0.9854771784232365 0.985477178423237 482.0 0.65 
0 0.767183707147163 0.383591853573582 -0.02 0.01 0.909090909090909 0.9829545454545452 0.946022727272727 2.19 0.11 
1 -0.0 0.0 0.12 0.37 0.7580645161290323 0.8064516129032256 0.782258064516129 46.62 2.14 
0 0.6365141682948128 0.318257084147406 -0.0 0.0 1.0 0.6 0.8 0.0 0.0 
1 0.01789792517672371 0.00894896258836186 -0.01 0.0 1.0 0.7660668380462725 0.883033419023136 0.31 0.03 
0 -0.0 0.0 0.03 0.03 0.9922879177377892 0.9948586118251928 0.993573264781491 258.66 0.32 
1 0.022083380117043378 0.0110416900585217 0.06 0.07 0.981859410430839 0.984126984126984 0.982993197278912 384.99 0.69 
0 0.022083380117043378 0.0110416900585217 0.0 -0.0 1.0 0.981859410430839 0.99092970521542 0.0 0.0 
1 -0.0 0.0 -0.0 -0.0 1.0 0.9977324263038548 0.998866213151927 0.0 0.0 
0 -0.0 0.0 -0.0 -0.0 1.0 1.0 1.0 0.0 0.0 
1 0.0947607483566568 0.232756230915289 0.02 0.03 0.9678111587982832 0.9806866952789698 0.974248927038627 84.69 0.27 
0 0.4343460036066953 0.217173001803348 -0.16 0.05 1.0 0.7660668380462725 0.883033419023136 22.09 0.68 
1 -0.0 0.0 0.31 0.55 0.7580645161290323 0.7580645161290323 0.758064516129032 62.0 2.68 
0 -0.0 0.0 0.12 0.37 0.7580645161290323 0.8064516129032256 0.782258064516129 46.62 2.31 
1 -0.0 0.0 -0.0 0.0 1.0 0.6774193548387096 0.838709677419355 0.0 0.0 
0 0.6331171997564925 0.44828659304225 0.01 0.06 0.947608200455581 0.9817767653758542 0.964692482915718 102.67 0.44 
1 -0.0 0.0 0.0 0.0 1.0 1.0 1.0 0.0 0.0 
0 0.2835478929710348 0.141773946485517 -0.0 0.0 1.0 0.9838709677419354 0.991935483870968 0.0 0.0 
1 0.3269547847215813 0.163477392360791 -0.01 0.01 0.9481865284974093 0.9870466321243522 0.967616580310881 3.79 0.05 
0 0.7906389209809128 0.405699322199715 -0.05 0.07 0.8471502590673574 0.9766839378238344 0.911917098445596 178.8 0.24 
1 -0.0 0.0 -0.0 0.0 1.0 0.7580645161290323 0.879032258064516 0.0 0.0 
0 0.2313519442560678 0.123055065275448 -0.0 0.0 1.0 1.0 1.0 0.07 0.01 
1 0.08509104448327401 0.069552158829183 -0.0 0.0 1.0 1.0 1.0 0.07 0.01 
0 0.6472565428776306 0.85673695678287 0.03 0.26 0.989795918367347 0.9979591836734693 0.993877551020408 300.43 0.12 
1 -0.0 0.0 0.0 0.0 1.0 1.0 1.0 0.0 0.0 
0 0.7461036199447514 0.707120261296501 -0.14 0.07 0.9676025917926566 0.9935205183585314 0.980561555075594 83.54 0.19 
1 -0.0 0.0 0.0 0.0 1.0 1.0 1.0 0.0 0.0 
0 0.629696481674345 0.372524812257563 -0.02 0.02 1.0 0.8920187793427231 0.946009389671361 10.69 0.34 
1 0.0251440699125892 0.0229518966655533 -0.06 0.01 0.6761658031088082 0.8471502590673574 0.761658031088083 4.61 0.18 
0 0.3682924501649143 0.196173408187868 0.04 0.06 1.0 0.9581881533101044 0.979094076655052 97.9 0.66 
1 0.030372534777978206 0.0658985378330168 -0.0 0.0 0.972457627118644 0.9978813559322034 0.985169491525424 0.13 0.01 
0 0.6365141682948128 0.318257084147406 -0.0 0.0 1.0 0.6 0.8 0.0 0.0 
1 0.6846162778013049 0.342308138900652 0.15 0.36 0.8846153846153846 0.8846153846153846 0.884615384615385 26.0 0.82 
0 0.04108212159516753 0.201238351570321 0.08 0.14 0.940340909090909 0.9602272727272728 0.950284090909091 235.35 0.98 
1 0.07489355301376338 0.0508964017541222 0.5 0.63 0.6807909604519775 0.6807909604519775 0.680790960451977 354.02 2.29 
0 -0.0 0.0 -0.06 0.18 0.6935483870967744 0.7580645161290323 0.725806451612903 22.68 1.48 
1 0.6822056867479602 0.602052179998817 0.05 0.2 0.9222462203023758 0.9546436285097192 0.938444924406048 472.98 0.93 
0 0.30536636643813125 0.152683183219066 -0.0 0.06 0.6761658031088082 0.8989637305699482 0.787564766839378 48.29 0.62 
1 0.6730116670092564 0.336505833504628 -0.2 0.33 0.28571428571428564 0.7142857142857143 0.5 3.73 0.53 
0 0.10210797344924928 0.0510539867246246 -0.0 0.0 1.0 0.3136842105263158 0.656842105263158 1.65 0.05 
1 0.016359415015602636 0.0163594150156026 0.05 0.05 0.9953917050691244 0.9953917050691244 0.995391705069124 868.0 0.39 
0 0.6622618696488148 0.958309934328693 0.03 0.52 0.8723404255319149 0.918439716312057 0.895390070921986 706.69 0.85 
1 -0.0 0.0 -0.0 -0.0 1.0 1.0 1.0 0.0 0.0 
0 0.4514062119967289 0.415970052212429 0.09 0.18 0.9922879177377892 0.9922879177377892 0.992287917737789 537.36 1.53 
1 0.08509104448327401 0.042545522241637 0.0 0.0 1.0 1.0 1.0 0.0 0.0 
0 -0.0 0.0 0.0 0.0 1.0 1.0 1.0 0.0 0.0 
1 -0.0 0.0 -0.0 0.0 1.0 0.6153846153846154 0.807692307692308 0.0 0.0 
0 0.016457553638951676 0.0159934392306888 -0.01 0.0 0.903157894736842 0.9663157894736842 0.934736842105263 1.94 0.1 
1 -0.0 0.0 -0.0 -0.0 1.0 1.0 1.0 0.0 0.0 
0 -0.0 0.0 0.05 0.4 0.5 0.6153846153846154 0.557692307692308 16.25 1.47 
1 0.5297061990576545 0.439269147450343 -0.1 0.03 1.0 1.0 1.0 0.32 0.45 
0 0.3563409206018685 0.178170460300934 -0.07 0.17 0.6774193548387096 0.9838709677419354 0.830645161290323 19.29 1.47 
1 0.030372534777978206 0.0228364363705995 -0.0 0.0 0.9894067796610168 0.9978813559322034 0.99364406779661 0.04 0.0 
0 0.3525425103487513 0.176271255174376 -0.0 0.0 1.0 1.0 1.0 0.0 0.0 
1 0.04965097662992789 0.0248254883149639 -0.0 -0.0 1.0 1.0 1.0 0.0 0.0 
0 0.666278442414676 0.333139221207338 -0.1 0.06 1.0 0.8846153846153846 0.942307692307692 2.12 0.32 
1 -0.0 0.0 0.31 0.55 0.7580645161290323 0.7580645161290323 0.758064516129032 62.0 2.49 
0 0.01607235879964646 0.00803617939982323 -0.0 -0.0 1.0 1.0 1.0 0.0 0.0 
1 -0.0 0.0 -0.0 -0.0 1.0 0.9727463312368972 0.986373165618449 0.0 0.0 
0 0.4459524223135379 0.222976211156769 -0.02 0.0 0.919354838709677 0.9838709677419354 0.951612903225806 0.24 0.09 
1 -0.0 0.0 0.31 0.55 0.7580645161290323 0.7580645161290323 0.758064516129032 62.0 2.68 
0 -0.0 0.0 0.15 0.25 0.34615384615384615 0.8076923076923077 0.576923076923077 11.69 0.95 
1 0.0947607483566568 0.0769695270739669 0.09 0.1 0.9806866952789698 0.982832618025751 0.981759656652361 445.71 0.81 
0 -0.0 0.0 -0.0 0.0 1.0 0.6935483870967744 0.846774193548387 0.0 0.0 
1 0.017217650311628238 0.0171995612854242 0.37 0.44 0.837448559670782 0.839506172839506 0.838477366255144 964.67 2.36 
0 -0.0 0.0 0.5 0.66 0.375 0.375 0.375 8.0 1.1 
1 -0.0 0.0 -0.0 -0.0 1.0 1.0 1.0 0.0 0.0 
0 0.8605892830185917 0.430294641509296 0.0 -0.0 1.0 0.9765807962529272 0.988290398126464 0.0 0.0 
1 0.01475818629482802 0.00737909314741401 0.01 0.01 1.0 0.9979466119096508 0.998973305954825 487.0 0.19 
0 0.01607235879964646 0.00803617939982323 -0.0 -0.0 1.0 1.0 1.0 0.0 0.0 
1 -0.0 0.0 -0.0 -0.0 1.0 1.0 1.0 0.0 0.0 
0 -0.0 0.0 0.39 0.62 0.6935483870967744 0.6935483870967744 0.693548387096774 62.0 2.4 
1 0.7865364435085352 0.401480572353747 0.08 0.13 0.9728506787330315 0.9728506787330315 0.972850678733032 442.51 0.33 
0 0.06957694070479191 0.56521648852677 0.01 0.07 0.9726651480637812 0.988610478359909 0.980637813211845 217.56 0.09 
1 0.01616684129705593 0.00808342064852796 0.02 0.02 0.9977220956719816 0.9977220956719816 0.997722095671982 439.0 0.16 
0 0.3615394778944647 0.180769738947232 -0.06 0.11 1.0 0.6935483870967744 0.846774193548387 12.6 0.87 
1 0.8127245415610106 0.428086422879458 0.41 0.59 0.3391521197007481 0.3640897755610973 0.351620947630923 772.17 0.33 
0 -0.0 0.0 0.0 0.0 1.0 0.9954853273137698 0.997742663656885 0.0 0.0 
1 0.7691223805667942 0.67691926485557 0.66 0.88 0.5571428571428572 0.5857142857142859 0.571428571428571 121.17 2.16 
0 -0.0 0.0 -0.0 0.0 1.0 0.7580645161290323 0.879032258064516 0.0 0.0 
1 0.022083380117043378 0.0220833801170434 0.09 0.1 0.981859410430839 0.981859410430839 0.981859410430839 838.91 0.85 
0 0.6071082391575967 1.10758765631742 0.19 0.37 0.8200455580865603 0.9931662870159452 0.906605922551253 493.56 0.37 
1 0.030372534777978206 0.0227666899680668 -0.0 0.0 1.0 0.9978813559322034 0.998940677966102 0.01 0.0 
0 -0.0 0.0 -0.0 -0.0 1.0 1.0 1.0 0.0 0.0 
1 0.8720635602136072 0.447297852067208 -0.01 0.11 0.2385542168674699 0.7156626506024096 0.47710843373494 466.31 0.11 
0 0.7244657079537894 0.362232853976895 0.0 -0.0 1.0 0.3264462809917356 0.663223140495868 0.0 0.0 
1 0.0707680768797802 0.351225226630238 -0.0 0.0 1.0 0.997695852534562 0.998847926267281 3.17 0.0 
0 0.09651393728015299 0.173733540990706 -0.0 0.0 1.0 0.9966442953020132 0.998322147651007 0.37 0.04 
1 -0.0 0.0 -0.1 0.06 0.6153846153846154 0.8846153846153846 0.75 2.12 0.61 
0 0.3525425103487513 0.176271255174376 -0.08 0.15 1.0 0.6935483870967744 0.846774193548387 17.86 1.2 
1 0.0740225961475812 0.128824279468757 0.41 0.69 0.5590551181102362 0.5748031496062993 0.566929133858268 381.05 2.38 
0 -0.0 0.0 0.01 0.03 0.8064516129032256 0.9838709677419354 0.895161290322581 4.23 0.39 
1 0.09165764788996307 0.0699766348366203 -0.0 0.0 1.0 0.9818181818181818 0.990909090909091 0.1 0.01 
0 0.35190974154003796 0.710669846050733 0.07 0.44 0.5161987041036717 0.8250539956803455 0.670626349892009 335.24 0.27 
1 0.3742549310896416 0.187127465544821 -0.03 0.02 0.7660668380462725 0.9974293059125964 0.881748071979434 15.62 0.69 
0 0.666278442414676 0.333139221207338 -0.04 0.02 1.0 0.9615384615384615 0.980769230769231 0.65 0.18 
1 -0.0 0.0 -0.0 -0.0 1.0 1.0 1.0 0.0 0.0 
0 -0.0 0.0 0.0 0.0 1.0 0.9166666666666664 0.958333333333333 0.0 0.0 
1 0.666278442414676 0.333139221207338 -0.1 0.06 1.0 0.8846153846153846 0.942307692307692 2.12 0.44 
0 0.9423399854873624 0.478934655154894 -0.03 0.1 0.9663157894736842 0.9663157894736842 0.966315789473684 310.36 0.29 
1 -0.0 0.0 0.11 0.46 0.5384615384615384 0.6153846153846154 0.576923076923077 18.96 1.68 
0 0.4811067080592432 0.248589533429445 -0.0 0.0 0.9954853273137698 0.9954853273137698 0.99548532731377 0.47 0.03 
1 -0.0 0.0 0.43 0.68 0.5842293906810035 0.5842293906810035 0.584229390681004 279.0 2.02 
0 0.4459524223135379 0.399247466331145 0.02 0.35 1.0 0.919354838709677 0.959677419354839 62.0 1.64 
1 -0.0 0.0 0.0 0.0 1.0 1.0 1.0 0.0 0.0 
0 0.09962338946616205 0.27278790588985 -0.08 0.25 0.7903225806451613 0.919354838709677 0.854838709677419 41.76 1.62 
1 -0.0 0.0 0.0 0.0 1.0 1.0 1.0 0.0 0.0 
0 0.6615632381579821 0.330781619078991 -0.02 0.14 1.0 0.75 0.875 1.6 0.32 
1 -0.0 0.0 0.0 0.0 1.0 1.0 1.0 0.0 0.0 
0 -0.0 0.0 -0.0 -0.0 1.0 1.0 1.0 0.0 0.0 
1 -0.0 0.0 0.37 0.44 0.16 0.16 0.16 25.0 0.2 
0 0.8605892830185917 0.430294641509296 0.0 -0.0 1.0 0.9765807962529272 0.988290398126464 0.0 0.0 
1 0.6895519477750732 0.344775973887537 0.0 -0.0 1.0 1.0 1.0 0.0 0.0 
0 0.7569085521415507 0.378454276070775 -0.0 0.0 1.0 1.0 1.0 0.0 0.0 
1 -0.0 0.0 -0.0 0.0 1.0 0.7083333333333334 0.854166666666667 0.0 0.0 
0 0.9569181480647492 0.478459074032375 0.01 0.01 0.9979591836734693 0.9979591836734693 0.997959183673469 490.0 0.03 
1 0.022083380117043378 0.0220833801170434 0.09 0.1 0.981859410430839 0.981859410430839 0.981859410430839 838.91 0.81 
0 0.01616684129705593 0.00808342064852796 -0.0 0.0 0.6400911161731208 0.9977220956719816 0.818906605922551 3.57 0.07 
1 0.6895519477750732 0.344775973887537 0.0 -0.0 1.0 1.0 1.0 0.0 0.0 
0 0.15377968767542066 0.0768898438377103 -0.0 -0.0 1.0 1.0 1.0 0.0 0.0 
1 0.0251440699125892 0.0125720349562946 0.53 0.63 0.6761658031088082 0.6761658031088082 0.676165803108808 386.0 2.33 
0 0.022083380117043378 0.0190778694583449 -0.0 0.0 1.0 0.981859410430839 0.99092970521542 0.02 0.0 
1 -0.0 0.0 0.0 0.0 1.0 1.0 1.0 0.0 0.0 
0 0.6622618696488148 0.40213205060694 -0.12 0.07 0.7730496453900709 0.8723404255319149 0.822695035460993 25.79 0.71 
1 0.8720635602136072 0.444515665699525 -0.01 0.0 0.2385542168674699 0.9975903614457832 0.618072289156626 0.63 0.0 
0 0.39796547681873295 0.198982738409367 0.0 0.0 1.0 1.0 1.0 0.0 0.0 
