1 -0.0 0.0 0.0 0.0 1.0 1.0 1.0 0.0 0.0 
0 0.744230088684321 0.37211504434216 -0.01 0.01 0.7505330490405117 0.9936034115138594 0.872068230277185 4.68 0.04 
1 -0.0 0.0 0.0 0.0 1.0 1.0 1.0 0.0 0.0 
0 0.3563409206018685 0.178170460300934 -0.0 0.0 1.0 0.9838709677419354 0.991935483870968 0.0 0.0 
1 -0.0 0.0 0.43 0.68 0.5842293906810035 0.5842293906810035 0.584229390681004 279.0 2.02 
0 0.8984583227127803 0.456608254503804 0.0 0.0 1.0 0.9794661190965092 0.989733059548255 9.38 0.05 
1 -0.0 0.0 -0.0 -0.0 1.0 1.0 1.0 0.0 0.0 
0 -0.0 0.0 -0.0 0.0 0.9909706546275394 0.9954853273137698 0.993227990970655 0.02 0.0 
1 -0.0 0.0 0.11 0.46 0.5384615384615384 0.6153846153846154 0.576923076923077 18.96 1.68 
0 -0.0 0.0 -0.0 -0.0 1.0 0.9863945578231293 0.993197278911565 0.0 0.0 
1 -0.0 0.0 0.3 0.36 0.8846153846153846 0.8846153846153846 0.884615384615385 26.0 2.14 
0 0.7134161640307438 1.1100650797673 0.09 0.49 0.9136069114470842 0.9913606911447084 0.952483801295896 371.7 0.28 
1 -0.0 0.0 0.07 0.08 0.9854771784232365 0.9854771784232365 0.985477178423237 482.0 0.65 
0 0.666278442414676 0.666278442414676 0.25 0.67 1.0 1.0 1.0 26.0 1.17 
1 0.6895519477750732 0.344775973887537 0.0 -0.0 1.0 1.0 1.0 0.0 0.0 
0 0.01475818629482802 0.00737909314741401 -0.0 0.0 1.0 0.9979466119096508 0.998973305954825 0.0 0.0 
1 -0.0 0.0 -0.0 0.0 1.0 0.7580645161290323 0.879032258064516 0.0 0.0 
0 0.08392577932363239 0.0493550492409938 -0.0 0.0 0.9918367346938776 0.9918367346938776 0.991836734693878 0.13 0.01 
1 -0.0 0.0 -0.0 -0.0 1.0 1.0 1.0 0.0 0.0 
0 0.3771044875974561 0.779347365380222 -0.03 0.14 0.8898488120950323 0.9913606911447084 0.94060475161987 263.76 0.23 
1 0.08509104448327401 0.042545522241637 0.0 0.0 1.0 1.0 1.0 0.0 0.0 
0 0.15377968767542066 0.0768898438377103 -0.0 0.0 1.0 0.9886621315192744 0.994331065759637 0.17 0.02 
1 -0.0 0.0 -0.0 -0.0 1.0 0.9977324263038548 0.998866213151927 0.0 0.0 
0 0.3525425103487513 0.176271255174376 -0.03 0.22 1.0 0.8064516129032256 0.903225806451613 32.88 1.66 
1 0.5297061990576545 0.439269147450343 -0.1 0.03 1.0 1.0 1.0 0.32 0.45 
0 0.4514062119967289 0.225703105998364 0.0 -0.0 1.0 0.9922879177377892 0.996143958868895 0.0 0.0 
1 -0.0 0.0 0.12 0.37 0.7580645161290323 0.8064516129032256 0.782258064516129 46.62 2.14 
0 -0.0 0.0 0.03 0.03 0.9954853273137698 0.9954853273137698 0.99548532731377 443.0 0.29 
1 0.02253214392080778 0.0197499575531257 -0.0 0.01 0.7156626506024096 0.9975903614457832 0.856626506024096 5.06 0.1 
0 0.6822056867479602 0.529526835383479 0.02 0.15 0.900647948164147 0.9546436285097192 0.927645788336933 332.73 0.76 
1 -0.0 0.0 0.0 0.0 1.0 1.0 1.0 0.0 0.0 
0 0.13371483312373358 0.0668574165618668 -0.0 0.0 1.0 0.9966442953020132 0.998322147651007 0.03 0.0 
1 -0.0 0.0 -0.0 -0.0 1.0 1.0 1.0 0.0 0.0 
0 0.3767701612564368 0.188385080628218 0.35 0.53 0.7777777777777779 0.8888888888888888 0.833333333333333 9.0 2.67 
1 0.022083380117043378 0.0220833801170434 0.09 0.1 0.981859410430839 0.981859410430839 0.981859410430839 838.91 0.85 
0 0.022083380117043378 0.0777384317239527 0.0 0.01 0.981859410430839 0.9954648526077096 0.988662131519274 26.41 0.07 
1 0.8720635602136072 0.447297852067208 -0.01 0.11 0.2385542168674699 0.7156626506024096 0.47710843373494 466.31 0.11 
0 0.251864327538754 0.748729671510831 -0.12 0.08 0.6580310880829016 0.8445595854922278 0.751295336787565 80.89 0.13 
1 0.0740225961475812 0.128824279468757 0.41 0.69 0.5590551181102362 0.5748031496062993 0.566929133858268 381.05 2.38 
0 0.07915888226942422 0.0541892676473842 -0.0 0.0 0.9749430523917996 0.9954441913439636 0.985193621867882 0.15 0.01 
1 -0.0 0.0 0.0 0.0 1.0 1.0 1.0 0.0 0.0 
0 0.08919443275684764 0.221370102107444 -0.07 0.04 0.6423690205011389 0.9498861047835992 0.796127562642369 31.17 0.09 
1 0.8127245415610106 0.428086422879458 0.41 0.59 0.3391521197007481 0.3640897755610973 0.351620947630923 772.17 0.33 
0 0.5235346720440665 0.397362022542955 0.02 0.08 0.43333333333333324 0.8666666666666668 0.65 3.57 0.47 
1 0.04131357294242817 0.0206567864712141 0.29 0.33 0.886153846153846 0.8892307692307693 0.887692307692308 315.12 2.04 
0 -0.0 0.0 -0.01 0.0 0.5628997867803837 0.9936034115138594 0.778251599147121 2.34 0.07 
1 0.01475818629482802 0.00737909314741401 0.01 0.01 1.0 0.9979466119096508 0.998973305954825 487.0 0.19 
0 0.8465160453282295 0.834085379047303 0.01 0.36 0.9917864476386036 0.9979466119096508 0.994866529774127 477.35 1.24 
1 -0.0 0.0 0.31 0.55 0.7580645161290323 0.7580645161290323 0.758064516129032 62.0 2.49 
0 0.3525425103487513 0.176271255174376 -0.0 0.0 1.0 1.0 1.0 0.0 0.0 
1 0.01789792517672371 0.00894896258836186 -0.01 0.0 1.0 0.7660668380462725 0.883033419023136 0.31 0.03 
0 -0.0 0.0 -0.06 0.16 0.6774193548387096 0.7580645161290323 0.717741935483871 20.64 1.4 
1 0.3269547847215813 0.163477392360791 -0.01 0.01 0.9481865284974093 0.9870466321243522 0.967616580310881 3.79 0.05 
0 0.0 0.0 0.0 0.0 0.0 0.0 0.0 0.0 0.0 
1 0.01616684129705593 0.00808342064852796 0.02 0.02 0.9977220956719816 0.9977220956719816 0.997722095671982 439.0 0.16 
0 -0.0 0.0 0.0 0.0 1.0 0.125 0.5625 0.0 0.0 
1 -0.0 0.0 -0.0 0.0 1.0 0.6153846153846154 0.807692307692308 0.0 0.0 
0 0.4835521377786173 0.474619691896736 -0.08 0.13 0.6502590673575128 0.8678756476683936 0.759067357512953 83.36 0.41 
1 0.6895519477750732 0.344775973887537 0.0 -0.0 1.0 1.0 1.0 0.0 0.0 
0 -0.0 0.0 0.0 0.0 1.0 0.9838709677419354 0.991935483870968 0.0 0.0 
1 0.0947607483566568 0.232756230915289 0.02 0.03 0.9678111587982832 0.9806866952789698 0.974248927038627 84.69 0.27 
0 0.3525425103487513 0.176271255174376 -0.06 0.19 1.0 0.7580645161290323 0.879032258064516 24.72 1.44 
1 0.030372534777978206 0.0228364363705995 -0.0 0.0 0.9894067796610168 0.9978813559322034 0.99364406779661 0.04 0.0 
0 0.6730116670092564 0.510921881426144 -0.2 0.1 1.0 0.5555555555555555 0.777777777777778 1.41 0.48 
1 -0.0 0.0 -0.0 -0.0 1.0 1.0 1.0 0.0 0.0 
0 0.9743147528693494 0.487157376434675 0.0 0.0 1.0 1.0 1.0 0.0 0.0 
1 -0.0 0.0 0.0 0.0 1.0 1.0 1.0 0.0 0.0 
0 -0.0 0.0 -0.0 0.0 1.0 0.625 0.8125 0.0 0.0 
1 -0.0 0.0 0.0 0.0 1.0 1.0 1.0 0.0 0.0 
0 0.7530888342556183 0.545102518101886 -0.06 0.15 0.5183585313174947 0.937365010799136 0.727861771058315 408.75 0.07 
1 0.017217650311628238 0.0171995612854242 0.37 0.44 0.837448559670782 0.839506172839506 0.838477366255144 964.67 2.36 
0 0.05602246986522343 0.0466890603920622 -0.0 0.0 1.0 1.0 1.0 0.02 0.0 
1 0.09165764788996307 0.0699766348366203 -0.0 0.0 1.0 0.9818181818181818 0.990909090909091 0.1 0.01 
0 0.07915888226942422 0.0395794411347121 -0.0 0.0 0.9749430523917996 0.9954441913439636 0.985193621867882 0.08 0.01 
1 0.7865364435085352 0.401480572353747 0.08 0.13 0.9728506787330315 0.9728506787330315 0.972850678733032 442.51 0.33 
0 0.01872477074468281 0.0093623853723414 0.21 0.22 0.9413265306122448 0.9413265306122448 0.941326530612245 392.0 1.54 
1 0.6846162778013049 0.342308138900652 0.15 0.36 0.8846153846153846 0.8846153846153846 0.884615384615385 26.0 0.82 
0 0.20707027621364865 0.103535138106824 -0.0 0.0 0.9938775510204082 0.9979591836734693 0.995918367346939 0.06 0.01 
1 -0.0 0.0 -0.0 0.0 1.0 0.6774193548387096 0.838709677419355 0.0 0.0 
0 0.05662157828350273 0.0283107891417514 -0.0 0.0 0.9932885906040269 0.9966442953020132 0.99496644295302 0.02 0.0 
1 0.07489355301376338 0.0508964017541222 0.5 0.63 0.6807909604519775 0.6807909604519775 0.680790960451977 354.02 2.29 
0 0.09125460025639655 0.0574005836774278 -0.07 0.01 0.6423690205011389 0.8724373576309796 0.757403189066059 5.18 0.2 
1 -0.0 0.0 -0.0 0.0 1.0 0.7083333333333334 0.854166666666667 0.0 0.0 
0 0.3615394778944647 0.180769738947232 -0.04 0.13 1.0 0.7580645161290323 0.879032258064516 17.21 1.15 
1 -0.0 0.0 0.0 0.0 1.0 1.0 1.0 0.0 0.0 
0 0.39796547681873295 0.198982738409367 0.0 0.0 1.0 1.0 1.0 0.0 0.0 
1 0.09908391604753189 0.0495419580237659 0.04 0.04 0.9850746268656718 0.9914712153518124 0.988272921108742 266.27 0.37 
0 1.2735191512053137 0.686802775098367 -0.03 0.07 0.8997214484679666 0.9498607242339832 0.924791086350975 94.02 0.19 
1 -0.0 0.0 0.31 0.55 0.7580645161290323 0.7580645161290323 0.758064516129032 62.0 2.68 
0 0.016897794165734926 0.00844889708286746 -0.0 -0.0 1.0 0.97423887587822 0.98711943793911 0.0 0.0 
1 0.3742549310896416 0.187127465544821 -0.03 0.02 0.7660668380462725 0.9974293059125964 0.881748071979434 15.62 0.69 
0 0.7453785846192588 0.372689292309629 0.02 0.08 0.7270788912579956 0.9402985074626864 0.833688699360341 79.33 0.35 
1 0.3250829733914482 0.162541486695724 -0.0 0.0 1.0 1.0 1.0 0.0 0.0 
0 0.6829081047004717 0.682908104700472 0.25 0.68 1.0 1.0 1.0 7.0 0.63 
1 0.08509104448327401 0.069552158829183 -0.0 0.0 1.0 1.0 1.0 0.07 0.01 
0 0.25095314470125835 0.125476572350629 -0.0 -0.0 1.0 0.9966442953020132 0.998322147651007 0.0 0.0 
1 0.6846162778013049 0.342308138900652 0.15 0.36 0.8846153846153846 0.8846153846153846 0.884615384615385 26.0 0.82 
0 0.3222971304395862 0.241667987447711 -0.01 0.0 1.0 0.9859154929577466 0.992957746478873 1.31 0.08 
1 -0.0 0.0 0.31 0.55 0.7580645161290323 0.7580645161290323 0.758064516129032 62.0 2.49 
0 0.33711620194815384 0.178623770190467 -0.05 0.01 0.7321814254859611 0.937365010799136 0.834773218142549 5.83 0.12 
1 0.666278442414676 0.333139221207338 -0.1 0.06 1.0 0.8846153846153846 0.942307692307692 2.12 0.44 
0 -0.0 0.0 0.33 0.55 0.6774193548387096 0.6935483870967744 0.685483870967742 57.53 2.29 
1 0.0251440699125892 0.0125720349562946 0.53 0.63 0.6761658031088082 0.6761658031088082 0.676165803108808 386.0 2.33 
0 0.8403742290585 0.427767537108328 -0.0 0.0 1.0 0.6038135593220338 0.801906779661017 1.53 0.01 
1 -0.0 0.0 0.0 0.0 1.0 1.0 1.0 0.0 0.0 
0 -0.0 0.0 -0.0 -0.0 1.0 0.9977324263038548 0.998866213151927 0.0 0.0 
1 0.6730116670092564 0.336505833504628 -0.2 0.33 0.28571428571428564 0.7142857142857143 0.5 3.73 0.53 
0 0.2835478929710348 0.141773946485517 -0.06 0.13 0.7580645161290323 0.9838709677419354 0.870967741935484 17.21 1.08 
1 0.030372534777978206 0.0658985378330168 -0.0 0.0 0.972457627118644 0.9978813559322034 0.985169491525424 0.13 0.01 
0 -0.0 0.0 0.0 0.0 1.0 1.0 1.0 0.0 0.0 
1 -0.0 0.0 0.31 0.55 0.7580645161290323 0.7580645161290323 0.758064516129032 62.0 2.68 
0 -0.0 0.0 0.0 -0.0 1.0 0.959731543624161 0.97986577181208 0.0 0.0 
1 -0.0 0.0 -0.0 -0.0 1.0 0.9936034115138594 0.99680170575693 0.0 0.0 
0 1.3523028118749807 0.67615140593749 -0.01 0.0 0.9959183673469388 0.9979591836734693 0.996938775510204 1.17 0.02 
1 0.7691223805667942 0.67691926485557 0.66 0.88 0.5571428571428572 0.5857142857142859 0.571428571428571 121.17 2.16 
0 -0.0 0.0 0.28 0.38 0.125 0.125 0.125 8.0 0.04 
1 0.022083380117043378 0.0110416900585217 0.06 0.07 0.981859410430839 0.984126984126984 0.982993197278912 384.99 0.69 
0 0.5982695885852573 0.504192953436833 -0.05 0.05 1.0 1.0 1.0 0.47 0.55 
1 0.030372534777978206 0.0227666899680668 -0.0 0.0 1.0 0.9978813559322034 0.998940677966102 0.01 0.0 
0 0.7569085521415507 0.386633983578577 -0.03 0.01 1.0 0.9621380846325168 0.981069042316258 5.88 0.04 
1 -0.0 0.0 -0.1 0.06 0.6153846153846154 0.8846153846153846 0.75 2.12 0.61 
0 0.01789792517672371 0.00894896258836186 -0.0 -0.0 1.0 1.0 1.0 0.0 0.0 
1 0.030097958257751373 0.0286902185022557 0.1 0.1 0.9793388429752063 0.9834710743801652 0.981404958677686 484.0 0.84 
0 0.6331171997564925 0.389900615813817 0.01 0.02 0.947608200455581 0.988610478359909 0.968109339407745 423.56 0.08 
1 -0.0 0.0 0.0 0.0 1.0 1.0 1.0 0.0 0.0 
0 0.19643645103383003 0.155894796937305 -0.02 0.0 1.0 0.8920187793427231 0.946009389671361 1.26 0.1 
1 0.04965097662992789 0.0248254883149639 -0.0 -0.0 1.0 1.0 1.0 0.0 0.0 
0 0.811739998691233 0.405869999345617 0.03 0.26 0.3136842105263158 0.943157894736842 0.628421052631579 199.76 0.05 
1 0.0251440699125892 0.0229518966655533 -0.06 0.01 0.6761658031088082 0.8471502590673574 0.761658031088083 4.61 0.18 
0 0.016326979454093383 0.00816348972704669 -0.01 0.0 0.981859410430839 0.9886621315192744 0.985260770975057 0.11 0.01 
1 -0.0 0.0 0.37 0.44 0.16 0.16 0.16 25.0 0.2 
0 0.42803573449734306 0.214017867248672 -0.0 -0.0 1.0 1.0 1.0 0.0 0.0 
1 0.8720635602136072 0.444515665699525 -0.01 0.0 0.2385542168674699 0.9975903614457832 0.618072289156626 0.63 0.0 
0 0.244044214043399 0.122022107021699 0.01 0.01 0.989795918367347 0.9979591836734693 0.993877551020408 97.2 0.1 
1 0.0707680768797802 0.351225226630238 -0.0 0.0 1.0 0.997695852534562 0.998847926267281 3.17 0.0 
0 1.8885452026720768 1.69453959370613 0.07 0.58 1.0 0.9930313588850174 0.996515679442509 795.62 0.64 
1 -0.0 0.0 -0.0 -0.0 1.0 0.9727463312368972 0.986373165618449 0.0 0.0 
0 0.9556998911125344 0.955699891112534 0.56 0.96 1.0 1.0 1.0 14.0 1.3 
1 -0.0 0.0 0.0 0.0 1.0 1.0 1.0 0.0 0.0 
0 0.923936856009666 0.72291776462967 -0.04 0.24 0.7278617710583153 0.9222462203023758 0.825053995680346 484.12 0.54 
