1 0.0740225961475812 0.128824279468757 0.41 0.69 0.5590551181102362 0.5748031496062993 0.566929133858268 381.05 2.38 
0 0.016326979454093383 0.00816348972704669 0.0 -0.0 1.0 0.981859410430839 0.99092970521542 0.0 0.0 
1 0.09908391604753189 0.0495419580237659 0.04 0.04 0.9850746268656718 0.9914712153518124 0.988272921108742 266.27 0.37 
0 0.04331307121396799 0.0298853124264598 -0.01 0.0 0.903157894736842 0.9726315789473684 0.937894736842105 1.82 0.1 
1 0.01475818629482802 0.00737909314741401 0.01 0.01 1.0 0.9979466119096508 0.998973305954825 487.0 0.19 
0 -0.0 0.0 -0.0 -0.0 1.0 0.9863945578231293 0.993197278911565 0.0 0.0 
1 0.8720635602136072 0.444515665699525 -0.01 0.0 0.2385542168674699 0.9975903614457832 0.618072289156626 0.63 0.0 
0 0.40984977137281264 0.219534712199078 -0.01 0.01 0.6400911161731208 0.9954441913439636 0.817767653758542 3.85 0.07 
1 0.08509104448327401 0.042545522241637 0.0 0.0 1.0 1.0 1.0 0.0 0.0 
0 0.6867648001858452 0.343382400092923 -0.01 0.04 1.0 0.07611548556430446 0.538057742782152 30.22 0.0 
1 0.022083380117043378 0.0110416900585217 0.06 0.07 0.981859410430839 0.984126984126984 0.982993197278912 384.99 0.69 
0 0.38535889794541217 0.192679448972706 0.0 0.0 1.0 1.0 1.0 0.0 0.0 
1 -0.0 0.0 0.11 0.46 0.5384615384615384 0.6153846153846154 0.576923076923077 18.96 1.68 
0 0.16103884445583505 0.0805194222279175 -0.0 -0.0 1.0 1.0 1.0 0.0 0.0 
1 -0.0 0.0 -0.0 0.0 1.0 0.7580645161290323 0.879032258064516 0.0 0.0 
0 0.3894087389731746 0.194704369486587 0.0 -0.0 1.0 1.0 1.0 0.0 0.0 
1 -0.0 0.0 0.31 0.55 0.7580645161290323 0.7580645161290323 0.758064516129032 62.0 2.68 
0 -0.0 0.0 0.0 0.0 1.0 1.0 1.0 0.0 0.0 
1 0.030372534777978206 0.0658985378330168 -0.0 0.0 0.972457627118644 0.9978813559322034 0.985169491525424 0.13 0.01 
0 0.045763284360939335 0.0228816421804697 0.0 -0.0 1.0 0.981859410430839 0.99092970521542 0.0 0.0 
1 0.04965097662992789 0.0248254883149639 -0.0 -0.0 1.0 1.0 1.0 0.0 0.0 
0 0.4435682844142889 0.221784142207145 -0.01 0.0 0.8295454545454547 0.9829545454545452 0.90625 2.0 0.11 
1 0.022083380117043378 0.0220833801170434 0.09 0.1 0.981859410430839 0.981859410430839 0.981859410430839 838.91 0.85 
0 0.5847161491443457 1.02909017001058 0.53 0.86 0.5571428571428572 0.5857142857142859 0.571428571428571 114.49 0.61 
1 -0.0 0.0 0.07 0.08 0.9854771784232365 0.9854771784232365 0.985477178423237 482.0 0.65 
0 -0.0 0.0 0.18 0.6 0.28571428571428564 0.28571428571428564 0.285714285714286 7.0 0.82 
1 -0.0 0.0 0.0 0.0 1.0 1.0 1.0 0.0 0.0 
0 0.01607235879964646 0.00803617939982323 -0.0 -0.0 1.0 1.0 1.0 0.0 0.0 
1 0.3269547847215813 0.163477392360791 -0.01 0.01 0.9481865284974093 0.9870466321243522 0.967616580310881 3.79 0.05 
0 -0.0 0.0 -0.01 0.0 0.984126984126984 0.9863945578231293 0.985260770975057 0.1 0.01 
1 -0.0 0.0 0.3 0.36 0.8846153846153846 0.8846153846153846 0.884615384615385 26.0 2.14 
0 -0.0 0.0 0.05 0.14 0.375 0.75 0.5625 1.6 0.79 
1 -0.0 0.0 -0.1 0.06 0.6153846153846154 0.8846153846153846 0.75 2.12 0.61 
0 0.4459524223135379 0.222976211156769 -0.0 0.0 1.0 0.919354838709677 0.959677419354839 0.0 0.0 
1 0.030372534777978206 0.0227666899680668 -0.0 0.0 1.0 0.9978813559322034 0.998940677966102 0.01 0.0 
0 0.41011631828840894 0.205058159144204 -0.06 0.14 1.0 0.4285714285714285 0.714285714285714 1.56 0.93 
1 -0.0 0.0 0.0 0.0 1.0 1.0 1.0 0.0 0.0 
0 0.3222971304395862 0.663162191423859 0.03 0.11 0.7535211267605633 0.9859154929577466 0.869718309859155 177.49 0.13 
1 0.0947607483566568 0.0769695270739669 0.09 0.1 0.9806866952789698 0.982832618025751 0.981759656652361 445.71 0.81 
0 0.3565581205895817 0.178279060294791 0.0 -0.0 1.0 1.0 1.0 0.0 0.0 
1 0.7865364435085352 0.401480572353747 0.08 0.13 0.9728506787330315 0.9728506787330315 0.972850678733032 442.51 0.33 
0 0.08919443275684764 0.575025234552798 -0.14 0.03 0.6423690205011389 0.988610478359909 0.815489749430524 39.83 0.21 
1 -0.0 0.0 0.0 0.0 1.0 1.0 1.0 0.0 0.0 
0 0.5235346720440665 0.261767336022033 0.34 0.39 0.8666666666666668 0.8666666666666668 0.866666666666667 30.0 2.01 
1 0.8127245415610106 0.428086422879458 0.41 0.59 0.3391521197007481 0.3640897755610973 0.351620947630923 772.17 0.33 
0 0.05662157828350273 0.0283107891417514 -0.0 0.0 0.9932885906040269 0.9966442953020132 0.99496644295302 0.02 0.0 
1 0.6895519477750732 0.344775973887537 0.0 -0.0 1.0 1.0 1.0 0.0 0.0 
0 0.4319626568589969 0.215981328429498 -0.07 0.03 0.5628997867803837 0.9914712153518124 0.777185501066098 21.83 0.42 
1 -0.0 0.0 0.12 0.37 0.7580645161290323 0.8064516129032256 0.782258064516129 46.62 2.14 
0 0.2313519442560678 0.202925957158155 0.0 0.0 1.0 0.9876796714579056 0.993839835728953 3.98 0.09 
1 0.7691223805667942 0.67691926485557 0.66 0.88 0.5571428571428572 0.5857142857142859 0.571428571428571 121.17 2.16 
0 -0.0 0.0 0.0 0.0 1.0 0.75 0.875 0.0 0.0 
1 -0.0 0.0 0.0 0.0 1.0 1.0 1.0 0.0 0.0 
0 0.5310355187960252 0.888315267139466 0.02 0.3 0.6580310880829016 0.9507772020725388 0.80440414507772 405.86 0.36 
1 -0.0 0.0 -0.0 -0.0 1.0 1.0 1.0 0.0 0.0 
0 0.8605109656798593 0.541953405693963 -0.07 0.08 0.9287257019438444 0.9676025917926566 0.948164146868251 497.64 0.1 
1 0.0251440699125892 0.0229518966655533 -0.06 0.01 0.6761658031088082 0.8471502590673574 0.761658031088083 4.61 0.18 
0 0.3222971304395862 0.161148565219793 0.0 -0.0 1.0 0.9859154929577466 0.992957746478873 0.0 0.0 
1 -0.0 0.0 0.0 0.0 1.0 1.0 1.0 0.0 0.0 
0 -0.0 0.0 -0.0 -0.0 1.0 1.0 1.0 0.0 0.0 
1 -0.0 0.0 -0.0 -0.0 1.0 1.0 1.0 0.0 0.0 
0 0.6615632381579821 0.330781619078991 -0.17 0.11 1.0 0.375 0.6875 1.74 0.39 
1 0.07489355301376338 0.0508964017541222 0.5 0.63 0.6807909604519775 0.6807909604519775 0.680790960451977 354.02 2.29 
0 0.25095480435761963 0.12547740217881 0.04 0.05 0.9829545454545452 0.9886363636363636 0.985795454545455 233.37 0.34 
1 0.030097958257751373 0.0286902185022557 0.1 0.1 0.9793388429752063 0.9834710743801652 0.981404958677686 484.0 0.84 
0 0.6829081047004717 0.341454052350236 -0.15 0.23 0.3076923076923077 0.8076923076923077 0.557692307692308 9.73 0.33 
1 -0.0 0.0 -0.0 0.0 1.0 0.7083333333333334 0.854166666666667 0.0 0.0 
0 -0.0 0.0 -0.06 0.16 0.6774193548387096 0.7580645161290323 0.717741935483871 20.64 1.4 
1 -0.0 0.0 -0.0 -0.0 1.0 1.0 1.0 0.0 0.0 
0 -0.0 0.0 -0.0 0.0 0.9966442953020132 0.9966442953020132 0.996644295302013 0.0 0.0 
1 -0.0 0.0 0.0 0.0 1.0 1.0 1.0 0.0 0.0 
0 0.07796325840722416 0.0734562829025146 0.22 0.25 0.9182389937106918 0.9266247379454928 0.922431865828092 878.47 1.89 
1 0.04131357294242817 0.0206567864712141 0.29 0.33 0.886153846153846 0.8892307692307693 0.887692307692308 315.12 2.04 
0 0.6681369026482501 0.343792318586057 -0.12 0.01 0.7624190064794816 0.9676025917926566 0.865010799136069 4.34 0.12 
1 -0.0 0.0 -0.0 -0.0 1.0 0.9727463312368972 0.986373165618449 0.0 0.0 
0 0.08919443275684764 0.117939232313995 -0.02 0.01 0.6423690205011389 0.988610478359909 0.815489749430524 5.29 0.07 
1 0.01616684129705593 0.00808342064852796 0.02 0.02 0.9977220956719816 0.9977220956719816 0.997722095671982 439.0 0.16 
0 0.13339348333086204 0.066696741665431 0.01 0.01 0.9886621315192744 0.9954648526077096 0.992063492063492 42.9 0.09 
1 0.0947607483566568 0.232756230915289 0.02 0.03 0.9678111587982832 0.9806866952789698 0.974248927038627 84.69 0.27 
0 -0.0 0.0 -0.0 0.0 1.0 0.5 0.75 0.0 0.0 
1 0.022083380117043378 0.0220833801170434 0.09 0.1 0.981859410430839 0.981859410430839 0.981859410430839 838.91 0.81 
0 0.01475818629482802 0.00737909314741401 0.0 0.0 1.0 1.0 1.0 0.0 0.0 
1 -0.0 0.0 0.0 0.0 1.0 1.0 1.0 0.0 0.0 
0 0.40984977137281264 0.223856889003367 -0.01 0.0 0.6400911161731208 0.988610478359909 0.814350797266515 3.39 0.05 
1 -0.0 0.0 0.0 0.0 1.0 1.0 1.0 0.0 0.0 
0 0.05662157828350273 0.129117557084416 -0.0 0.0 1.0 0.9932885906040269 0.996644295302013 0.25 0.03 
1 0.6895519477750732 0.344775973887537 0.0 -0.0 1.0 1.0 1.0 0.0 0.0 
0 -0.0 0.0 -0.0 0.0 1.0 0.7580645161290323 0.879032258064516 0.0 0.0 
1 -0.0 0.0 -0.0 -0.0 1.0 0.9977324263038548 0.998866213151927 0.0 0.0 
0 0.9569181480647492 0.485944101202429 -0.0 0.02 0.977551020408163 0.9979591836734693 0.987755102040816 58.77 0.08 
1 0.08509104448327401 0.069552158829183 -0.0 0.0 1.0 1.0 1.0 0.07 0.01 
0 0.6878717657035625 0.343935882851781 0.0 -0.0 1.0 0.997867803837953 0.998933901918976 0.0 0.0 
1 0.6822056867479602 0.602052179998817 0.05 0.2 0.9222462203023758 0.9546436285097192 0.938444924406048 472.98 0.93 
0 0.4459524223135379 0.222976211156769 -0.03 0.29 0.6935483870967744 0.919354838709677 0.806451612903226 33.68 1.79 
1 0.09165764788996307 0.0699766348366203 -0.0 0.0 1.0 0.9818181818181818 0.990909090909091 0.1 0.01 
0 0.022083380117043378 0.0192051797855684 0.09 0.11 0.981859410430839 0.981859410430839 0.981859410430839 859.9 0.92 
1 0.6846162778013049 0.342308138900652 0.15 0.36 0.8846153846153846 0.8846153846153846 0.884615384615385 26.0 0.82 
0 0.5310355187960252 0.275897621107271 -0.07 0.02 0.8471502590673574 0.9507772020725388 0.898963730569948 10.6 0.39 
1 -0.0 0.0 0.31 0.55 0.7580645161290323 0.7580645161290323 0.758064516129032 62.0 2.68 
0 -0.0 0.0 -0.0 0.0 0.9346590909090908 0.9829545454545452 0.958806818181818 0.43 0.04 
1 -0.0 0.0 -0.0 0.0 1.0 0.6774193548387096 0.838709677419355 0.0 0.0 
0 -0.0 0.0 -0.0 -0.0 1.0 0.9966442953020132 0.998322147651007 0.0 0.0 
1 0.3742549310896416 0.187127465544821 -0.03 0.02 0.7660668380462725 0.9974293059125964 0.881748071979434 15.62 0.69 
0 0.6127954659992856 0.306397732999643 -0.04 0.02 1.0 0.5628997867803837 0.781449893390192 20.78 0.45 
1 -0.0 0.0 0.31 0.55 0.7580645161290323 0.7580645161290323 0.758064516129032 62.0 2.49 
0 0.8984583227127803 0.722147207970701 0.04 0.08 0.9794661190965092 0.9979466119096508 0.98870636550308 142.49 0.4 
1 0.3250829733914482 0.162541486695724 -0.0 0.0 1.0 1.0 1.0 0.0 0.0 
0 0.3894087389731746 0.194704369486587 0.0 -0.0 1.0 1.0 1.0 0.0 0.0 
1 -0.0 0.0 -0.0 -0.0 1.0 0.9936034115138594 0.99680170575693 0.0 0.0 
0 0.6791932659915256 0.339596632995763 0.03 0.11 0.9230769230769232 0.9615384615384615 0.942307692307692 12.48 0.38 
1 0.0707680768797802 0.351225226630238 -0.0 0.0 1.0 0.997695852534562 0.998847926267281 3.17 0.0 
0 -0.0 0.0 -0.0 -0.0 1.0 1.0 1.0 0.0 0.0 
1 0.666278442414676 0.333139221207338 -0.1 0.06 1.0 0.8846153846153846 0.942307692307692 2.12 0.44 
0 -0.0 0.0 -0.23 0.01 0.3076923076923077 0.5 0.403846153846154 0.72 0.17 
1 0.016359415015602636 0.0163594150156026 0.05 0.05 0.9953917050691244 0.9953917050691244 0.995391705069124 868.0 0.39 
0 0.4343460036066953 0.217173001803348 0.0 -0.0 1.0 1.0 1.0 0.0 0.0 
1 0.01789792517672371 0.00894896258836186 -0.01 0.0 1.0 0.7660668380462725 0.883033419023136 0.31 0.03 
0 0.05755265252972321 0.0287763262648616 0.0 -0.0 1.0 0.984126984126984 0.992063492063492 0.0 0.0 
1 -0.0 0.0 -0.0 -0.0 1.0 1.0 1.0 0.0 0.0 
0 0.01475818629482802 0.00737909314741401 0.0 0.0 1.0 1.0 1.0 0.0 0.0 
1 -0.0 0.0 0.37 0.44 0.16 0.16 0.16 25.0 0.2 
0 0.6331171997564925 1.12059213661687 0.02 0.16 0.947608200455581 0.9931662870159452 0.970387243735763 309.28 0.11 
1 0.030372534777978206 0.0228364363705995 -0.0 0.0 0.9894067796610168 0.9978813559322034 0.99364406779661 0.04 0.0 
0 0.01475818629482802 0.014758186294828 -0.0 0.0 1.0 1.0 1.0 0.0 0.0 
1 0.017217650311628238 0.0171995612854242 0.37 0.44 0.837448559670782 0.839506172839506 0.838477366255144 964.67 2.36 
0 0.07647209071966711 0.0928633454280522 -0.01 0.0 1.0 0.5721784776902888 0.786089238845144 0.92 0.01 
1 0.6846162778013049 0.342308138900652 0.15 0.36 0.8846153846153846 0.8846153846153846 0.884615384615385 26.0 0.82 
0 0.11535314284078033 0.0576765714203902 0.0 -0.0 1.0 0.8920187793427231 0.946009389671361 0.0 0.0 
1 -0.0 0.0 0.31 0.55 0.7580645161290323 0.7580645161290323 0.758064516129032 62.0 2.49 
0 0.4959171118080685 0.247958555904034 0.01 0.03 0.9922879177377892 0.9948586118251928 0.993573264781491 258.66 0.15 
1 0.5297061990576545 0.439269147450343 -0.1 0.03 1.0 1.0 1.0 0.32 0.45 
0 0.3767701612564368 0.848829252202879 0.07 0.68 0.8888888888888888 0.8888888888888888 0.888888888888889 18.0 0.71 
1 -0.0 0.0 0.43 0.68 0.5842293906810035 0.5842293906810035 0.584229390681004 279.0 2.02 
0 -0.0 0.0 -0.0 -0.0 1.0 0.9966442953020132 0.998322147651007 0.0 0.0 
1 0.6730116670092564 0.336505833504628 -0.2 0.33 0.28571428571428564 0.7142857142857143 0.5 3.73 0.53 
0 0.5437298474071837 0.378270431367466 -0.01 0.11 0.8835227272727273 0.9886363636363636 0.936079545454545 176.94 0.67 
1 0.0251440699125892 0.0125720349562946 0.53 0.63 0.6761658031088082 0.6761658031088082 0.676165803108808 386.0 2.33 
0 0.15377968767542066 0.143586585503141 0.01 0.02 1.0 0.9954648526077096 0.997732426303855 39.88 0.34 
1 -0.0 0.0 0.0 0.0 1.0 1.0 1.0 0.0 0.0 
0 0.25230867170216453 0.126154335851082 0.0 -0.0 1.0 1.0 1.0 0.0 0.0 
