1 0.07489355301376338 0.0508964017541222 0.5 0.63 0.6807909604519775 0.6807909604519775 0.680790960451977 354.02 2.29 
0 -0.0 0.0 0.0 0.0 1.0 1.0 1.0 0.0 0.0 
1 -0.0 0.0 0.0 0.0 1.0 1.0 1.0 0.0 0.0 
0 0.4459524223135379 0.364750157642286 0.07 0.32 0.919354838709677 0.9838709677419354 0.951612903225806 73.51 1.47 
1 -0.0 0.0 0.43 0.68 0.5842293906810035 0.5842293906810035 0.584229390681004 279.0 2.02 
0 -0.0 0.0 0.0 0.0 1.0 0.75 0.875 0.0 0.0 
1 0.0251440699125892 0.0125720349562946 0.53 0.63 0.6761658031088082 0.6761658031088082 0.676165803108808 386.0 2.33 
0 -0.0 0.0 -0.0 0.0 0.9976580796252928 0.9976580796252928 0.997658079625293 0.0 0.0 
1 0.017217650311628238 0.0171995612854242 0.37 0.44 0.837448559670782 0.839506172839506 0.838477366255144 964.67 2.36 
0 -0.0 0.0 0.0 0.0 1.0 1.0 1.0 0.0 0.0 
1 0.6730116670092564 0.336505833504628 -0.2 0.33 0.28571428571428564 0.7142857142857143 0.5 3.73 0.53 
0 0.552705677980449 0.276352838990225 -0.0 0.0 1.0 1.0 1.0 0.0 0.0 
1 0.08509104448327401 0.042545522241637 0.0 0.0 1.0 1.0 1.0 0.0 0.0 
0 0.7558148632822626 0.385286524788545 -0.0 0.0 1.0 0.9897330595482546 0.994866529774127 0.33 0.02 
1 -0.0 0.0 -0.0 0.0 1.0 0.7083333333333334 0.854166666666667 0.0 0.0 
0 0.09697954377303232 0.731086637531752 -0.03 0.03 0.8538135593220338 0.9894067796610168 0.921610169491525 32.44 0.02 
1 0.666278442414676 0.333139221207338 -0.1 0.06 1.0 0.8846153846153846 0.942307692307692 2.12 0.44 
0 0.016391988628871906 0.00819599431443595 -0.0 0.0 1.0 0.8863109048723898 0.943155452436195 0.13 0.01 
1 -0.0 0.0 0.0 0.0 1.0 1.0 1.0 0.0 0.0 
0 0.015133271797678998 0.0075666358988395 -0.0 -0.0 1.0 1.0 1.0 0.0 0.0 
1 -0.0 0.0 0.0 0.0 1.0 1.0 1.0 0.0 0.0 
0 0.664316082500306 1.13619157798878 0.11 0.23 0.938496583143508 0.9931662870159452 0.965831435079727 324.16 0.21 
1 -0.0 0.0 0.0 0.0 1.0 1.0 1.0 0.0 0.0 
0 0.244044214043399 0.777973363873552 -0.02 0.04 0.40408163265306124 0.989795918367347 0.696938775510204 99.41 0.03 
1 -0.0 0.0 -0.0 -0.0 1.0 1.0 1.0 0.0 0.0 
0 0.8277870412500516 0.427319599747388 0.02 0.04 0.9938271604938274 0.9938271604938274 0.993827160493827 487.52 0.06 
1 0.8720635602136072 0.444515665699525 -0.01 0.0 0.2385542168674699 0.9975903614457832 0.618072289156626 0.63 0.0 
0 0.6730116670092564 0.510921881426144 -0.2 0.1 1.0 0.5555555555555555 0.777777777777778 1.41 0.48 
1 0.01789792517672371 0.00894896258836186 -0.01 0.0 1.0 0.7660668380462725 0.883033419023136 0.31 0.03 
0 0.6615632381579821 0.330781619078991 -0.16 0.06 1.0 0.125 0.5625 0.69 0.06 
1 0.0947607483566568 0.0769695270739669 0.09 0.1 0.9806866952789698 0.982832618025751 0.981759656652361 445.71 0.81 
0 0.9275196767172602 0.46375983835863 -0.15 0.24 0.33333333333333326 0.9333333333333332 0.633333333333333 10.94 0.41 
1 0.022083380117043378 0.0220833801170434 0.09 0.1 0.981859410430839 0.981859410430839 0.981859410430839 838.91 0.81 
0 0.08864403483661465 0.067661448433605 -0.0 0.0 0.9225352112676058 0.9929577464788734 0.957746478873239 0.6 0.04 
1 0.030097958257751373 0.0286902185022557 0.1 0.1 0.9793388429752063 0.9834710743801652 0.981404958677686 484.0 0.84 
0 0.01607235879964646 0.00803617939982323 -0.0 0.0 1.0 0.9931972789115646 0.996598639455782 0.01 0.0 
1 0.3742549310896416 0.187127465544821 -0.03 0.02 0.7660668380462725 0.9974293059125964 0.881748071979434 15.62 0.69 
0 0.3525425103487513 0.176271255174376 -0.06 0.19 1.0 0.7580645161290323 0.879032258064516 24.72 1.45 
1 -0.0 0.0 -0.0 0.0 1.0 0.6774193548387096 0.838709677419355 0.0 0.0 
0 0.4695240172949409 0.23476200864747 0.0 -0.0 1.0 1.0 1.0 0.0 0.0 
1 0.8127245415610106 0.428086422879458 0.41 0.59 0.3391521197007481 0.3640897755610973 0.351620947630923 772.17 0.33 
0 0.1040583233565584 0.0520291616782792 -0.0 -0.0 1.0 1.0 1.0 0.0 0.0 
1 -0.0 0.0 0.31 0.55 0.7580645161290323 0.7580645161290323 0.758064516129032 62.0 2.49 
0 0.015617095429556123 0.549931129610136 -0.01 0.1 0.9242105263157896 0.96 0.942105263157895 216.02 0.28 
1 0.030372534777978206 0.0228364363705995 -0.0 0.0 0.9894067796610168 0.9978813559322034 0.99364406779661 0.04 0.0 
0 0.6829081047004717 0.640588846642864 -0.01 0.2 1.0 1.0 1.0 2.1 0.63 
1 -0.0 0.0 -0.0 0.0 1.0 0.7580645161290323 0.879032258064516 0.0 0.0 
0 0.7418244740179352 0.379241065866389 -0.0 0.06 0.7726315789473683 0.8905263157894738 0.831578947368421 41.46 0.1 
1 -0.0 0.0 0.0 0.0 1.0 1.0 1.0 0.0 0.0 
0 0.09125460025639655 0.277107632768912 0.34 0.4 0.8724373576309796 0.8724373576309796 0.87243735763098 509.85 1.82 
1 -0.0 0.0 -0.0 -0.0 1.0 0.9727463312368972 0.986373165618449 0.0 0.0 
0 0.050468069137818976 0.084350679763219 0.0 0.01 0.9631336405529952 0.988479262672811 0.975806451612903 19.18 0.11 
1 -0.0 0.0 -0.1 0.06 0.6153846153846154 0.8846153846153846 0.75 2.12 0.61 
0 0.6127954659992856 0.306397732999643 -0.0 -0.0 1.0 1.0 1.0 0.0 0.0 
1 0.8720635602136072 0.447297852067208 -0.01 0.11 0.2385542168674699 0.7156626506024096 0.47710843373494 466.31 0.11 
0 0.5218986732496746 0.449373328634336 0.19 0.35 0.900647948164147 0.9222462203023758 0.911447084233261 781.29 1.66 
1 0.01616684129705593 0.00808342064852796 0.02 0.02 0.9977220956719816 0.9977220956719816 0.997722095671982 439.0 0.16 
0 0.6730116670092564 0.336505833504628 -0.06 0.14 0.7142857142857143 0.8571428571428571 0.785714285714286 1.56 0.85 
1 0.7865364435085352 0.401480572353747 0.08 0.13 0.9728506787330315 0.9728506787330315 0.972850678733032 442.51 0.33 
0 0.2035083444071568 0.101754172203578 -0.0 -0.0 1.0 1.0 1.0 0.0 0.0 
1 0.0251440699125892 0.0229518966655533 -0.06 0.01 0.6761658031088082 0.8471502590673574 0.761658031088083 4.61 0.18 
0 0.3525425103487513 0.176271255174376 -0.08 0.14 1.0 0.6774193548387096 0.838709677419355 16.57 1.15 
1 -0.0 0.0 -0.0 0.0 1.0 0.6153846153846154 0.807692307692308 0.0 0.0 
0 0.7569669131450216 0.484888964236385 0.02 0.13 1.0 0.9886363636363636 0.994318181818182 187.37 0.96 
1 0.030372534777978206 0.0227666899680668 -0.0 0.0 1.0 0.9978813559322034 0.998940677966102 0.01 0.0 
0 1.0022449991998803 0.50112249959994 0.0 -0.0 1.0 0.9976525821596244 0.998826291079812 0.0 0.0 
1 -0.0 0.0 -0.0 -0.0 1.0 1.0 1.0 0.0 0.0 
0 0.13339348333086204 0.066696741665431 -0.0 0.0 0.9931972789115646 0.9954648526077096 0.994331065759637 0.11 0.01 
1 0.6895519477750732 0.344775973887537 0.0 -0.0 1.0 1.0 1.0 0.0 0.0 
0 0.8984583227127803 0.754679523846846 -0.06 0.11 1.0 0.9794661190965092 0.989733059548255 76.87 0.82 
1 0.030372534777978206 0.0658985378330168 -0.0 0.0 0.972457627118644 0.9978813559322034 0.985169491525424 0.13 0.01 
0 0.09908391604753189 0.0604030853631916 0.01 0.02 0.9402985074626864 0.9850746268656718 0.962686567164179 33.45 0.22 
1 -0.0 0.0 0.12 0.37 0.7580645161290323 0.8064516129032256 0.782258064516129 46.62 2.14 
0 0.629696481674345 0.816861867041238 0.06 0.17 1.0 0.7535211267605633 0.876760563380282 137.33 0.39 
1 -0.0 0.0 0.0 0.0 1.0 1.0 1.0 0.0 0.0 
0 0.6598647842746548 0.624345426028484 0.04 0.45 0.7607361963190185 0.7791411042944787 0.769938650306748 285.63 1.99 
1 -0.0 0.0 0.0 0.0 1.0 1.0 1.0 0.0 0.0 
0 0.01478431915835523 0.00739215957917762 -0.0 0.0 0.9918367346938776 0.9979591836734693 0.994897959183674 0.01 0.0 
1 0.09908391604753189 0.0495419580237659 0.04 0.04 0.9850746268656718 0.9914712153518124 0.988272921108742 266.27 0.37 
0 0.09650896073594732 0.0482544803679737 -0.12 0.15 0.6935483870967744 0.8225806451612901 0.758064516129032 19.58 1.46 
1 0.022083380117043378 0.0110416900585217 0.06 0.07 0.981859410430839 0.984126984126984 0.982993197278912 384.99 0.69 
0 0.928529239598717 0.642543680094149 -0.03 0.07 1.0 0.7114093959731543 0.855704697986577 38.65 0.28 
1 0.0707680768797802 0.351225226630238 -0.0 0.0 1.0 0.997695852534562 0.998847926267281 3.17 0.0 
0 -0.0 0.0 0.04 0.15 0.3076923076923077 0.8846153846153846 0.596153846153846 7.63 0.74 
1 0.04965097662992789 0.0248254883149639 -0.0 -0.0 1.0 1.0 1.0 0.0 0.0 
0 0.7168157759088685 0.358407887954434 0.0 -0.0 1.0 0.995771670190275 0.997885835095137 0.0 0.0 
1 -0.0 0.0 0.31 0.55 0.7580645161290323 0.7580645161290323 0.758064516129032 62.0 2.68 
0 -0.0 0.0 0.0 0.0 1.0 0.9978165938864628 0.998908296943231 0.0 0.0 
1 -0.0 0.0 -0.0 -0.0 1.0 0.9977324263038548 0.998866213151927 0.0 0.0 
0 0.4435682844142889 0.221784142207145 -0.01 0.0 0.8295454545454547 0.9886363636363636 0.909090909090909 1.33 0.08 
1 0.5297061990576545 0.439269147450343 -0.1 0.03 1.0 1.0 1.0 0.32 0.45 
0 0.3525425103487513 0.176271255174376 -0.08 0.15 1.0 0.6935483870967744 0.846774193548387 17.86 1.31 
1 -0.0 0.0 0.31 0.55 0.7580645161290323 0.7580645161290323 0.758064516129032 62.0 2.49 
0 0.4629606652814273 0.761908350815087 0.07 0.19 0.8724373576309796 0.988610478359909 0.930523917995444 386.81 0.44 
1 0.02253214392080778 0.0197499575531257 -0.0 0.01 0.7156626506024096 0.9975903614457832 0.856626506024096 5.06 0.1 
0 0.6524237910227594 0.864154636317965 0.02 0.12 1.0 0.929078014184397 0.964539007092199 167.45 0.19 
1 -0.0 0.0 0.11 0.46 0.5384615384615384 0.6153846153846154 0.576923076923077 18.96 1.68 
0 0.8403742290585 0.60143630225267 -0.06 0.07 0.6038135593220338 0.9978813559322034 0.800847457627119 52.81 0.26 
1 0.0740225961475812 0.128824279468757 0.41 0.69 0.5590551181102362 0.5748031496062993 0.566929133858268 381.05 2.38 
0 -0.0 0.0 0.0 0.0 1.0 0.9838709677419354 0.991935483870968 0.0 0.0 
1 0.3269547847215813 0.163477392360791 -0.01 0.01 0.9481865284974093 0.9870466321243522 0.967616580310881 3.79 0.05 
0 0.6013943261660805 0.521734366901833 0.03 0.19 1.0 0.9468085106382979 0.973404255319149 214.77 1.16 
1 0.6822056867479602 0.602052179998817 0.05 0.2 0.9222462203023758 0.9546436285097192 0.938444924406048 472.98 0.93 
0 -0.0 0.0 0.05 0.14 0.375 0.75 0.5625 1.6 0.69 
1 -0.0 0.0 -0.0 -0.0 1.0 1.0 1.0 0.0 0.0 
0 0.4959171118080685 0.247958555904034 -0.01 0.13 0.5732647814910026 0.9922879177377892 0.782776349614396 79.06 0.91 
1 -0.0 0.0 -0.0 -0.0 1.0 1.0 1.0 0.0 0.0 
0 0.05755265252972321 0.0287763262648616 -0.01 0.0 0.984126984126984 0.984126984126984 0.984126984126984 0.18 0.02 
1 0.09165764788996307 0.0699766348366203 -0.0 0.0 1.0 0.9818181818181818 0.990909090909091 0.1 0.01 
0 0.048964887966297055 0.0326459337101952 0.09 0.11 0.981859410430839 0.981859410430839 0.981859410430839 882.0 0.9 
1 0.7691223805667942 0.67691926485557 0.66 0.88 0.5571428571428572 0.5857142857142859 0.571428571428571 121.17 2.16 
0 0.7569085521415507 0.378454276070775 -0.0 0.0 1.0 1.0 1.0 0.0 0.0 
1 -0.0 0.0 0.0 0.0 1.0 1.0 1.0 0.0 0.0 
0 0.937464383416628 0.477061020565736 -0.05 0.02 0.8905263157894738 0.96 0.925263157894737 17.96 0.05 
1 0.016359415015602636 0.0163594150156026 0.05 0.05 0.9953917050691244 0.9953917050691244 0.995391705069124 868.0 0.39 
0 0.629696481674345 0.372524812257563 -0.02 0.02 1.0 0.8920187793427231 0.946009389671361 10.69 0.34 
1 0.6846162778013049 0.342308138900652 0.15 0.36 0.8846153846153846 0.8846153846153846 0.884615384615385 26.0 0.82 
0 -0.0 0.0 0.0 -0.0 1.0 0.959731543624161 0.97986577181208 0.0 0.0 
1 0.3250829733914482 0.162541486695724 -0.0 0.0 1.0 1.0 1.0 0.0 0.0 
0 0.054410366820546084 0.027205183410273 -0.0 -0.0 1.0 0.9893390191897654 0.994669509594883 0.0 0.0 
1 0.04131357294242817 0.0206567864712141 0.29 0.33 0.886153846153846 0.8892307692307693 0.887692307692308 315.12 2.04 
0 0.1527320203489409 0.0763660101744704 -0.0 -0.0 1.0 1.0 1.0 0.0 0.0 
1 0.08509104448327401 0.069552158829183 -0.0 0.0 1.0 1.0 1.0 0.07 0.01 
0 0.3525425103487513 0.176271255174376 -0.02 0.0 1.0 0.9838709677419354 0.991935483870968 0.13 0.06 
1 0.6895519477750732 0.344775973887537 0.0 -0.0 1.0 1.0 1.0 0.0 0.0 
0 0.6615632381579821 0.330781619078991 0.0 0.0 1.0 1.0 1.0 0.0 0.0 
1 -0.0 0.0 0.0 0.0 1.0 1.0 1.0 0.0 0.0 
0 0.9556998911125344 0.776984739848896 -0.11 0.2 1.0 1.0 1.0 2.1 1.15 
1 -0.0 0.0 0.3 0.36 0.8846153846153846 0.8846153846153846 0.884615384615385 26.0 2.14 
0 0.030372534777978206 0.800490712337598 -0.0 0.01 0.5508474576271186 0.9978813559322034 0.774364406779661 4.76 0.0 
1 -0.0 0.0 -0.0 -0.0 1.0 0.9936034115138594 0.99680170575693 0.0 0.0 
0 0.4459524223135379 0.222976211156769 -0.13 0.2 0.7580645161290323 0.919354838709677 0.838709677419355 26.67 1.44 
1 -0.0 0.0 0.0 0.0 1.0 1.0 1.0 0.0 0.0 
0 0.25095314470125835 0.125476572350629 -0.0 -0.0 1.0 0.9966442953020132 0.998322147651007 0.0 0.0 
1 -0.0 0.0 0.37 0.44 0.16 0.16 0.16 25.0 0.2 
0 0.5629596827693085 0.281479841384654 -0.01 0.0 1.0 0.9886363636363636 0.994318181818182 0.75 0.07 
1 -0.0 0.0 0.31 0.55 0.7580645161290323 0.7580645161290323 0.758064516129032 62.0 2.68 
0 1.01183062848278 1.00703781384133 -0.01 0.2 0.9976525821596244 0.9976525821596244 0.997652582159624 313.29 0.38 
1 0.022083380117043378 0.0220833801170434 0.09 0.1 0.981859410430839 0.981859410430839 0.981859410430839 838.91 0.85 
0 -0.0 0.0 -0.0 -0.0 1.0 0.9966442953020132 0.998322147651007 0.0 0.0 
