1 -0.0 0.0 0.31 0.55 0.7580645161290323 0.7580645161290323 0.758064516129032 62.0 2.68 
0 0.7530888342556183 1.12990141487974 0.04 0.64 0.5183585313174947 0.9136069114470842 0.715982721382289 907.01 0.32 
1 0.04131357294242817 0.0206567864712141 0.29 0.33 0.886153846153846 0.8892307692307693 0.887692307692308 315.12 2.04 
0 0.016556959431630658 0.510292105919881 0.0 0.01 1.0 0.7535211267605633 0.876760563380282 11.56 0.03 
1 0.6895519477750732 0.344775973887537 0.0 -0.0 1.0 1.0 1.0 0.0 0.0 
0 0.40984977137281264 0.219534712199078 -0.01 0.01 0.6400911161731208 0.9954441913439636 0.817767653758542 3.85 0.07 
1 0.08509104448327401 0.042545522241637 0.0 0.0 1.0 1.0 1.0 0.0 0.0 
0 -0.0 0.0 -0.0 0.0 0.9966442953020132 0.9966442953020132 0.996644295302013 0.0 0.0 
1 -0.0 0.0 0.43 0.68 0.5842293906810035 0.5842293906810035 0.584229390681004 279.0 2.02 
0 0.5218986732496746 0.770365346775896 -0.04 0.25 0.7321814254859611 0.9222462203023758 0.827213822894168 566.74 0.61 
1 0.8720635602136072 0.444515665699525 -0.01 0.0 0.2385542168674699 0.9975903614457832 0.618072289156626 0.63 0.0 
0 0.7453785846192588 0.392035087653712 -0.01 0.0 1.0 0.7270788912579956 0.863539445628998 2.78 0.03 
1 0.0707680768797802 0.351225226630238 -0.0 0.0 1.0 0.997695852534562 0.998847926267281 3.17 0.0 
0 0.6730116670092564 0.336505833504628 -0.2 0.33 0.28571428571428564 0.7142857142857143 0.5 3.73 0.81 
1 -0.0 0.0 0.11 0.46 0.5384615384615384 0.6153846153846154 0.576923076923077 18.96 1.68 
0 0.16103884445583505 0.581641921827858 0.01 0.04 1.0 0.9976525821596244 0.998826291079812 32.7 0.22 
1 0.07489355301376338 0.0508964017541222 0.5 0.63 0.6807909604519775 0.6807909604519775 0.680790960451977 354.02 2.29 
0 0.9569181480647492 0.478459074032375 0.01 0.01 0.9979591836734693 0.9979591836734693 0.997959183673469 490.0 0.03 
1 0.8720635602136072 0.447297852067208 -0.01 0.11 0.2385542168674699 0.7156626506024096 0.47710843373494 466.31 0.11 
0 0.6829081047004717 0.341454052350236 -0.01 0.07 0.8076923076923077 0.9615384615384615 0.884615384615385 4.37 0.47 
1 0.5297061990576545 0.439269147450343 -0.1 0.03 1.0 1.0 1.0 0.32 0.45 
0 0.08036852866682491 0.259778135238749 -0.0 0.0 1.0 0.9976580796252928 0.998829039812646 1.23 0.07 
1 0.02253214392080778 0.0197499575531257 -0.0 0.01 0.7156626506024096 0.9975903614457832 0.856626506024096 5.06 0.1 
0 -0.0 0.0 0.0 -0.0 1.0 0.886153846153846 0.943076923076923 0.0 0.0 
1 0.7691223805667942 0.67691926485557 0.66 0.88 0.5571428571428572 0.5857142857142859 0.571428571428571 121.17 2.16 
0 0.018944447751738366 0.00947222387586918 0.18 0.19 0.9285714285714286 0.9413265306122448 0.934948979591837 317.64 1.46 
1 -0.0 0.0 0.31 0.55 0.7580645161290323 0.7580645161290323 0.758064516129032 62.0 2.68 
0 -0.0 0.0 0.0 0.0 1.0 1.0 1.0 0.0 0.0 
1 -0.0 0.0 -0.1 0.06 0.6153846153846154 0.8846153846153846 0.75 2.12 0.61 
0 -0.0 0.0 0.0 0.0 1.0 1.0 1.0 0.0 0.0 
1 -0.0 0.0 -0.0 -0.0 1.0 1.0 1.0 0.0 0.0 
0 0.41745507877164956 0.777676827418302 -0.02 0.17 0.926829268292683 0.9930313588850174 0.95993031358885 321.85 0.36 
1 0.030372534777978206 0.0228364363705995 -0.0 0.0 0.9894067796610168 0.9978813559322034 0.99364406779661 0.04 0.0 
0 0.13339348333086204 0.066696741665431 -0.0 -0.0 1.0 0.9954648526077096 0.997732426303855 0.0 0.0 
1 0.08509104448327401 0.069552158829183 -0.0 0.0 1.0 1.0 1.0 0.07 0.01 
0 -0.0 0.0 0.0 0.0 1.0 0.9166666666666664 0.958333333333333 0.0 0.0 
1 0.666278442414676 0.333139221207338 -0.1 0.06 1.0 0.8846153846153846 0.942307692307692 2.12 0.44 
0 -0.0 0.0 -0.0 0.0 1.0 0.7083333333333334 0.854166666666667 0.0 0.0 
1 0.7865364435085352 0.401480572353747 0.08 0.13 0.9728506787330315 0.9728506787330315 0.972850678733032 442.51 0.33 
0 0.7134161640307438 0.506548633621444 -0.09 0.04 0.9330453563714904 0.9913606911447084 0.962203023758099 51.58 0.19 
1 -0.0 0.0 0.0 0.0 1.0 1.0 1.0 0.0 0.0 
0 0.35354577145803917 0.184856306377548 -0.0 0.0 0.9498861047835992 0.9977220956719816 0.97380410022779 0.36 0.02 
1 0.6822056867479602 0.602052179998817 0.05 0.2 0.9222462203023758 0.9546436285097192 0.938444924406048 472.98 0.93 
0 0.6822056867479602 0.89622337630293 0.04 0.28 0.9481641468682503 0.9546436285097192 0.951403887688985 879.04 0.4 
1 0.6846162778013049 0.342308138900652 0.15 0.36 0.8846153846153846 0.8846153846153846 0.884615384615385 26.0 0.82 
0 0.01789792517672371 0.00894896258836186 -0.0 -0.0 1.0 1.0 1.0 0.0 0.0 
1 0.09165764788996307 0.0699766348366203 -0.0 0.0 1.0 0.9818181818181818 0.990909090909091 0.1 0.01 
0 0.06219281179296066 0.0393087564959597 -0.03 0.01 0.6703786191536748 0.9576837416481068 0.814031180400891 5.3 0.19 
1 0.022083380117043378 0.0110416900585217 0.06 0.07 0.981859410430839 0.984126984126984 0.982993197278912 384.99 0.69 
0 0.6730116670092564 0.510921881426144 -0.2 0.1 1.0 0.5555555555555555 0.777777777777778 1.41 0.48 
1 0.01475818629482802 0.00737909314741401 0.01 0.01 1.0 0.9979466119096508 0.998973305954825 487.0 0.19 
0 0.01740101312167224 0.0171668592500646 -0.0 0.0 1.0 0.9686746987951808 0.98433734939759 0.03 0.0 
1 -0.0 0.0 0.0 0.0 1.0 1.0 1.0 0.0 0.0 
0 0.2313519442560678 0.115675972128034 -0.0 0.0 1.0 0.9979466119096508 0.998973305954825 0.07 0.01 
1 0.6730116670092564 0.336505833504628 -0.2 0.33 0.28571428571428564 0.7142857142857143 0.5 3.73 0.53 
0 0.7569669131450216 0.673786547694534 0.11 0.43 1.0 0.9602272727272728 0.980113636363636 804.56 2.11 
1 -0.0 0.0 0.0 0.0 1.0 1.0 1.0 0.0 0.0 
0 0.9423399854873624 1.03884524985063 -0.02 0.59 0.9494736842105264 0.9663157894736842 0.957894736842105 442.35 0.32 
1 0.017217650311628238 0.0171995612854242 0.37 0.44 0.837448559670782 0.839506172839506 0.838477366255144 964.67 2.36 
0 0.09697954377303232 0.0636760392755053 -0.0 0.0 0.9894067796610168 0.9978813559322034 0.99364406779661 0.08 0.01 
1 -0.0 0.0 0.0 0.0 1.0 1.0 1.0 0.0 0.0 
0 0.9556998911125344 0.477849945556267 -0.13 0.29 1.0 0.4285714285714285 0.714285714285714 2.92 0.2 
1 0.3742549310896416 0.187127465544821 -0.03 0.02 0.7660668380462725 0.9974293059125964 0.881748071979434 15.62 0.69 
0 0.9920983705533672 0.809970400758854 -0.04 0.12 0.9793388429752063 0.987603305785124 0.983471074380165 641.04 0.38 
1 -0.0 0.0 0.0 0.0 1.0 1.0 1.0 0.0 0.0 
0 0.6128854801054902 0.322315814588438 -0.04 0.02 0.7349397590361446 0.9542168674698795 0.844578313253012 13.05 0.33 
1 0.09908391604753189 0.0495419580237659 0.04 0.04 0.9850746268656718 0.9914712153518124 0.988272921108742 266.27 0.37 
0 0.928529239598717 0.464264619799359 0.0 -0.0 1.0 0.7114093959731543 0.855704697986577 0.0 0.0 
1 -0.0 0.0 -0.0 -0.0 1.0 1.0 1.0 0.0 0.0 
0 0.29839816419932 0.14919908209966 0.0 -0.0 1.0 1.0 1.0 0.0 0.0 
1 0.022083380117043378 0.0220833801170434 0.09 0.1 0.981859410430839 0.981859410430839 0.981859410430839 838.91 0.85 
0 -0.0 0.0 0.0 -0.0 1.0 0.959731543624161 0.97986577181208 0.0 0.0 
1 -0.0 0.0 -0.0 -0.0 1.0 1.0 1.0 0.0 0.0 
0 0.016326979454093383 0.0748602313924777 0.0 0.01 0.981859410430839 0.9954648526077096 0.988662131519274 26.41 0.08 
1 -0.0 0.0 0.3 0.36 0.8846153846153846 0.8846153846153846 0.884615384615385 26.0 2.14 
0 0.6829081047004717 0.341454052350236 -0.01 0.07 0.8076923076923077 0.9615384615384615 0.884615384615385 4.37 0.41 
1 -0.0 0.0 -0.0 0.0 1.0 0.6153846153846154 0.807692307692308 0.0 0.0 
0 0.09125460025639655 0.0456273001281983 -0.01 0.0 0.8724373576309796 0.9954441913439636 0.933940774487471 0.34 0.02 
1 0.0251440699125892 0.0229518966655533 -0.06 0.01 0.6761658031088082 0.8471502590673574 0.761658031088083 4.61 0.18 
0 0.07915888226942422 0.0631196984346379 -0.03 0.01 0.6423690205011389 0.9749430523917996 0.808656036446469 8.88 0.13 
1 -0.0 0.0 -0.0 0.0 1.0 0.7083333333333334 0.854166666666667 0.0 0.0 
0 0.6829081047004717 0.341454052350236 -0.0 0.0 1.0 0.8076923076923077 0.903846153846154 0.0 0.0 
1 -0.0 0.0 -0.0 -0.0 1.0 1.0 1.0 0.0 0.0 
0 0.2996811032121433 0.275872712799774 -0.04 0.03 0.9049676025917927 0.9330453563714904 0.919006479481641 61.55 0.1 
1 0.0251440699125892 0.0125720349562946 0.53 0.63 0.6761658031088082 0.6761658031088082 0.676165803108808 386.0 2.33 
0 -0.0 0.0 -0.0 -0.0 1.0 1.0 1.0 0.0 0.0 
1 -0.0 0.0 0.0 0.0 1.0 1.0 1.0 0.0 0.0 
0 0.8720635602136072 0.6871344033367 -0.02 0.07 0.2385542168674699 0.9710843373493978 0.604819277108434 269.29 0.02 
1 0.01616684129705593 0.00808342064852796 0.02 0.02 0.9977220956719816 0.9977220956719816 0.997722095671982 439.0 0.16 
0 -0.0 0.0 0.0 -0.0 1.0 0.5732647814910026 0.786632390745501 0.0 0.0 
1 -0.0 0.0 -0.0 -0.0 1.0 0.9936034115138594 0.99680170575693 0.0 0.0 
0 0.14689728110576386 0.0734486405528819 -0.0 0.0 1.0 0.9966442953020132 0.998322147651007 0.03 0.01 
1 -0.0 0.0 0.12 0.37 0.7580645161290323 0.8064516129032256 0.782258064516129 46.62 2.14 
0 0.9556998911125344 0.819303997906503 -0.13 0.29 1.0 1.0 1.0 2.92 0.06 
1 -0.0 0.0 0.0 0.0 1.0 1.0 1.0 0.0 0.0 
0 0.7453785846192588 0.474443464513208 -0.04 0.04 1.0 0.7270788912579956 0.863539445628998 35.52 0.06 
1 0.016359415015602636 0.0163594150156026 0.05 0.05 0.9953917050691244 0.9953917050691244 0.995391705069124 868.0 0.39 
0 0.04708051459985158 0.0235402572999258 -0.01 0.01 0.6423690205011389 0.9863325740318906 0.814350797266515 3.45 0.11 
1 -0.0 0.0 0.0 0.0 1.0 1.0 1.0 0.0 0.0 
0 -0.0 0.0 0.0 0.0 1.0 0.6 0.8 0.0 0.0 
1 -0.0 0.0 -0.0 0.0 1.0 0.7580645161290323 0.879032258064516 0.0 0.0 
0 0.4459524223135379 0.222976211156769 -0.0 0.0 1.0 0.919354838709677 0.959677419354839 0.0 0.0 
1 -0.0 0.0 -0.0 0.0 1.0 0.6774193548387096 0.838709677419355 0.0 0.0 
0 -0.0 0.0 0.0 0.0 1.0 1.0 1.0 0.0 0.0 
1 -0.0 0.0 0.37 0.44 0.16 0.16 0.16 25.0 0.2 
0 1.5706088898972186 0.792884867527687 -0.0 0.0 1.0 0.5508474576271186 0.775423728813559 1.23 0.01 
1 0.022083380117043378 0.0220833801170434 0.09 0.1 0.981859410430839 0.981859410430839 0.981859410430839 838.91 0.81 
0 -0.0 0.0 -0.0 -0.0 1.0 0.9966442953020132 0.998322147651007 0.0 0.0 
1 0.6846162778013049 0.342308138900652 0.15 0.36 0.8846153846153846 0.8846153846153846 0.884615384615385 26.0 0.82 
0 -0.0 0.0 0.04 0.07 0.8076923076923077 0.9615384615384615 0.884615384615385 4.37 0.71 
1 -0.0 0.0 -0.0 -0.0 1.0 0.9727463312368972 0.986373165618449 0.0 0.0 
0 0.8519175190106516 1.01530615419015 0.21 0.6 0.9138461538461538 0.9138461538461538 0.913846153846154 834.47 0.66 
1 0.030372534777978206 0.0227666899680668 -0.0 0.0 1.0 0.9978813559322034 0.998940677966102 0.01 0.0 
0 0.15249619982808016 0.0762480999140401 -0.02 0.0 1.0 0.9346590909090908 0.967329545454545 0.65 0.06 
1 0.01789792517672371 0.00894896258836186 -0.01 0.0 1.0 0.7660668380462725 0.883033419023136 0.31 0.03 
0 0.016897794165734926 0.00844889708286746 -0.0 -0.0 1.0 0.97423887587822 0.98711943793911 0.0 0.0 
1 0.0740225961475812 0.128824279468757 0.41 0.69 0.5590551181102362 0.5748031496062993 0.566929133858268 381.05 2.38 
0 0.1040583233565584 0.0520291616782792 -0.0 -0.0 1.0 1.0 1.0 0.0 0.0 
1 -0.0 0.0 0.0 0.0 1.0 1.0 1.0 0.0 0.0 
0 0.08036852866682491 0.0401842643334124 -0.0 -0.0 1.0 0.9976580796252928 0.998829039812646 0.0 0.0 
1 -0.0 0.0 0.0 0.0 1.0 1.0 1.0 0.0 0.0 
0 0.29839816419932 0.201228243777939 0.02 0.03 1.0 1.0 1.0 68.16 0.3 
1 0.8127245415610106 0.428086422879458 0.41 0.59 0.3391521197007481 0.3640897755610973 0.351620947630923 772.17 0.33 
0 1.2770342594661392 0.63851712973307 -0.05 0.6 1.0 0.28571428571428564 0.642857142857143 7.0 0.17 
1 0.030372534777978206 0.0658985378330168 -0.0 0.0 0.972457627118644 0.9978813559322034 0.985169491525424 0.13 0.01 
0 0.6615632381579821 0.330781619078991 0.0 0.0 1.0 1.0 1.0 0.0 0.0 
1 -0.0 0.0 0.31 0.55 0.7580645161290323 0.7580645161290323 0.758064516129032 62.0 2.49 
0 0.552705677980449 0.469032287962931 0.08 0.18 1.0 1.0 1.0 310.11 0.77 
1 -0.0 0.0 0.07 0.08 0.9854771784232365 0.9854771784232365 0.985477178423237 482.0 0.65 
0 0.08036852866682491 0.0401842643334124 -0.0 -0.0 1.0 0.9976580796252928 0.998829039812646 0.0 0.0 
1 -0.0 0.0 0.31 0.55 0.7580645161290323 0.7580645161290323 0.758064516129032 62.0 2.49 
0 -0.0 0.0 -0.0 0.0 0.9585253456221196 0.988479262672811 0.973502304147465 0.22 0.02 
1 -0.0 0.0 -0.0 -0.0 1.0 1.0 1.0 0.0 0.0 
0 0.3563409206018685 0.178170460300934 -0.05 0.22 0.7580645161290323 0.9838709677419354 0.870967741935484 28.78 1.72 
1 -0.0 0.0 0.0 0.0 1.0 1.0 1.0 0.0 0.0 
0 0.3222971304395862 0.161148565219793 0.0 -0.0 1.0 0.9859154929577466 0.992957746478873 0.0 0.0 
1 0.0947607483566568 0.232756230915289 0.02 0.03 0.9678111587982832 0.9806866952789698 0.974248927038627 84.69 0.27 
0 -0.0 0.0 -0.0 -0.0 1.0 0.9954648526077096 0.997732426303855 0.0 0.0 
1 -0.0 0.0 -0.0 -0.0 1.0 0.9977324263038548 0.998866213151927 0.0 0.0 
0 0.016103721594124567 0.00805186079706228 -0.0 0.0 0.9932279909706544 0.9954853273137698 0.994356659142212 0.02 0.0 
