1 0.0707680768797802 0.351225226630238 -0.0 0.0 1.0 0.997695852534562 0.998847926267281 3.17 0.0 
0 0.08392577932363239 0.0419628896618162 -0.0 0.0 0.9918367346938776 0.9979591836734693 0.994897959183674 0.03 0.0 
1 0.7865364435085352 0.401480572353747 0.08 0.13 0.9728506787330315 0.9728506787330315 0.972850678733032 442.51 0.33 
0 0.4319626568589969 0.235327123773581 -0.0 0.0 1.0 0.9914712153518124 0.995735607675906 5.04 0.05 
1 -0.0 0.0 0.0 0.0 1.0 1.0 1.0 0.0 0.0 
0 0.4835521377786173 0.254348103845603 0.37 0.54 0.6502590673575128 0.6761658031088082 0.663212435233161 343.88 1.81 
1 0.6895519477750732 0.344775973887537 0.0 -0.0 1.0 1.0 1.0 0.0 0.0 
0 0.25095314470125835 0.125476572350629 -0.0 -0.0 1.0 0.9966442953020132 0.998322147651007 0.0 0.0 
1 -0.0 0.0 0.0 0.0 1.0 1.0 1.0 0.0 0.0 
0 -0.0 0.0 0.0 0.0 1.0 0.9166666666666664 0.958333333333333 0.0 0.0 
1 0.6846162778013049 0.342308138900652 0.15 0.36 0.8846153846153846 0.8846153846153846 0.884615384615385 26.0 0.82 
0 -0.0 0.0 0.0 0.0 1.0 1.0 1.0 0.0 0.0 
1 0.01475818629482802 0.00737909314741401 0.01 0.01 1.0 0.9979466119096508 0.998973305954825 487.0 0.19 
0 1.266536818067726 0.633268409033863 0.0 -0.0 1.0 0.9953051643192488 0.997652582159624 0.0 0.0 
1 0.0251440699125892 0.0229518966655533 -0.06 0.01 0.6761658031088082 0.8471502590673574 0.761658031088083 4.61 0.18 
0 0.02013133843277965 0.0100656692163898 0.44 0.6 0.709205020920502 0.709205020920502 0.709205020920502 478.0 2.42 
1 0.3269547847215813 0.163477392360791 -0.01 0.01 0.9481865284974093 0.9870466321243522 0.967616580310881 3.79 0.05 
0 -0.0 0.0 -0.0 -0.0 1.0 0.9966442953020132 0.998322147651007 0.0 0.0 
1 0.8720635602136072 0.447297852067208 -0.01 0.11 0.2385542168674699 0.7156626506024096 0.47710843373494 466.31 0.11 
0 -0.0 0.0 -0.0 0.0 1.0 0.7580645161290323 0.879032258064516 0.0 0.0 
1 0.08509104448327401 0.069552158829183 -0.0 0.0 1.0 1.0 1.0 0.07 0.01 
0 0.016359415015602636 0.00817970750780132 0.0 0.0 1.0 0.9621380846325168 0.981069042316258 0.0 0.0 
1 0.09908391604753189 0.0495419580237659 0.04 0.04 0.9850746268656718 0.9914712153518124 0.988272921108742 266.27 0.37 
0 0.01607235879964646 0.5750760143939 -0.0 0.0 1.0 0.981859410430839 0.99092970521542 0.78 0.02 
1 0.04965097662992789 0.0248254883149639 -0.0 -0.0 1.0 1.0 1.0 0.0 0.0 
0 -0.0 0.0 0.28 0.38 0.125 0.125 0.125 8.0 0.06 
1 0.08509104448327401 0.042545522241637 0.0 0.0 1.0 1.0 1.0 0.0 0.0 
0 0.04667886203059532 0.031617910731113 -0.0 0.0 1.0 0.9929577464788734 0.996478873239437 0.01 0.0 
1 0.017217650311628238 0.0171995612854242 0.37 0.44 0.837448559670782 0.839506172839506 0.838477366255144 964.67 2.36 
0 0.3525425103487513 0.176271255174376 -0.06 0.19 1.0 0.7580645161290323 0.879032258064516 24.72 1.53 
1 -0.0 0.0 -0.0 -0.0 1.0 1.0 1.0 0.0 0.0 
0 0.7351973329063588 0.42844486779221 0.64 0.76 0.5428571428571428 0.5428571428571428 0.542857142857143 140.0 1.01 
1 -0.0 0.0 -0.0 -0.0 1.0 1.0 1.0 0.0 0.0 
0 0.09187703676356046 0.0459385183817802 -0.0 0.0 0.984126984126984 0.9954648526077096 0.989795918367347 0.07 0.01 
1 0.3250829733914482 0.162541486695724 -0.0 0.0 1.0 1.0 1.0 0.0 0.0 
0 -0.0 0.0 -0.0 -0.0 1.0 0.9966442953020132 0.998322147651007 0.0 0.0 
1 0.02253214392080778 0.0197499575531257 -0.0 0.01 0.7156626506024096 0.9975903614457832 0.856626506024096 5.06 0.1 
0 0.2835478929710348 0.217776601903619 -0.05 0.05 0.919354838709677 0.9838709677419354 0.951612903225806 13.05 0.5 
1 -0.0 0.0 -0.0 -0.0 1.0 1.0 1.0 0.0 0.0 
0 0.3615394778944647 0.357040994121608 0.04 0.21 1.0 1.0 1.0 42.74 1.62 
1 0.3742549310896416 0.187127465544821 -0.03 0.02 0.7660668380462725 0.9974293059125964 0.881748071979434 15.62 0.69 
0 0.022083380117043378 0.0110416900585217 0.0 -0.0 1.0 0.981859410430839 0.99092970521542 0.0 0.0 
1 -0.0 0.0 -0.0 -0.0 1.0 0.9936034115138594 0.99680170575693 0.0 0.0 
0 -0.0 0.0 0.31 0.55 0.7580645161290323 0.7580645161290323 0.758064516129032 62.0 2.49 
1 0.030372534777978206 0.0227666899680668 -0.0 0.0 1.0 0.9978813559322034 0.998940677966102 0.01 0.0 
0 -0.0 0.0 0.28 0.38 0.125 0.125 0.125 8.0 0.04 
1 0.5297061990576545 0.439269147450343 -0.1 0.03 1.0 1.0 1.0 0.32 0.45 
0 -0.0 0.0 -0.0 -0.0 1.0 1.0 1.0 0.0 0.0 
1 -0.0 0.0 0.11 0.46 0.5384615384615384 0.6153846153846154 0.576923076923077 18.96 1.68 
0 0.9517673227869262 0.475883661393463 0.0 -0.0 1.0 0.9886621315192744 0.994331065759637 0.0 0.0 
1 0.0947607483566568 0.0769695270739669 0.09 0.1 0.9806866952789698 0.982832618025751 0.981759656652361 445.71 0.81 
0 0.6829081047004717 0.341454052350236 0.02 0.35 0.34615384615384615 0.8076923076923077 0.576923076923077 14.22 0.45 
1 -0.0 0.0 0.0 0.0 1.0 1.0 1.0 0.0 0.0 
0 -0.0 0.0 0.01 0.14 0.125 0.375 0.25 1.9 0.11 
1 -0.0 0.0 -0.0 -0.0 1.0 1.0 1.0 0.0 0.0 
0 0.09425882789422867 0.38168273042836 0.0 0.02 0.17901234567901234 0.9938271604938274 0.58641975308642 41.59 0.01 
1 -0.0 0.0 0.0 0.0 1.0 1.0 1.0 0.0 0.0 
0 0.07549878542345602 0.141284530818552 0.0 0.01 0.989795918367347 0.9938775510204082 0.991836734693878 34.94 0.1 
1 0.030372534777978206 0.0228364363705995 -0.0 0.0 0.9894067796610168 0.9978813559322034 0.99364406779661 0.04 0.0 
0 -0.0 0.0 0.0 0.0 1.0 0.3076923076923077 0.653846153846154 0.0 0.0 
1 -0.0 0.0 -0.0 0.0 1.0 0.6774193548387096 0.838709677419355 0.0 0.0 
0 -0.0 0.0 0.0 0.02 0.7580645161290323 0.9838709677419354 0.870967741935484 3.18 0.34 
1 -0.0 0.0 -0.0 0.0 1.0 0.7083333333333334 0.854166666666667 0.0 0.0 
0 0.5982695885852573 0.504192953436833 -0.05 0.05 1.0 1.0 1.0 0.47 0.46 
1 0.07489355301376338 0.0508964017541222 0.5 0.63 0.6807909604519775 0.6807909604519775 0.680790960451977 354.02 2.29 
0 1.3523028118749807 0.67615140593749 -0.01 0.0 0.9959183673469388 0.9979591836734693 0.996938775510204 1.17 0.02 
1 -0.0 0.0 -0.0 -0.0 1.0 0.9727463312368972 0.986373165618449 0.0 0.0 
0 0.08036852866682491 0.225588405622653 -0.0 0.0 1.0 0.9976580796252928 0.998829039812646 0.7 0.05 
1 0.0740225961475812 0.128824279468757 0.41 0.69 0.5590551181102362 0.5748031496062993 0.566929133858268 381.05 2.38 
0 0.7134161640307438 0.525266182989449 -0.08 0.05 0.937365010799136 0.9913606911447084 0.964362850971922 60.3 0.27 
1 0.01616684129705593 0.00808342064852796 0.02 0.02 0.9977220956719816 0.9977220956719816 0.997722095671982 439.0 0.16 
0 0.39796547681873295 0.198982738409367 0.0 0.0 1.0 1.0 1.0 0.0 0.0 
1 -0.0 0.0 0.0 0.0 1.0 1.0 1.0 0.0 0.0 
0 0.2278603588584882 0.113930179429244 -0.03 0.02 0.8190045248868777 0.9751131221719456 0.897058823529412 8.92 0.43 
1 -0.0 0.0 0.3 0.36 0.8846153846153846 0.8846153846153846 0.884615384615385 26.0 2.14 
0 0.25095480435761963 0.12547740217881 -0.0 0.0 0.9886363636363636 0.9971590909090908 0.992897727272727 0.09 0.01 
1 0.022083380117043378 0.0220833801170434 0.09 0.1 0.981859410430839 0.981859410430839 0.981859410430839 838.91 0.81 
0 -0.0 0.0 0.0 0.0 1.0 0.9166666666666664 0.958333333333333 0.0 0.0 
1 0.0251440699125892 0.0125720349562946 0.53 0.63 0.6761658031088082 0.6761658031088082 0.676165803108808 386.0 2.33 
0 0.027282478746759924 0.0210994795479553 0.01 0.01 0.9793388429752063 0.9938016528925618 0.986570247933884 62.28 0.19 
1 -0.0 0.0 0.43 0.68 0.5842293906810035 0.5842293906810035 0.584229390681004 279.0 2.02 
0 1.181590243162987 0.590795121581493 -0.02 0.01 0.9676025917926566 0.9913606911447084 0.979481641468682 11.08 0.03 
1 0.666278442414676 0.333139221207338 -0.1 0.06 1.0 0.8846153846153846 0.942307692307692 2.12 0.44 
0 -0.0 0.0 -0.0 -0.0 1.0 1.0 1.0 0.0 0.0 
1 0.016359415015602636 0.0163594150156026 0.05 0.05 0.9953917050691244 0.9953917050691244 0.995391705069124 868.0 0.39 
0 -0.0 0.0 -0.0 -0.0 1.0 0.9979591836734693 0.998979591836735 0.0 0.0 
1 0.6730116670092564 0.336505833504628 -0.2 0.33 0.28571428571428564 0.7142857142857143 0.5 3.73 0.53 
0 0.4505612088663046 0.225280604433152 -0.01 0.24 0.7142857142857143 0.8571428571428571 0.785714285714286 3.08 0.8 
1 -0.0 0.0 0.07 0.08 0.9854771784232365 0.9854771784232365 0.985477178423237 482.0 0.65 
0 0.6472565428776306 0.380244010097998 -0.02 0.0 0.9938775510204082 0.9979591836734693 0.995918367346939 1.91 0.01 
1 -0.0 0.0 0.0 0.0 1.0 1.0 1.0 0.0 0.0 
0 0.0628093679942407 0.293017643289073 0.04 0.05 0.989795918367347 0.997448979591837 0.993622448979592 312.01 0.29 
1 -0.0 0.0 0.31 0.55 0.7580645161290323 0.7580645161290323 0.758064516129032 62.0 2.68 
0 0.17407618745600176 0.151317465349431 -0.04 0.01 0.916083916083916 0.976689976689977 0.946386946386946 3.0 0.09 
1 -0.0 0.0 0.37 0.44 0.16 0.16 0.16 25.0 0.2 
0 0.5623351446188082 0.281167572309404 -0.02 0.08 1.0 0.75 0.875 0.89 0.76 
1 -0.0 0.0 0.0 0.0 1.0 1.0 1.0 0.0 0.0 
0 0.8605109656798593 0.598813583814007 -0.08 0.13 0.9287257019438444 0.937365010799136 0.93304535637149 543.04 0.13 
1 0.022083380117043378 0.0110416900585217 0.06 0.07 0.981859410430839 0.984126984126984 0.982993197278912 384.99 0.69 
0 0.09494031130388621 0.788415238777347 -0.03 0.17 0.556923076923077 0.7846153846153846 0.670769230769231 109.65 0.63 
1 -0.0 0.0 -0.0 0.0 1.0 0.7580645161290323 0.879032258064516 0.0 0.0 
0 0.3222971304395862 0.218825136640183 -0.01 0.02 0.8920187793427231 0.9859154929577466 0.938967136150235 50.69 0.16 
1 -0.0 0.0 -0.0 -0.0 1.0 1.0 1.0 0.0 0.0 
0 0.0707680768797802 0.0353840384398901 -0.0 0.0 0.988479262672811 0.997695852534562 0.993087557603687 0.07 0.01 
1 0.8127245415610106 0.428086422879458 0.41 0.59 0.3391521197007481 0.3640897755610973 0.351620947630923 772.17 0.33 
0 0.6878717657035625 0.55991721128128 -0.07 0.04 0.9914712153518124 0.997867803837953 0.994669509594883 25.29 0.33 
1 0.022083380117043378 0.0220833801170434 0.09 0.1 0.981859410430839 0.981859410430839 0.981859410430839 838.91 0.85 
0 0.09962338946616205 0.191585641218598 -0.04 0.14 0.7903225806451613 0.9838709677419354 0.887096774193548 20.65 1.13 
1 -0.0 0.0 0.0 0.0 1.0 1.0 1.0 0.0 0.0 
0 -0.0 0.0 -0.0 -0.0 1.0 1.0 1.0 0.0 0.0 
1 0.6846162778013049 0.342308138900652 0.15 0.36 0.8846153846153846 0.8846153846153846 0.884615384615385 26.0 0.82 
0 -0.0 0.0 -0.15 0.02 0.6153846153846154 0.8076923076923077 0.711538461538462 0.89 0.43 
1 -0.0 0.0 0.31 0.55 0.7580645161290323 0.7580645161290323 0.758064516129032 62.0 2.68 
0 -0.0 0.0 -0.21 0.0 0.34615384615384615 0.5 0.423076923076923 0.17 0.09 
1 -0.0 0.0 -0.1 0.06 0.6153846153846154 0.8846153846153846 0.75 2.12 0.61 
0 -0.0 0.0 -0.0 -0.0 1.0 1.0 1.0 0.0 0.0 
1 -0.0 0.0 0.0 0.0 1.0 1.0 1.0 0.0 0.0 
0 0.07915888226942422 0.171307434298716 0.01 0.02 0.9749430523917996 0.9817767653758542 0.978359908883827 103.06 0.19 
1 0.030097958257751373 0.0286902185022557 0.1 0.1 0.9793388429752063 0.9834710743801652 0.981404958677686 484.0 0.84 
0 0.9743147528693494 0.768324948744079 -0.13 0.32 1.0 1.0 1.0 4.44 0.6 
1 -0.0 0.0 -0.0 -0.0 1.0 0.9977324263038548 0.998866213151927 0.0 0.0 
0 0.7569669131450216 0.454731556486551 0.07 0.15 1.0 1.0 1.0 1056.0 0.64 
1 -0.0 0.0 0.31 0.55 0.7580645161290323 0.7580645161290323 0.758064516129032 62.0 2.49 
0 -0.0 0.0 0.0 0.0 1.0 1.0 1.0 0.0 0.0 
1 0.6822056867479602 0.602052179998817 0.05 0.2 0.9222462203023758 0.9546436285097192 0.938444924406048 472.98 0.93 
0 0.5982695885852573 0.580302366602033 0.25 0.28 0.07526881720430106 0.08602150537634409 0.0806451612903226 169.6 0.02 
1 0.04131357294242817 0.0206567864712141 0.29 0.33 0.886153846153846 0.8892307692307693 0.887692307692308 315.12 2.04 
0 0.3525425103487513 0.176271255174376 -0.06 0.19 1.0 0.7580645161290323 0.879032258064516 24.72 1.56 
1 -0.0 0.0 -0.0 0.0 1.0 0.6153846153846154 0.807692307692308 0.0 0.0 
0 0.25095480435761963 0.12547740217881 -0.03 0.01 0.9346590909090908 0.9886363636363636 0.961647727272727 2.13 0.14 
1 -0.0 0.0 0.0 0.0 1.0 1.0 1.0 0.0 0.0 
0 0.6533741452692534 0.6170129502495 0.01 0.07 0.9005102040816326 0.9948979591836736 0.947704081632653 96.28 0.3 
1 0.6895519477750732 0.344775973887537 0.0 -0.0 1.0 1.0 1.0 0.0 0.0 
0 0.6829081047004717 0.341454052350236 -0.0 0.0 1.0 0.8076923076923077 0.903846153846154 0.0 0.0 
1 0.030372534777978206 0.0658985378330168 -0.0 0.0 0.972457627118644 0.9978813559322034 0.985169491525424 0.13 0.01 
0 0.8856700740385729 0.852670704572275 0.04 0.48 0.9263803680981594 0.9447852760736194 0.935582822085889 504.72 1.81 
1 0.8720635602136072 0.444515665699525 -0.01 0.0 0.2385542168674699 0.9975903614457832 0.618072289156626 0.63 0.0 
0 0.7537388965283442 1.09956276002983 0.07 0.4 0.9976525821596244 0.9976525821596244 0.997652582159624 316.25 0.26 
1 -0.0 0.0 0.0 0.0 1.0 1.0 1.0 0.0 0.0 
0 0.629696481674345 0.820537971349816 0.01 0.09 1.0 0.9929577464788734 0.996478873239437 61.67 0.5 
