1 0.0947607483566568 0.232756230915289 0.02 0.03 0.9678111587982832 0.9806866952789698 0.974248927038627 84.69 0.27 
0 -0.0 0.0 0.02 0.02 0.9966442953020132 0.9966442953020132 0.996644295302013 298.0 0.23 
1 -0.0 0.0 -0.0 -0.0 1.0 1.0 1.0 0.0 0.0 
0 -0.0 0.0 -0.0 0.0 1.0 0.8064516129032256 0.903225806451613 0.0 0.0 
1 -0.0 0.0 -0.0 -0.0 1.0 1.0 1.0 0.0 0.0 
0 0.01607235879964646 0.00803617939982323 -0.0 -0.0 1.0 1.0 1.0 0.0 0.0 
1 0.09908391604753189 0.0495419580237659 0.04 0.04 0.9850746268656718 0.9914712153518124 0.988272921108742 266.27 0.37 
0 0.5795291220614944 0.289764561030747 0.0 -0.0 1.0 0.4359504132231405 0.71797520661157 0.0 0.0 
1 -0.0 0.0 0.0 0.0 1.0 1.0 1.0 0.0 0.0 
0 0.3708082825784814 0.185404141289241 0.0 -0.0 1.0 1.0 1.0 0.0 0.0 
1 0.01616684129705593 0.00808342064852796 0.02 0.02 0.9977220956719816 0.9977220956719816 0.997722095671982 439.0 0.16 
0 0.16403524764720048 0.0820176238236002 0.01 0.01 0.9959183673469388 0.9979591836734693 0.996938775510204 244.5 0.1 
1 0.6846162778013049 0.342308138900652 0.15 0.36 0.8846153846153846 0.8846153846153846 0.884615384615385 26.0 0.82 
0 0.113231477318365 0.0566157386591825 -0.0 0.0 0.9938775510204082 0.9979591836734693 0.995918367346939 0.03 0.0 
1 -0.0 0.0 -0.0 0.0 1.0 0.6153846153846154 0.807692307692308 0.0 0.0 
0 -0.0 0.0 0.0 0.0 1.0 1.0 1.0 0.0 0.0 
1 -0.0 0.0 -0.0 -0.0 1.0 0.9977324263038548 0.998866213151927 0.0 0.0 
0 -0.0 0.0 0.0 0.16 0.5732647814910026 0.7660668380462725 0.669665809768638 88.43 1.29 
1 -0.0 0.0 -0.0 -0.0 1.0 0.9936034115138594 0.99680170575693 0.0 0.0 
0 0.10925460013643737 0.0546273000682187 -0.06 0.05 0.5721784776902888 0.07611548556430446 0.324146981627297 24.76 0.02 
1 -0.0 0.0 0.31 0.55 0.7580645161290323 0.7580645161290323 0.758064516129032 62.0 2.49 
0 0.6829081047004717 0.843575288877274 0.21 0.68 1.0 1.0 1.0 7.0 0.16 
1 0.030372534777978206 0.0658985378330168 -0.0 0.0 0.972457627118644 0.9978813559322034 0.985169491525424 0.13 0.01 
0 0.8605892830185917 0.649888512414632 -0.03 0.03 1.0 0.9765807962529272 0.988290398126464 21.96 0.27 
1 -0.0 0.0 0.3 0.36 0.8846153846153846 0.8846153846153846 0.884615384615385 26.0 2.14 
0 1.0040272524081315 0.502013626204066 0.0 -0.0 1.0 0.7535211267605633 0.876760563380282 0.0 0.0 
1 0.08509104448327401 0.042545522241637 0.0 0.0 1.0 1.0 1.0 0.0 0.0 
0 0.5458360932286223 0.280297139761725 -0.0 0.0 1.0 0.9979466119096508 0.998973305954825 0.24 0.01 
1 -0.0 0.0 -0.0 -0.0 1.0 1.0 1.0 0.0 0.0 
0 0.6822056867479602 0.35116851259037 0.01 0.07 0.7321814254859611 0.9546436285097192 0.84341252699784 71.14 0.67 
1 -0.0 0.0 0.43 0.68 0.5842293906810035 0.5842293906810035 0.584229390681004 279.0 2.02 
0 -0.0 0.0 0.0 0.0 1.0 1.0 1.0 0.0 0.0 
1 0.0947607483566568 0.0769695270739669 0.09 0.1 0.9806866952789698 0.982832618025751 0.981759656652361 445.71 0.81 
0 -0.0 0.0 0.0 0.0 1.0 0.9979466119096508 0.998973305954825 0.0 0.0 
1 -0.0 0.0 0.0 0.0 1.0 1.0 1.0 0.0 0.0 
0 0.016556959431630658 0.00827847971581533 -0.0 -0.0 1.0 1.0 1.0 0.0 0.0 
1 -0.0 0.0 0.0 0.0 1.0 1.0 1.0 0.0 0.0 
0 -0.0 0.0 -0.0 0.0 0.9966442953020132 0.9966442953020132 0.996644295302013 0.0 0.0 
1 0.017217650311628238 0.0171995612854242 0.37 0.44 0.837448559670782 0.839506172839506 0.838477366255144 964.67 2.36 
0 0.3563409206018685 0.178170460300934 -0.08 0.18 0.6935483870967744 0.9838709677419354 0.838709677419355 20.79 1.42 
1 -0.0 0.0 -0.0 -0.0 1.0 0.9727463312368972 0.986373165618449 0.0 0.0 
0 0.34289572154352044 0.18211311341545 -0.01 0.0 0.3899782135076253 0.980392156862745 0.685185185185185 2.27 0.04 
1 -0.0 0.0 0.11 0.46 0.5384615384615384 0.6153846153846154 0.576923076923077 18.96 1.68 
0 0.030372534777978206 0.800490712337598 -0.0 0.01 0.5508474576271186 0.9978813559322034 0.774364406779661 4.76 0.0 
1 0.3742549310896416 0.187127465544821 -0.03 0.02 0.7660668380462725 0.9974293059125964 0.881748071979434 15.62 0.69 
0 0.07540821860749106 0.047427976565677 0.14 0.18 0.7624190064794816 0.8898488120950323 0.826133909287257 184.38 1.57 
1 0.6846162778013049 0.342308138900652 0.15 0.36 0.8846153846153846 0.8846153846153846 0.884615384615385 26.0 0.82 
0 0.09962338946616205 0.049811694733081 -0.12 0.11 0.6935483870967744 0.7903225806451613 0.741935483870968 14.57 1.25 
1 -0.0 0.0 0.0 0.0 1.0 1.0 1.0 0.0 0.0 
0 0.06219281179296066 0.0310964058964803 -0.01 0.0 0.6703786191536748 0.9888641425389754 0.829621380846325 2.56 0.09 
1 -0.0 0.0 -0.0 -0.0 1.0 1.0 1.0 0.0 0.0 
0 0.01475818629482802 0.00737909314741401 0.0 0.0 1.0 1.0 1.0 0.0 0.0 
1 0.7865364435085352 0.401480572353747 0.08 0.13 0.9728506787330315 0.9728506787330315 0.972850678733032 442.51 0.33 
0 0.8645984701429459 0.443160362410899 -0.04 0.01 1.0 0.9402985074626864 0.970149253731343 6.55 0.09 
1 0.0251440699125892 0.0125720349562946 0.53 0.63 0.6761658031088082 0.6761658031088082 0.676165803108808 386.0 2.33 
0 0.3565581205895817 0.178279060294791 0.0 -0.0 1.0 1.0 1.0 0.0 0.0 
1 0.666278442414676 0.333139221207338 -0.1 0.06 1.0 0.8846153846153846 0.942307692307692 2.12 0.44 
0 0.09345740278411808 0.123094711566529 -0.0 0.0 1.0 1.0 1.0 0.22 0.02 
1 0.6895519477750732 0.344775973887537 0.0 -0.0 1.0 1.0 1.0 0.0 0.0 
0 0.024901715029831017 0.0124508575149155 0.02 0.05 0.5628997867803837 0.9402985074626864 0.751599147121535 38.35 0.49 
1 -0.0 0.0 0.0 0.0 1.0 1.0 1.0 0.0 0.0 
0 -0.0 0.0 -0.0 -0.0 1.0 1.0 1.0 0.0 0.0 
1 -0.0 0.0 0.12 0.37 0.7580645161290323 0.8064516129032256 0.782258064516129 46.62 2.14 
0 0.09962338946616205 0.049811694733081 -0.12 0.1 0.6774193548387096 0.7903225806451613 0.733870967741935 13.1 1.18 
1 0.08509104448327401 0.069552158829183 -0.0 0.0 1.0 1.0 1.0 0.07 0.01 
0 1.4453866235313197 0.72269331176566 -0.03 0.02 0.9812206572769951 0.9976525821596244 0.98943661971831 27.59 0.07 
1 -0.0 0.0 0.07 0.08 0.9854771784232365 0.9854771784232365 0.985477178423237 482.0 0.65 
0 0.923936856009666 0.654028668898077 0.04 0.27 0.6263498920086392 0.7278617710583153 0.677105831533477 264.37 0.23 
1 0.02253214392080778 0.0197499575531257 -0.0 0.01 0.7156626506024096 0.9975903614457832 0.856626506024096 5.06 0.1 
0 0.021722254678851236 0.0108611273394256 0.02 0.02 0.9402985074626864 0.9914712153518124 0.965884861407249 63.54 0.31 
1 0.030097958257751373 0.0286902185022557 0.1 0.1 0.9793388429752063 0.9834710743801652 0.981404958677686 484.0 0.84 
0 1.078992207877583 1.05935648935875 -0.06 0.81 1.0 0.5714285714285713 0.785714285714286 10.11 0.51 
1 0.01789792517672371 0.00894896258836186 -0.01 0.0 1.0 0.7660668380462725 0.883033419023136 0.31 0.03 
0 0.30463609734923813 0.152318048674619 -0.2 0.08 0.42307692307692313 0.6153846153846154 0.519230769230769 3.47 0.62 
1 0.0251440699125892 0.0229518966655533 -0.06 0.01 0.6761658031088082 0.8471502590673574 0.761658031088083 4.61 0.18 
0 1.2965279137874248 0.702891256961931 0.07 0.46 0.5223097112860893 0.5721784776902888 0.547244094488189 289.31 0.35 
1 -0.0 0.0 0.31 0.55 0.7580645161290323 0.7580645161290323 0.758064516129032 62.0 2.49 
0 -0.0 0.0 0.0 0.0 1.0 0.375 0.6875 0.0 0.0 
1 -0.0 0.0 0.0 0.0 1.0 1.0 1.0 0.0 0.0 
0 0.244044214043399 0.655130792365754 0.02 0.11 0.989795918367347 0.989795918367347 0.989795918367347 571.55 0.09 
1 0.7691223805667942 0.67691926485557 0.66 0.88 0.5571428571428572 0.5857142857142859 0.571428571428571 121.17 2.16 
0 -0.0 0.0 0.0 0.0 1.0 0.375 0.6875 0.0 0.0 
1 0.022083380117043378 0.0220833801170434 0.09 0.1 0.981859410430839 0.981859410430839 0.981859410430839 838.91 0.81 
0 -0.0 0.0 -0.0 -0.0 1.0 0.9812206572769951 0.990610328638498 0.0 0.0 
1 -0.0 0.0 0.0 0.0 1.0 1.0 1.0 0.0 0.0 
0 0.664316082500306 0.351090044567114 -0.0 0.0 0.938496583143508 0.988610478359909 0.963553530751708 2.03 0.09 
1 -0.0 0.0 -0.0 0.0 1.0 0.6774193548387096 0.838709677419355 0.0 0.0 
0 0.3525425103487513 0.176271255174376 -0.03 0.22 1.0 0.8064516129032256 0.903225806451613 32.88 1.66 
1 0.8720635602136072 0.447297852067208 -0.01 0.11 0.2385542168674699 0.7156626506024096 0.47710843373494 466.31 0.11 
0 0.3767701612564368 0.848829252202879 0.07 0.68 0.8888888888888888 0.8888888888888888 0.888888888888889 18.0 0.71 
1 0.09165764788996307 0.0699766348366203 -0.0 0.0 1.0 0.9818181818181818 0.990909090909091 0.1 0.01 
0 0.3805338924281298 0.199215908802427 -0.0 0.0 1.0 0.9922879177377892 0.996143958868895 0.15 0.01 
1 0.6822056867479602 0.602052179998817 0.05 0.2 0.9222462203023758 0.9546436285097192 0.938444924406048 472.98 0.93 
0 0.6365141682948128 0.318257084147406 -0.13 0.39 0.3 0.6 0.45 6.43 0.42 
1 -0.0 0.0 0.0 0.0 1.0 1.0 1.0 0.0 0.0 
0 0.6071082391575967 0.303554119578798 0.02 0.03 0.8200455580865603 0.9863325740318906 0.903189066059225 58.72 0.21 
1 0.022083380117043378 0.0220833801170434 0.09 0.1 0.981859410430839 0.981859410430839 0.981859410430839 838.91 0.85 
0 0.8923331657077299 0.510445954475296 -0.05 0.05 0.916083916083916 0.9953379953379952 0.955710955710956 95.24 0.38 
1 0.0707680768797802 0.351225226630238 -0.0 0.0 1.0 0.997695852534562 0.998847926267281 3.17 0.0 
0 -0.0 0.0 -0.0 -0.0 1.0 1.0 1.0 0.0 0.0 
1 0.030372534777978206 0.0228364363705995 -0.0 0.0 0.9894067796610168 0.9978813559322034 0.99364406779661 0.04 0.0 
0 0.34883209584303193 0.174416047921516 -0.04 0.01 1.0 0.8888888888888888 0.944444444444444 0.14 0.3 
1 -0.0 0.0 -0.0 -0.0 1.0 1.0 1.0 0.0 0.0 
0 -0.0 0.0 -0.16 0.09 0.34615384615384615 0.6153846153846154 0.480769230769231 4.35 0.54 
1 0.022083380117043378 0.0110416900585217 0.06 0.07 0.981859410430839 0.984126984126984 0.982993197278912 384.99 0.69 
0 0.9277980308365658 0.496996338173629 -0.01 0.05 0.7871396895787139 0.944567627494457 0.865853658536585 163.29 0.22 
1 0.016359415015602636 0.0163594150156026 0.05 0.05 0.9953917050691244 0.9953917050691244 0.995391705069124 868.0 0.39 
0 0.6108643020548936 0.305432151027447 0.09 0.22 0.2333333333333333 0.6666666666666665 0.45 10.43 0.32 
1 0.5297061990576545 0.439269147450343 -0.1 0.03 1.0 1.0 1.0 0.32 0.45 
0 0.42803573449734306 0.214017867248672 -0.0 0.0 1.0 0.9966442953020132 0.998322147651007 0.14 0.02 
1 0.01475818629482802 0.00737909314741401 0.01 0.01 1.0 0.9979466119096508 0.998973305954825 487.0 0.19 
0 0.022083380117043378 0.0110416900585217 -0.01 0.0 0.981859410430839 0.9886621315192744 0.985260770975057 0.1 0.01 
1 0.6895519477750732 0.344775973887537 0.0 -0.0 1.0 1.0 1.0 0.0 0.0 
0 -0.0 0.0 0.0 0.0 1.0 1.0 1.0 0.0 0.0 
1 0.04965097662992789 0.0248254883149639 -0.0 -0.0 1.0 1.0 1.0 0.0 0.0 
0 -0.0 0.0 -0.0 -0.0 1.0 0.9966442953020132 0.998322147651007 0.0 0.0 
1 -0.0 0.0 0.31 0.55 0.7580645161290323 0.7580645161290323 0.758064516129032 62.0 2.68 
0 -0.0 0.0 -0.01 0.01 0.6935483870967744 0.9838709677419354 0.838709677419355 0.45 0.12 
1 0.6730116670092564 0.336505833504628 -0.2 0.33 0.28571428571428564 0.7142857142857143 0.5 3.73 0.53 
0 0.6108643020548936 0.56719948704948 0.02 0.22 0.6666666666666665 0.8666666666666668 0.766666666666667 11.0 0.05 
1 0.04131357294242817 0.0206567864712141 0.29 0.33 0.886153846153846 0.8892307692307693 0.887692307692308 315.12 2.04 
0 0.3894087389731746 0.194704369486587 0.0 -0.0 1.0 1.0 1.0 0.0 0.0 
1 0.0740225961475812 0.128824279468757 0.41 0.69 0.5590551181102362 0.5748031496062993 0.566929133858268 381.05 2.38 
0 0.5437298474071837 0.292405984501176 -0.08 0.03 0.8835227272727273 0.940340909090909 0.911931818181818 15.7 0.29 
1 -0.0 0.0 0.37 0.44 0.16 0.16 0.16 25.0 0.2 
0 -0.0 0.0 0.0 0.0 1.0 1.0 1.0 0.0 0.0 
1 0.3250829733914482 0.162541486695724 -0.0 0.0 1.0 1.0 1.0 0.0 0.0 
0 0.42803573449734306 0.214017867248672 -0.0 -0.0 1.0 1.0 1.0 0.0 0.0 
1 -0.0 0.0 0.0 0.0 1.0 1.0 1.0 0.0 0.0 
0 0.05662157828350273 0.0283107891417514 -0.0 0.0 0.9932885906040269 0.9966442953020132 0.99496644295302 0.02 0.0 
1 0.8720635602136072 0.444515665699525 -0.01 0.0 0.2385542168674699 0.9975903614457832 0.618072289156626 0.63 0.0 
0 0.11255306916469554 0.604755291988022 -0.0 0.02 1.0 0.8475177304964538 0.923758865248227 8.79 0.03 
1 0.030372534777978206 0.0227666899680668 -0.0 0.0 1.0 0.9978813559322034 0.998940677966102 0.01 0.0 
0 0.06957694070479191 0.79795712105345 -0.04 0.05 0.8610478359908883 0.9726651480637812 0.916856492027335 491.83 0.06 
1 -0.0 0.0 -0.0 0.0 1.0 0.7580645161290323 0.879032258064516 0.0 0.0 
0 0.4629606652814273 0.23964382236776 -0.0 0.01 0.8724373576309796 0.9863325740318906 0.929384965831435 21.6 0.03 
1 0.07489355301376338 0.0508964017541222 0.5 0.63 0.6807909604519775 0.6807909604519775 0.680790960451977 354.02 2.29 
0 0.9517673227869262 0.483919840793286 0.0 0.0 1.0 0.9886621315192744 0.994331065759637 3.05 0.03 
1 0.3269547847215813 0.163477392360791 -0.01 0.01 0.9481865284974093 0.9870466321243522 0.967616580310881 3.79 0.05 
0 0.021722254678851236 0.0108611273394256 0.02 0.05 0.5628997867803837 0.9402985074626864 0.751599147121535 39.73 0.56 
