1 0.7691223805667942 0.67691926485557 0.66 0.88 0.5571428571428572 0.5857142857142859 0.571428571428571 121.17 2.16 
0 0.09908391604753189 0.393477840875547 -0.01 0.01 0.9850746268656718 0.997867803837953 0.991471215351812 4.86 0.03 
1 0.04131357294242817 0.0206567864712141 0.29 0.33 0.886153846153846 0.8892307692307693 0.887692307692308 315.12 2.04 
0 0.6331171997564925 0.493331485607266 0.03 0.09 0.947608200455581 0.9498861047835992 0.94874715261959 138.54 0.25 
1 -0.0 0.0 0.07 0.08 0.9854771784232365 0.9854771784232365 0.985477178423237 482.0 0.65 
0 0.09494031130388621 0.0715923073267971 -0.06 0.01 0.556923076923077 0.843076923076923 0.7 5.84 0.21 
1 -0.0 0.0 0.31 0.55 0.7580645161290323 0.7580645161290323 0.758064516129032 62.0 2.49 
0 0.14689728110576386 0.0734486405528819 -0.0 -0.0 1.0 1.0 1.0 0.0 0.0 
1 -0.0 0.0 -0.0 0.0 1.0 0.6774193548387096 0.838709677419355 0.0 0.0 
0 0.9556998911125344 0.477849945556267 -0.2 0.2 1.0 0.28571428571428564 0.642857142857143 2.1 0.32 
1 -0.0 0.0 0.0 0.0 1.0 1.0 1.0 0.0 0.0 
0 0.666278442414676 0.333139221207338 -0.1 0.06 1.0 0.8846153846153846 0.942307692307692 2.12 0.47 
1 0.016359415015602636 0.0163594150156026 0.05 0.05 0.9953917050691244 0.9953917050691244 0.995391705069124 868.0 0.39 
0 -0.0 0.0 -0.0 -0.0 1.0 0.9977324263038548 0.998866213151927 0.0 0.0 
1 -0.0 0.0 0.37 0.44 0.16 0.16 0.16 25.0 0.2 
0 0.17449997006024281 0.0946290781775354 -0.0 0.0 1.0 0.9876796714579056 0.993839835728953 0.05 0.01 
1 0.030372534777978206 0.0228364363705995 -0.0 0.0 0.9894067796610168 0.9978813559322034 0.99364406779661 0.04 0.0 
0 0.054410366820546084 0.027205183410273 -0.0 0.0 0.9893390191897654 0.9936034115138594 0.991471215351812 0.06 0.01 
1 0.6822056867479602 0.602052179998817 0.05 0.2 0.9222462203023758 0.9546436285097192 0.938444924406048 472.98 0.93 
0 -0.0 0.0 0.0 0.05 0.3076923076923077 0.9615384615384615 0.634615384615385 2.34 0.27 
1 0.0251440699125892 0.0229518966655533 -0.06 0.01 0.6761658031088082 0.8471502590673574 0.761658031088083 4.61 0.18 
0 0.9030752549500218 0.502591614199636 -0.0 0.0 1.0 0.7642105263157895 0.882105263157895 3.32 0.1 
1 0.666278442414676 0.333139221207338 -0.1 0.06 1.0 0.8846153846153846 0.942307692307692 2.12 0.44 
0 0.015979048625929488 0.00798952431296474 -0.01 0.0 0.921161825726141 0.9854771784232365 0.953319502074689 0.63 0.04 
1 -0.0 0.0 -0.0 -0.0 1.0 1.0 1.0 0.0 0.0 
0 0.3525425103487513 0.176271255174376 -0.06 0.19 1.0 0.7580645161290323 0.879032258064516 24.72 1.45 
1 0.0740225961475812 0.128824279468757 0.41 0.69 0.5590551181102362 0.5748031496062993 0.566929133858268 381.05 2.38 
0 1.0212081687408467 0.560647283866133 0.04 0.11 0.9164345403899722 0.9498607242339832 0.933147632311978 162.81 0.27 
1 -0.0 0.0 0.0 0.0 1.0 1.0 1.0 0.0 0.0 
0 0.20707027621364865 0.103535138106824 -0.0 0.0 0.9938775510204082 0.9979591836734693 0.995918367346939 0.06 0.01 
1 0.5297061990576545 0.439269147450343 -0.1 0.03 1.0 1.0 1.0 0.32 0.45 
0 0.6791932659915256 0.339596632995763 0.26 0.69 0.5384615384615384 0.9230769230769232 0.730769230769231 26.0 0.84 
1 0.01616684129705593 0.00808342064852796 0.02 0.02 0.9977220956719816 0.9977220956719816 0.997722095671982 439.0 0.16 
0 0.5795291220614944 0.289764561030747 0.0 -0.0 1.0 0.4359504132231405 0.71797520661157 0.0 0.0 
1 0.022083380117043378 0.0220833801170434 0.09 0.1 0.981859410430839 0.981859410430839 0.981859410430839 838.91 0.85 
0 0.5906061822440456 0.315844151919607 0.05 0.14 0.940340909090909 0.9602272727272728 0.950284090909091 238.65 0.79 
1 -0.0 0.0 -0.0 -0.0 1.0 0.9727463312368972 0.986373165618449 0.0 0.0 
0 -0.0 0.0 -0.06 0.18 0.6935483870967744 0.7580645161290323 0.725806451612903 22.68 1.48 
1 0.7865364435085352 0.401480572353747 0.08 0.13 0.9728506787330315 0.9728506787330315 0.972850678733032 442.51 0.33 
0 0.016967771185443552 0.00848388559272178 -0.0 0.0 0.9638554216867468 0.9975903614457832 0.980722891566265 0.08 0.01 
1 0.030097958257751373 0.0286902185022557 0.1 0.1 0.9793388429752063 0.9834710743801652 0.981404958677686 484.0 0.84 
0 0.5982695885852573 0.504192953436833 -0.05 0.05 1.0 1.0 1.0 0.47 0.46 
1 0.04965097662992789 0.0248254883149639 -0.0 -0.0 1.0 1.0 1.0 0.0 0.0 
0 -0.0 0.0 0.01 0.13 0.3076923076923077 0.8076923076923077 0.557692307692308 7.04 0.65 
1 -0.0 0.0 0.0 0.0 1.0 1.0 1.0 0.0 0.0 
0 0.6615632381579821 0.330781619078991 -0.02 0.14 1.0 0.75 0.875 1.6 0.32 
1 -0.0 0.0 -0.1 0.06 0.6153846153846154 0.8846153846153846 0.75 2.12 0.61 
0 0.4459524223135379 0.222976211156769 -0.09 0.25 0.8064516129032256 0.919354838709677 0.862903225806452 36.25 1.7 
1 0.08509104448327401 0.069552158829183 -0.0 0.0 1.0 1.0 1.0 0.07 0.01 
0 0.4959171118080685 0.465131557707382 0.13 0.32 1.0 0.9922879177377892 0.996143958868895 315.64 1.91 
1 0.0251440699125892 0.0125720349562946 0.53 0.63 0.6761658031088082 0.6761658031088082 0.676165803108808 386.0 2.33 
0 0.016359415015602636 0.0163270480314161 -0.0 0.0 1.0 0.9953917050691244 0.997695852534562 0.01 0.0 
1 0.6895519477750732 0.344775973887537 0.0 -0.0 1.0 1.0 1.0 0.0 0.0 
0 0.029219653025344208 0.146337819676676 -0.01 0.0 0.9817767653758542 0.9954441913439636 0.988610478359909 0.31 0.02 
1 -0.0 0.0 0.0 0.0 1.0 1.0 1.0 0.0 0.0 
0 0.06957694070479191 0.162854040550127 -0.05 0.02 0.6400911161731208 0.9726651480637812 0.806378132118451 12.75 0.07 
1 0.6895519477750732 0.344775973887537 0.0 -0.0 1.0 1.0 1.0 0.0 0.0 
0 0.3565581205895817 0.30375563264542 0.01 0.02 1.0 0.9966442953020132 0.998322147651007 32.66 0.04 
1 -0.0 0.0 -0.0 -0.0 1.0 1.0 1.0 0.0 0.0 
0 0.01616684129705593 0.00808342064852796 -0.0 0.0 0.9863325740318906 0.9977220956719816 0.992027334851936 0.03 0.0 
1 -0.0 0.0 0.0 0.0 1.0 1.0 1.0 0.0 0.0 
0 0.016967771185443552 0.0166312261163366 -0.0 0.0 1.0 0.9539170506912442 0.976958525345622 0.05 0.01 
1 -0.0 0.0 0.12 0.37 0.7580645161290323 0.8064516129032256 0.782258064516129 46.62 2.14 
0 0.3563409206018685 0.178170460300934 -0.07 0.19 0.7580645161290323 0.9838709677419354 0.870967741935484 24.84 1.42 
1 -0.0 0.0 -0.0 -0.0 1.0 0.9936034115138594 0.99680170575693 0.0 0.0 
0 -0.0 0.0 -0.02 0.03 0.5 0.9615384615384615 0.730769230769231 1.04 0.32 
1 -0.0 0.0 0.11 0.46 0.5384615384615384 0.6153846153846154 0.576923076923077 18.96 1.68 
0 0.811739998691233 0.414198828203038 -0.04 0.02 0.8905263157894738 0.943157894736842 0.916842105263158 21.11 0.07 
1 0.8720635602136072 0.447297852067208 -0.01 0.11 0.2385542168674699 0.7156626506024096 0.47710843373494 466.31 0.11 
0 0.9743147528693494 0.768324948744079 -0.13 0.32 1.0 1.0 1.0 4.44 0.6 
1 0.017217650311628238 0.0171995612854242 0.37 0.44 0.837448559670782 0.839506172839506 0.838477366255144 964.67 2.36 
0 0.16103884445583505 0.0805194222279175 -0.0 -0.0 1.0 1.0 1.0 0.0 0.0 
1 0.08509104448327401 0.042545522241637 0.0 0.0 1.0 1.0 1.0 0.0 0.0 
0 -0.0 0.0 -0.0 -0.0 1.0 0.9931972789115646 0.996598639455782 0.0 0.0 
1 -0.0 0.0 -0.0 -0.0 1.0 1.0 1.0 0.0 0.0 
0 0.36139458154547405 0.180697290772737 -0.01 0.0 0.9602272727272728 0.9829545454545452 0.971590909090909 0.72 0.07 
1 0.030372534777978206 0.0658985378330168 -0.0 0.0 0.972457627118644 0.9978813559322034 0.985169491525424 0.13 0.01 
0 1.3119025137037055 0.655951256851853 0.0 -0.0 1.0 0.40408163265306124 0.702040816326531 0.0 0.0 
1 -0.0 0.0 0.31 0.55 0.7580645161290323 0.7580645161290323 0.758064516129032 62.0 2.68 
0 0.41011631828840894 0.880950156289027 0.08 0.41 1.0 1.0 1.0 7.0 0.48 
1 -0.0 0.0 0.0 0.0 1.0 1.0 1.0 0.0 0.0 
0 0.21281101532774768 0.106405507663874 0.04 0.05 0.9829545454545452 0.9886363636363636 0.985795454545455 233.35 0.4 
1 0.8127245415610106 0.428086422879458 0.41 0.59 0.3391521197007481 0.3640897755610973 0.351620947630923 772.17 0.33 
0 0.34883209584303193 0.348832095843032 0.22 0.35 1.0 1.0 1.0 9.0 2.48 
1 0.09908391604753189 0.0495419580237659 0.04 0.04 0.9850746268656718 0.9914712153518124 0.988272921108742 266.27 0.37 
0 0.015300337963220716 0.058362439425638 0.04 0.04 0.972457627118644 0.9894067796610168 0.98093220338983 313.27 0.43 
1 -0.0 0.0 0.31 0.55 0.7580645161290323 0.7580645161290323 0.758064516129032 62.0 2.68 
0 0.07915888226942422 0.244504326821118 -0.03 0.02 0.6400911161731208 0.9749430523917996 0.80751708428246 11.11 0.16 
1 -0.0 0.0 0.3 0.36 0.8846153846153846 0.8846153846153846 0.884615384615385 26.0 2.14 
0 0.6791932659915256 0.339596632995763 -0.11 0.25 0.3076923076923077 0.9230769230769232 0.615384615384615 9.9 0.0 
1 0.01475818629482802 0.00737909314741401 0.01 0.01 1.0 0.9979466119096508 0.998973305954825 487.0 0.19 
0 1.0147687782108883 0.507384389105444 0.0 -0.0 1.0 0.9848812095032398 0.99244060475162 0.0 0.0 
1 -0.0 0.0 0.0 0.0 1.0 1.0 1.0 0.0 0.0 
0 1.01183062848278 0.50591531424139 0.0 -0.0 1.0 0.9976525821596244 0.998826291079812 0.0 0.0 
1 0.6846162778013049 0.342308138900652 0.15 0.36 0.8846153846153846 0.8846153846153846 0.884615384615385 26.0 0.82 
0 0.928529239598717 0.658968989285946 -0.05 0.09 1.0 0.7114093959731543 0.855704697986577 53.88 0.4 
1 -0.0 0.0 0.0 0.0 1.0 1.0 1.0 0.0 0.0 
0 1.5706088898972186 1.46790131059384 -0.07 0.56 0.5508474576271186 0.8538135593220338 0.702330508474576 498.35 0.2 
1 0.6730116670092564 0.336505833504628 -0.2 0.33 0.28571428571428564 0.7142857142857143 0.5 3.73 0.53 
0 0.01789792517672371 0.00894896258836186 -0.0 0.0 1.0 0.9922879177377892 0.996143958868895 0.01 0.0 
1 0.01789792517672371 0.00894896258836186 -0.01 0.0 1.0 0.7660668380462725 0.883033419023136 0.31 0.03 
0 0.6691066329624924 0.659547257476908 0.05 0.22 0.17901234567901234 0.9876543209876544 0.583333333333333 190.16 0.11 
1 0.0707680768797802 0.351225226630238 -0.0 0.0 1.0 0.997695852534562 0.998847926267281 3.17 0.0 
0 0.021722254678851236 0.0108611273394256 0.02 0.05 0.5628997867803837 0.9402985074626864 0.751599147121535 39.73 0.56 
1 -0.0 0.0 0.31 0.55 0.7580645161290323 0.7580645161290323 0.758064516129032 62.0 2.49 
0 -0.0 0.0 0.0 0.0 1.0 1.0 1.0 0.0 0.0 
1 -0.0 0.0 0.0 0.0 1.0 1.0 1.0 0.0 0.0 
0 -0.0 0.0 -0.0 -0.0 1.0 1.0 1.0 0.0 0.0 
1 -0.0 0.0 0.0 0.0 1.0 1.0 1.0 0.0 0.0 
0 0.6681369026482501 0.352019563627563 -0.0 0.0 0.9676025917926566 0.9956803455723539 0.981641468682505 2.12 0.07 
1 -0.0 0.0 0.0 0.0 1.0 1.0 1.0 0.0 0.0 
0 0.057146758033893234 0.0285733790169466 -0.0 -0.0 1.0 0.9782082324455202 0.98910411622276 0.0 0.0 
1 -0.0 0.0 -0.0 0.0 1.0 0.6153846153846154 0.807692307692308 0.0 0.0 
0 0.01516084515815546 0.690177288224313 -0.0 0.0 1.0 0.8538135593220338 0.926906779661017 2.17 0.01 
1 0.07489355301376338 0.0508964017541222 0.5 0.63 0.6807909604519775 0.6807909604519775 0.680790960451977 354.02 2.29 
0 0.3565581205895817 0.178279060294791 -0.0 0.0 1.0 0.9966442953020132 0.998322147651007 0.08 0.01 
1 0.8720635602136072 0.444515665699525 -0.01 0.0 0.2385542168674699 0.9975903614457832 0.618072289156626 0.63 0.0 
0 0.3889902731630429 0.194495136581521 0.0 -0.0 1.0 0.9346246973365616 0.967312348668281 0.0 0.0 
1 -0.0 0.0 -0.0 -0.0 1.0 1.0 1.0 0.0 0.0 
0 0.35354577145803917 0.17677288572902 -0.06 0.04 0.6400911161731208 0.9498861047835992 0.79498861047836 30.19 0.08 
1 -0.0 0.0 -0.0 0.0 1.0 0.7083333333333334 0.854166666666667 0.0 0.0 
0 -0.0 0.0 -0.06 0.18 0.6935483870967744 0.7580645161290323 0.725806451612903 22.68 1.48 
1 0.02253214392080778 0.0197499575531257 -0.0 0.01 0.7156626506024096 0.9975903614457832 0.856626506024096 5.06 0.1 
0 0.4459524223135379 0.445952422313538 0.24 0.69 0.919354838709677 0.919354838709677 0.919354838709677 186.0 2.44 
1 -0.0 0.0 -0.0 0.0 1.0 0.7580645161290323 0.879032258064516 0.0 0.0 
0 0.3525425103487513 0.176271255174376 -0.06 0.19 1.0 0.7580645161290323 0.879032258064516 24.72 1.45 
1 0.0947607483566568 0.232756230915289 0.02 0.03 0.9678111587982832 0.9806866952789698 0.974248927038627 84.69 0.27 
0 0.0 0.0 0.0 0.0 0.0 0.0 0.0 0.0 0.0 
1 0.3250829733914482 0.162541486695724 -0.0 0.0 1.0 1.0 1.0 0.0 0.0 
0 0.1182332903886191 0.0591166451943096 -0.0 0.0 0.988479262672811 0.9953917050691244 0.991935483870968 0.07 0.01 
1 0.022083380117043378 0.0110416900585217 0.06 0.07 0.981859410430839 0.984126984126984 0.982993197278912 384.99 0.69 
0 0.8933622162954412 0.467337894618935 0.06 0.17 0.8892307692307693 0.8923076923076922 0.890769230769231 165.69 0.83 
1 0.3269547847215813 0.163477392360791 -0.01 0.01 0.9481865284974093 0.9870466321243522 0.967616580310881 3.79 0.05 
0 0.04824430334970792 0.0447789381460681 -0.04 0.02 0.843076923076923 0.8892307692307693 0.866153846153846 8.38 0.36 
1 0.030372534777978206 0.0227666899680668 -0.0 0.0 1.0 0.9978813559322034 0.998940677966102 0.01 0.0 
0 0.3563409206018685 0.35444171547531 0.09 0.35 1.0 0.9838709677419354 0.991935483870968 62.0 2.26 
1 -0.0 0.0 -0.0 -0.0 1.0 1.0 1.0 0.0 0.0 
0 0.29170992255894307 0.157882144384882 0.04 0.05 1.0 0.9581881533101044 0.979094076655052 98.09 0.61 
1 0.3742549310896416 0.187127465544821 -0.03 0.02 0.7660668380462725 0.9974293059125964 0.881748071979434 15.62 0.69 
0 -0.0 0.0 -0.0 -0.0 1.0 0.9948586118251928 0.997429305912596 0.0 0.0 
