1 0.08509104448327401 0.042545522241637 0.0 0.0 1.0 1.0 1.0 0.0 0.0 
0 0.25095314470125835 0.125476572350629 -0.0 -0.0 1.0 0.9966442953020132 0.998322147651007 0.0 0.0 
1 -0.0 0.0 0.12 0.37 0.7580645161290323 0.8064516129032256 0.782258064516129 46.62 2.14 
0 0.3563409206018685 0.178170460300934 -0.07 0.19 0.7580645161290323 0.9838709677419354 0.870967741935484 24.84 1.42 
1 0.016359415015602636 0.0163594150156026 0.05 0.05 0.9953917050691244 0.9953917050691244 0.995391705069124 868.0 0.39 
0 0.09651393728015299 0.0482569686400765 -0.0 0.0 1.0 0.9966442953020132 0.998322147651007 0.02 0.0 
1 -0.0 0.0 -0.0 -0.0 1.0 1.0 1.0 0.0 0.0 
0 -0.0 0.0 0.0 -0.0 1.0 0.7660668380462725 0.883033419023136 0.0 0.0 
1 0.0740225961475812 0.128824279468757 0.41 0.69 0.5590551181102362 0.5748031496062993 0.566929133858268 381.05 2.38 
0 0.34785640375170473 0.254753734212167 -0.0 0.05 1.0 0.8581560283687942 0.929078014184397 38.35 0.4 
1 0.6895519477750732 0.344775973887537 0.0 -0.0 1.0 1.0 1.0 0.0 0.0 
0 -0.0 0.0 -0.0 0.0 1.0 0.5 0.75 0.0 0.0 
1 -0.0 0.0 0.31 0.55 0.7580645161290323 0.7580645161290323 0.758064516129032 62.0 2.49 
0 0.821654712766377 0.526503328511222 -0.0 0.03 1.0 0.9917864476386036 0.995893223819302 59.56 0.11 
1 -0.0 0.0 0.0 0.0 1.0 1.0 1.0 0.0 0.0 
0 0.09125460025639655 0.173692870325929 -0.07 0.01 0.6400911161731208 0.8724373576309796 0.75626423690205 7.05 0.24 
1 0.8127245415610106 0.428086422879458 0.41 0.59 0.3391521197007481 0.3640897755610973 0.351620947630923 772.17 0.33 
0 0.04331307121396799 0.563779117502342 -0.03 0.08 0.9242105263157896 0.9726315789473684 0.948421052631579 167.46 0.21 
1 0.030097958257751373 0.0286902185022557 0.1 0.1 0.9793388429752063 0.9834710743801652 0.981404958677686 484.0 0.84 
0 0.01740101312167224 0.0171843921535579 -0.0 0.0 0.9686746987951808 0.9975903614457832 0.983132530120482 0.07 0.01 
1 0.07489355301376338 0.0508964017541222 0.5 0.63 0.6807909604519775 0.6807909604519775 0.680790960451977 354.02 2.29 
0 0.3767701612564368 0.362801128549734 0.17 0.35 1.0 0.8888888888888888 0.944444444444444 9.0 1.62 
1 0.3742549310896416 0.187127465544821 -0.03 0.02 0.7660668380462725 0.9974293059125964 0.881748071979434 15.62 0.69 
0 0.28735403618953503 0.153039403467109 -0.01 0.01 0.9413265306122448 0.9489795918367347 0.94515306122449 2.99 0.16 
1 -0.0 0.0 -0.0 -0.0 1.0 1.0 1.0 0.0 0.0 
0 0.14689728110576386 0.0734486405528819 -0.0 -0.0 1.0 1.0 1.0 0.0 0.0 
1 0.08509104448327401 0.069552158829183 -0.0 0.0 1.0 1.0 1.0 0.07 0.01 
0 0.3563409206018685 0.178170460300934 -0.05 0.22 0.7580645161290323 0.9838709677419354 0.870967741935484 28.78 1.6 
1 -0.0 0.0 0.3 0.36 0.8846153846153846 0.8846153846153846 0.884615384615385 26.0 2.14 
0 0.08627855491407438 0.0431392774570372 -0.0 0.0 0.985542168674699 0.9927710843373492 0.989156626506024 0.12 0.01 
1 0.5297061990576545 0.439269147450343 -0.1 0.03 1.0 1.0 1.0 0.32 0.45 
0 0.5982695885852573 0.83863089823142 0.04 0.33 1.0 1.0 1.0 3.73 0.76 
1 -0.0 0.0 0.0 0.0 1.0 1.0 1.0 0.0 0.0 
0 -0.0 0.0 0.01 0.01 0.9979591836734693 0.9979591836734693 0.997959183673469 490.0 0.17 
1 -0.0 0.0 -0.0 -0.0 1.0 1.0 1.0 0.0 0.0 
0 0.2489102793527851 0.230860647340266 -0.07 0.01 0.875 0.9886363636363636 0.931818181818182 5.06 0.26 
1 -0.0 0.0 0.0 0.0 1.0 1.0 1.0 0.0 0.0 
0 0.3615394778944647 0.256772394365334 -0.08 0.01 1.0 0.919354838709677 0.959677419354839 1.3 0.13 
1 0.01616684129705593 0.00808342064852796 0.02 0.02 0.9977220956719816 0.9977220956719816 0.997722095671982 439.0 0.16 
0 -0.0 0.0 0.01 0.01 0.9979591836734693 0.9979591836734693 0.997959183673469 490.0 0.17 
1 0.6730116670092564 0.336505833504628 -0.2 0.33 0.28571428571428564 0.7142857142857143 0.5 3.73 0.53 
0 1.4453866235313197 0.72269331176566 0.0 -0.0 1.0 0.9976525821596244 0.998826291079812 0.0 0.0 
1 -0.0 0.0 0.31 0.55 0.7580645161290323 0.7580645161290323 0.758064516129032 62.0 2.68 
0 -0.0 0.0 0.43 0.68 0.5842293906810035 0.5842293906810035 0.584229390681004 279.0 2.02 
1 -0.0 0.0 -0.1 0.06 0.6153846153846154 0.8846153846153846 0.75 2.12 0.61 
0 0.03578922484588708 0.0178946124229435 -0.0 -0.0 1.0 1.0 1.0 0.0 0.0 
1 -0.0 0.0 0.0 0.0 1.0 1.0 1.0 0.0 0.0 
0 1.5067139955038629 0.817730539866448 0.01 0.15 0.9136069114470842 0.9524838012958964 0.93304535637149 293.29 0.35 
1 0.8720635602136072 0.447297852067208 -0.01 0.11 0.2385542168674699 0.7156626506024096 0.47710843373494 466.31 0.11 
0 -0.0 0.0 0.0 0.0 1.0 0.75 0.875 0.0 0.0 
1 0.01789792517672371 0.00894896258836186 -0.01 0.0 1.0 0.7660668380462725 0.883033419023136 0.31 0.03 
0 0.0628093679942407 0.321730561611993 0.04 0.05 0.9005102040816326 0.997448979591837 0.948979591836735 401.34 0.19 
1 0.7691223805667942 0.67691926485557 0.66 0.88 0.5571428571428572 0.5857142857142859 0.571428571428571 121.17 2.16 
0 0.023266578733959636 0.761900281737068 -0.01 0.0 1.0 0.9965156794425089 0.998257839721254 2.06 0.1 
1 0.0947607483566568 0.0769695270739669 0.09 0.1 0.9806866952789698 0.982832618025751 0.981759656652361 445.71 0.81 
0 0.0324357255404604 0.0162178627702302 -0.0 -0.0 1.0 0.9922879177377892 0.996143958868895 0.0 0.0 
1 -0.0 0.0 0.37 0.44 0.16 0.16 0.16 25.0 0.2 
0 0.1527320203489409 0.0763660101744704 -0.0 -0.0 1.0 1.0 1.0 0.0 0.0 
1 0.8720635602136072 0.444515665699525 -0.01 0.0 0.2385542168674699 0.9975903614457832 0.618072289156626 0.63 0.0 
0 0.7843037925952074 0.400299236821218 -0.0 0.0 1.0 0.4700460829493088 0.735023041474654 0.89 0.02 
1 -0.0 0.0 0.31 0.55 0.7580645161290323 0.7580645161290323 0.758064516129032 62.0 2.68 
0 0.905891303418349 0.452945651709175 0.01 0.02 0.9863325740318906 0.990888382687927 0.988610478359909 24.13 0.24 
1 -0.0 0.0 0.43 0.68 0.5842293906810035 0.5842293906810035 0.584229390681004 279.0 2.02 
0 0.016897794165734926 0.00844889708286746 -0.0 -0.0 1.0 0.97423887587822 0.98711943793911 0.0 0.0 
1 0.6846162778013049 0.342308138900652 0.15 0.36 0.8846153846153846 0.8846153846153846 0.884615384615385 26.0 0.82 
0 0.04667886203059532 0.233157318485041 -0.0 0.0 0.9929577464788734 0.9976525821596244 0.995305164319249 1.08 0.06 
1 0.022083380117043378 0.0110416900585217 0.06 0.07 0.981859410430839 0.984126984126984 0.982993197278912 384.99 0.69 
0 0.9517673227869262 0.475883661393463 0.0 -0.0 1.0 0.9886621315192744 0.994331065759637 0.0 0.0 
1 0.09908391604753189 0.0495419580237659 0.04 0.04 0.9850746268656718 0.9914712153518124 0.988272921108742 266.27 0.37 
0 0.6472565428776306 0.42716340954564 -0.01 0.02 0.9938775510204082 0.9979591836734693 0.995918367346939 14.26 0.16 
1 -0.0 0.0 0.0 0.0 1.0 1.0 1.0 0.0 0.0 
0 1.0608560363487478 0.530428018174374 -0.0 0.0 0.988610478359909 0.9977220956719816 0.993166287015945 0.57 0.02 
1 -0.0 0.0 -0.0 0.0 1.0 0.6774193548387096 0.838709677419355 0.0 0.0 
0 0.05755265252972321 0.0287763262648616 0.05 0.05 0.984126984126984 0.9886621315192744 0.986394557823129 313.56 0.52 
1 -0.0 0.0 -0.0 -0.0 1.0 0.9727463312368972 0.986373165618449 0.0 0.0 
0 0.6791932659915256 0.339596632995763 0.16 0.67 0.6153846153846154 0.9230769230769232 0.769230769230769 26.0 0.54 
1 0.0707680768797802 0.351225226630238 -0.0 0.0 1.0 0.997695852534562 0.998847926267281 3.17 0.0 
0 0.05755265252972321 0.0954730679302926 0.0 0.01 0.984126984126984 0.9954648526077096 0.989795918367347 30.44 0.06 
1 -0.0 0.0 0.0 0.0 1.0 1.0 1.0 0.0 0.0 
0 0.0686896972073366 0.340787588656413 -0.06 0.01 0.7349397590361446 0.983132530120482 0.859036144578313 6.67 0.19 
1 0.030372534777978206 0.0228364363705995 -0.0 0.0 0.9894067796610168 0.9978813559322034 0.99364406779661 0.04 0.0 
0 0.9556998911125344 0.776984739848896 -0.0 0.2 1.0 1.0 1.0 2.1 0.7 
1 -0.0 0.0 -0.0 -0.0 1.0 1.0 1.0 0.0 0.0 
0 0.25230867170216453 0.202520346025553 -0.0 0.01 1.0 1.0 1.0 9.59 0.03 
1 -0.0 0.0 0.0 0.0 1.0 1.0 1.0 0.0 0.0 
0 0.14689728110576386 0.0734486405528819 -0.0 -0.0 1.0 1.0 1.0 0.0 0.0 
1 0.01475818629482802 0.00737909314741401 0.01 0.01 1.0 0.9979466119096508 0.998973305954825 487.0 0.19 
0 1.2770342594661392 1.15837751515303 -0.0 1.0 1.0 0.5714285714285713 0.785714285714286 14.78 0.27 
1 -0.0 0.0 0.11 0.46 0.5384615384615384 0.6153846153846154 0.576923076923077 18.96 1.68 
0 0.7569669131450216 0.378483456572511 -0.01 0.0 1.0 0.9886363636363636 0.994318181818182 0.99 0.08 
1 -0.0 0.0 -0.0 0.0 1.0 0.6153846153846154 0.807692307692308 0.0 0.0 
0 0.8465160453282295 0.423258022664115 -0.0 0.01 0.9897330595482546 0.9979466119096508 0.993839835728953 97.82 0.02 
1 0.022083380117043378 0.0220833801170434 0.09 0.1 0.981859410430839 0.981859410430839 0.981859410430839 838.91 0.85 
0 0.9517673227869262 0.475883661393463 0.0 0.01 0.9886621315192744 0.9977324263038548 0.993197278911565 8.02 0.04 
1 0.6895519477750732 0.344775973887537 0.0 -0.0 1.0 1.0 1.0 0.0 0.0 
0 0.0707680768797802 0.0353840384398901 -0.0 -0.0 1.0 0.997695852534562 0.998847926267281 0.0 0.0 
1 0.02253214392080778 0.0197499575531257 -0.0 0.01 0.7156626506024096 0.9975903614457832 0.856626506024096 5.06 0.1 
0 0.7065442778104265 0.439552755486544 -0.08 0.05 1.0 0.9578947368421052 0.978947368421053 37.31 0.0 
1 0.017217650311628238 0.0171995612854242 0.37 0.44 0.837448559670782 0.839506172839506 0.838477366255144 964.67 2.36 
0 0.3708082825784814 0.243213440085379 0.04 0.05 1.0 1.0 1.0 146.99 0.38 
1 -0.0 0.0 0.0 0.0 1.0 1.0 1.0 0.0 0.0 
0 0.9920983705533672 0.503507425451259 0.01 0.03 0.9793388429752063 0.9938016528925618 0.986570247933884 179.38 0.12 
1 0.6846162778013049 0.342308138900652 0.15 0.36 0.8846153846153846 0.8846153846153846 0.884615384615385 26.0 0.82 
0 0.666278442414676 0.333139221207338 -0.15 0.02 1.0 0.8076923076923077 0.903846153846154 0.89 0.33 
1 0.0251440699125892 0.0229518966655533 -0.06 0.01 0.6761658031088082 0.8471502590673574 0.761658031088083 4.61 0.18 
0 0.27384907245785556 0.136924536228928 0.0 -0.0 1.0 0.9229024943310656 0.961451247165533 0.0 0.0 
1 -0.0 0.0 0.0 0.0 1.0 1.0 1.0 0.0 0.0 
0 0.016967771185443552 0.00848388559272178 -0.0 0.0 0.9539170506912442 0.9953917050691244 0.974654377880184 0.1 0.01 
1 0.030372534777978206 0.0227666899680668 -0.0 0.0 1.0 0.9978813559322034 0.998940677966102 0.01 0.0 
0 1.01183062848278 0.50591531424139 0.0 -0.0 1.0 0.9976525821596244 0.998826291079812 0.0 0.0 
1 -0.0 0.0 0.07 0.08 0.9854771784232365 0.9854771784232365 0.985477178423237 482.0 0.65 
0 0.9556998911125344 0.819303997906503 0.06 0.68 1.0 1.0 1.0 7.0 1.12 
1 0.666278442414676 0.333139221207338 -0.1 0.06 1.0 0.8846153846153846 0.942307692307692 2.12 0.44 
0 0.05755265252972321 0.0398180163233833 -0.01 0.0 0.981859410430839 0.984126984126984 0.982993197278912 0.23 0.02 
1 0.022083380117043378 0.0220833801170434 0.09 0.1 0.981859410430839 0.981859410430839 0.981859410430839 838.91 0.81 
0 -0.0 0.0 -0.06 0.18 0.6935483870967744 0.7580645161290323 0.725806451612903 22.68 1.48 
1 -0.0 0.0 0.31 0.55 0.7580645161290323 0.7580645161290323 0.758064516129032 62.0 2.49 
0 0.4959171118080685 0.438225502118099 0.07 0.17 0.9922879177377892 0.9922879177377892 0.992287917737789 537.91 1.38 
1 0.04965097662992789 0.0248254883149639 -0.0 -0.0 1.0 1.0 1.0 0.0 0.0 
0 0.8645984701429459 0.444750092586388 -0.19 0.03 1.0 0.5628997867803837 0.781449893390192 17.12 0.16 
1 -0.0 0.0 -0.0 -0.0 1.0 0.9936034115138594 0.99680170575693 0.0 0.0 
0 0.0324357255404604 0.0162178627702302 0.03 0.03 0.9922879177377892 0.9948586118251928 0.993573264781491 258.66 0.28 
1 -0.0 0.0 -0.0 -0.0 1.0 1.0 1.0 0.0 0.0 
0 -0.0 0.0 0.0 0.0 1.0 0.125 0.5625 0.0 0.0 
1 -0.0 0.0 0.0 0.0 1.0 1.0 1.0 0.0 0.0 
0 0.6615632381579821 0.330781619078991 0.0 0.0 1.0 1.0 1.0 0.0 0.0 
1 0.030372534777978206 0.0658985378330168 -0.0 0.0 0.972457627118644 0.9978813559322034 0.985169491525424 0.13 0.01 
0 -0.0 0.0 -0.0 -0.0 1.0 0.9979591836734693 0.998979591836735 0.0 0.0 
1 0.6822056867479602 0.602052179998817 0.05 0.2 0.9222462203023758 0.9546436285097192 0.938444924406048 472.98 0.93 
0 0.4459524223135379 0.222976211156769 -0.13 0.2 0.7580645161290323 0.919354838709677 0.838709677419355 26.67 1.43 
1 -0.0 0.0 0.0 0.0 1.0 1.0 1.0 0.0 0.0 
0 -0.0 0.0 0.0 0.0 1.0 1.0 1.0 0.0 0.0 
1 0.0947607483566568 0.232756230915289 0.02 0.03 0.9678111587982832 0.9806866952789698 0.974248927038627 84.69 0.27 
0 0.6730116670092564 0.524890914132847 -0.2 0.22 0.5555555555555555 0.8888888888888888 0.722222222222222 3.21 0.72 
1 -0.0 0.0 -0.0 -0.0 1.0 0.9977324263038548 0.998866213151927 0.0 0.0 
0 0.016897794165734926 0.00844889708286746 -0.0 -0.0 1.0 0.97423887587822 0.98711943793911 0.0 0.0 
1 -0.0 0.0 -0.0 0.0 1.0 0.7083333333333334 0.854166666666667 0.0 0.0 
0 -0.0 0.0 0.0 0.0 1.0 0.9932279909706544 0.996613995485327 0.0 0.0 
1 0.3269547847215813 0.163477392360791 -0.01 0.01 0.9481865284974093 0.9870466321243522 0.967616580310881 3.79 0.05 
0 0.04131357294242817 0.0206567864712141 0.0 -0.0 1.0 0.8892307692307693 0.944615384615385 0.0 0.0 
