1 -0.0 0.0 -0.0 -0.0 1.0 0.9936034115138594 0.99680170575693 0.0 0.0 
0 -0.0 0.0 0.31 0.55 0.7580645161290323 0.7580645161290323 0.758064516129032 62.0 2.49 
1 -0.0 0.0 0.31 0.55 0.7580645161290323 0.7580645161290323 0.758064516129032 62.0 2.68 
0 0.30463609734923813 0.152318048674619 0.11 0.22 0.42307692307692313 0.8076923076923077 0.615384615384615 9.9 1.37 
1 -0.0 0.0 0.11 0.46 0.5384615384615384 0.6153846153846154 0.576923076923077 18.96 1.68 
0 0.01607235879964646 0.00803617939982323 -0.0 0.0 0.9932279909706544 0.9954853273137698 0.994356659142212 0.02 0.0 
1 0.02253214392080778 0.0197499575531257 -0.0 0.01 0.7156626506024096 0.9975903614457832 0.856626506024096 5.06 0.1 
0 0.06219281179296066 0.0310964058964803 -0.0 0.0 1.0 0.6703786191536748 0.835189309576837 0.0 0.0 
1 -0.0 0.0 0.0 0.0 1.0 1.0 1.0 0.0 0.0 
0 0.054410366820546084 0.027205183410273 -0.0 0.0 0.9893390191897654 0.9936034115138594 0.991471215351812 0.06 0.01 
1 -0.0 0.0 0.31 0.55 0.7580645161290323 0.7580645161290323 0.758064516129032 62.0 2.68 
0 0.14689728110576386 0.0734486405528819 -0.0 0.0 1.0 0.9966442953020132 0.998322147651007 0.03 0.01 
1 0.07489355301376338 0.0508964017541222 0.5 0.63 0.6807909604519775 0.6807909604519775 0.680790960451977 354.02 2.29 
0 0.15377968767542066 0.0768898438377103 -0.0 0.0 1.0 0.9977324263038548 0.998866213151927 0.03 0.0 
1 -0.0 0.0 -0.0 -0.0 1.0 0.9977324263038548 0.998866213151927 0.0 0.0 
0 0.3767701612564368 0.188385080628218 0.28 0.35 0.8888888888888888 0.8888888888888888 0.888888888888889 9.0 1.73 
1 0.030372534777978206 0.0228364363705995 -0.0 0.0 0.9894067796610168 0.9978813559322034 0.99364406779661 0.04 0.0 
0 -0.0 0.0 -0.0 -0.0 1.0 1.0 1.0 0.0 0.0 
1 0.0947607483566568 0.0769695270739669 0.09 0.1 0.9806866952789698 0.982832618025751 0.981759656652361 445.71 0.81 
0 0.36139458154547405 0.256945390686777 0.05 0.09 1.0 0.9602272727272728 0.980113636363636 563.65 0.59 
1 -0.0 0.0 0.0 0.0 1.0 1.0 1.0 0.0 0.0 
0 0.6622618696488148 0.631828097907448 0.11 0.38 1.0 0.8723404255319149 0.936170212765957 257.94 1.81 
1 0.8127245415610106 0.428086422879458 0.41 0.59 0.3391521197007481 0.3640897755610973 0.351620947630923 772.17 0.33 
0 -0.0 0.0 -0.0 0.0 0.9966442953020132 0.9966442953020132 0.996644295302013 0.0 0.0 
1 -0.0 0.0 0.37 0.44 0.16 0.16 0.16 25.0 0.2 
0 0.14689728110576386 0.0734486405528819 -0.0 0.0 1.0 0.9966442953020132 0.998322147651007 0.03 0.01 
1 0.017217650311628238 0.0171995612854242 0.37 0.44 0.837448559670782 0.839506172839506 0.838477366255144 964.67 2.36 
0 0.6533741452692534 0.358091756631747 -0.01 0.0 0.9948979591836736 0.997448979591837 0.996173469387755 1.01 0.06 
1 0.6822056867479602 0.602052179998817 0.05 0.2 0.9222462203023758 0.9546436285097192 0.938444924406048 472.98 0.93 
0 0.022083380117043378 0.0190778694583449 -0.0 0.0 1.0 0.981859410430839 0.99092970521542 0.02 0.0 
1 0.01789792517672371 0.00894896258836186 -0.01 0.0 1.0 0.7660668380462725 0.883033419023136 0.31 0.03 
0 0.25230867170216453 0.126154335851082 0.01 0.02 1.0 0.9953161592505854 0.997658079625293 63.99 0.2 
1 -0.0 0.0 0.12 0.37 0.7580645161290323 0.8064516129032256 0.782258064516129 46.62 2.14 
0 -0.0 0.0 -0.0 -0.0 1.0 1.0 1.0 0.0 0.0 
1 0.030372534777978206 0.0658985378330168 -0.0 0.0 0.972457627118644 0.9978813559322034 0.985169491525424 0.13 0.01 
0 0.05662157828350273 0.0283107891417514 -0.0 -0.0 1.0 0.9932885906040269 0.996644295302013 0.0 0.0 
1 -0.0 0.0 -0.0 0.0 1.0 0.6774193548387096 0.838709677419355 0.0 0.0 
0 1.0147687782108883 0.507384389105444 0.0 -0.0 1.0 0.9848812095032398 0.99244060475162 0.0 0.0 
1 -0.0 0.0 0.0 0.0 1.0 1.0 1.0 0.0 0.0 
0 0.804637919054263 0.763618846026109 -0.08 0.09 0.41723356009070284 0.9591836734693876 0.688208616780045 63.47 0.06 
1 0.01475818629482802 0.00737909314741401 0.01 0.01 1.0 0.9979466119096508 0.998973305954825 487.0 0.19 
0 0.6127954659992856 0.325743528343726 -0.0 0.0 1.0 1.0 1.0 0.04 0.01 
1 0.030097958257751373 0.0286902185022557 0.1 0.1 0.9793388429752063 0.9834710743801652 0.981404958677686 484.0 0.84 
0 -0.0 0.0 -0.11 0.03 0.7083333333333334 0.9166666666666664 0.8125 0.9 0.41 
1 -0.0 0.0 0.0 0.0 1.0 1.0 1.0 0.0 0.0 
0 0.023546567098459075 0.774941934250284 -0.23 0.02 0.6423690205011389 0.8610478359908883 0.751708428246014 19.71 0.29 
1 -0.0 0.0 0.0 0.0 1.0 1.0 1.0 0.0 0.0 
0 -0.0 0.0 0.39 0.62 0.6935483870967744 0.6935483870967744 0.693548387096774 62.0 2.6 
1 -0.0 0.0 0.0 0.0 1.0 1.0 1.0 0.0 0.0 
0 0.7906389209809128 0.558796852851247 0.06 0.21 0.9766839378238344 0.9870466321243522 0.981865284974093 484.72 0.79 
1 -0.0 0.0 0.0 0.0 1.0 1.0 1.0 0.0 0.0 
0 0.20161353588532901 0.100806767942664 -0.0 0.0 1.0 0.9966442953020132 0.998322147651007 0.05 0.01 
1 0.6895519477750732 0.344775973887537 0.0 -0.0 1.0 1.0 1.0 0.0 0.0 
0 0.767183707147163 0.605375995780726 0.09 0.49 0.8295454545454547 0.909090909090909 0.869318181818182 530.04 1.98 
1 -0.0 0.0 -0.0 -0.0 1.0 1.0 1.0 0.0 0.0 
0 0.5171809428938084 0.272231710820284 -0.01 0.0 1.0 0.9793388429752063 0.989669421487603 2.26 0.1 
1 -0.0 0.0 -0.0 -0.0 1.0 0.9727463312368972 0.986373165618449 0.0 0.0 
0 0.308891104846187 0.154445552423093 0.0 -0.0 1.0 0.987780040733198 0.993890020366599 0.0 0.0 
1 -0.0 0.0 0.0 0.0 1.0 1.0 1.0 0.0 0.0 
0 0.1520053108362029 0.0760026554181015 0.02 0.15 0.6935483870967744 0.919354838709677 0.806451612903226 17.86 1.28 
1 0.8720635602136072 0.444515665699525 -0.01 0.0 0.2385542168674699 0.9975903614457832 0.618072289156626 0.63 0.0 
0 0.9556998911125344 0.776984739848896 -0.13 0.2 1.0 1.0 1.0 2.1 0.84 
1 0.08509104448327401 0.069552158829183 -0.0 0.0 1.0 1.0 1.0 0.07 0.01 
0 -0.0 0.0 0.31 0.55 0.7580645161290323 0.7580645161290323 0.758064516129032 62.0 2.49 
1 0.7865364435085352 0.401480572353747 0.08 0.13 0.9728506787330315 0.9728506787330315 0.972850678733032 442.51 0.33 
0 0.6829081047004717 0.341454052350236 0.14 0.6 0.5 0.8076923076923077 0.653846153846154 22.8 0.73 
1 0.09908391604753189 0.0495419580237659 0.04 0.04 0.9850746268656718 0.9914712153518124 0.988272921108742 266.27 0.37 
0 0.4319626568589969 0.215981328429498 -0.0 -0.0 1.0 0.9914712153518124 0.995735607675906 0.0 0.0 
1 -0.0 0.0 -0.0 -0.0 1.0 1.0 1.0 0.0 0.0 
0 0.022083380117043378 0.0110416900585217 0.0 -0.0 1.0 0.981859410430839 0.99092970521542 0.0 0.0 
1 0.0947607483566568 0.232756230915289 0.02 0.03 0.9678111587982832 0.9806866952789698 0.974248927038627 84.69 0.27 
0 0.5437298474071837 0.28938662168683 -0.02 0.0 1.0 0.8835227272727273 0.941761363636364 0.72 0.05 
1 -0.0 0.0 -0.0 0.0 1.0 0.7083333333333334 0.854166666666667 0.0 0.0 
0 0.01497005434010946 0.00748502717005473 -0.0 0.0 0.977551020408163 0.9979591836734693 0.987755102040816 0.03 0.0 
1 0.0251440699125892 0.0229518966655533 -0.06 0.01 0.6761658031088082 0.8471502590673574 0.761658031088083 4.61 0.18 
0 0.01607235879964646 0.00803617939982323 -0.0 0.0 1.0 0.9863945578231293 0.993197278911565 0.01 0.0 
1 -0.0 0.0 0.31 0.55 0.7580645161290323 0.7580645161290323 0.758064516129032 62.0 2.49 
0 -0.0 0.0 0.0 0.0 1.0 0.375 0.6875 0.0 0.0 
1 0.8720635602136072 0.447297852067208 -0.01 0.11 0.2385542168674699 0.7156626506024096 0.47710843373494 466.31 0.11 
0 -0.0 0.0 0.33 0.55 0.6774193548387096 0.6935483870967744 0.685483870967742 57.53 2.49 
1 0.3742549310896416 0.187127465544821 -0.03 0.02 0.7660668380462725 0.9974293059125964 0.881748071979434 15.62 0.69 
0 0.9743147528693494 0.487157376434675 0.07 0.38 1.0 0.125 0.5625 8.0 0.18 
1 0.04131357294242817 0.0206567864712141 0.29 0.33 0.886153846153846 0.8892307692307693 0.887692307692308 315.12 2.04 
0 0.900256051268537 1.32473532428805 0.07 0.28 0.8602150537634408 0.08602150537634409 0.473118279569892 124.21 0.0 
1 0.016359415015602636 0.0163594150156026 0.05 0.05 0.9953917050691244 0.9953917050691244 0.995391705069124 868.0 0.39 
0 0.6867648001858452 0.991646356986635 -0.09 0.12 1.0 0.5223097112860893 0.761154855643045 87.93 0.02 
1 0.6846162778013049 0.342308138900652 0.15 0.36 0.8846153846153846 0.8846153846153846 0.884615384615385 26.0 0.82 
0 0.8216879017449253 0.490848225568136 -0.1 0.05 0.8548387096774194 0.9815668202764976 0.918202764976959 41.31 0.55 
1 0.04965097662992789 0.0248254883149639 -0.0 -0.0 1.0 1.0 1.0 0.0 0.0 
0 0.35354577145803917 0.188546169278249 -0.07 0.04 0.6423690205011389 0.9498861047835992 0.796127562642369 30.45 0.09 
1 0.0251440699125892 0.0125720349562946 0.53 0.63 0.6761658031088082 0.6761658031088082 0.676165803108808 386.0 2.33 
0 0.532506047065826 0.274465374132392 -0.05 0.01 0.6703786191536748 0.9576837416481068 0.814031180400891 8.59 0.23 
1 0.6895519477750732 0.344775973887537 0.0 -0.0 1.0 1.0 1.0 0.0 0.0 
0 0.04708051459985158 0.78670890800098 -0.23 0.03 0.6423690205011389 0.8610478359908883 0.751708428246014 21.8 0.28 
1 -0.0 0.0 -0.0 -0.0 1.0 1.0 1.0 0.0 0.0 
0 0.8605109656798593 1.18361248059186 0.24 0.84 0.9136069114470842 0.9287257019438444 0.921166306695464 964.01 0.26 
1 -0.0 0.0 -0.0 0.0 1.0 0.7580645161290323 0.879032258064516 0.0 0.0 
0 0.6846162778013049 0.342308138900652 0.15 0.62 0.5384615384615384 0.8846153846153846 0.711538461538461 23.32 0.52 
1 0.022083380117043378 0.0110416900585217 0.06 0.07 0.981859410430839 0.984126984126984 0.982993197278912 384.99 0.69 
0 -0.0 0.0 -0.0 -0.0 1.0 0.9979591836734693 0.998979591836735 0.0 0.0 
1 -0.0 0.0 0.0 0.0 1.0 1.0 1.0 0.0 0.0 
0 0.5906061822440456 0.295303091122023 -0.01 0.0 0.9602272727272728 0.9886363636363636 0.974431818181818 0.81 0.07 
1 -0.0 0.0 0.0 0.0 1.0 1.0 1.0 0.0 0.0 
0 0.14689728110576386 0.0734486405528819 -0.01 0.0 1.0 0.959731543624161 0.97986577181208 0.43 0.05 
1 0.0740225961475812 0.128824279468757 0.41 0.69 0.5590551181102362 0.5748031496062993 0.566929133858268 381.05 2.38 
0 -0.0 0.0 -0.0 0.0 1.0 0.625 0.8125 0.0 0.0 
1 -0.0 0.0 -0.1 0.06 0.6153846153846154 0.8846153846153846 0.75 2.12 0.61 
0 0.2835478929710348 0.141773946485517 -0.06 0.13 0.7580645161290323 0.9838709677419354 0.870967741935484 17.21 1.0 
1 -0.0 0.0 0.43 0.68 0.5842293906810035 0.5842293906810035 0.584229390681004 279.0 2.02 
0 0.4391877418106727 0.295959881079807 0.01 0.02 1.0 1.0 1.0 26.4 0.3 
1 0.030372534777978206 0.0227666899680668 -0.0 0.0 1.0 0.9978813559322034 0.998940677966102 0.01 0.0 
0 0.022083380117043378 0.0110416900585217 0.0 -0.0 1.0 0.981859410430839 0.99092970521542 0.0 0.0 
1 0.6730116670092564 0.336505833504628 -0.2 0.33 0.28571428571428564 0.7142857142857143 0.5 3.73 0.53 
0 0.0707680768797802 0.0435637459476914 -0.0 0.0 0.9953917050691244 0.997695852534562 0.996543778801843 0.04 0.01 
1 -0.0 0.0 0.3 0.36 0.8846153846153846 0.8846153846153846 0.884615384615385 26.0 2.14 
0 0.27737437324620146 0.138687186623101 0.0 -0.0 1.0 1.0 1.0 0.0 0.0 
1 -0.0 0.0 -0.0 0.0 1.0 0.6153846153846154 0.807692307692308 0.0 0.0 
0 0.5623351446188082 0.281167572309404 0.0 0.0 1.0 1.0 1.0 0.0 0.0 
1 0.08509104448327401 0.042545522241637 0.0 0.0 1.0 1.0 1.0 0.0 0.0 
0 -0.0 0.0 0.0 0.0 1.0 1.0 1.0 0.0 0.0 
1 -0.0 0.0 0.07 0.08 0.9854771784232365 0.9854771784232365 0.985477178423237 482.0 0.65 
0 0.5287625599288156 0.328754822078925 -0.02 0.02 0.24190064794816415 0.9524838012958964 0.59719222462203 10.6 0.09 
1 0.022083380117043378 0.0220833801170434 0.09 0.1 0.981859410430839 0.981859410430839 0.981859410430839 838.91 0.81 
0 0.029219653025344208 0.0263831100619016 -0.01 0.0 0.6423690205011389 0.9954441913439636 0.818906605922551 3.8 0.09 
1 0.6846162778013049 0.342308138900652 0.15 0.36 0.8846153846153846 0.8846153846153846 0.884615384615385 26.0 0.82 
0 0.050468069137818976 0.0333813750925243 -0.0 0.0 1.0 0.9631336405529952 0.981566820276498 0.05 0.01 
1 -0.0 0.0 -0.0 -0.0 1.0 1.0 1.0 0.0 0.0 
0 -0.0 0.0 -0.0 -0.0 1.0 0.9966442953020132 0.998322147651007 0.0 0.0 
1 0.0707680768797802 0.351225226630238 -0.0 0.0 1.0 0.997695852534562 0.998847926267281 3.17 0.0 
0 0.09650896073594732 0.0482544803679737 -0.12 0.15 0.6935483870967744 0.8225806451612901 0.758064516129032 19.58 1.58 
1 -0.0 0.0 0.31 0.55 0.7580645161290323 0.7580645161290323 0.758064516129032 62.0 2.49 
0 0.4459524223135379 0.364750157642286 0.07 0.32 0.919354838709677 0.9838709677419354 0.951612903225806 73.51 1.47 
1 -0.0 0.0 -0.0 -0.0 1.0 1.0 1.0 0.0 0.0 
0 0.016326979454093383 0.00816348972704669 -0.01 0.0 0.981859410430839 0.9863945578231293 0.984126984126984 0.13 0.01 
1 0.022083380117043378 0.0220833801170434 0.09 0.1 0.981859410430839 0.981859410430839 0.981859410430839 838.91 0.85 
0 0.045763284360939335 0.0228816421804697 0.0 -0.0 1.0 0.981859410430839 0.99092970521542 0.0 0.0 
1 -0.0 0.0 0.0 0.0 1.0 1.0 1.0 0.0 0.0 
0 0.5232259185839064 0.261612959291953 -0.01 0.01 0.9413265306122448 0.989795918367347 0.965561224489796 3.41 0.18 
1 0.01616684129705593 0.00808342064852796 0.02 0.02 0.9977220956719816 0.9977220956719816 0.997722095671982 439.0 0.16 
0 0.2035083444071568 0.101754172203578 -0.01 0.0 1.0 0.9402985074626864 0.970149253731343 1.33 0.08 
