1 0.7691223805667942 0.67691926485557 0.66 0.88 0.5571428571428572 0.5857142857142859 0.571428571428571 121.17 2.16 
0 0.016897794165734926 0.00844889708286746 -0.0 -0.0 1.0 0.97423887587822 0.98711943793911 0.0 0.0 
1 -0.0 0.0 0.0 0.0 1.0 1.0 1.0 0.0 0.0 
0 0.649987881991324 0.332546843661044 -0.0 0.02 0.9753086419753086 0.9876543209876544 0.981481481481481 64.39 0.22 
1 -0.0 0.0 0.43 0.68 0.5842293906810035 0.5842293906810035 0.584229390681004 279.0 2.02 
0 0.4227791099849751 0.399941798791216 -0.01 0.09 0.8898488120950323 0.9956803455723539 0.942764578833693 180.47 0.51 
1 -0.0 0.0 0.0 0.0 1.0 1.0 1.0 0.0 0.0 
0 -0.0 0.0 -0.2 0.04 0.3076923076923077 0.5384615384615384 0.423076923076923 2.08 0.3 
1 -0.0 0.0 0.07 0.08 0.9854771784232365 0.9854771784232365 0.985477178423237 482.0 0.65 
0 0.19643645103383003 0.600231851720981 0.02 0.07 1.0 0.7535211267605633 0.876760563380282 67.53 0.36 
1 0.3269547847215813 0.163477392360791 -0.01 0.01 0.9481865284974093 0.9870466321243522 0.967616580310881 3.79 0.05 
0 0.0628093679942407 0.0314046839971203 -0.0 0.0 0.9413265306122448 0.997448979591837 0.969387755102041 0.32 0.03 
1 0.08509104448327401 0.042545522241637 0.0 0.0 1.0 1.0 1.0 0.0 0.0 
0 0.9743147528693494 0.487157376434675 0.0 0.22 1.0 0.75 0.875 2.67 0.86 
1 0.6822056867479602 0.602052179998817 0.05 0.2 0.9222462203023758 0.9546436285097192 0.938444924406048 472.98 0.93 
0 -0.0 0.0 -0.0 -0.0 1.0 1.0 1.0 0.0 0.0 
1 -0.0 0.0 0.0 0.0 1.0 1.0 1.0 0.0 0.0 
0 1.1786947893696411 0.589347394684821 0.0 -0.0 1.0 0.9138461538461538 0.956923076923077 0.0 0.0 
1 0.022083380117043378 0.0220833801170434 0.09 0.1 0.981859410430839 0.981859410430839 0.981859410430839 838.91 0.81 
0 0.6846162778013049 0.67544736010799 0.11 0.67 1.0 0.8846153846153846 0.942307692307692 26.0 0.16 
1 -0.0 0.0 -0.0 -0.0 1.0 1.0 1.0 0.0 0.0 
0 0.923936856009666 0.472034097221223 0.45 0.56 0.7278617710583153 0.7321814254859611 0.730021598272138 454.32 0.92 
1 0.030372534777978206 0.0658985378330168 -0.0 0.0 0.972457627118644 0.9978813559322034 0.985169491525424 0.13 0.01 
0 0.42803573449734306 0.214017867248672 -0.0 -0.0 1.0 1.0 1.0 0.0 0.0 
1 0.07489355301376338 0.0508964017541222 0.5 0.63 0.6807909604519775 0.6807909604519775 0.680790960451977 354.02 2.29 
0 -0.0 0.0 0.0 0.0 1.0 1.0 1.0 0.0 0.0 
1 0.030372534777978206 0.0228364363705995 -0.0 0.0 0.9894067796610168 0.9978813559322034 0.99364406779661 0.04 0.0 
0 0.6878717657035625 0.343935882851781 -0.01 0.0 0.9936034115138594 0.997867803837953 0.995735607675906 2.06 0.04 
1 0.0251440699125892 0.0229518966655533 -0.06 0.01 0.6761658031088082 0.8471502590673574 0.761658031088083 4.61 0.18 
0 0.3767701612564368 0.188385080628218 0.28 0.35 0.8888888888888888 0.8888888888888888 0.888888888888889 9.0 1.73 
1 0.016359415015602636 0.0163594150156026 0.05 0.05 0.9953917050691244 0.9953917050691244 0.995391705069124 868.0 0.39 
0 1.01183062848278 0.50591531424139 0.0 -0.0 1.0 0.9976525821596244 0.998826291079812 0.0 0.0 
1 0.6730116670092564 0.336505833504628 -0.2 0.33 0.28571428571428564 0.7142857142857143 0.5 3.73 0.53 
0 0.6867648001858452 0.398009700161141 -0.0 0.16 1.0 0.5721784776902888 0.786089238845144 110.53 0.11 
1 0.8127245415610106 0.428086422879458 0.41 0.59 0.3391521197007481 0.3640897755610973 0.351620947630923 772.17 0.33 
0 0.6615632381579821 0.330781619078991 0.0 0.0 1.0 1.0 1.0 0.0 0.0 
1 -0.0 0.0 -0.0 0.0 1.0 0.6774193548387096 0.838709677419355 0.0 0.0 
0 0.01607235879964646 0.00803617939982323 -0.0 0.0 0.9954853273137698 0.9954853273137698 0.99548532731377 0.01 0.0 
1 0.8720635602136072 0.447297852067208 -0.01 0.11 0.2385542168674699 0.7156626506024096 0.47710843373494 466.31 0.11 
0 -0.0 0.0 0.0 0.0 1.0 0.375 0.6875 0.0 0.0 
1 0.04131357294242817 0.0206567864712141 0.29 0.33 0.886153846153846 0.8892307692307693 0.887692307692308 315.12 2.04 
0 0.3222971304395862 0.663162191423859 0.03 0.11 0.7535211267605633 0.9859154929577466 0.869718309859155 177.49 0.13 
1 -0.0 0.0 0.31 0.55 0.7580645161290323 0.7580645161290323 0.758064516129032 62.0 2.49 
0 0.4343460036066953 0.217173001803348 0.0 -0.0 1.0 1.0 1.0 0.0 0.0 
1 0.3742549310896416 0.187127465544821 -0.03 0.02 0.7660668380462725 0.9974293059125964 0.881748071979434 15.62 0.69 
0 0.029219653025344208 0.0146098265126721 -0.01 0.0 0.6400911161731208 0.9954441913439636 0.817767653758542 3.75 0.08 
1 0.09908391604753189 0.0495419580237659 0.04 0.04 0.9850746268656718 0.9914712153518124 0.988272921108742 266.27 0.37 
0 0.9569181480647492 0.560476697855975 -0.01 0.04 0.9959183673469388 0.9979591836734693 0.996938775510204 268.07 0.12 
1 -0.0 0.0 0.0 0.0 1.0 1.0 1.0 0.0 0.0 
0 0.8645984701429459 0.443160362410899 -0.04 0.01 1.0 0.9402985074626864 0.970149253731343 6.55 0.09 
1 -0.0 0.0 -0.0 0.0 1.0 0.7083333333333334 0.854166666666667 0.0 0.0 
0 -0.0 0.0 -0.03 0.04 0.125 0.75 0.4375 0.38 0.07 
1 0.0707680768797802 0.351225226630238 -0.0 0.0 1.0 0.997695852534562 0.998847926267281 3.17 0.0 
0 0.5795291220614944 0.378761258343085 -0.03 0.04 0.4359504132231405 0.9607438016528924 0.698347107438017 32.67 0.26 
1 0.0740225961475812 0.128824279468757 0.41 0.69 0.5590551181102362 0.5748031496062993 0.566929133858268 381.05 2.38 
0 0.01616684129705593 0.00808342064852796 -0.0 0.0 0.6400911161731208 0.9977220956719816 0.818906605922551 3.57 0.07 
1 0.01789792517672371 0.00894896258836186 -0.01 0.0 1.0 0.7660668380462725 0.883033419023136 0.31 0.03 
0 0.045763284360939335 0.0309178215802929 -0.0 0.0 1.0 0.981859410430839 0.99092970521542 0.03 0.0 
1 0.0251440699125892 0.0125720349562946 0.53 0.63 0.6761658031088082 0.6761658031088082 0.676165803108808 386.0 2.33 
0 0.015105805330763613 0.0150111428399572 0.01 0.01 0.9793388429752063 0.9938016528925618 0.986570247933884 62.28 0.19 
1 0.5297061990576545 0.439269147450343 -0.1 0.03 1.0 1.0 1.0 0.32 0.45 
0 0.8645984701429459 0.432299235071473 0.0 -0.0 1.0 1.0 1.0 0.0 0.0 
1 0.6895519477750732 0.344775973887537 0.0 -0.0 1.0 1.0 1.0 0.0 0.0 
0 0.19643645103383003 0.599340725116855 -0.02 0.03 1.0 0.9976525821596244 0.998826291079812 32.29 0.21 
1 -0.0 0.0 -0.0 -0.0 1.0 0.9977324263038548 0.998866213151927 0.0 0.0 
0 0.41745507877164956 0.354582500665296 -0.0 0.07 1.0 0.926829268292683 0.963414634146341 159.55 0.43 
1 -0.0 0.0 -0.0 -0.0 1.0 0.9936034115138594 0.99680170575693 0.0 0.0 
0 0.4629606652814273 0.239563753289242 -0.0 0.01 0.8724373576309796 0.9977220956719816 0.935079726651481 7.13 0.04 
1 0.6846162778013049 0.342308138900652 0.15 0.36 0.8846153846153846 0.8846153846153846 0.884615384615385 26.0 0.82 
0 0.016294681047229552 0.00814734052361478 -0.0 -0.0 1.0 1.0 1.0 0.0 0.0 
1 -0.0 0.0 0.31 0.55 0.7580645161290323 0.7580645161290323 0.758064516129032 62.0 2.68 
0 0.19661681972859654 0.0983084098642983 -0.02 0.01 0.26636568848758463 0.9932279909706544 0.62979683972912 8.82 0.06 
1 0.3250829733914482 0.162541486695724 -0.0 0.0 1.0 1.0 1.0 0.0 0.0 
0 -0.0 0.0 0.0 0.0 1.0 1.0 1.0 0.0 0.0 
1 -0.0 0.0 -0.0 -0.0 1.0 1.0 1.0 0.0 0.0 
0 0.4695240172949409 0.460465114645835 0.04 0.2 1.0 0.9922879177377892 0.996143958868895 206.05 1.67 
1 0.8720635602136072 0.444515665699525 -0.01 0.0 0.2385542168674699 0.9975903614457832 0.618072289156626 0.63 0.0 
0 0.113231477318365 0.0566157386591825 -0.0 0.0 0.9938775510204082 0.9979591836734693 0.995918367346939 0.03 0.0 
1 -0.0 0.0 0.31 0.55 0.7580645161290323 0.7580645161290323 0.758064516129032 62.0 2.49 
0 1.4453866235313197 1.2238158113656 0.01 0.34 0.9976525821596244 0.9976525821596244 0.997652582159624 351.28 0.08 
1 -0.0 0.0 0.0 0.0 1.0 1.0 1.0 0.0 0.0 
0 0.09165764788996307 0.0458288239449815 -0.01 0.0 0.9818181818181818 0.9886363636363636 0.985227272727273 0.17 0.02 
1 0.0947607483566568 0.232756230915289 0.02 0.03 0.9678111587982832 0.9806866952789698 0.974248927038627 84.69 0.27 
0 0.6799529039485162 0.888455209379932 0.03 0.29 0.8475177304964538 0.99645390070922 0.921985815602837 217.79 0.59 
1 0.04965097662992789 0.0248254883149639 -0.0 -0.0 1.0 1.0 1.0 0.0 0.0 
0 0.4505612088663046 0.225280604433152 0.03 0.41 0.8571428571428571 0.8571428571428571 0.857142857142857 7.0 1.63 
1 0.02253214392080778 0.0197499575531257 -0.0 0.01 0.7156626506024096 0.9975903614457832 0.856626506024096 5.06 0.1 
0 0.6615632381579821 0.330781619078991 0.0 0.0 1.0 1.0 1.0 0.0 0.0 
1 -0.0 0.0 -0.0 -0.0 1.0 0.9727463312368972 0.986373165618449 0.0 0.0 
0 0.5022052464597919 0.266711010247641 0.09 0.13 0.9710843373493978 0.9734939759036146 0.972289156626506 397.26 0.63 
1 -0.0 0.0 0.0 0.0 1.0 1.0 1.0 0.0 0.0 
0 0.6829081047004717 0.341454052350236 0.26 0.49 0.8076923076923077 0.8076923076923077 0.807692307692308 26.0 1.4 
1 0.09165764788996307 0.0699766348366203 -0.0 0.0 1.0 0.9818181818181818 0.990909090909091 0.1 0.01 
0 0.09651393728015299 0.149063736582741 0.01 0.02 1.0 1.0 1.0 148.66 0.09 
1 0.08509104448327401 0.069552158829183 -0.0 0.0 1.0 1.0 1.0 0.07 0.01 
0 0.09125460025639655 0.576055318302572 -0.05 0.02 0.8724373576309796 0.988610478359909 0.930523917995444 11.75 0.04 
1 -0.0 0.0 0.31 0.55 0.7580645161290323 0.7580645161290323 0.758064516129032 62.0 2.68 
0 0.7530888342556183 0.386610086344199 -0.09 0.01 0.5183585313174947 0.7321814254859611 0.625269978401728 11.05 0.11 
1 0.030097958257751373 0.0286902185022557 0.1 0.1 0.9793388429752063 0.9834710743801652 0.981404958677686 484.0 0.84 
0 1.0040272524081315 0.502013626204066 0.0 -0.0 1.0 0.7535211267605633 0.876760563380282 0.0 0.0 
1 -0.0 0.0 0.11 0.46 0.5384615384615384 0.6153846153846154 0.576923076923077 18.96 1.68 
0 0.27737437324620146 0.138687186623101 0.0 -0.0 1.0 1.0 1.0 0.0 0.0 
1 -0.0 0.0 -0.0 0.0 1.0 0.6153846153846154 0.807692307692308 0.0 0.0 
0 -0.0 0.0 0.01 0.14 0.125 0.375 0.25 1.9 0.14 
1 -0.0 0.0 0.3 0.36 0.8846153846153846 0.8846153846153846 0.884615384615385 26.0 2.14 
0 0.09650896073594732 0.0482544803679737 0.21 0.49 0.8064516129032256 0.8225806451612901 0.814516129032258 62.0 2.63 
1 0.6846162778013049 0.342308138900652 0.15 0.36 0.8846153846153846 0.8846153846153846 0.884615384615385 26.0 0.82 
0 0.27384907245785556 0.136924536228928 -0.01 0.0 0.9229024943310656 0.9886621315192744 0.95578231292517 0.75 0.05 
1 -0.0 0.0 -0.0 0.0 1.0 0.7580645161290323 0.879032258064516 0.0 0.0 
0 -0.0 0.0 0.0 0.0 1.0 0.125 0.5625 0.0 0.0 
1 0.030372534777978206 0.0227666899680668 -0.0 0.0 1.0 0.9978813559322034 0.998940677966102 0.01 0.0 
0 -0.0 0.0 0.0 0.0 1.0 0.75 0.875 0.0 0.0 
1 -0.0 0.0 -0.1 0.06 0.6153846153846154 0.8846153846153846 0.75 2.12 0.61 
0 0.6878717657035625 0.371141066262054 -0.02 0.01 0.9893390191897654 0.997867803837953 0.993603411513859 3.56 0.02 
1 0.0947607483566568 0.0769695270739669 0.09 0.1 0.9806866952789698 0.982832618025751 0.981759656652361 445.71 0.81 
0 0.07549878542345602 0.037749392711728 -0.0 0.0 0.989795918367347 0.9979591836734693 0.993877551020408 0.03 0.0 
1 -0.0 0.0 -0.0 -0.0 1.0 1.0 1.0 0.0 0.0 
0 1.5005339847401764 1.41584238044873 0.05 0.41 1.0 0.9930313588850174 0.996515679442509 290.99 0.51 
1 0.01475818629482802 0.00737909314741401 0.01 0.01 1.0 0.9979466119096508 0.998973305954825 487.0 0.19 
0 0.8933622162954412 0.470803259822574 -0.1 0.04 0.843076923076923 0.8923076923076922 0.867692307692308 18.54 0.33 
1 0.7865364435085352 0.401480572353747 0.08 0.13 0.9728506787330315 0.9728506787330315 0.972850678733032 442.51 0.33 
0 0.048964887966297055 0.161406980212076 -0.04 0.0 0.9229024943310656 0.981859410430839 0.952380952380952 1.67 0.09 
1 -0.0 0.0 -0.0 -0.0 1.0 1.0 1.0 0.0 0.0 
0 0.4705217390004963 0.235260869500248 -0.0 0.0 1.0 1.0 1.0 0.0 0.0 
1 -0.0 0.0 0.37 0.44 0.16 0.16 0.16 25.0 0.2 
0 0.5795291220614944 1.1889303700928 -0.02 0.32 0.4359504132231405 0.9628099173553722 0.699380165289256 401.61 0.13 
1 -0.0 0.0 0.0 0.0 1.0 1.0 1.0 0.0 0.0 
0 -0.0 0.0 0.0 0.0 1.0 1.0 1.0 0.0 0.0 
1 0.666278442414676 0.333139221207338 -0.1 0.06 1.0 0.8846153846153846 0.942307692307692 2.12 0.44 
0 0.4514062119967289 0.415970052212429 0.09 0.18 0.9922879177377892 0.9922879177377892 0.992287917737789 537.36 1.53 
1 -0.0 0.0 0.0 0.0 1.0 1.0 1.0 0.0 0.0 
0 -0.0 0.0 0.0 0.0 1.0 0.75 0.875 0.0 0.0 
1 0.01616684129705593 0.00808342064852796 0.02 0.02 0.9977220956719816 0.9977220956719816 0.997722095671982 439.0 0.16 
0 0.6829081047004717 0.54651221149444 -0.06 0.14 1.0 1.0 1.0 1.56 0.62 
1 -0.0 0.0 0.0 0.0 1.0 1.0 1.0 0.0 0.0 
0 0.09503011725564632 0.142356626847313 0.0 0.0 1.0 1.0 1.0 0.04 0.03 
1 0.6895519477750732 0.344775973887537 0.0 -0.0 1.0 1.0 1.0 0.0 0.0 
0 0.022083380117043378 0.0110416900585217 0.0 -0.0 1.0 0.981859410430839 0.99092970521542 0.0 0.0 
1 0.022083380117043378 0.0110416900585217 0.06 0.07 0.981859410430839 0.984126984126984 0.982993197278912 384.99 0.69 
0 0.09908391604753189 0.355939691023409 -0.0 0.01 1.0 0.9850746268656718 0.992537313432836 3.16 0.11 
