1 0.3742549310896416 0.187127465544821 -0.03 0.02 0.7660668380462725 0.9974293059125964 0.881748071979434 15.62 0.69 
0 0.12855332024121083 0.0642766601206054 -0.0 -0.0 1.0 0.9953161592505854 0.997658079625293 0.0 0.0 
1 0.8720635602136072 0.447297852067208 -0.01 0.11 0.2385542168674699 0.7156626506024096 0.47710843373494 466.31 0.11 
0 0.4391877418106727 0.283870531025942 0.0 0.01 1.0 0.9953161592505854 0.997658079625293 14.08 0.0 
1 -0.0 0.0 -0.1 0.06 0.6153846153846154 0.8846153846153846 0.75 2.12 0.61 
0 0.9517673227869262 0.475883661393463 -0.02 0.01 0.9863945578231293 0.9886621315192744 0.987528344671202 3.78 0.1 
1 0.3269547847215813 0.163477392360791 -0.01 0.01 0.9481865284974093 0.9870466321243522 0.967616580310881 3.79 0.05 
0 0.2835478929710348 0.141773946485517 -0.06 0.13 0.6935483870967744 0.9838709677419354 0.838709677419355 15.03 1.07 
1 0.7865364435085352 0.401480572353747 0.08 0.13 0.9728506787330315 0.9728506787330315 0.972850678733032 442.51 0.33 
0 -0.0 0.0 -0.0 0.0 0.988479262672811 0.9953917050691244 0.991935483870968 0.02 0.0 
1 -0.0 0.0 -0.0 0.0 1.0 0.6153846153846154 0.807692307692308 0.0 0.0 
0 -0.0 0.0 -0.06 0.16 0.6774193548387096 0.7580645161290323 0.717741935483871 20.64 1.4 
1 0.8720635602136072 0.444515665699525 -0.01 0.0 0.2385542168674699 0.9975903614457832 0.618072289156626 0.63 0.0 
0 0.6730116670092564 0.336505833504628 -0.07 0.22 0.5555555555555555 0.7777777777777779 0.666666666666667 3.21 0.75 
1 -0.0 0.0 0.0 0.0 1.0 1.0 1.0 0.0 0.0 
0 -0.0 0.0 -0.0 -0.0 1.0 0.9914712153518124 0.995735607675906 0.0 0.0 
1 -0.0 0.0 0.0 0.0 1.0 1.0 1.0 0.0 0.0 
0 0.6829081047004717 0.682908104700472 0.25 0.68 1.0 1.0 1.0 7.0 0.63 
1 -0.0 0.0 0.0 0.0 1.0 1.0 1.0 0.0 0.0 
0 0.6622618696488148 0.387407469406755 -0.01 0.01 1.0 0.8723404255319149 0.936170212765957 7.78 0.04 
1 -0.0 0.0 0.0 0.0 1.0 1.0 1.0 0.0 0.0 
0 -0.0 0.0 0.0 0.0 1.0 1.0 1.0 0.0 0.0 
1 0.016359415015602636 0.0163594150156026 0.05 0.05 0.9953917050691244 0.9953917050691244 0.995391705069124 868.0 0.39 
0 -0.0 0.0 -0.0 -0.0 1.0 0.9948586118251928 0.997429305912596 0.0 0.0 
1 0.0947607483566568 0.232756230915289 0.02 0.03 0.9678111587982832 0.9806866952789698 0.974248927038627 84.69 0.27 
0 0.666278442414676 0.333139221207338 -0.04 0.02 1.0 0.9615384615384615 0.980769230769231 0.65 0.21 
1 0.0947607483566568 0.0769695270739669 0.09 0.1 0.9806866952789698 0.982832618025751 0.981759656652361 445.71 0.81 
0 -0.0 0.0 -0.06 0.18 0.6935483870967744 0.7580645161290323 0.725806451612903 22.68 1.6 
1 0.017217650311628238 0.0171995612854242 0.37 0.44 0.837448559670782 0.839506172839506 0.838477366255144 964.67 2.36 
0 -0.0 0.0 -0.0 -0.0 1.0 0.9979591836734693 0.998979591836735 0.0 0.0 
1 0.0251440699125892 0.0125720349562946 0.53 0.63 0.6761658031088082 0.6761658031088082 0.676165803108808 386.0 2.33 
0 -0.0 0.0 0.22 0.29 0.9166666666666664 0.9166666666666664 0.916666666666667 24.0 1.86 
1 -0.0 0.0 0.0 0.0 1.0 1.0 1.0 0.0 0.0 
0 0.4629606652814273 0.239563753289242 -0.0 0.01 0.8724373576309796 0.9977220956719816 0.935079726651481 7.13 0.04 
1 -0.0 0.0 0.0 0.0 1.0 1.0 1.0 0.0 0.0 
0 0.01475818629482802 0.00737909314741401 0.0 0.0 1.0 1.0 1.0 0.0 0.0 
1 -0.0 0.0 -0.0 -0.0 1.0 1.0 1.0 0.0 0.0 
0 0.9556998911125344 0.776984739848896 0.38 0.6 1.0 1.0 1.0 7.0 1.26 
1 -0.0 0.0 0.07 0.08 0.9854771784232365 0.9854771784232365 0.985477178423237 482.0 0.65 
0 0.9569181480647492 0.478459074032375 0.01 0.01 0.9979591836734693 0.9979591836734693 0.997959183673469 490.0 0.03 
1 0.02253214392080778 0.0197499575531257 -0.0 0.01 0.7156626506024096 0.9975903614457832 0.856626506024096 5.06 0.1 
0 -0.0 0.0 0.02 0.02 0.9966442953020132 0.9966442953020132 0.996644295302013 298.0 0.23 
1 0.6846162778013049 0.342308138900652 0.15 0.36 0.8846153846153846 0.8846153846153846 0.884615384615385 26.0 0.82 
0 0.13339348333086204 0.066696741665431 -0.0 -0.0 1.0 0.9954648526077096 0.997732426303855 0.0 0.0 
1 0.08509104448327401 0.042545522241637 0.0 0.0 1.0 1.0 1.0 0.0 0.0 
0 0.6013943261660805 0.849175920488715 0.02 0.31 1.0 0.8475177304964538 0.923758865248227 202.07 0.76 
1 0.6846162778013049 0.342308138900652 0.15 0.36 0.8846153846153846 0.8846153846153846 0.884615384615385 26.0 0.82 
0 0.5888260677823122 0.488904247774787 0.01 0.18 0.7607361963190185 0.9907975460122702 0.875766871165644 135.06 1.32 
1 0.01475818629482802 0.00737909314741401 0.01 0.01 1.0 0.9979466119096508 0.998973305954825 487.0 0.19 
0 0.41745507877164956 1.02293267091347 -0.05 0.23 0.7700348432055749 0.926829268292683 0.848432055749129 211.14 0.13 
1 0.030372534777978206 0.0658985378330168 -0.0 0.0 0.972457627118644 0.9978813559322034 0.985169491525424 0.13 0.01 
0 -0.0 0.0 -0.0 0.0 0.9966442953020132 0.9966442953020132 0.996644295302013 0.0 0.0 
1 -0.0 0.0 0.0 0.0 1.0 1.0 1.0 0.0 0.0 
0 0.1156185975922761 0.0578092987961381 -0.0 -0.0 1.0 1.0 1.0 0.0 0.0 
1 -0.0 0.0 -0.0 -0.0 1.0 1.0 1.0 0.0 0.0 
0 0.022083380117043378 0.0110416900585217 0.0 -0.0 1.0 0.981859410430839 0.99092970521542 0.0 0.0 
1 0.0251440699125892 0.0229518966655533 -0.06 0.01 0.6761658031088082 0.8471502590673574 0.761658031088083 4.61 0.18 
0 0.09908391604753189 0.0495419580237659 0.01 0.02 0.5628997867803837 0.9850746268656718 0.773987206823028 17.01 0.29 
1 -0.0 0.0 0.0 0.0 1.0 1.0 1.0 0.0 0.0 
0 -0.0 0.0 0.0 -0.0 1.0 0.5628997867803837 0.781449893390192 0.0 0.0 
1 0.04131357294242817 0.0206567864712141 0.29 0.33 0.886153846153846 0.8892307692307693 0.887692307692308 315.12 2.04 
0 0.8984583227127803 0.754679523846846 -0.06 0.11 1.0 0.9794661190965092 0.989733059548255 76.87 0.82 
1 -0.0 0.0 -0.0 -0.0 1.0 1.0 1.0 0.0 0.0 
0 0.6681369026482501 0.352019563627563 -0.0 0.0 0.9676025917926566 0.9956803455723539 0.981641468682505 2.12 0.07 
1 0.8127245415610106 0.428086422879458 0.41 0.59 0.3391521197007481 0.3640897755610973 0.351620947630923 772.17 0.33 
0 0.6615632381579821 0.330781619078991 0.0 0.0 1.0 1.0 1.0 0.0 0.0 
1 0.04965097662992789 0.0248254883149639 -0.0 -0.0 1.0 1.0 1.0 0.0 0.0 
0 0.8933622162954412 0.446681108147721 0.0 -0.0 1.0 0.8923076923076922 0.946153846153846 0.0 0.0 
1 -0.0 0.0 0.3 0.36 0.8846153846153846 0.8846153846153846 0.884615384615385 26.0 2.14 
0 -0.0 0.0 -0.0 -0.0 1.0 0.9966442953020132 0.998322147651007 0.0 0.0 
1 0.022083380117043378 0.0220833801170434 0.09 0.1 0.981859410430839 0.981859410430839 0.981859410430839 838.91 0.81 
0 0.6730116670092564 0.510921881426144 -0.2 0.1 1.0 0.5555555555555555 0.777777777777778 1.41 0.48 
1 0.0707680768797802 0.351225226630238 -0.0 0.0 1.0 0.997695852534562 0.998847926267281 3.17 0.0 
0 -0.0 0.0 -0.0 -0.0 1.0 0.9966442953020132 0.998322147651007 0.0 0.0 
1 0.09908391604753189 0.0495419580237659 0.04 0.04 0.9850746268656718 0.9914712153518124 0.988272921108742 266.27 0.37 
0 0.0707680768797802 0.0435313789635049 -0.0 0.0 1.0 0.997695852534562 0.998847926267281 0.01 0.0 
1 -0.0 0.0 0.0 0.0 1.0 1.0 1.0 0.0 0.0 
0 0.8620837349782771 0.452350603195857 -0.0 0.02 0.7613365155131265 0.9928400954653938 0.87708830548926 15.82 0.14 
1 -0.0 0.0 -0.0 -0.0 1.0 1.0 1.0 0.0 0.0 
0 0.05662157828350273 0.0283107891417514 -0.0 0.0 0.9932885906040269 0.9966442953020132 0.99496644295302 0.02 0.0 
1 0.030372534777978206 0.0227666899680668 -0.0 0.0 1.0 0.9978813559322034 0.998940677966102 0.01 0.0 
0 0.01789792517672371 0.00894896258836186 -0.0 0.0 1.0 0.9922879177377892 0.996143958868895 0.01 0.0 
1 0.08509104448327401 0.069552158829183 -0.0 0.0 1.0 1.0 1.0 0.07 0.01 
0 0.19661681972859654 0.0983084098642983 -0.01 0.02 0.26636568848758463 0.9909706546275394 0.628668171557562 32.8 0.05 
1 0.6822056867479602 0.602052179998817 0.05 0.2 0.9222462203023758 0.9546436285097192 0.938444924406048 472.98 0.93 
0 0.4656872460148556 0.232843623007428 -0.01 0.01 0.8678756476683936 0.9481865284974093 0.908031088082902 9.15 0.18 
1 0.030372534777978206 0.0228364363705995 -0.0 0.0 0.9894067796610168 0.9978813559322034 0.99364406779661 0.04 0.0 
0 0.7569669131450216 0.628094855557553 0.08 0.49 1.0 0.877840909090909 0.938920454545455 397.21 2.35 
1 0.07489355301376338 0.0508964017541222 0.5 0.63 0.6807909604519775 0.6807909604519775 0.680790960451977 354.02 2.29 
0 0.11690572773239792 0.564142594378843 0.0 0.01 1.0 0.9929577464788734 0.996478873239437 24.46 0.11 
1 0.5297061990576545 0.439269147450343 -0.1 0.03 1.0 1.0 1.0 0.32 0.45 
0 0.5629596827693085 0.281479841384654 -0.01 0.0 1.0 0.9886363636363636 0.994318181818182 0.75 0.06 
1 0.030097958257751373 0.0286902185022557 0.1 0.1 0.9793388429752063 0.9834710743801652 0.981404958677686 484.0 0.84 
0 0.0324357255404604 0.0162178627702302 -0.0 -0.0 1.0 0.9922879177377892 0.996143958868895 0.0 0.0 
1 -0.0 0.0 -0.0 0.0 1.0 0.7580645161290323 0.879032258064516 0.0 0.0 
0 0.16165106467262894 0.137102066918662 -0.0 0.0 1.0 1.0 1.0 0.2 0.03 
1 0.09165764788996307 0.0699766348366203 -0.0 0.0 1.0 0.9818181818181818 0.990909090909091 0.1 0.01 
0 -0.0 0.0 0.0 0.0 1.0 0.8846153846153846 0.942307692307692 0.0 0.0 
1 -0.0 0.0 0.31 0.55 0.7580645161290323 0.7580645161290323 0.758064516129032 62.0 2.49 
0 0.3563409206018685 0.35444171547531 0.09 0.35 1.0 0.9838709677419354 0.991935483870968 62.0 2.13 
1 -0.0 0.0 -0.0 0.0 1.0 0.7083333333333334 0.854166666666667 0.0 0.0 
0 -0.0 0.0 -0.0 0.0 1.0 0.6935483870967744 0.846774193548387 0.0 0.0 
1 -0.0 0.0 0.37 0.44 0.16 0.16 0.16 25.0 0.2 
0 0.664316082500306 1.13619157798878 0.11 0.23 0.938496583143508 0.9931662870159452 0.965831435079727 324.16 0.21 
1 -0.0 0.0 -0.0 0.0 1.0 0.6774193548387096 0.838709677419355 0.0 0.0 
0 0.08864403483661465 0.42119146568248 -0.03 0.02 0.9225352112676058 0.9976525821596244 0.960093896713615 13.69 0.23 
1 0.022083380117043378 0.0110416900585217 0.06 0.07 0.981859410430839 0.984126984126984 0.982993197278912 384.99 0.69 
0 0.045763284360939335 0.0228816421804697 0.0 -0.0 1.0 0.981859410430839 0.99092970521542 0.0 0.0 
1 -0.0 0.0 0.0 0.0 1.0 1.0 1.0 0.0 0.0 
0 0.6829081047004717 0.861314437770195 0.03 0.68 1.0 0.5714285714285713 0.785714285714286 7.0 0.71 
1 -0.0 0.0 -0.0 -0.0 1.0 1.0 1.0 0.0 0.0 
0 0.13339348333086204 0.066696741665431 -0.0 -0.0 1.0 0.9954648526077096 0.997732426303855 0.0 0.0 
1 0.0740225961475812 0.128824279468757 0.41 0.69 0.5590551181102362 0.5748031496062993 0.566929133858268 381.05 2.38 
0 0.3525425103487513 0.318045201659893 0.03 0.21 1.0 0.9838709677419354 0.991935483870968 42.74 1.52 
1 0.6730116670092564 0.336505833504628 -0.2 0.33 0.28571428571428564 0.7142857142857143 0.5 3.73 0.53 
0 0.3615394778944647 0.32254368543275 0.15 0.28 1.0 0.9838709677419354 0.991935483870968 62.02 1.71 
1 0.01789792517672371 0.00894896258836186 -0.01 0.0 1.0 0.7660668380462725 0.883033419023136 0.31 0.03 
0 0.3565581205895817 0.178279060294791 0.0 -0.0 1.0 1.0 1.0 0.0 0.0 
1 -0.0 0.0 0.43 0.68 0.5842293906810035 0.5842293906810035 0.584229390681004 279.0 2.02 
0 0.11255306916469554 0.604755291988022 -0.0 0.02 1.0 0.8475177304964538 0.923758865248227 8.79 0.03 
1 0.7691223805667942 0.67691926485557 0.66 0.88 0.5571428571428572 0.5857142857142859 0.571428571428571 121.17 2.16 
0 0.3615394778944647 0.180769738947232 0.0 0.0 1.0 1.0 1.0 0.0 0.0 
1 -0.0 0.0 0.31 0.55 0.7580645161290323 0.7580645161290323 0.758064516129032 62.0 2.49 
0 0.8403742290585 0.60143630225267 -0.06 0.07 0.6038135593220338 0.9978813559322034 0.800847457627119 52.81 0.26 
1 0.3250829733914482 0.162541486695724 -0.0 0.0 1.0 1.0 1.0 0.0 0.0 
0 0.016967771185443552 0.00848388559272178 -0.0 0.0 0.9638554216867468 0.9975903614457832 0.980722891566265 0.08 0.01 
1 -0.0 0.0 -0.0 -0.0 1.0 0.9977324263038548 0.998866213151927 0.0 0.0 
0 -0.0 0.0 -0.0 -0.0 1.0 1.0 1.0 0.0 0.0 
1 -0.0 0.0 -0.0 -0.0 1.0 0.9727463312368972 0.986373165618449 0.0 0.0 
0 0.015300337963220716 0.0152305915606881 -0.0 0.0 1.0 0.9894067796610168 0.994703389830508 0.01 0.0 
1 0.6895519477750732 0.344775973887537 0.0 -0.0 1.0 1.0 1.0 0.0 0.0 
0 0.666278442414676 0.333139221207338 -0.04 0.02 1.0 0.9615384615384615 0.980769230769231 0.65 0.18 
1 0.022083380117043378 0.0220833801170434 0.09 0.1 0.981859410430839 0.981859410430839 0.981859410430839 838.91 0.85 
0 0.4959171118080685 0.438225502118099 0.07 0.17 0.9922879177377892 0.9922879177377892 0.992287917737789 537.91 1.38 
1 -0.0 0.0 0.11 0.46 0.5384615384615384 0.6153846153846154 0.576923076923077 18.96 1.68 
0 0.02013133843277965 0.0100656692163898 0.44 0.6 0.709205020920502 0.709205020920502 0.709205020920502 478.0 2.42 
1 0.666278442414676 0.333139221207338 -0.1 0.06 1.0 0.8846153846153846 0.942307692307692 2.12 0.44 
0 0.34883209584303193 0.348832095843032 0.22 0.35 1.0 1.0 1.0 9.0 2.63 
1 -0.0 0.0 0.0 0.0 1.0 1.0 1.0 0.0 0.0 
0 0.860856141759689 0.724841104771001 0.0 0.41 1.0 0.7607361963190185 0.880368098159509 334.93 1.74 
