1 -0.0 0.0 0.31 0.55 0.7580645161290323 0.7580645161290323 0.758064516129032 62.0 2.49 
0 0.016359415015602636 0.00817970750780132 -0.0 -0.0 1.0 0.9953917050691244 0.997695852534562 0.0 0.0 
1 0.666278442414676 0.333139221207338 -0.1 0.06 1.0 0.8846153846153846 0.942307692307692 2.12 0.44 
0 0.923936856009666 1.21532542575676 0.09 0.73 0.7278617710583153 0.9136069114470842 0.8207343412527 1200.43 0.46 
1 -0.0 0.0 0.31 0.55 0.7580645161290323 0.7580645161290323 0.758064516129032 62.0 2.68 
0 0.24610920772326714 0.123054603861634 -0.01 0.0 1.0 0.9966442953020132 0.998322147651007 0.07 0.01 
1 0.04131357294242817 0.0206567864712141 0.29 0.33 0.886153846153846 0.8892307692307693 0.887692307692308 315.12 2.04 
0 0.6365141682948128 0.318257084147406 -0.13 0.39 0.3 0.6 0.45 6.43 0.42 
1 -0.0 0.0 0.43 0.68 0.5842293906810035 0.5842293906810035 0.584229390681004 279.0 2.02 
0 0.42803573449734306 0.214017867248672 -0.0 0.0 1.0 0.9966442953020132 0.998322147651007 0.14 0.02 
1 -0.0 0.0 0.31 0.55 0.7580645161290323 0.7580645161290323 0.758064516129032 62.0 2.49 
0 0.016556959431630658 0.00827847971581533 -0.0 -0.0 1.0 1.0 1.0 0.0 0.0 
1 0.022083380117043378 0.0110416900585217 0.06 0.07 0.981859410430839 0.984126984126984 0.982993197278912 384.99 0.69 
0 0.1520053108362029 0.0760026554181015 0.02 0.15 0.6935483870967744 0.919354838709677 0.806451612903226 17.86 1.28 
1 -0.0 0.0 0.0 0.0 1.0 1.0 1.0 0.0 0.0 
0 0.09962338946616205 0.226082949907457 -0.03 0.21 1.0 0.7903225806451613 0.895161290322581 29.74 1.63 
1 -0.0 0.0 -0.0 -0.0 1.0 1.0 1.0 0.0 0.0 
0 0.42803573449734306 0.214017867248672 -0.0 -0.0 1.0 1.0 1.0 0.0 0.0 
1 0.04965097662992789 0.0248254883149639 -0.0 -0.0 1.0 1.0 1.0 0.0 0.0 
0 0.19661681972859654 0.106344589264122 -0.01 0.0 0.26636568848758463 0.9954853273137698 0.630925507900677 1.1 0.02 
1 -0.0 0.0 0.0 0.0 1.0 1.0 1.0 0.0 0.0 
0 0.20161353588532901 0.100806767942664 0.0 -0.0 1.0 1.0 1.0 0.0 0.0 
1 -0.0 0.0 0.07 0.08 0.9854771784232365 0.9854771784232365 0.985477178423237 482.0 0.65 
0 0.05755265252972321 0.0287763262648616 0.0 -0.0 1.0 0.984126984126984 0.992063492063492 0.0 0.0 
1 -0.0 0.0 -0.0 -0.0 1.0 0.9977324263038548 0.998866213151927 0.0 0.0 
0 0.6878717657035625 0.44569005505536 -0.03 0.02 1.0 0.997867803837953 0.998933901918976 10.99 0.18 
1 0.01616684129705593 0.00808342064852796 0.02 0.02 0.9977220956719816 0.9977220956719816 0.997722095671982 439.0 0.16 
0 0.4811067080592432 0.240553354029622 -0.01 0.0 0.9954853273137698 0.9954853273137698 0.99548532731377 3.31 0.06 
1 0.030372534777978206 0.0658985378330168 -0.0 0.0 0.972457627118644 0.9978813559322034 0.985169491525424 0.13 0.01 
0 0.4992227979700849 0.249611398985042 -0.01 0.0 0.877840909090909 0.9886363636363636 0.933238636363636 1.63 0.09 
1 0.09165764788996307 0.0699766348366203 -0.0 0.0 1.0 0.9818181818181818 0.990909090909091 0.1 0.01 
0 0.6867648001858452 0.991646356986635 -0.09 0.12 1.0 0.5223097112860893 0.761154855643045 87.93 0.02 
1 -0.0 0.0 -0.0 -0.0 1.0 0.9936034115138594 0.99680170575693 0.0 0.0 
0 0.016556959431630658 0.00827847971581533 -0.0 0.0 1.0 0.9812206572769951 0.990610328638498 0.02 0.0 
1 -0.0 0.0 0.0 0.0 1.0 1.0 1.0 0.0 0.0 
0 0.016326979454093383 0.00816348972704669 0.07 0.07 0.9863325740318906 0.9863325740318906 0.986332574031891 439.0 0.61 
1 0.3250829733914482 0.162541486695724 -0.0 0.0 1.0 1.0 1.0 0.0 0.0 
0 0.0752483101127402 0.124874140086492 0.01 0.01 1.0 0.9876796714579056 0.993839835728953 30.64 0.2 
1 0.016359415015602636 0.0163594150156026 0.05 0.05 0.9953917050691244 0.9953917050691244 0.995391705069124 868.0 0.39 
0 0.8605109656798593 0.622315723733174 0.09 0.31 0.6263498920086392 0.9287257019438444 0.777537796976242 237.42 0.05 
1 0.6895519477750732 0.344775973887537 0.0 -0.0 1.0 1.0 1.0 0.0 0.0 
0 -0.0 0.0 0.0 0.0 1.0 1.0 1.0 0.0 0.0 
1 0.0740225961475812 0.128824279468757 0.41 0.69 0.5590551181102362 0.5748031496062993 0.566929133858268 381.05 2.38 
0 0.01616684129705593 0.00808342064852796 -0.0 0.0 0.9863325740318906 0.9977220956719816 0.992027334851936 0.03 0.0 
1 -0.0 0.0 -0.0 0.0 1.0 0.6774193548387096 0.838709677419355 0.0 0.0 
0 0.016897794165734926 0.00844889708286746 -0.0 0.0 0.97423887587822 0.9976580796252928 0.985948477751756 0.03 0.0 
1 0.7691223805667942 0.67691926485557 0.66 0.88 0.5571428571428572 0.5857142857142859 0.571428571428571 121.17 2.16 
0 0.41963577493948573 0.715507617982387 0.06 0.12 0.9929577464788734 0.9976525821596244 0.995305164319249 111.75 0.35 
1 0.0947607483566568 0.0769695270739669 0.09 0.1 0.9806866952789698 0.982832618025751 0.981759656652361 445.71 0.81 
0 0.16403524764720048 0.0820176238236002 0.01 0.01 0.9959183673469388 0.9979591836734693 0.996938775510204 244.5 0.1 
1 0.030372534777978206 0.0227666899680668 -0.0 0.0 1.0 0.9978813559322034 0.998940677966102 0.01 0.0 
0 0.9743147528693494 0.487157376434675 0.0 0.0 1.0 1.0 1.0 0.0 0.0 
1 0.3742549310896416 0.187127465544821 -0.03 0.02 0.7660668380462725 0.9974293059125964 0.881748071979434 15.62 0.69 
0 0.01740101312167224 0.00870050656083612 -0.0 0.0 1.0 0.9686746987951808 0.98433734939759 0.0 0.0 
1 -0.0 0.0 0.3 0.36 0.8846153846153846 0.8846153846153846 0.884615384615385 26.0 2.14 
0 -0.0 0.0 -0.0 -0.0 1.0 0.9936034115138594 0.99680170575693 0.0 0.0 
1 0.7865364435085352 0.401480572353747 0.08 0.13 0.9728506787330315 0.9728506787330315 0.972850678733032 442.51 0.33 
0 -0.0 0.0 -0.0 -0.0 1.0 0.9948586118251928 0.997429305912596 0.0 0.0 
1 -0.0 0.0 0.11 0.46 0.5384615384615384 0.6153846153846154 0.576923076923077 18.96 1.68 
0 0.03555142101850777 0.0271380958815953 -0.0 0.01 0.8826530612244897 0.9413265306122448 0.911989795918367 8.9 0.06 
1 0.0251440699125892 0.0125720349562946 0.53 0.63 0.6761658031088082 0.6761658031088082 0.676165803108808 386.0 2.33 
0 0.5795291220614944 0.508532938939031 0.0 0.29 0.3595041322314049 0.4359504132231405 0.397727272727273 251.15 0.39 
1 0.0251440699125892 0.0229518966655533 -0.06 0.01 0.6761658031088082 0.8471502590673574 0.761658031088083 4.61 0.18 
0 -0.0 0.0 0.0 0.0 1.0 1.0 1.0 0.0 0.0 
1 0.6822056867479602 0.602052179998817 0.05 0.2 0.9222462203023758 0.9546436285097192 0.938444924406048 472.98 0.93 
0 -0.0 0.0 0.0 0.0 1.0 1.0 1.0 0.0 0.0 
1 -0.0 0.0 -0.0 -0.0 1.0 1.0 1.0 0.0 0.0 
0 0.09425882789422867 0.0546823166124962 0.02 0.02 0.9753086419753086 0.9938271604938274 0.984567901234568 119.35 0.25 
1 -0.0 0.0 -0.0 0.0 1.0 0.7580645161290323 0.879032258064516 0.0 0.0 
0 0.6472565428776306 0.323628271438815 0.01 0.01 0.9979591836734693 0.9979591836734693 0.997959183673469 490.0 0.04 
1 0.6730116670092564 0.336505833504628 -0.2 0.33 0.28571428571428564 0.7142857142857143 0.5 3.73 0.53 
0 -0.0 0.0 -0.0 -0.0 1.0 0.9977324263038548 0.998866213151927 0.0 0.0 
1 0.02253214392080778 0.0197499575531257 -0.0 0.01 0.7156626506024096 0.9975903614457832 0.856626506024096 5.06 0.1 
0 -0.0 0.0 0.04 0.15 0.3076923076923077 0.8846153846153846 0.596153846153846 7.63 0.63 
1 -0.0 0.0 -0.0 0.0 1.0 0.6153846153846154 0.807692307692308 0.0 0.0 
0 0.7351973329063588 0.659956741025352 0.63 0.83 0.5428571428571428 0.5571428571428572 0.55 104.25 1.16 
1 -0.0 0.0 -0.0 -0.0 1.0 1.0 1.0 0.0 0.0 
0 -0.0 0.0 -0.0 -0.0 1.0 1.0 1.0 0.0 0.0 
1 -0.0 0.0 0.0 0.0 1.0 1.0 1.0 0.0 0.0 
0 0.3805338924281298 0.190266946214065 0.0 -0.0 1.0 0.9922879177377892 0.996143958868895 0.0 0.0 
1 0.01475818629482802 0.00737909314741401 0.01 0.01 1.0 0.9979466119096508 0.998973305954825 487.0 0.19 
0 -0.0 0.0 0.0 0.0 1.0 1.0 1.0 0.0 0.0 
1 -0.0 0.0 0.31 0.55 0.7580645161290323 0.7580645161290323 0.758064516129032 62.0 2.68 
0 0.09345740278411808 0.046728701392059 -0.0 -0.0 1.0 1.0 1.0 0.0 0.0 
1 -0.0 0.0 0.0 0.0 1.0 1.0 1.0 0.0 0.0 
0 0.4227791099849751 0.399941798791216 -0.01 0.09 0.8898488120950323 0.9956803455723539 0.942764578833693 180.47 0.51 
1 0.022083380117043378 0.0220833801170434 0.09 0.1 0.981859410430839 0.981859410430839 0.981859410430839 838.91 0.85 
0 0.4459524223135379 0.222976211156769 -0.13 0.2 0.7580645161290323 0.919354838709677 0.838709677419355 26.67 1.44 
1 0.017217650311628238 0.0171995612854242 0.37 0.44 0.837448559670782 0.839506172839506 0.838477366255144 964.67 2.36 
0 0.4459524223135379 0.399247466331145 0.02 0.35 1.0 0.919354838709677 0.959677419354839 62.0 1.76 
1 0.01789792517672371 0.00894896258836186 -0.01 0.0 1.0 0.7660668380462725 0.883033419023136 0.31 0.03 
0 0.664316082500306 0.3403215309772 0.0 0.01 0.938496583143508 0.9863325740318906 0.962414578587699 26.15 0.08 
1 -0.0 0.0 0.0 0.0 1.0 1.0 1.0 0.0 0.0 
0 0.7225997729979543 0.361299886498977 0.13 0.17 0.9591836734693876 0.9591836734693876 0.959183673469388 441.0 0.42 
1 0.6846162778013049 0.342308138900652 0.15 0.36 0.8846153846153846 0.8846153846153846 0.884615384615385 26.0 0.82 
0 1.0042424730540764 0.502121236527038 -0.04 0.14 1.0 0.8571428571428571 0.928571428571429 1.56 0.15 
1 0.6846162778013049 0.342308138900652 0.15 0.36 0.8846153846153846 0.8846153846153846 0.884615384615385 26.0 0.82 
0 0.8645984701429459 0.804414279413634 -0.04 0.36 1.0 0.7505330490405117 0.875266524520256 272.44 0.3 
1 -0.0 0.0 0.0 0.0 1.0 1.0 1.0 0.0 0.0 
0 0.8476223817902205 0.833646858448099 0.08 0.54 0.9447852760736194 0.9969325153374232 0.970858895705522 475.12 2.57 
1 0.07489355301376338 0.0508964017541222 0.5 0.63 0.6807909604519775 0.6807909604519775 0.680790960451977 354.02 2.29 
0 -0.0 0.0 0.01 0.01 0.9979591836734693 0.9979591836734693 0.997959183673469 490.0 0.16 
1 -0.0 0.0 0.0 0.0 1.0 1.0 1.0 0.0 0.0 
0 0.13371483312373358 0.0668574165618668 -0.0 0.0 1.0 0.9966442953020132 0.998322147651007 0.03 0.0 
1 0.0947607483566568 0.232756230915289 0.02 0.03 0.9678111587982832 0.9806866952789698 0.974248927038627 84.69 0.27 
0 -0.0 0.0 0.0 0.0 1.0 1.0 1.0 0.0 0.0 
1 -0.0 0.0 0.37 0.44 0.16 0.16 0.16 25.0 0.2 
0 0.7134161640307438 0.468406004869405 -0.06 0.04 0.9676025917926566 0.9913606911447084 0.979481641468682 51.63 0.18 
1 0.022083380117043378 0.0220833801170434 0.09 0.1 0.981859410430839 0.981859410430839 0.981859410430839 838.91 0.81 
0 -0.0 0.0 -0.0 -0.0 1.0 1.0 1.0 0.0 0.0 
1 0.8720635602136072 0.447297852067208 -0.01 0.11 0.2385542168674699 0.7156626506024096 0.47710843373494 466.31 0.11 
0 0.022083380117043378 0.087931533896232 -0.0 0.0 1.0 0.981859410430839 0.99092970521542 0.3 0.03 
1 0.030372534777978206 0.0228364363705995 -0.0 0.0 0.9894067796610168 0.9978813559322034 0.99364406779661 0.04 0.0 
0 0.24610920772326714 0.123054603861634 -0.0 0.0 1.0 0.9966442953020132 0.998322147651007 0.07 0.01 
1 0.8127245415610106 0.428086422879458 0.41 0.59 0.3391521197007481 0.3640897755610973 0.351620947630923 772.17 0.33 
0 -0.0 0.0 0.0 0.0 1.0 1.0 1.0 0.0 0.0 
1 0.6895519477750732 0.344775973887537 0.0 -0.0 1.0 1.0 1.0 0.0 0.0 
0 -0.0 0.0 -0.01 0.01 0.16 0.96 0.56 0.2 0.03 
1 0.3269547847215813 0.163477392360791 -0.01 0.01 0.9481865284974093 0.9870466321243522 0.967616580310881 3.79 0.05 
0 0.06219281179296066 0.0310964058964803 -0.0 0.0 1.0 0.6703786191536748 0.835189309576837 0.0 0.0 
1 0.030097958257751373 0.0286902185022557 0.1 0.1 0.9793388429752063 0.9834710743801652 0.981404958677686 484.0 0.84 
0 0.016897794165734926 0.0662581958790055 -0.0 0.0 1.0 0.97423887587822 0.98711943793911 0.27 0.02 
1 -0.0 0.0 0.0 0.0 1.0 1.0 1.0 0.0 0.0 
0 0.6730116670092564 0.541563992648833 -0.11 0.14 1.0 0.7142857142857143 0.857142857142857 1.56 0.7 
1 0.08509104448327401 0.042545522241637 0.0 0.0 1.0 1.0 1.0 0.0 0.0 
0 0.666278442414676 0.333139221207338 -0.04 0.02 1.0 0.9615384615384615 0.980769230769231 0.65 0.14 
1 0.5297061990576545 0.439269147450343 -0.1 0.03 1.0 1.0 1.0 0.32 0.45 
0 0.821654712766377 0.410827356383189 0.03 0.04 0.9897330595482546 0.9917864476386036 0.990759753593429 388.88 0.15 
1 0.8720635602136072 0.444515665699525 -0.01 0.0 0.2385542168674699 0.9975903614457832 0.618072289156626 0.63 0.0 
0 0.3525425103487513 0.176271255174376 -0.0 0.0 1.0 1.0 1.0 0.0 0.0 
1 -0.0 0.0 -0.0 -0.0 1.0 1.0 1.0 0.0 0.0 
0 0.8465160453282295 0.423258022664115 -0.0 0.0 0.9979466119096508 0.9979466119096508 0.997946611909651 0.38 0.02 
1 -0.0 0.0 -0.1 0.06 0.6153846153846154 0.8846153846153846 0.75 2.12 0.61 
0 0.5458360932286223 0.272918046614311 -0.0 0.0 1.0 0.9979466119096508 0.998973305954825 0.0 0.0 
1 0.08509104448327401 0.069552158829183 -0.0 0.0 1.0 1.0 1.0 0.07 0.01 
0 0.01789792517672371 0.00894896258836186 -0.0 -0.0 1.0 1.0 1.0 0.0 0.0 
1 -0.0 0.0 -0.0 -0.0 1.0 1.0 1.0 0.0 0.0 
0 0.6071082391575967 0.31816394609147 -0.0 0.01 0.8200455580865603 0.9954441913439636 0.907744874715262 10.06 0.04 
1 -0.0 0.0 0.0 0.0 1.0 1.0 1.0 0.0 0.0 
0 0.40984977137281264 0.223856889003367 -0.01 0.0 0.6400911161731208 0.988610478359909 0.814350797266515 3.39 0.05 
