1 0.017217650311628238 0.0171995612854242 0.37 0.44 0.837448559670782 0.839506172839506 0.838477366255144 964.67 2.36 
0 0.08864403483661465 0.0443220174183073 -0.0 -0.0 1.0 0.9225352112676058 0.961267605633803 0.0 0.0 
1 -0.0 0.0 0.07 0.08 0.9854771784232365 0.9854771784232365 0.985477178423237 482.0 0.65 
0 0.6791932659915256 0.339596632995763 0.26 0.69 0.5384615384615384 0.9230769230769232 0.730769230769231 26.0 0.84 
1 0.8720635602136072 0.447297852067208 -0.01 0.11 0.2385542168674699 0.7156626506024096 0.47710843373494 466.31 0.11 
0 0.3565581205895817 0.178279060294791 -0.0 0.0 1.0 0.9966442953020132 0.998322147651007 0.08 0.01 
1 -0.0 0.0 0.0 0.0 1.0 1.0 1.0 0.0 0.0 
0 0.2313519442560678 0.115675972128034 0.0 0.0 1.0 1.0 1.0 0.0 0.0 
1 0.0251440699125892 0.0229518966655533 -0.06 0.01 0.6761658031088082 0.8471502590673574 0.761658031088083 4.61 0.18 
0 0.6615632381579821 0.330781619078991 -0.17 0.11 1.0 0.375 0.6875 1.74 0.43 
1 0.07489355301376338 0.0508964017541222 0.5 0.63 0.6807909604519775 0.6807909604519775 0.680790960451977 354.02 2.29 
0 0.03578922484588708 0.0178946124229435 -0.0 -0.0 1.0 1.0 1.0 0.0 0.0 
1 -0.0 0.0 0.31 0.55 0.7580645161290323 0.7580645161290323 0.758064516129032 62.0 2.49 
0 0.09187703676356046 0.0459385183817802 0.0 -0.0 1.0 0.984126984126984 0.992063492063492 0.0 0.0 
1 -0.0 0.0 0.11 0.46 0.5384615384615384 0.6153846153846154 0.576923076923077 18.96 1.68 
0 -0.0 0.0 0.0 0.0 1.0 0.6 0.8 0.0 0.0 
1 0.8720635602136072 0.444515665699525 -0.01 0.0 0.2385542168674699 0.9975903614457832 0.618072289156626 0.63 0.0 
0 -0.0 0.0 0.22 0.23 0.9402985074626864 0.9402985074626864 0.940298507462687 469.0 1.58 
1 -0.0 0.0 -0.0 -0.0 1.0 0.9727463312368972 0.986373165618449 0.0 0.0 
0 0.113231477318365 0.0566157386591825 -0.0 0.0 0.9938775510204082 0.9979591836734693 0.995918367346939 0.03 0.0 
1 0.6895519477750732 0.344775973887537 0.0 -0.0 1.0 1.0 1.0 0.0 0.0 
0 0.21075729181873956 0.192416739637371 -0.03 0.03 0.9184149184149184 0.976689976689977 0.947552447552447 96.92 0.11 
1 -0.0 0.0 0.0 0.0 1.0 1.0 1.0 0.0 0.0 
0 0.744230088684321 0.384565901857076 -0.05 0.26 0.5628997867803837 0.7505330490405117 0.656716417910448 205.09 0.64 
1 -0.0 0.0 0.12 0.37 0.7580645161290323 0.8064516129032256 0.782258064516129 46.62 2.14 
0 0.7558148632822626 0.385286524788545 -0.0 0.0 1.0 0.9897330595482546 0.994866529774127 0.33 0.02 
1 0.6822056867479602 0.602052179998817 0.05 0.2 0.9222462203023758 0.9546436285097192 0.938444924406048 472.98 0.93 
0 0.25095314470125835 0.226283340293294 -0.0 0.01 1.0 0.9966442953020132 0.998322147651007 7.07 0.21 
1 0.5297061990576545 0.439269147450343 -0.1 0.03 1.0 1.0 1.0 0.32 0.45 
0 0.016294681047229552 0.088151615219288 -0.0 0.0 1.0 0.8548387096774194 0.92741935483871 0.2 0.02 
1 0.030372534777978206 0.0227666899680668 -0.0 0.0 1.0 0.9978813559322034 0.998940677966102 0.01 0.0 
0 0.27384907245785556 0.136924536228928 -0.04 0.0 0.9229024943310656 0.984126984126984 0.953514739229025 1.06 0.06 
1 0.6895519477750732 0.344775973887537 0.0 -0.0 1.0 1.0 1.0 0.0 0.0 
0 0.8605892830185917 0.430294641509296 0.0 -0.0 1.0 0.9765807962529272 0.988290398126464 0.0 0.0 
1 0.6730116670092564 0.336505833504628 -0.2 0.33 0.28571428571428564 0.7142857142857143 0.5 3.73 0.53 
0 0.905891303418349 0.452945651709175 0.01 0.02 0.9863325740318906 0.990888382687927 0.988610478359909 24.13 0.24 
1 -0.0 0.0 -0.0 0.0 1.0 0.6774193548387096 0.838709677419355 0.0 0.0 
0 0.8605109656798593 0.694636762804338 0.05 0.23 0.24190064794816415 0.9287257019438444 0.585313174946004 172.88 0.01 
1 -0.0 0.0 0.0 0.0 1.0 1.0 1.0 0.0 0.0 
0 -0.0 0.0 -0.0 -0.0 1.0 0.9966442953020132 0.998322147651007 0.0 0.0 
1 -0.0 0.0 -0.0 -0.0 1.0 0.9936034115138594 0.99680170575693 0.0 0.0 
0 0.09345740278411808 0.111005361512665 -0.0 0.0 1.0 0.9953161592505854 0.997658079625293 0.24 0.02 
1 0.022083380117043378 0.0220833801170434 0.09 0.1 0.981859410430839 0.981859410430839 0.981859410430839 838.91 0.85 
0 0.6365141682948128 0.318257084147406 -0.13 0.39 0.3 0.6 0.45 6.43 0.23 
1 0.0947607483566568 0.232756230915289 0.02 0.03 0.9678111587982832 0.9806866952789698 0.974248927038627 84.69 0.27 
0 0.06219281179296066 0.0310964058964803 -0.01 0.0 0.6703786191536748 0.9888641425389754 0.829621380846325 2.56 0.09 
1 -0.0 0.0 -0.0 -0.0 1.0 0.9977324263038548 0.998866213151927 0.0 0.0 
0 0.9556998911125344 0.955699891112534 -0.03 0.56 1.0 1.0 1.0 8.75 0.07 
1 -0.0 0.0 0.43 0.68 0.5842293906810035 0.5842293906810035 0.584229390681004 279.0 2.02 
0 0.016391988628871906 0.087541216336639 -0.0 0.0 1.0 1.0 1.0 0.04 0.0 
1 0.01789792517672371 0.00894896258836186 -0.01 0.0 1.0 0.7660668380462725 0.883033419023136 0.31 0.03 
0 0.4459524223135379 0.222976211156769 -0.03 0.29 0.6935483870967744 0.919354838709677 0.806451612903226 33.68 1.78 
1 0.030372534777978206 0.0658985378330168 -0.0 0.0 0.972457627118644 0.9978813559322034 0.985169491525424 0.13 0.01 
0 0.3767701612564368 0.188385080628218 0.35 0.53 0.7777777777777779 0.8888888888888888 0.833333333333333 9.0 2.67 
1 -0.0 0.0 -0.0 -0.0 1.0 1.0 1.0 0.0 0.0 
0 0.6615632381579821 0.330781619078991 -0.17 0.11 1.0 0.375 0.6875 1.74 0.24 
1 -0.0 0.0 -0.1 0.06 0.6153846153846154 0.8846153846153846 0.75 2.12 0.61 
0 0.05755265252972321 0.0369398159919083 -0.01 0.0 0.981859410430839 0.984126984126984 0.982993197278912 0.24 0.02 
1 -0.0 0.0 -0.0 0.0 1.0 0.7083333333333334 0.854166666666667 0.0 0.0 
0 0.19661681972859654 0.106360270661361 -0.01 0.01 0.26636568848758463 0.9932279909706544 0.62979683972912 39.76 0.03 
1 0.09908391604753189 0.0495419580237659 0.04 0.04 0.9850746268656718 0.9914712153518124 0.988272921108742 266.27 0.37 
0 0.928529239598717 0.464264619799359 -0.01 0.0 0.7114093959731543 0.9966442953020132 0.854026845637584 1.16 0.03 
1 0.02253214392080778 0.0197499575531257 -0.0 0.01 0.7156626506024096 0.9975903614457832 0.856626506024096 5.06 0.1 
0 0.6571577614973404 0.32857888074867 -0.08 0.2 1.0 0.33333333333333326 0.666666666666667 8.68 0.66 
1 -0.0 0.0 0.31 0.55 0.7580645161290323 0.7580645161290323 0.758064516129032 62.0 2.68 
0 0.9743147528693494 0.487157376434675 0.0 0.0 1.0 1.0 1.0 0.0 0.0 
1 0.08509104448327401 0.069552158829183 -0.0 0.0 1.0 1.0 1.0 0.07 0.01 
0 0.1040583233565584 0.0520291616782792 -0.0 -0.0 1.0 1.0 1.0 0.0 0.0 
1 -0.0 0.0 0.37 0.44 0.16 0.16 0.16 25.0 0.2 
0 0.8933622162954412 0.446681108147721 0.0 -0.0 1.0 0.8923076923076922 0.946153846153846 0.0 0.0 
1 -0.0 0.0 -0.0 -0.0 1.0 1.0 1.0 0.0 0.0 
0 0.01789792517672371 0.00894896258836186 -0.0 -0.0 1.0 1.0 1.0 0.0 0.0 
1 0.7691223805667942 0.67691926485557 0.66 0.88 0.5571428571428572 0.5857142857142859 0.571428571428571 121.17 2.16 
0 0.5906061822440456 0.47600038189476 0.21 0.38 0.9602272727272728 0.9602272727272728 0.960227272727273 1060.9 1.98 
1 0.09165764788996307 0.0699766348366203 -0.0 0.0 1.0 0.9818181818181818 0.990909090909091 0.1 0.01 
0 1.5067139955038629 0.817730539866448 0.01 0.15 0.9136069114470842 0.9524838012958964 0.93304535637149 293.29 0.35 
1 -0.0 0.0 -0.0 0.0 1.0 0.6153846153846154 0.807692307692308 0.0 0.0 
0 0.016932705378456925 0.00846635268922846 -0.0 0.0 1.0 0.9638554216867468 0.981927710843373 0.04 0.0 
1 0.3269547847215813 0.163477392360791 -0.01 0.01 0.9481865284974093 0.9870466321243522 0.967616580310881 3.79 0.05 
0 1.4819527259541605 1.30992565100956 0.03 0.37 0.8641114982578396 0.9930313588850174 0.928571428571429 367.9 0.39 
1 0.016359415015602636 0.0163594150156026 0.05 0.05 0.9953917050691244 0.9953917050691244 0.995391705069124 868.0 0.39 
0 0.045763284360939335 0.09977148601818 -0.0 0.0 1.0 0.981859410430839 0.99092970521542 0.37 0.03 
1 0.030372534777978206 0.0228364363705995 -0.0 0.0 0.9894067796610168 0.9978813559322034 0.99364406779661 0.04 0.0 
0 -0.0 0.0 -0.0 0.0 0.9346590909090908 0.9886363636363636 0.961647727272727 0.28 0.03 
1 -0.0 0.0 -0.0 0.0 1.0 0.7580645161290323 0.879032258064516 0.0 0.0 
0 0.8817153491347891 0.765851615563057 0.23 0.65 0.9876543209876544 0.9938271604938274 0.990740740740741 708.14 0.55 
1 0.04131357294242817 0.0206567864712141 0.29 0.33 0.886153846153846 0.8892307692307693 0.887692307692308 315.12 2.04 
0 -0.0 0.0 -0.0 0.0 0.959731543624161 0.9966442953020132 0.978187919463087 0.04 0.01 
1 0.666278442414676 0.333139221207338 -0.1 0.06 1.0 0.8846153846153846 0.942307692307692 2.12 0.44 
0 -0.0 0.0 0.0 -0.0 1.0 0.959731543624161 0.97986577181208 0.0 0.0 
1 0.04965097662992789 0.0248254883149639 -0.0 -0.0 1.0 1.0 1.0 0.0 0.0 
0 0.1725612331626618 0.0940891642961089 0.11 0.14 0.9578947368421052 0.96 0.958947368421053 402.18 1.04 
1 0.8127245415610106 0.428086422879458 0.41 0.59 0.3391521197007481 0.3640897755610973 0.351620947630923 772.17 0.33 
0 0.15869044404440605 0.079345222022203 0.0 0.0 1.0 1.0 1.0 0.0 0.0 
1 -0.0 0.0 0.31 0.55 0.7580645161290323 0.7580645161290323 0.758064516129032 62.0 2.49 
0 0.4674331568190166 0.233716578409508 -0.0 0.0 1.0 1.0 1.0 0.0 0.0 
1 0.7865364435085352 0.401480572353747 0.08 0.13 0.9728506787330315 0.9728506787330315 0.972850678733032 442.51 0.33 
0 0.7537388965283442 0.376869448264172 0.0 -0.0 1.0 0.9976525821596244 0.998826291079812 0.0 0.0 
1 0.6846162778013049 0.342308138900652 0.15 0.36 0.8846153846153846 0.8846153846153846 0.884615384615385 26.0 0.82 
0 0.09651393728015299 0.0482569686400765 -0.0 0.0 1.0 0.9966442953020132 0.998322147651007 0.02 0.0 
1 0.022083380117043378 0.0110416900585217 0.06 0.07 0.981859410430839 0.984126984126984 0.982993197278912 384.99 0.69 
0 0.4343460036066953 0.235067614226291 0.0 0.01 1.0 1.0 1.0 10.81 0.14 
1 0.0707680768797802 0.351225226630238 -0.0 0.0 1.0 0.997695852534562 0.998847926267281 3.17 0.0 
0 -0.0 0.0 -0.0 -0.0 1.0 0.9591836734693876 0.979591836734694 0.0 0.0 
1 -0.0 0.0 0.3 0.36 0.8846153846153846 0.8846153846153846 0.884615384615385 26.0 2.14 
0 0.022083380117043378 0.0110416900585217 -0.0 0.0 0.981859410430839 0.9977324263038548 0.989795918367347 0.02 0.0 
1 -0.0 0.0 0.0 0.0 1.0 1.0 1.0 0.0 0.0 
0 0.029219653025344208 0.818643363251297 -0.0 0.01 0.9931662870159452 0.9954441913439636 0.994305239179955 37.79 0.02 
1 -0.0 0.0 0.0 0.0 1.0 1.0 1.0 0.0 0.0 
0 -0.0 0.0 -0.0 0.0 1.0 0.7580645161290323 0.879032258064516 0.0 0.0 
1 0.3742549310896416 0.187127465544821 -0.03 0.02 0.7660668380462725 0.9974293059125964 0.881748071979434 15.62 0.69 
0 0.27384907245785556 0.145088025955974 -0.04 0.0 0.9229024943310656 0.981859410430839 0.952380952380952 1.36 0.09 
1 0.0251440699125892 0.0125720349562946 0.53 0.63 0.6761658031088082 0.6761658031088082 0.676165803108808 386.0 2.33 
0 0.01475818629482802 0.00737909314741401 -0.0 0.0 1.0 0.9979466119096508 0.998973305954825 0.0 0.0 
1 -0.0 0.0 0.0 0.0 1.0 1.0 1.0 0.0 0.0 
0 0.811739998691233 0.405869999345617 0.03 0.26 0.3136842105263158 0.943157894736842 0.628421052631579 199.76 0.05 
1 -0.0 0.0 0.0 0.0 1.0 1.0 1.0 0.0 0.0 
0 0.6878717657035625 0.650333615851424 0.09 0.16 1.0 0.997867803837953 0.998933901918976 119.83 0.75 
1 -0.0 0.0 0.31 0.55 0.7580645161290323 0.7580645161290323 0.758064516129032 62.0 2.68 
0 0.26552569572288004 0.13276284786144 0.0 -0.0 1.0 1.0 1.0 0.0 0.0 
1 0.3250829733914482 0.162541486695724 -0.0 0.0 1.0 1.0 1.0 0.0 0.0 
0 0.6829081047004717 0.674593273557574 0.02 0.57 1.0 0.8076923076923077 0.903846153846154 22.62 0.12 
1 -0.0 0.0 0.0 0.0 1.0 1.0 1.0 0.0 0.0 
0 0.7418244740179352 0.421966223733592 -0.0 0.01 1.0 0.7726315789473683 0.886315789473684 4.82 0.08 
1 -0.0 0.0 -0.0 -0.0 1.0 1.0 1.0 0.0 0.0 
0 0.08864403483661465 0.0443220174183073 -0.0 -0.0 1.0 0.9225352112676058 0.961267605633803 0.0 0.0 
1 0.01475818629482802 0.00737909314741401 0.01 0.01 1.0 0.9979466119096508 0.998973305954825 487.0 0.19 
0 0.41963577493948573 0.370966452689536 0.04 0.06 0.9859154929577466 0.9976525821596244 0.991784037558685 72.4 0.43 
1 -0.0 0.0 0.0 0.0 1.0 1.0 1.0 0.0 0.0 
0 0.08919443275684764 0.0445972163784238 -0.01 0.0 0.6423690205011389 0.9954441913439636 0.818906605922551 1.16 0.04 
1 -0.0 0.0 0.0 0.0 1.0 1.0 1.0 0.0 0.0 
0 -0.0 0.0 -0.04 0.0 0.3136842105263158 0.9663157894736842 0.64 4.76 0.09 
1 0.030097958257751373 0.0286902185022557 0.1 0.1 0.9793388429752063 0.9834710743801652 0.981404958677686 484.0 0.84 
0 0.25613114039546225 0.201407586133302 -0.02 0.01 0.6400911161731208 0.988610478359909 0.814350797266515 5.66 0.06 
1 -0.0 0.0 -0.0 -0.0 1.0 1.0 1.0 0.0 0.0 
0 0.08036852866682491 0.0401842643334124 -0.0 -0.0 1.0 0.9976580796252928 0.998829039812646 0.0 0.0 
1 0.6846162778013049 0.342308138900652 0.15 0.36 0.8846153846153846 0.8846153846153846 0.884615384615385 26.0 0.82 
0 0.07796325840722416 0.685183555611234 -0.02 0.06 0.4528301886792453 0.9266247379454928 0.689727463312369 129.99 0.13 
1 0.08509104448327401 0.042545522241637 0.0 0.0 1.0 1.0 1.0 0.0 0.0 
0 0.7843037925952074 0.707993084487952 0.04 0.19 1.0 0.4700460829493088 0.735023041474654 134.42 0.51 
