1 -0.0 0.0 0.0 0.0 1.0 1.0 1.0 0.0 0.0 
0 0.6878717657035625 0.371141066262054 -0.02 0.01 0.9893390191897654 0.997867803837953 0.993603411513859 3.56 0.02 
1 0.030372534777978206 0.0658985378330168 -0.0 0.0 0.972457627118644 0.9978813559322034 0.985169491525424 0.13 0.01 
0 0.13371483312373358 0.0668574165618668 -0.0 0.0 1.0 0.9966442953020132 0.998322147651007 0.03 0.01 
1 0.022083380117043378 0.0220833801170434 0.09 0.1 0.981859410430839 0.981859410430839 0.981859410430839 838.91 0.81 
0 0.3525425103487513 0.176271255174376 -0.06 0.19 1.0 0.7580645161290323 0.879032258064516 24.72 1.45 
1 -0.0 0.0 0.0 0.0 1.0 1.0 1.0 0.0 0.0 
0 0.6108643020548936 0.305432151027447 -0.04 0.11 0.6666666666666665 0.8666666666666668 0.766666666666667 5.27 0.7 
1 -0.0 0.0 -0.0 -0.0 1.0 1.0 1.0 0.0 0.0 
0 -0.0 0.0 -0.0 -0.0 1.0 0.9966442953020132 0.998322147651007 0.0 0.0 
1 0.666278442414676 0.333139221207338 -0.1 0.06 1.0 0.8846153846153846 0.942307692307692 2.12 0.44 
0 0.7537388965283442 0.475087673781087 -0.02 0.03 1.0 0.9976525821596244 0.998826291079812 28.68 0.22 
1 -0.0 0.0 -0.0 -0.0 1.0 1.0 1.0 0.0 0.0 
0 0.6791932659915256 0.339596632995763 -0.07 0.14 0.8076923076923077 0.9230769230769232 0.865384615384615 9.17 0.42 
1 -0.0 0.0 0.0 0.0 1.0 1.0 1.0 0.0 0.0 
0 0.6109007249809115 0.305450362490456 -0.0 0.0 1.0 1.0 1.0 0.0 0.0 
1 -0.0 0.0 0.31 0.55 0.7580645161290323 0.7580645161290323 0.758064516129032 62.0 2.68 
0 0.7453785846192588 0.372689292309629 0.02 0.08 0.7270788912579956 0.9402985074626864 0.833688699360341 79.33 0.35 
1 -0.0 0.0 -0.1 0.06 0.6153846153846154 0.8846153846153846 0.75 2.12 0.61 
0 0.016359415015602636 0.00817970750780132 -0.0 0.0 0.9585253456221196 0.9953917050691244 0.976958525345622 0.13 0.01 
1 -0.0 0.0 0.0 0.0 1.0 1.0 1.0 0.0 0.0 
0 -0.0 0.0 0.0 0.0 1.0 1.0 1.0 0.0 0.0 
1 0.0740225961475812 0.128824279468757 0.41 0.69 0.5590551181102362 0.5748031496062993 0.566929133858268 381.05 2.38 
0 -0.0 0.0 -0.0 -0.0 1.0 1.0 1.0 0.0 0.0 
1 0.09908391604753189 0.0495419580237659 0.04 0.04 0.9850746268656718 0.9914712153518124 0.988272921108742 266.27 0.37 
0 0.09187703676356046 0.0704209623649288 0.06 0.07 0.981859410430839 0.984126984126984 0.982993197278912 385.05 0.63 
1 0.8127245415610106 0.428086422879458 0.41 0.59 0.3391521197007481 0.3640897755610973 0.351620947630923 772.17 0.33 
0 -0.0 0.0 -0.0 0.0 0.6400911161731208 0.9977220956719816 0.818906605922551 1.78 0.04 
1 0.022083380117043378 0.0220833801170434 0.09 0.1 0.981859410430839 0.981859410430839 0.981859410430839 838.91 0.85 
0 -0.0 0.0 -0.0 0.0 0.9402985074626864 0.9936034115138594 0.966950959488273 0.19 0.02 
1 0.7691223805667942 0.67691926485557 0.66 0.88 0.5571428571428572 0.5857142857142859 0.571428571428571 121.17 2.16 
0 0.024054366210821344 0.677602571184047 0.02 0.06 0.9581881533101044 0.9930313588850174 0.975609756097561 83.21 0.3 
1 -0.0 0.0 -0.0 -0.0 1.0 0.9936034115138594 0.99680170575693 0.0 0.0 
0 0.016326979454093383 0.00816348972704669 -0.0 0.0 0.981859410430839 0.9931972789115646 0.987528344671202 0.06 0.01 
1 0.3269547847215813 0.163477392360791 -0.01 0.01 0.9481865284974093 0.9870466321243522 0.967616580310881 3.79 0.05 
0 -0.0 0.0 -0.0 0.0 1.0 0.3 0.65 0.0 0.0 
1 -0.0 0.0 -0.0 -0.0 1.0 0.9977324263038548 0.998866213151927 0.0 0.0 
0 0.2835478929710348 0.141773946485517 -0.05 0.12 0.6774193548387096 0.9838709677419354 0.830645161290323 13.95 1.11 
1 -0.0 0.0 0.07 0.08 0.9854771784232365 0.9854771784232365 0.985477178423237 482.0 0.65 
0 0.7558148632822626 0.465157416671253 0.04 0.05 0.9876796714579056 0.9897330595482546 0.98870636550308 192.28 0.39 
1 0.030372534777978206 0.0228364363705995 -0.0 0.0 0.9894067796610168 0.9978813559322034 0.99364406779661 0.04 0.0 
0 0.2996811032121433 0.214214093720589 -0.03 0.01 0.9330453563714904 0.9524838012958964 0.942764578833693 9.98 0.04 
1 -0.0 0.0 0.11 0.46 0.5384615384615384 0.6153846153846154 0.576923076923077 18.96 1.68 
0 0.1420022315650651 0.12727765036488 -0.01 0.0 1.0 0.7730496453900709 0.886524822695036 0.5 0.04 
1 -0.0 0.0 0.0 0.0 1.0 1.0 1.0 0.0 0.0 
0 -0.0 0.0 0.4 0.59 0.28 0.28 0.28 25.0 0.61 
1 0.6730116670092564 0.336505833504628 -0.2 0.33 0.28571428571428564 0.7142857142857143 0.5 3.73 0.53 
0 0.4835521377786173 0.241776068889309 -0.02 0.01 0.6502590673575128 0.9481865284974093 0.799222797927461 13.04 0.18 
1 -0.0 0.0 -0.0 -0.0 1.0 1.0 1.0 0.0 0.0 
0 0.8605892830185917 0.430294641509296 0.0 -0.0 1.0 0.9765807962529272 0.988290398126464 0.0 0.0 
1 0.7865364435085352 0.401480572353747 0.08 0.13 0.9728506787330315 0.9728506787330315 0.972850678733032 442.51 0.33 
0 1.3311507761572736 1.23452467611111 -0.07 0.19 0.9930313588850174 0.9930313588850174 0.993031358885017 376.0 0.4 
1 -0.0 0.0 -0.0 0.0 1.0 0.6774193548387096 0.838709677419355 0.0 0.0 
0 0.4695240172949409 0.23476200864747 0.0 -0.0 1.0 1.0 1.0 0.0 0.0 
1 0.0947607483566568 0.232756230915289 0.02 0.03 0.9678111587982832 0.9806866952789698 0.974248927038627 84.69 0.27 
0 -0.0 0.0 0.39 0.62 0.6935483870967744 0.6935483870967744 0.693548387096774 62.0 2.6 
1 -0.0 0.0 -0.0 -0.0 1.0 1.0 1.0 0.0 0.0 
0 0.900256051268537 0.729890281089528 -0.05 0.02 1.0 0.08602150537634409 0.543010752688172 1.68 0.01 
1 0.09165764788996307 0.0699766348366203 -0.0 0.0 1.0 0.9818181818181818 0.990909090909091 0.1 0.01 
0 0.6013943261660805 0.488664236194365 0.07 0.19 1.0 1.0 1.0 162.01 1.39 
1 -0.0 0.0 0.0 0.0 1.0 1.0 1.0 0.0 0.0 
0 0.09962338946616205 0.049811694733081 -0.0 0.0 1.0 0.7903225806451613 0.895161290322581 0.0 0.0 
1 -0.0 0.0 0.31 0.55 0.7580645161290323 0.7580645161290323 0.758064516129032 62.0 2.49 
0 0.0324357255404604 0.0162178627702302 -0.0 -0.0 1.0 0.9922879177377892 0.996143958868895 0.0 0.0 
1 0.0251440699125892 0.0229518966655533 -0.06 0.01 0.6761658031088082 0.8471502590673574 0.761658031088083 4.61 0.18 
0 0.3615394778944647 0.180769738947232 -0.04 0.12 1.0 0.6774193548387096 0.838709677419355 13.95 1.18 
1 -0.0 0.0 0.0 0.0 1.0 1.0 1.0 0.0 0.0 
0 0.09503011725564632 0.0475150586278232 0.0 -0.0 1.0 1.0 1.0 0.0 0.0 
1 -0.0 0.0 0.37 0.44 0.16 0.16 0.16 25.0 0.2 
0 0.0 0.0 0.0 0.0 0.0 0.0 0.0 0.0 0.0 
1 0.0947607483566568 0.0769695270739669 0.09 0.1 0.9806866952789698 0.982832618025751 0.981759656652361 445.71 0.81 
0 -0.0 0.0 0.0 -0.0 1.0 0.5842293906810035 0.792114695340502 0.0 0.0 
1 0.01789792517672371 0.00894896258836186 -0.01 0.0 1.0 0.7660668380462725 0.883033419023136 0.31 0.03 
0 1.3523028118749807 0.67615140593749 -0.01 0.0 0.9959183673469388 0.9979591836734693 0.996938775510204 1.17 0.02 
1 0.07489355301376338 0.0508964017541222 0.5 0.63 0.6807909604519775 0.6807909604519775 0.680790960451977 354.02 2.29 
0 0.8465160453282295 0.423258022664115 -0.0 0.0 1.0 0.9979466119096508 0.998973305954825 0.0 0.0 
1 0.5297061990576545 0.439269147450343 -0.1 0.03 1.0 1.0 1.0 0.32 0.45 
0 0.9012262508973272 0.779192006197334 -0.04 0.58 1.0 0.8666666666666668 0.933333333333333 26.77 1.19 
1 -0.0 0.0 -0.0 0.0 1.0 0.6153846153846154 0.807692307692308 0.0 0.0 
0 -0.0 0.0 0.0 0.0 1.0 0.9166666666666664 0.958333333333333 0.0 0.0 
1 -0.0 0.0 -0.0 -0.0 1.0 0.9727463312368972 0.986373165618449 0.0 0.0 
0 -0.0 0.0 -0.0 -0.0 1.0 1.0 1.0 0.0 0.0 
1 0.01616684129705593 0.00808342064852796 0.02 0.02 0.9977220956719816 0.9977220956719816 0.997722095671982 439.0 0.16 
0 -0.0 0.0 0.04 0.14 0.34615384615384615 0.8846153846153846 0.615384615384615 6.41 0.66 
1 -0.0 0.0 -0.0 0.0 1.0 0.7083333333333334 0.854166666666667 0.0 0.0 
0 0.5437298474071837 0.396320063379984 0.08 0.34 0.875 0.8835227272727273 0.879261363636364 386.11 1.67 
1 0.08509104448327401 0.069552158829183 -0.0 0.0 1.0 1.0 1.0 0.07 0.01 
0 -0.0 0.0 0.0 0.0 1.0 0.125 0.5625 0.0 0.0 
1 0.04131357294242817 0.0206567864712141 0.29 0.33 0.886153846153846 0.8892307692307693 0.887692307692308 315.12 2.04 
0 0.7065442778104265 0.373004588507407 -0.08 0.03 1.0 0.9642105263157896 0.982105263157895 21.87 0.04 
1 -0.0 0.0 0.43 0.68 0.5842293906810035 0.5842293906810035 0.584229390681004 279.0 2.02 
0 0.3269547847215813 0.163477392360791 -0.04 0.05 0.6761658031088082 0.9870466321243522 0.83160621761658 31.9 0.03 
1 0.02253214392080778 0.0197499575531257 -0.0 0.01 0.7156626506024096 0.9975903614457832 0.856626506024096 5.06 0.1 
0 0.7558148632822626 0.385286524788545 -0.0 0.0 1.0 0.9897330595482546 0.994866529774127 0.33 0.02 
1 -0.0 0.0 0.0 0.0 1.0 1.0 1.0 0.0 0.0 
0 -0.0 0.0 0.0 0.0 1.0 1.0 1.0 0.0 0.0 
1 0.01475818629482802 0.00737909314741401 0.01 0.01 1.0 0.9979466119096508 0.998973305954825 487.0 0.19 
0 0.811739998691233 0.413678547060395 0.01 0.12 0.943157894736842 0.96 0.951578947368421 279.13 0.35 
1 0.6895519477750732 0.344775973887537 0.0 -0.0 1.0 1.0 1.0 0.0 0.0 
0 0.25095480435761963 0.12547740217881 0.06 0.06 0.9886363636363636 0.9886363636363636 0.988636363636364 352.0 0.37 
1 0.6822056867479602 0.602052179998817 0.05 0.2 0.9222462203023758 0.9546436285097192 0.938444924406048 472.98 0.93 
0 0.050468069137818976 0.0334137420767108 0.01 0.02 0.9631336405529952 0.9953917050691244 0.97926267281106 52.53 0.2 
1 0.04965097662992789 0.0248254883149639 -0.0 -0.0 1.0 1.0 1.0 0.0 0.0 
0 -0.0 0.0 0.05 0.21 0.28571428571428564 0.8571428571428571 0.571428571428571 2.92 1.3 
1 0.6846162778013049 0.342308138900652 0.15 0.36 0.8846153846153846 0.8846153846153846 0.884615384615385 26.0 0.82 
0 -0.0 0.0 0.01 0.13 0.3076923076923077 0.8076923076923077 0.557692307692308 7.04 0.65 
1 0.3742549310896416 0.187127465544821 -0.03 0.02 0.7660668380462725 0.9974293059125964 0.881748071979434 15.62 0.69 
0 -0.0 0.0 -0.0 0.0 1.0 0.625 0.8125 0.0 0.0 
1 0.0707680768797802 0.351225226630238 -0.0 0.0 1.0 0.997695852534562 0.998847926267281 3.17 0.0 
0 -0.0 0.0 0.07 0.09 0.8846153846153846 0.9615384615384615 0.923076923076923 7.97 0.9 
1 0.8720635602136072 0.447297852067208 -0.01 0.11 0.2385542168674699 0.7156626506024096 0.47710843373494 466.31 0.11 
0 -0.0 0.0 -0.0 -0.0 1.0 0.9812206572769951 0.990610328638498 0.0 0.0 
1 0.3250829733914482 0.162541486695724 -0.0 0.0 1.0 1.0 1.0 0.0 0.0 
0 0.4992227979700849 0.249611398985042 -0.01 0.0 0.877840909090909 0.9886363636363636 0.933238636363636 1.63 0.09 
1 0.030372534777978206 0.0227666899680668 -0.0 0.0 1.0 0.9978813559322034 0.998940677966102 0.01 0.0 
0 0.27737437324620146 0.138687186623101 0.0 -0.0 1.0 1.0 1.0 0.0 0.0 
1 -0.0 0.0 0.0 0.0 1.0 1.0 1.0 0.0 0.0 
0 -0.0 0.0 0.0 0.0 1.0 0.9615384615384615 0.980769230769231 0.0 0.0 
1 0.8720635602136072 0.444515665699525 -0.01 0.0 0.2385542168674699 0.9975903614457832 0.618072289156626 0.63 0.0 
0 -0.0 0.0 0.0 0.0 1.0 1.0 1.0 0.0 0.0 
1 0.017217650311628238 0.0171995612854242 0.37 0.44 0.837448559670782 0.839506172839506 0.838477366255144 964.67 2.36 
0 0.6365141682948128 0.318257084147406 0.0 0.0 1.0 0.375 0.6875 0.0 0.0 
1 -0.0 0.0 0.3 0.36 0.8846153846153846 0.8846153846153846 0.884615384615385 26.0 2.14 
0 0.8605892830185917 0.430294641509296 0.0 -0.0 1.0 0.9765807962529272 0.988290398126464 0.0 0.0 
1 -0.0 0.0 0.31 0.55 0.7580645161290323 0.7580645161290323 0.758064516129032 62.0 2.68 
0 -0.0 0.0 -0.0 -0.0 1.0 1.0 1.0 0.0 0.0 
1 0.030097958257751373 0.0286902185022557 0.1 0.1 0.9793388429752063 0.9834710743801652 0.981404958677686 484.0 0.84 
0 -0.0 0.0 -0.0 -0.0 1.0 0.9976580796252928 0.998829039812646 0.0 0.0 
1 0.6895519477750732 0.344775973887537 0.0 -0.0 1.0 1.0 1.0 0.0 0.0 
0 0.015529324822425987 0.0588186491358376 -0.0 0.0 1.0 0.9663157894736842 0.983157894736842 0.38 0.03 
1 0.0251440699125892 0.0125720349562946 0.53 0.63 0.6761658031088082 0.6761658031088082 0.676165803108808 386.0 2.33 
0 -0.0 0.0 0.0 0.0 1.0 1.0 1.0 0.0 0.0 
1 0.6846162778013049 0.342308138900652 0.15 0.36 0.8846153846153846 0.8846153846153846 0.884615384615385 26.0 0.82 
0 0.01789792517672371 0.00894896258836186 -0.0 0.0 1.0 0.5732647814910026 0.786632390745501 1.35 0.04 
1 0.022083380117043378 0.0110416900585217 0.06 0.07 0.981859410430839 0.984126984126984 0.982993197278912 384.99 0.69 
0 -0.0 0.0 -0.0 0.0 0.9886363636363636 0.9971590909090908 0.992897727272727 0.01 0.0 
1 -0.0 0.0 -0.0 0.0 1.0 0.7580645161290323 0.879032258064516 0.0 0.0 
0 -0.0 0.0 -0.0 -0.0 1.0 1.0 1.0 0.0 0.0 
1 -0.0 0.0 0.12 0.37 0.7580645161290323 0.8064516129032256 0.782258064516129 46.62 2.14 
0 -0.0 0.0 0.04 0.15 0.3076923076923077 0.8846153846153846 0.596153846153846 7.63 0.63 
