1 0.3269547847215813 0.163477392360791 -0.01 0.01 0.9481865284974093 0.9870466321243522 0.967616580310881 3.79 0.05 
0 0.09187703676356046 0.0459385183817802 0.0 -0.0 1.0 0.984126984126984 0.992063492063492 0.0 0.0 
1 0.6895519477750732 0.344775973887537 0.0 -0.0 1.0 1.0 1.0 0.0 0.0 
0 -0.0 0.0 -0.0 -0.0 1.0 1.0 1.0 0.0 0.0 
1 0.07489355301376338 0.0508964017541222 0.5 0.63 0.6807909604519775 0.6807909604519775 0.680790960451977 354.02 2.29 
0 0.4227791099849751 0.221113422254419 0.0 0.08 0.7624190064794816 0.9956803455723539 0.879049676025918 82.53 1.13 
1 -0.0 0.0 -0.0 0.0 1.0 0.7083333333333334 0.854166666666667 0.0 0.0 
0 0.016897794165734926 0.0168977941657349 0.13 0.14 0.97423887587822 0.97423887587822 0.97423887587822 854.0 1.01 
1 -0.0 0.0 0.0 0.0 1.0 1.0 1.0 0.0 0.0 
0 0.937464383416628 0.490388727315298 -0.02 0.11 0.96 0.9726315789473684 0.966315789473684 324.29 0.26 
1 0.01475818629482802 0.00737909314741401 0.01 0.01 1.0 0.9979466119096508 0.998973305954825 487.0 0.19 
0 -0.0 0.0 0.0 0.0 1.0 0.9888641425389754 0.994432071269488 0.0 0.0 
1 -0.0 0.0 -0.0 -0.0 1.0 1.0 1.0 0.0 0.0 
0 0.01475818629482802 0.00737909314741401 0.0 0.0 1.0 1.0 1.0 0.0 0.0 
1 0.6822056867479602 0.602052179998817 0.05 0.2 0.9222462203023758 0.9546436285097192 0.938444924406048 472.98 0.93 
0 -0.0 0.0 -0.01 0.01 0.6935483870967744 0.9838709677419354 0.838709677419355 0.45 0.12 
1 -0.0 0.0 0.0 0.0 1.0 1.0 1.0 0.0 0.0 
0 0.09187703676356046 0.0569802084403019 0.06 0.07 0.981859410430839 0.984126984126984 0.982993197278912 385.01 0.66 
1 -0.0 0.0 0.37 0.44 0.16 0.16 0.16 25.0 0.2 
0 0.25095314470125835 0.125476572350629 0.02 0.02 0.9966442953020132 0.9966442953020132 0.996644295302013 298.0 0.14 
1 0.6846162778013049 0.342308138900652 0.15 0.36 0.8846153846153846 0.8846153846153846 0.884615384615385 26.0 0.82 
0 -0.0 0.0 0.07 0.09 0.8846153846153846 0.9615384615384615 0.923076923076923 7.97 0.9 
1 0.030097958257751373 0.0286902185022557 0.1 0.1 0.9793388429752063 0.9834710743801652 0.981404958677686 484.0 0.84 
0 0.9569181480647492 0.600481181054074 -0.02 0.07 0.989795918367347 0.9979591836734693 0.993877551020408 374.38 0.15 
1 -0.0 0.0 0.0 0.0 1.0 1.0 1.0 0.0 0.0 
0 0.41963577493948573 0.932511199235403 0.05 0.16 0.9976525821596244 0.9976525821596244 0.997652582159624 111.32 0.46 
1 0.6846162778013049 0.342308138900652 0.15 0.36 0.8846153846153846 0.8846153846153846 0.884615384615385 26.0 0.82 
0 0.27118937304184415 0.135594686520922 0.23 0.27 0.2333333333333333 0.43333333333333324 0.333333333333333 13.7 0.4 
1 -0.0 0.0 0.0 0.0 1.0 1.0 1.0 0.0 0.0 
0 0.04667886203059532 0.0233394310152977 -0.0 0.0 0.9812206572769951 0.9929577464788734 0.987089201877934 0.12 0.01 
1 -0.0 0.0 0.43 0.68 0.5842293906810035 0.5842293906810035 0.584229390681004 279.0 2.02 
0 -0.0 0.0 0.0 -0.0 1.0 0.5732647814910026 0.786632390745501 0.0 0.0 
1 -0.0 0.0 0.07 0.08 0.9854771784232365 0.9854771784232365 0.985477178423237 482.0 0.65 
0 0.07915888226942422 0.216352326863732 0.01 0.03 0.9498861047835992 0.9749430523917996 0.962414578587699 50.86 0.37 
1 0.09165764788996307 0.0699766348366203 -0.0 0.0 1.0 0.9818181818181818 0.990909090909091 0.1 0.01 
0 0.8645984701429459 0.459504418481746 -0.0 0.03 1.0 0.9893390191897654 0.994669509594883 127.9 0.12 
1 -0.0 0.0 0.0 0.0 1.0 1.0 1.0 0.0 0.0 
0 0.9517673227869262 0.475883661393463 -0.01 0.0 0.9886621315192744 0.9931972789115646 0.99092970521542 0.51 0.01 
1 -0.0 0.0 0.0 0.0 1.0 1.0 1.0 0.0 0.0 
0 0.664316082500306 0.862586059424527 0.05 0.15 0.938496583143508 0.988610478359909 0.963553530751708 204.16 0.09 
1 -0.0 0.0 0.0 0.0 1.0 1.0 1.0 0.0 0.0 
0 0.09125460025639655 0.0691675574281241 -0.07 0.01 0.6423690205011389 0.8724373576309796 0.757403189066059 5.41 0.21 
1 0.01616684129705593 0.00808342064852796 0.02 0.02 0.9977220956719816 0.9977220956719816 0.997722095671982 439.0 0.16 
0 0.16764562403823993 0.717091221052983 -0.01 0.03 1.0 0.9953051643192488 0.997652582159624 20.01 0.17 
1 0.0947607483566568 0.232756230915289 0.02 0.03 0.9678111587982832 0.9806866952789698 0.974248927038627 84.69 0.27 
0 0.8645984701429459 0.804414279413634 -0.04 0.36 1.0 0.7505330490405117 0.875266524520256 272.44 0.3 
1 -0.0 0.0 0.31 0.55 0.7580645161290323 0.7580645161290323 0.758064516129032 62.0 2.49 
0 -0.0 0.0 0.03 0.04 0.9863945578231293 0.9886621315192744 0.987528344671202 233.04 0.46 
1 0.0251440699125892 0.0229518966655533 -0.06 0.01 0.6761658031088082 0.8471502590673574 0.761658031088083 4.61 0.18 
0 0.5982695885852573 0.801256030819667 0.07 0.33 1.0 1.0 1.0 3.73 0.39 
1 0.04965097662992789 0.0248254883149639 -0.0 -0.0 1.0 1.0 1.0 0.0 0.0 
0 0.5171809428938084 0.27363945057578 -0.01 0.0 1.0 0.9834710743801652 0.991735537190083 1.87 0.09 
1 0.030372534777978206 0.0658985378330168 -0.0 0.0 0.972457627118644 0.9978813559322034 0.985169491525424 0.13 0.01 
0 0.3563409206018685 0.178170460300934 -0.05 0.22 0.7580645161290323 0.9838709677419354 0.870967741935484 28.78 1.6 
1 -0.0 0.0 0.0 0.0 1.0 1.0 1.0 0.0 0.0 
0 -0.0 0.0 -0.03 0.04 0.125 0.75 0.4375 0.38 0.07 
1 -0.0 0.0 0.31 0.55 0.7580645161290323 0.7580645161290323 0.758064516129032 62.0 2.49 
0 0.34883209584303193 0.834860219496177 -0.09 0.35 1.0 0.8888888888888888 0.944444444444444 9.0 0.39 
1 0.0947607483566568 0.0769695270739669 0.09 0.1 0.9806866952789698 0.982832618025751 0.981759656652361 445.71 0.81 
0 0.7537388965283442 0.882784762505562 -0.09 0.11 0.9976525821596244 0.9976525821596244 0.997652582159624 88.64 0.31 
1 -0.0 0.0 0.3 0.36 0.8846153846153846 0.8846153846153846 0.884615384615385 26.0 2.14 
0 -0.0 0.0 0.0 0.0 1.0 1.0 1.0 0.0 0.0 
1 -0.0 0.0 -0.0 -0.0 1.0 1.0 1.0 0.0 0.0 
0 0.244044214043399 0.122022107021699 -0.0 -0.0 1.0 0.989795918367347 0.994897959183674 0.0 0.0 
1 0.7691223805667942 0.67691926485557 0.66 0.88 0.5571428571428572 0.5857142857142859 0.571428571428571 121.17 2.16 
0 0.08627855491407438 0.0782353781757346 -0.0 0.0 0.985542168674699 0.9927710843373492 0.989156626506024 0.2 0.02 
1 -0.0 0.0 -0.0 -0.0 1.0 0.9936034115138594 0.99680170575693 0.0 0.0 
0 0.25095314470125835 0.125476572350629 -0.0 -0.0 1.0 0.9966442953020132 0.998322147651007 0.0 0.0 
1 0.0707680768797802 0.351225226630238 -0.0 0.0 1.0 0.997695852534562 0.998847926267281 3.17 0.0 
0 -0.0 0.0 0.0 0.0 1.0 1.0 1.0 0.0 0.0 
1 0.022083380117043378 0.0110416900585217 0.06 0.07 0.981859410430839 0.984126984126984 0.982993197278912 384.99 0.69 
0 0.14689728110576386 0.0734486405528819 -0.0 0.0 1.0 0.9966442953020132 0.998322147651007 0.03 0.01 
1 -0.0 0.0 0.31 0.55 0.7580645161290323 0.7580645161290323 0.758064516129032 62.0 2.68 
0 -0.0 0.0 0.0 0.0 1.0 0.75 0.875 0.0 0.0 
1 0.02253214392080778 0.0197499575531257 -0.0 0.01 0.7156626506024096 0.9975903614457832 0.856626506024096 5.06 0.1 
0 0.7065442778104265 0.361036801316426 -0.07 0.03 1.0 0.9663157894736842 0.983157894736842 18.47 0.03 
1 -0.0 0.0 -0.0 0.0 1.0 0.6153846153846154 0.807692307692308 0.0 0.0 
0 0.09345740278411808 0.242370782294628 -0.01 0.0 1.0 0.9976580796252928 0.998829039812646 0.72 0.05 
1 -0.0 0.0 -0.0 -0.0 1.0 0.9727463312368972 0.986373165618449 0.0 0.0 
0 0.01789792517672371 0.00894896258836186 -0.0 -0.0 1.0 1.0 1.0 0.0 0.0 
1 -0.0 0.0 -0.0 -0.0 1.0 0.9977324263038548 0.998866213151927 0.0 0.0 
0 0.7537388965283442 0.376869448264172 0.0 -0.0 1.0 0.9976525821596244 0.998826291079812 0.0 0.0 
1 0.7865364435085352 0.401480572353747 0.08 0.13 0.9728506787330315 0.9728506787330315 0.972850678733032 442.51 0.33 
0 0.08864403483661465 0.162607197780136 -0.0 0.01 0.9225352112676058 0.9976525821596244 0.960093896713615 2.94 0.15 
1 -0.0 0.0 -0.0 -0.0 1.0 1.0 1.0 0.0 0.0 
0 0.01475818629482802 0.00737909314741401 0.0 0.0 1.0 1.0 1.0 0.0 0.0 
1 -0.0 0.0 -0.0 0.0 1.0 0.7580645161290323 0.879032258064516 0.0 0.0 
0 0.04708051459985158 0.827573794038551 -0.2 0.03 0.6423690205011389 0.9931662870159452 0.817767653758542 23.41 0.0 
1 -0.0 0.0 -0.1 0.06 0.6153846153846154 0.8846153846153846 0.75 2.12 0.61 
0 0.9569181480647492 0.478459074032375 0.01 0.01 0.9979591836734693 0.9979591836734693 0.997959183673469 490.0 0.03 
1 -0.0 0.0 -0.0 -0.0 1.0 1.0 1.0 0.0 0.0 
0 0.923936856009666 0.838512845132642 0.04 0.45 0.5183585313174947 0.7278617710583153 0.623110151187905 482.59 0.1 
1 -0.0 0.0 0.31 0.55 0.7580645161290323 0.7580645161290323 0.758064516129032 62.0 2.68 
0 0.5437298474071837 0.396320063379984 0.08 0.34 0.875 0.8835227272727273 0.879261363636364 386.11 1.67 
1 0.030372534777978206 0.0227666899680668 -0.0 0.0 1.0 0.9978813559322034 0.998940677966102 0.01 0.0 
0 0.900256051268537 1.07047017161097 0.31 0.37 0.11827956989247312 0.08602150537634409 0.102150537634409 279.0 0.01 
1 0.666278442414676 0.333139221207338 -0.1 0.06 1.0 0.8846153846153846 0.942307692307692 2.12 0.44 
0 0.3912841618051373 0.195642080902569 -0.0 0.0 0.9953161592505854 0.9976580796252928 0.996487119437939 0.2 0.02 
1 -0.0 0.0 0.0 0.0 1.0 1.0 1.0 0.0 0.0 
0 0.5310355187960252 0.265517759398013 -0.02 0.01 0.9481865284974093 0.9507772020725388 0.949481865284974 2.87 0.15 
1 0.022083380117043378 0.0220833801170434 0.09 0.1 0.981859410430839 0.981859410430839 0.981859410430839 838.91 0.85 
0 0.4343460036066953 0.22612196439171 -0.01 0.0 1.0 1.0 1.0 0.19 0.02 
1 -0.0 0.0 0.0 0.0 1.0 1.0 1.0 0.0 0.0 
0 0.021722254678851236 0.0108611273394256 0.02 0.02 0.9402985074626864 0.9914712153518124 0.965884861407249 63.54 0.31 
1 0.8720635602136072 0.444515665699525 -0.01 0.0 0.2385542168674699 0.9975903614457832 0.618072289156626 0.63 0.0 
0 0.16165106467262894 0.151826648118847 -0.02 0.01 1.0 0.7730496453900709 0.886524822695036 2.3 0.1 
1 0.6895519477750732 0.344775973887537 0.0 -0.0 1.0 1.0 1.0 0.0 0.0 
0 0.09125460025639655 0.0456273001281983 -0.07 0.01 0.6400911161731208 0.8724373576309796 0.75626423690205 5.08 0.19 
1 0.08509104448327401 0.069552158829183 -0.0 0.0 1.0 1.0 1.0 0.07 0.01 
0 -0.0 0.0 -0.0 -0.0 1.0 1.0 1.0 0.0 0.0 
1 0.3742549310896416 0.187127465544821 -0.03 0.02 0.7660668380462725 0.9974293059125964 0.881748071979434 15.62 0.69 
0 0.8403742290585 0.435373381918239 -0.0 0.01 0.6038135593220338 0.9978813559322034 0.800847457627119 7.06 0.03 
1 0.0740225961475812 0.128824279468757 0.41 0.69 0.5590551181102362 0.5748031496062993 0.566929133858268 381.05 2.38 
0 0.016326979454093383 0.00816348972704669 0.0 -0.0 1.0 0.981859410430839 0.99092970521542 0.0 0.0 
1 -0.0 0.0 0.0 0.0 1.0 1.0 1.0 0.0 0.0 
0 0.04108212159516753 0.0205410607975838 0.22 0.24 0.9346590909090908 0.940340909090909 0.9375 352.0 1.76 
1 -0.0 0.0 -0.0 -0.0 1.0 1.0 1.0 0.0 0.0 
0 -0.0 0.0 0.0 0.0 1.0 0.3076923076923077 0.653846153846154 0.0 0.0 
1 0.04131357294242817 0.0206567864712141 0.29 0.33 0.886153846153846 0.8892307692307693 0.887692307692308 315.12 2.04 
0 0.35190974154003796 0.92931186852195 0.18 0.67 0.5161987041036717 0.9136069114470842 0.714902807775378 668.83 0.84 
1 -0.0 0.0 -0.0 0.0 1.0 0.6774193548387096 0.838709677419355 0.0 0.0 
0 0.6071082391575967 0.311717609305845 0.02 0.03 0.8200455580865603 0.9863325740318906 0.903189066059225 59.16 0.19 
1 -0.0 0.0 0.12 0.37 0.7580645161290323 0.8064516129032256 0.782258064516129 46.62 2.14 
0 -0.0 0.0 -0.0 -0.0 1.0 1.0 1.0 0.0 0.0 
1 0.030372534777978206 0.0228364363705995 -0.0 0.0 0.9894067796610168 0.9978813559322034 0.99364406779661 0.04 0.0 
0 -0.0 0.0 -0.0 -0.0 1.0 1.0 1.0 0.0 0.0 
1 0.6730116670092564 0.336505833504628 -0.2 0.33 0.28571428571428564 0.7142857142857143 0.5 3.73 0.53 
0 0.05755265252972321 0.0287763262648616 0.0 -0.0 1.0 0.984126984126984 0.992063492063492 0.0 0.0 
1 0.022083380117043378 0.0220833801170434 0.09 0.1 0.981859410430839 0.981859410430839 0.981859410430839 838.91 0.81 
0 0.09697954377303232 0.229738959609936 0.01 0.02 0.9894067796610168 0.9978813559322034 0.99364406779661 190.13 0.08 
1 0.08509104448327401 0.042545522241637 0.0 0.0 1.0 1.0 1.0 0.0 0.0 
0 0.8216123879019896 1.05907015084471 0.15 0.68 0.4986876640419949 0.5223097112860893 0.510498687664042 521.22 0.27 
1 0.8720635602136072 0.447297852067208 -0.01 0.11 0.2385542168674699 0.7156626506024096 0.47710843373494 466.31 0.11 
0 0.9569181480647492 1.01156775937643 0.15 0.66 0.989795918367347 0.9979591836734693 0.993877551020408 714.63 0.01 
1 0.5297061990576545 0.439269147450343 -0.1 0.03 1.0 1.0 1.0 0.32 0.45 
0 0.07915888226942422 0.0513527246839416 -0.03 0.01 0.6423690205011389 0.9749430523917996 0.808656036446469 8.81 0.12 
1 0.3250829733914482 0.162541486695724 -0.0 0.0 1.0 1.0 1.0 0.0 0.0 
0 0.5235346720440665 0.261767336022033 -0.02 0.03 0.2333333333333333 0.8666666666666668 0.55 1.0 0.1 
1 -0.0 0.0 0.11 0.46 0.5384615384615384 0.6153846153846154 0.576923076923077 18.96 1.68 
0 0.09651393728015299 0.0482569686400765 -0.0 0.0 1.0 0.9966442953020132 0.998322147651007 0.02 0.0 
