1 0.0947607483566568 0.232756230915289 0.02 0.03 0.9678111587982832 0.9806866952789698 0.974248927038627 84.69 0.27 
0 0.17449997006024281 0.0946290781775354 -0.0 0.0 1.0 0.9876796714579056 0.993839835728953 0.05 0.01 
1 -0.0 0.0 -0.0 -0.0 1.0 0.9936034115138594 0.99680170575693 0.0 0.0 
0 0.6472565428776306 0.323628271438815 0.0 -0.0 1.0 0.9979591836734693 0.998979591836735 0.0 0.0 
1 0.01789792517672371 0.00894896258836186 -0.01 0.0 1.0 0.7660668380462725 0.883033419023136 0.31 0.03 
0 0.3565581205895817 0.245136476856658 -0.0 0.0 1.0 1.0 1.0 0.69 0.06 
1 -0.0 0.0 0.0 0.0 1.0 1.0 1.0 0.0 0.0 
0 0.821654712766377 0.410827356383189 -0.0 0.0 1.0 0.9917864476386036 0.995893223819302 0.0 0.0 
1 -0.0 0.0 0.3 0.36 0.8846153846153846 0.8846153846153846 0.884615384615385 26.0 2.14 
0 0.4459524223135379 0.222976211156769 -0.03 0.29 0.6935483870967744 0.919354838709677 0.806451612903226 33.68 1.79 
1 0.3269547847215813 0.163477392360791 -0.01 0.01 0.9481865284974093 0.9870466321243522 0.967616580310881 3.79 0.05 
0 0.021722254678851236 0.0108611273394256 -0.0 0.0 0.9402985074626864 0.9936034115138594 0.966950959488273 0.2 0.02 
1 -0.0 0.0 0.0 0.0 1.0 1.0 1.0 0.0 0.0 
0 0.5982695885852573 0.818995179712588 -0.0 0.33 1.0 0.5714285714285713 0.785714285714286 3.73 0.67 
1 -0.0 0.0 0.0 0.0 1.0 1.0 1.0 0.0 0.0 
0 0.6615632381579821 0.330781619078991 0.0 0.0 1.0 1.0 1.0 0.0 0.0 
1 -0.0 0.0 0.0 0.0 1.0 1.0 1.0 0.0 0.0 
0 -0.0 0.0 -0.0 0.0 1.0 0.7580645161290323 0.879032258064516 0.0 0.0 
1 0.6846162778013049 0.342308138900652 0.15 0.36 0.8846153846153846 0.8846153846153846 0.884615384615385 26.0 0.82 
0 0.629696481674345 0.39536766306509 0.0 0.01 1.0 1.0 1.0 8.09 0.13 
1 0.3742549310896416 0.187127465544821 -0.03 0.02 0.7660668380462725 0.9974293059125964 0.881748071979434 15.62 0.69 
0 0.29839816419932 0.287886268722761 -0.01 0.01 1.0 1.0 1.0 3.55 0.16 
1 0.09165764788996307 0.0699766348366203 -0.0 0.0 1.0 0.9818181818181818 0.990909090909091 0.1 0.01 
0 0.6822056867479602 0.529526835383479 0.02 0.15 0.900647948164147 0.9546436285097192 0.927645788336933 332.73 0.76 
1 -0.0 0.0 -0.0 0.0 1.0 0.6153846153846154 0.807692307692308 0.0 0.0 
0 0.16764562403823993 0.717091221052983 -0.01 0.03 1.0 0.9953051643192488 0.997652582159624 20.01 0.17 
1 -0.0 0.0 -0.0 0.0 1.0 0.6774193548387096 0.838709677419355 0.0 0.0 
0 0.3624983754468393 0.863846053368655 -0.06 0.07 0.8538135593220338 0.9978813559322034 0.925847457627119 65.83 0.13 
1 0.6895519477750732 0.344775973887537 0.0 -0.0 1.0 1.0 1.0 0.0 0.0 
0 -0.0 0.0 -0.0 -0.0 1.0 1.0 1.0 0.0 0.0 
1 0.07489355301376338 0.0508964017541222 0.5 0.63 0.6807909604519775 0.6807909604519775 0.680790960451977 354.02 2.29 
0 -0.0 0.0 0.01 0.13 0.3076923076923077 0.8076923076923077 0.557692307692308 7.04 0.76 
1 0.8127245415610106 0.428086422879458 0.41 0.59 0.3391521197007481 0.3640897755610973 0.351620947630923 772.17 0.33 
0 0.19661681972859654 0.0983084098642983 -0.0 0.0 1.0 0.26636568848758463 0.633182844243792 0.0 0.0 
1 -0.0 0.0 -0.0 0.0 1.0 0.7580645161290323 0.879032258064516 0.0 0.0 
0 -0.0 0.0 0.0 0.0 1.0 1.0 1.0 0.0 0.0 
1 0.09908391604753189 0.0495419580237659 0.04 0.04 0.9850746268656718 0.9914712153518124 0.988272921108742 266.27 0.37 
0 -0.0 0.0 -0.0 -0.0 1.0 1.0 1.0 0.0 0.0 
1 -0.0 0.0 -0.0 0.0 1.0 0.7083333333333334 0.854166666666667 0.0 0.0 
0 -0.0 0.0 0.0 0.0 1.0 0.75 0.875 0.0 0.0 
1 -0.0 0.0 0.0 0.0 1.0 1.0 1.0 0.0 0.0 
0 0.767183707147163 0.633203252558624 0.11 0.63 0.877840909090909 0.909090909090909 0.893465909090909 605.63 2.32 
1 -0.0 0.0 -0.0 -0.0 1.0 1.0 1.0 0.0 0.0 
0 0.376847984018997 0.364378862779517 -0.12 0.07 0.5161987041036717 0.900647948164147 0.708423326133909 56.27 0.13 
1 0.6846162778013049 0.342308138900652 0.15 0.36 0.8846153846153846 0.8846153846153846 0.884615384615385 26.0 0.82 
0 0.6829081047004717 0.677959885854864 0.16 0.68 1.0 0.7142857142857143 0.857142857142857 7.0 0.87 
1 -0.0 0.0 -0.0 -0.0 1.0 1.0 1.0 0.0 0.0 
0 -0.0 0.0 0.0 0.0 1.0 0.9978165938864628 0.998908296943231 0.0 0.0 
1 -0.0 0.0 0.31 0.55 0.7580645161290323 0.7580645161290323 0.758064516129032 62.0 2.49 
0 0.7244657079537894 0.581001231885178 -0.11 0.28 0.3264462809917356 0.3595041322314049 0.34297520661157 249.71 0.31 
1 0.02253214392080778 0.0197499575531257 -0.0 0.01 0.7156626506024096 0.9975903614457832 0.856626506024096 5.06 0.1 
0 0.04667886203059532 0.184487996235091 0.01 0.02 0.9859154929577466 0.9929577464788734 0.98943661971831 426.41 0.04 
1 0.6895519477750732 0.344775973887537 0.0 -0.0 1.0 1.0 1.0 0.0 0.0 
0 0.1156185975922761 0.0578092987961381 -0.0 -0.0 1.0 1.0 1.0 0.0 0.0 
1 0.01475818629482802 0.00737909314741401 0.01 0.01 1.0 0.9979466119096508 0.998973305954825 487.0 0.19 
0 -0.0 0.0 0.0 0.0 1.0 0.9888641425389754 0.994432071269488 0.0 0.0 
1 0.8720635602136072 0.447297852067208 -0.01 0.11 0.2385542168674699 0.7156626506024096 0.47710843373494 466.31 0.11 
0 0.3563409206018685 0.178170460300934 -0.05 0.22 0.7580645161290323 0.9838709677419354 0.870967741935484 28.78 1.6 
1 -0.0 0.0 0.0 0.0 1.0 1.0 1.0 0.0 0.0 
0 0.01607235879964646 0.00803617939982323 -0.0 0.0 1.0 0.9591836734693876 0.979591836734694 0.04 0.0 
1 0.017217650311628238 0.0171995612854242 0.37 0.44 0.837448559670782 0.839506172839506 0.838477366255144 964.67 2.36 
0 1.078992207877583 0.539496103938792 0.04 0.6 1.0 0.28571428571428564 0.642857142857143 7.0 0.37 
1 -0.0 0.0 -0.0 -0.0 1.0 1.0 1.0 0.0 0.0 
0 0.35354577145803917 0.304838455926751 -0.07 0.05 0.6400911161731208 0.9498861047835992 0.79498861047836 39.5 0.03 
1 0.030372534777978206 0.0227666899680668 -0.0 0.0 1.0 0.9978813559322034 0.998940677966102 0.01 0.0 
0 1.320888343149322 0.660444171574661 0.18 0.35 0.8888888888888888 0.8888888888888888 0.888888888888889 9.0 0.47 
1 0.666278442414676 0.333139221207338 -0.1 0.06 1.0 0.8846153846153846 0.942307692307692 2.12 0.44 
0 0.29170992255894307 0.886831324256552 -0.01 0.12 1.0 0.8641114982578396 0.93205574912892 190.39 0.27 
1 0.3250829733914482 0.162541486695724 -0.0 0.0 1.0 1.0 1.0 0.0 0.0 
0 0.7134161640307438 0.482740243209075 -0.06 0.03 0.9049676025917927 0.9913606911447084 0.94816414686825 24.61 0.01 
1 -0.0 0.0 0.43 0.68 0.5842293906810035 0.5842293906810035 0.584229390681004 279.0 2.02 
0 0.01607235879964646 0.00803617939982323 -0.0 -0.0 1.0 1.0 1.0 0.0 0.0 
1 -0.0 0.0 0.11 0.46 0.5384615384615384 0.6153846153846154 0.576923076923077 18.96 1.68 
0 0.03786400663392116 0.19570488904598 -0.0 0.0 0.9498861047835992 0.988610478359909 0.969248291571754 1.25 0.07 
1 -0.0 0.0 0.31 0.55 0.7580645161290323 0.7580645161290323 0.758064516129032 62.0 2.68 
0 -0.0 0.0 0.0 -0.0 1.0 0.959731543624161 0.97986577181208 0.0 0.0 
1 0.0740225961475812 0.128824279468757 0.41 0.69 0.5590551181102362 0.5748031496062993 0.566929133858268 381.05 2.38 
0 0.34883209584303193 0.348832095843032 0.22 0.35 1.0 1.0 1.0 9.0 2.23 
1 -0.0 0.0 0.0 0.0 1.0 1.0 1.0 0.0 0.0 
0 0.19588442055662847 0.0979422102783142 -0.01 0.0 0.9413265306122448 0.9948979591836736 0.968112244897959 1.18 0.08 
1 0.0707680768797802 0.351225226630238 -0.0 0.0 1.0 0.997695852534562 0.998847926267281 3.17 0.0 
0 0.6615632381579821 0.330781619078991 0.0 0.0 1.0 1.0 1.0 0.0 0.0 
1 0.030372534777978206 0.0658985378330168 -0.0 0.0 0.972457627118644 0.9978813559322034 0.985169491525424 0.13 0.01 
0 0.3565581205895817 0.178279060294791 0.0 -0.0 1.0 1.0 1.0 0.0 0.0 
1 0.030097958257751373 0.0286902185022557 0.1 0.1 0.9793388429752063 0.9834710743801652 0.981404958677686 484.0 0.84 
0 0.016359415015602636 0.0672963527021109 -0.0 0.0 0.988479262672811 0.9953917050691244 0.991935483870968 0.11 0.01 
1 -0.0 0.0 0.07 0.08 0.9854771784232365 0.9854771784232365 0.985477178423237 482.0 0.65 
0 -0.0 0.0 -0.0 -0.0 1.0 1.0 1.0 0.0 0.0 
1 0.8720635602136072 0.444515665699525 -0.01 0.0 0.2385542168674699 0.9975903614457832 0.618072289156626 0.63 0.0 
0 0.8720635602136072 0.444498132796032 -0.0 0.0 1.0 0.2385542168674699 0.619277108433735 0.31 0.0 
1 -0.0 0.0 0.0 0.0 1.0 1.0 1.0 0.0 0.0 
0 0.06957694070479191 0.838822007091021 -0.05 0.03 0.9726651480637812 0.9931662870159452 0.982915717539863 28.05 0.0 
1 -0.0 0.0 0.31 0.55 0.7580645161290323 0.7580645161290323 0.758064516129032 62.0 2.68 
0 -0.0 0.0 0.0 0.0 1.0 0.9888641425389754 0.994432071269488 0.0 0.0 
1 0.0947607483566568 0.0769695270739669 0.09 0.1 0.9806866952789698 0.982832618025751 0.981759656652361 445.71 0.81 
0 0.05602246986522343 0.169912301379239 0.0 0.0 1.0 0.9891891891891892 0.994594594594595 0.19 0.02 
1 0.6822056867479602 0.602052179998817 0.05 0.2 0.9222462203023758 0.9546436285097192 0.938444924406048 472.98 0.93 
0 0.022083380117043378 0.0190778694583449 -0.0 0.0 1.0 0.981859410430839 0.99092970521542 0.02 0.0 
1 0.04965097662992789 0.0248254883149639 -0.0 -0.0 1.0 1.0 1.0 0.0 0.0 
0 0.41011631828840894 0.205058159144204 -0.14 0.05 1.0 0.28571428571428564 0.642857142857143 0.47 0.33 
1 0.7691223805667942 0.67691926485557 0.66 0.88 0.5571428571428572 0.5857142857142859 0.571428571428571 121.17 2.16 
0 0.6331171997564925 0.316558599878246 0.0 0.01 0.947608200455581 0.9954441913439636 0.971526195899772 23.93 0.13 
1 -0.0 0.0 0.0 0.0 1.0 1.0 1.0 0.0 0.0 
0 -0.0 0.0 -0.0 0.0 0.9914712153518124 0.9936034115138594 0.992537313432836 0.03 0.0 
1 -0.0 0.0 0.31 0.55 0.7580645161290323 0.7580645161290323 0.758064516129032 62.0 2.49 
0 0.03946489920438848 0.561855031497552 -0.03 0.09 0.9242105263157896 0.9642105263157896 0.944210526315789 193.05 0.25 
1 0.022083380117043378 0.0220833801170434 0.09 0.1 0.981859410430839 0.981859410430839 0.981859410430839 838.91 0.81 
0 0.6109007249809115 0.370630759379494 -0.01 0.05 1.0 1.0 1.0 55.09 0.53 
1 0.5297061990576545 0.439269147450343 -0.1 0.03 1.0 1.0 1.0 0.32 0.45 
0 0.5287625599288156 0.432939380938485 -0.06 0.04 0.24190064794816415 0.937365010799136 0.58963282937365 22.57 0.16 
1 -0.0 0.0 0.0 0.0 1.0 1.0 1.0 0.0 0.0 
0 -0.0 0.0 0.0 0.0 1.0 1.0 1.0 0.0 0.0 
1 -0.0 0.0 0.0 0.0 1.0 1.0 1.0 0.0 0.0 
0 1.3523028118749807 0.67615140593749 -0.01 0.0 0.9959183673469388 0.9979591836734693 0.996938775510204 1.17 0.02 
1 -0.0 0.0 -0.0 -0.0 1.0 1.0 1.0 0.0 0.0 
0 0.2835478929710348 0.141773946485517 -0.05 0.12 0.6774193548387096 0.9838709677419354 0.830645161290323 13.95 1.11 
1 0.022083380117043378 0.0110416900585217 0.06 0.07 0.981859410430839 0.984126984126984 0.982993197278912 384.99 0.69 
0 0.16403524764720048 0.0820176238236002 0.01 0.01 0.9959183673469388 0.9979591836734693 0.996938775510204 244.5 0.1 
1 0.08509104448327401 0.069552158829183 -0.0 0.0 1.0 1.0 1.0 0.07 0.01 
0 0.8465160453282295 0.430637115811529 -0.0 0.0 1.0 0.9979466119096508 0.998973305954825 0.38 0.02 
1 0.04131357294242817 0.0206567864712141 0.29 0.33 0.886153846153846 0.8892307692307693 0.887692307692308 315.12 2.04 
0 0.3565581205895817 0.301333664156424 0.01 0.04 1.0 1.0 1.0 58.18 0.32 
1 -0.0 0.0 0.37 0.44 0.16 0.16 0.16 25.0 0.2 
0 0.744230088684321 0.37211504434216 -0.01 0.01 0.7505330490405117 0.9936034115138594 0.872068230277185 4.68 0.04 
1 -0.0 0.0 0.12 0.37 0.7580645161290323 0.8064516129032256 0.782258064516129 46.62 2.14 
0 0.6829081047004717 0.640588846642864 -0.03 0.2 1.0 1.0 1.0 2.1 0.57 
1 -0.0 0.0 -0.0 -0.0 1.0 0.9977324263038548 0.998866213151927 0.0 0.0 
0 -0.0 0.0 0.0 0.0 1.0 1.0 1.0 0.0 0.0 
1 -0.0 0.0 -0.0 -0.0 1.0 1.0 1.0 0.0 0.0 
0 0.3563409206018685 0.35444171547531 0.09 0.35 1.0 0.9838709677419354 0.991935483870968 62.0 2.13 
1 0.08509104448327401 0.042545522241637 0.0 0.0 1.0 1.0 1.0 0.0 0.0 
0 -0.0 0.0 0.0 0.0 1.0 0.9932279909706544 0.996613995485327 0.0 0.0 
1 0.016359415015602636 0.0163594150156026 0.05 0.05 0.9953917050691244 0.9953917050691244 0.995391705069124 868.0 0.39 
0 0.6465756311813309 0.379564350173013 0.0 0.01 1.0 0.929078014184397 0.964539007092199 15.43 0.03 
1 -0.0 0.0 -0.0 -0.0 1.0 0.9727463312368972 0.986373165618449 0.0 0.0 
0 -0.0 0.0 0.0 0.0 1.0 0.9166666666666664 0.958333333333333 0.0 0.0 
1 0.022083380117043378 0.0220833801170434 0.09 0.1 0.981859410430839 0.981859410430839 0.981859410430839 838.91 0.85 
0 0.08392577932363239 0.0419628896618162 -0.0 -0.0 1.0 0.9918367346938776 0.995918367346939 0.0 0.0 
1 0.0251440699125892 0.0229518966655533 -0.06 0.01 0.6761658031088082 0.8471502590673574 0.761658031088083 4.61 0.18 
0 0.34883209584303193 0.174416047921516 0.07 0.19 1.0 0.7777777777777779 0.888888888888889 3.94 1.6 
