1 0.02253214392080778 0.0197499575531257 -0.0 0.01 0.7156626506024096 0.9975903614457832 0.856626506024096 5.06 0.1 
0 -0.0 0.0 0.0 0.0 1.0 1.0 1.0 0.0 0.0 
1 0.030372534777978206 0.0227666899680668 -0.0 0.0 1.0 0.9978813559322034 0.998940677966102 0.01 0.0 
0 0.6829081047004717 0.341454052350236 0.25 0.68 1.0 0.4285714285714285 0.714285714285714 7.0 0.97 
1 -0.0 0.0 0.37 0.44 0.16 0.16 0.16 25.0 0.2 
0 0.5437298474071837 0.348113023617632 -0.04 0.05 1.0 0.8835227272727273 0.941761363636364 54.82 0.34 
1 -0.0 0.0 0.3 0.36 0.8846153846153846 0.8846153846153846 0.884615384615385 26.0 2.14 
0 -0.0 0.0 0.0 0.0 1.0 1.0 1.0 0.0 0.0 
1 0.016359415015602636 0.0163594150156026 0.05 0.05 0.9953917050691244 0.9953917050691244 0.995391705069124 868.0 0.39 
0 0.3525425103487513 0.176271255174376 -0.08 0.14 1.0 0.6774193548387096 0.838709677419355 16.57 1.15 
1 -0.0 0.0 0.31 0.55 0.7580645161290323 0.7580645161290323 0.758064516129032 62.0 2.68 
0 0.3525425103487513 0.176271255174376 -0.08 0.15 1.0 0.6935483870967744 0.846774193548387 17.86 1.31 
1 -0.0 0.0 -0.1 0.06 0.6153846153846154 0.8846153846153846 0.75 2.12 0.61 
0 0.7906389209809128 0.395319460490456 0.02 0.05 0.9481865284974093 0.9766839378238344 0.962435233160622 101.01 0.16 
1 0.6846162778013049 0.342308138900652 0.15 0.36 0.8846153846153846 0.8846153846153846 0.884615384615385 26.0 0.82 
0 -0.0 0.0 -0.0 -0.0 1.0 0.988479262672811 0.994239631336405 0.0 0.0 
1 0.6846162778013049 0.342308138900652 0.15 0.36 0.8846153846153846 0.8846153846153846 0.884615384615385 26.0 0.82 
0 -0.0 0.0 -0.06 0.18 0.6935483870967744 0.7580645161290323 0.725806451612903 22.68 1.48 
1 -0.0 0.0 -0.0 0.0 1.0 0.7580645161290323 0.879032258064516 0.0 0.0 
0 0.629696481674345 0.323126720552988 -0.0 0.0 1.0 1.0 1.0 0.34 0.02 
1 0.017217650311628238 0.0171995612854242 0.37 0.44 0.837448559670782 0.839506172839506 0.838477366255144 964.67 2.36 
0 0.8605109656798593 0.939671492990988 0.13 0.56 0.7321814254859611 0.9287257019438444 0.830453563714903 446.5 0.2 
1 -0.0 0.0 0.31 0.55 0.7580645161290323 0.7580645161290323 0.758064516129032 62.0 2.68 
0 0.0 0.0 0.0 0.0 0.0 0.0 0.0 0.0 0.0 
1 0.6730116670092564 0.336505833504628 -0.2 0.33 0.28571428571428564 0.7142857142857143 0.5 3.73 0.53 
0 0.3771044875974561 0.784816638211227 -0.13 0.17 0.8898488120950323 0.9935205183585314 0.941684665226782 447.55 0.3 
1 -0.0 0.0 -0.0 -0.0 1.0 1.0 1.0 0.0 0.0 
0 0.6365141682948128 0.318257084147406 -0.0 0.0 1.0 0.6 0.8 0.0 0.0 
1 -0.0 0.0 0.0 0.0 1.0 1.0 1.0 0.0 0.0 
0 0.5310355187960252 0.265517759398013 0.04 0.06 0.9507772020725388 0.981865284974093 0.966321243523316 155.44 0.41 
1 0.022083380117043378 0.0220833801170434 0.09 0.1 0.981859410430839 0.981859410430839 0.981859410430839 838.91 0.85 
0 0.05662157828350273 0.0283107891417514 -0.0 0.0 0.9932885906040269 0.9966442953020132 0.99496644295302 0.02 0.0 
1 0.8720635602136072 0.447297852067208 -0.01 0.11 0.2385542168674699 0.7156626506024096 0.47710843373494 466.31 0.11 
0 0.7065442778104265 0.404326125629838 -0.0 0.0 1.0 1.0 1.0 3.97 0.01 
1 0.022083380117043378 0.0110416900585217 0.06 0.07 0.981859410430839 0.984126984126984 0.982993197278912 384.99 0.69 
0 0.552705677980449 0.276352838990225 -0.0 0.0 1.0 1.0 1.0 0.0 0.0 
1 0.07489355301376338 0.0508964017541222 0.5 0.63 0.6807909604519775 0.6807909604519775 0.680790960451977 354.02 2.29 
0 0.8646777734057377 0.548897235881433 0.31 0.57 0.7607223476297968 0.7720090293453724 0.766365688487585 1010.55 1.35 
1 -0.0 0.0 -0.0 -0.0 1.0 0.9936034115138594 0.99680170575693 0.0 0.0 
0 0.8403742290585 0.427767537108328 -0.0 0.0 1.0 0.6038135593220338 0.801906779661017 1.53 0.01 
1 0.0251440699125892 0.0229518966655533 -0.06 0.01 0.6761658031088082 0.8471502590673574 0.761658031088083 4.61 0.18 
0 0.6668211267142973 0.555194705564293 0.08 0.49 0.8295454545454547 0.8835227272727273 0.856534090909091 862.94 1.81 
1 -0.0 0.0 0.0 0.0 1.0 1.0 1.0 0.0 0.0 
0 0.016967771185443552 0.0166312261163366 -0.0 0.0 1.0 0.9539170506912442 0.976958525345622 0.05 0.01 
1 0.0707680768797802 0.351225226630238 -0.0 0.0 1.0 0.997695852534562 0.998847926267281 3.17 0.0 
0 0.532506047065826 0.274432731040714 -0.05 0.01 0.6703786191536748 0.9621380846325168 0.816258351893096 9.89 0.27 
1 0.666278442414676 0.333139221207338 -0.1 0.06 1.0 0.8846153846153846 0.942307692307692 2.12 0.44 
0 0.08392577932363239 0.163984996683516 -0.01 0.0 0.989795918367347 0.9918367346938776 0.990816326530612 0.72 0.05 
1 0.09908391604753189 0.0495419580237659 0.04 0.04 0.9850746268656718 0.9914712153518124 0.988272921108742 266.27 0.37 
0 0.5168692487765637 0.404289585667753 -0.04 0.03 1.0 0.9965156794425089 0.998257839721254 34.73 0.12 
1 -0.0 0.0 0.0 0.0 1.0 1.0 1.0 0.0 0.0 
0 0.6622618696488148 0.411956467160722 -0.01 0.04 1.0 0.8723404255319149 0.936170212765957 36.81 0.35 
1 -0.0 0.0 0.11 0.46 0.5384615384615384 0.6153846153846154 0.576923076923077 18.96 1.68 
0 -0.0 0.0 -0.0 -0.0 1.0 0.9966442953020132 0.998322147651007 0.0 0.0 
1 -0.0 0.0 0.07 0.08 0.9854771784232365 0.9854771784232365 0.985477178423237 482.0 0.65 
0 0.0707680768797802 0.0606180730087996 0.01 0.01 0.9631336405529952 0.997695852534562 0.980414746543779 26.39 0.07 
1 0.08509104448327401 0.042545522241637 0.0 0.0 1.0 1.0 1.0 0.0 0.0 
0 0.9517673227869262 0.483919840793286 0.0 0.0 1.0 0.9886621315192744 0.994331065759637 3.05 0.03 
1 0.04965097662992789 0.0248254883149639 -0.0 -0.0 1.0 1.0 1.0 0.0 0.0 
0 0.40984977137281264 0.219534712199078 -0.01 0.01 0.6400911161731208 0.9954441913439636 0.817767653758542 3.85 0.07 
1 0.0251440699125892 0.0125720349562946 0.53 0.63 0.6761658031088082 0.6761658031088082 0.676165803108808 386.0 2.33 
0 0.01497005434010946 0.00748502717005473 -0.0 0.0 0.977551020408163 0.9979591836734693 0.987755102040816 0.03 0.0 
1 0.3250829733914482 0.162541486695724 -0.0 0.0 1.0 1.0 1.0 0.0 0.0 
0 0.06219281179296066 0.264812984305989 -0.08 0.02 1.0 0.6703786191536748 0.835189309576837 16.83 0.43 
1 -0.0 0.0 -0.0 -0.0 1.0 0.9727463312368972 0.986373165618449 0.0 0.0 
0 0.13036079377807663 0.0651803968890383 0.0 0.0 1.0 1.0 1.0 0.0 0.0 
1 -0.0 0.0 -0.0 -0.0 1.0 0.9977324263038548 0.998866213151927 0.0 0.0 
0 0.580651755229746 0.299798101490742 -0.01 0.02 0.9005102040816326 0.9285714285714286 0.914540816326531 21.61 0.02 
1 0.030372534777978206 0.0228364363705995 -0.0 0.0 0.9894067796610168 0.9978813559322034 0.99364406779661 0.04 0.0 
0 0.16403524764720048 0.615126309167655 -0.01 0.05 0.989795918367347 0.9959183673469388 0.992857142857143 221.03 0.02 
1 0.3742549310896416 0.187127465544821 -0.03 0.02 0.7660668380462725 0.9974293059125964 0.881748071979434 15.62 0.69 
0 0.7906389209809128 0.660837219888469 -0.02 0.19 0.9507772020725388 0.9766839378238344 0.963730569948187 567.1 0.18 
1 -0.0 0.0 0.0 0.0 1.0 1.0 1.0 0.0 0.0 
0 -0.0 0.0 0.0 0.0 1.0 0.125 0.5625 0.0 0.0 
1 0.7865364435085352 0.401480572353747 0.08 0.13 0.9728506787330315 0.9728506787330315 0.972850678733032 442.51 0.33 
0 -0.0 0.0 0.28 0.38 0.125 0.125 0.125 8.0 0.06 
1 -0.0 0.0 -0.0 0.0 1.0 0.6774193548387096 0.838709677419355 0.0 0.0 
0 0.6071082391575967 0.31816394609147 -0.0 0.01 0.8200455580865603 0.9954441913439636 0.907744874715262 10.06 0.04 
1 0.8720635602136072 0.444515665699525 -0.01 0.0 0.2385542168674699 0.9975903614457832 0.618072289156626 0.63 0.0 
0 0.9569181480647492 0.600481181054074 -0.02 0.07 0.989795918367347 0.9979591836734693 0.993877551020408 374.38 0.15 
1 -0.0 0.0 0.31 0.55 0.7580645161290323 0.7580645161290323 0.758064516129032 62.0 2.49 
0 0.20161353588532901 0.100806767942664 0.0 -0.0 1.0 1.0 1.0 0.0 0.0 
1 0.7691223805667942 0.67691926485557 0.66 0.88 0.5571428571428572 0.5857142857142859 0.571428571428571 121.17 2.16 
0 0.0628093679942407 0.175081702091888 0.04 0.05 0.9489795918367347 0.997448979591837 0.973214285714286 206.39 0.37 
1 0.030372534777978206 0.0658985378330168 -0.0 0.0 0.972457627118644 0.9978813559322034 0.985169491525424 0.13 0.01 
0 0.6365141682948128 0.956774213880476 -0.05 0.68 1.0 0.4285714285714285 0.714285714285714 8.17 0.05 
1 -0.0 0.0 -0.0 -0.0 1.0 1.0 1.0 0.0 0.0 
0 0.4459524223135379 0.222976211156769 -0.0 0.0 1.0 0.919354838709677 0.959677419354839 0.0 0.0 
1 -0.0 0.0 0.0 0.0 1.0 1.0 1.0 0.0 0.0 
0 0.09425882789422867 0.46102293457214 0.03 0.07 0.9938271604938274 0.9938271604938274 0.993827160493827 895.1 0.12 
1 -0.0 0.0 0.0 0.0 1.0 1.0 1.0 0.0 0.0 
0 0.16764562403823993 0.08382281201912 -0.0 -0.0 1.0 1.0 1.0 0.0 0.0 
1 0.030097958257751373 0.0286902185022557 0.1 0.1 0.9793388429752063 0.9834710743801652 0.981404958677686 484.0 0.84 
0 0.3525425103487513 0.176271255174376 -0.08 0.15 1.0 0.6935483870967744 0.846774193548387 17.86 1.21 
1 0.01789792517672371 0.00894896258836186 -0.01 0.0 1.0 0.7660668380462725 0.883033419023136 0.31 0.03 
0 -0.0 0.0 -0.0 0.0 0.9954648526077096 0.9977324263038548 0.996598639455782 0.0 0.0 
1 0.6895519477750732 0.344775973887537 0.0 -0.0 1.0 1.0 1.0 0.0 0.0 
0 0.3525425103487513 0.352542510348751 0.11 0.35 1.0 1.0 1.0 62.0 2.23 
1 -0.0 0.0 -0.0 -0.0 1.0 1.0 1.0 0.0 0.0 
0 0.09345740278411808 0.2321328426813 -0.0 0.0 1.0 1.0 1.0 0.7 0.05 
1 0.8127245415610106 0.428086422879458 0.41 0.59 0.3391521197007481 0.3640897755610973 0.351620947630923 772.17 0.33 
0 0.016967771185443552 0.0676005307870313 -0.01 0.0 0.9539170506912442 0.988479262672811 0.971198156682028 0.79 0.05 
1 0.01616684129705593 0.00808342064852796 0.02 0.02 0.9977220956719816 0.9977220956719816 0.997722095671982 439.0 0.16 
0 -0.0 0.0 -0.06 0.18 0.6935483870967744 0.7580645161290323 0.725806451612903 22.68 1.48 
1 0.08509104448327401 0.069552158829183 -0.0 0.0 1.0 1.0 1.0 0.07 0.01 
0 0.16764562403823993 0.08382281201912 -0.0 -0.0 1.0 1.0 1.0 0.0 0.0 
1 0.0947607483566568 0.232756230915289 0.02 0.03 0.9678111587982832 0.9806866952789698 0.974248927038627 84.69 0.27 
0 0.6127954659992856 0.306397732999643 -0.0 0.01 1.0 0.9402985074626864 0.970149253731343 9.24 0.25 
1 -0.0 0.0 -0.0 0.0 1.0 0.7083333333333334 0.854166666666667 0.0 0.0 
0 0.6822056867479602 0.35116851259037 0.01 0.07 0.7321814254859611 0.9546436285097192 0.84341252699784 71.14 0.67 
1 -0.0 0.0 0.0 0.0 1.0 1.0 1.0 0.0 0.0 
0 -0.0 0.0 -0.0 -0.0 1.0 1.0 1.0 0.0 0.0 
1 0.09165764788996307 0.0699766348366203 -0.0 0.0 1.0 0.9818181818181818 0.990909090909091 0.1 0.01 
0 -0.0 0.0 0.04 0.15 0.3076923076923077 0.8846153846153846 0.596153846153846 7.63 0.63 
1 -0.0 0.0 0.0 0.0 1.0 1.0 1.0 0.0 0.0 
0 0.08036852866682491 0.0401842643334124 -0.0 0.0 0.9953161592505854 0.9976580796252928 0.996487119437939 0.03 0.0 
1 -0.0 0.0 0.0 0.0 1.0 1.0 1.0 0.0 0.0 
0 0.532506047065826 0.266253023532913 -0.0 0.0 1.0 0.6703786191536748 0.835189309576837 0.0 0.0 
1 0.0947607483566568 0.0769695270739669 0.09 0.1 0.9806866952789698 0.982832618025751 0.981759656652361 445.71 0.81 
0 0.29170992255894307 0.811430349358108 -0.02 0.08 1.0 0.9930313588850174 0.996515679442509 103.98 0.11 
1 -0.0 0.0 0.0 0.0 1.0 1.0 1.0 0.0 0.0 
0 1.3119025137037055 0.655951256851853 0.0 -0.0 1.0 0.40408163265306124 0.702040816326531 0.0 0.0 
1 -0.0 0.0 0.31 0.55 0.7580645161290323 0.7580645161290323 0.758064516129032 62.0 2.49 
0 0.13371483312373358 0.0668574165618668 -0.0 -0.0 1.0 1.0 1.0 0.0 0.0 
1 0.04131357294242817 0.0206567864712141 0.29 0.33 0.886153846153846 0.8892307692307693 0.887692307692308 315.12 2.04 
0 -0.0 0.0 -0.04 0.0 0.8863109048723898 0.962877030162413 0.924593967517401 2.13 0.13 
1 -0.0 0.0 -0.0 -0.0 1.0 1.0 1.0 0.0 0.0 
0 -0.0 0.0 -0.15 0.02 0.6153846153846154 0.8076923076923077 0.711538461538462 0.89 0.43 
1 0.5297061990576545 0.439269147450343 -0.1 0.03 1.0 1.0 1.0 0.32 0.45 
0 -0.0 0.0 0.03 0.03 0.9922879177377892 0.9948586118251928 0.993573264781491 258.66 0.31 
1 0.01475818629482802 0.00737909314741401 0.01 0.01 1.0 0.9979466119096508 0.998973305954825 487.0 0.19 
0 0.5623351446188082 0.281167572309404 0.14 0.32 1.0 0.375 0.6875 4.44 1.06 
1 0.6895519477750732 0.344775973887537 0.0 -0.0 1.0 1.0 1.0 0.0 0.0 
0 0.7569085521415507 0.378454276070775 -0.0 0.0 1.0 1.0 1.0 0.0 0.0 
1 0.3269547847215813 0.163477392360791 -0.01 0.01 0.9481865284974093 0.9870466321243522 0.967616580310881 3.79 0.05 
0 0.9517673227869262 0.475883661393463 -0.01 0.01 0.9886621315192744 0.9886621315192744 0.988662131519274 3.14 0.08 
1 0.0740225961475812 0.128824279468757 0.41 0.69 0.5590551181102362 0.5748031496062993 0.566929133858268 381.05 2.38 
0 -0.0 0.0 -0.2 0.04 0.3076923076923077 0.5384615384615384 0.423076923076923 2.08 0.35 
1 0.6822056867479602 0.602052179998817 0.05 0.2 0.9222462203023758 0.9546436285097192 0.938444924406048 472.98 0.93 
0 0.01944773452386289 0.00972386726193144 -0.01 0.0 0.7624190064794816 0.9676025917926566 0.865010799136069 0.16 0.03 
