1 0.09503011725564632 0.0475150586278232 0.0 -0.0 1.0 1.0 1.0 0.0 0.0 
0 0.8216879017449253 0.418991291396077 -0.0 0.0 1.0 0.9815668202764976 0.990783410138249 0.41 0.02 
1 -0.0 0.0 0.0 0.0 1.0 0.982142857142857 0.991071428571429 0.0 0.0 
0 0.6941745246867409 0.354479421922548 -0.02 0.0 0.989795918367347 0.9918367346938776 0.990816326530612 1.3 0.02 
1 0.01652368182171168 0.00826184091085584 0.08 0.08 0.9838709677419354 0.9838709677419354 0.983870967741935 434.0 0.72 
0 0.17449997006024281 0.0872499850301214 0.02 0.02 0.9876796714579056 0.9897330595482546 0.98870636550308 159.82 0.24 
1 0.8156295932307395 0.487087993037894 -0.0 0.08 0.7484662576687117 0.9785276073619632 0.863496932515337 53.37 0.31 
0 0.6759010305740114 0.337950515287006 -0.12 0.2 0.33333333333333326 0.9 0.616666666666667 9.0 0.09 
1 -0.0 0.0 0.31 0.55 0.7580645161290323 0.7580645161290323 0.758064516129032 62.0 2.49 
0 -0.0 0.0 0.0 0.0 1.0 1.0 1.0 0.0 0.0 
1 -0.0 0.0 0.0 0.0 1.0 1.0 1.0 0.0 0.0 
0 0.6096823605541178 0.590162520616643 0.02 0.16 0.6908077994428969 0.8969359331476324 0.793871866295265 200.9 0.13 
1 1.7983316181241153 0.899165809062058 0.0 -0.0 1.0 0.9628099173553722 0.981404958677686 0.0 0.0 
0 0.7569669131450216 0.378483456572511 -0.0 0.0 1.0 0.9971590909090908 0.998579545454545 0.24 0.03 
1 0.05839899951927197 0.0572755995239375 -0.0 0.0 1.0 0.9972972972972972 0.998648648648649 0.03 0.0 
0 0.9556998911125344 1.01734604949506 -0.08 0.68 1.0 1.0 1.0 7.0 0.74 
1 0.6171448282578021 0.308572414128901 -0.01 0.0 1.0 0.9886363636363636 0.994318181818182 0.88 0.06 
0 0.4992227979700849 0.360302903942824 -0.1 0.08 0.877840909090909 0.9488636363636364 0.913352272727273 71.5 0.34 
1 -0.0 0.0 0.12 0.12 0.9568034557235422 0.9676025917926566 0.962203023758099 343.37 1.04 
0 0.36829683274766406 0.366255745024815 0.06 0.42 0.9354838709677415 0.9516129032258066 0.943548387096774 80.71 2.1 
1 0.0707680768797802 0.351225226630238 -0.0 0.0 1.0 0.997695852534562 0.998847926267281 3.17 0.0 
0 0.0736270203725944 0.0472901545926216 -0.01 0.01 0.4384449244060475 0.9913606911447084 0.714902807775378 3.91 0.08 
1 0.0947607483566568 0.232756230915289 0.02 0.03 0.9678111587982832 0.9806866952789698 0.974248927038627 84.69 0.27 
0 0.5982695885852573 0.299134794292629 -0.11 0.12 1.0 0.28571428571428564 0.642857142857143 1.12 0.44 
1 -0.0 0.0 0.06 0.41 0.8571428571428571 0.8571428571428571 0.857142857142857 7.0 2.49 
0 0.6365141682948128 0.318257084147406 0.0 0.0 1.0 0.375 0.6875 0.0 0.0 
1 0.09165764788996307 0.0699766348366203 -0.0 0.0 1.0 0.9818181818181818 0.990909090909091 0.1 0.01 
0 0.5022052464597919 0.259586508822618 -0.0 0.0 0.9710843373493978 0.9975903614457832 0.98433734939759 0.33 0.02 
1 0.04915006684960595 0.024575033424803 0.0 0.01 0.868995633187773 0.9956331877729256 0.932314410480349 13.32 0.14 
0 0.10873506259415222 0.0543675312970761 0.08 0.1 0.9729119638826184 0.9729119638826184 0.972911963882618 370.36 0.84 
1 0.20297324940653716 0.101486624703269 0.0 -0.0 1.0 1.0 1.0 0.0 0.0 
0 0.8605892830185917 0.556448977360378 -0.01 0.03 1.0 0.9765807962529272 0.988290398126464 113.19 0.17 
1 0.030372534777978206 0.0658985378330168 -0.0 0.0 0.972457627118644 0.9978813559322034 0.985169491525424 0.13 0.01 
0 0.09345740278411808 0.046728701392059 -0.0 -0.0 1.0 1.0 1.0 0.0 0.0 
1 -0.0 0.0 0.11 0.46 0.5384615384615384 0.6153846153846154 0.576923076923077 18.96 1.68 
0 0.038691590688165765 0.0302069226835085 -0.0 0.0 1.0 0.9402985074626864 0.970149253731343 0.2 0.02 
1 0.07093518297335139 0.0616054556610173 0.0 0.0 1.0 1.0 1.0 0.03 0.0 
0 0.01478431915835523 0.00739215957917762 -0.0 -0.0 1.0 0.9918367346938776 0.995918367346939 0.0 0.0 
1 0.022727473318271005 0.022727473318271 -0.0 0.0 1.0 1.0 1.0 0.0 0.0 
0 -0.0 0.0 0.0 0.0 1.0 0.125 0.5625 0.0 0.0 
1 1.6284102630552857 1.62546092371276 -0.02 0.51 0.7700348432055749 0.9895470383275262 0.879790940766551 325.24 0.19 
0 0.666278442414676 0.333139221207338 -0.15 0.02 1.0 0.8076923076923077 0.903846153846154 0.89 0.25 
1 0.02253214392080778 0.0197499575531257 -0.0 0.01 0.7156626506024096 0.9975903614457832 0.856626506024096 5.06 0.1 
0 -0.0 0.0 0.19 0.69 0.5555555555555555 0.5555555555555555 0.555555555555556 9.0 1.98 
1 0.43686973210547814 0.270464027731018 0.04 0.05 1.0 0.940936863543788 0.970468431771894 144.91 0.55 
0 0.6809411092918735 0.340470554645937 0.0 -0.0 1.0 0.9938016528925618 0.996900826446281 0.0 0.0 
1 -0.0 0.0 0.3 0.36 0.8846153846153846 0.8846153846153846 0.884615384615385 26.0 2.14 
0 0.10210797344924928 0.0510539867246246 -0.0 0.01 1.0 0.4568421052631578 0.728421052631579 4.85 0.12 
1 0.4811067080592432 0.300596867788392 0.04 0.05 0.9954853273137698 0.9954853273137698 0.99548532731377 895.47 0.16 
0 0.41011631828840894 0.744554263082996 -0.11 0.14 1.0 1.0 1.0 1.56 0.42 
1 -0.0 0.0 0.0 0.0 1.0 1.0 1.0 0.0 0.0 
0 0.6127954659992856 0.456136224934359 -0.0 0.01 1.0 0.9957356076759059 0.997867803837953 9.94 0.07 
1 0.05839899951927197 0.0572107346922477 0.0 0.0 1.0 1.0 1.0 0.02 0.0 
0 0.04108212159516753 0.0304571386807288 0.0 0.01 0.940340909090909 0.9801136363636364 0.960227272727273 17.4 0.22 
1 0.020830638321723566 0.0104153191608618 0.04 0.04 0.9850746268656718 0.9914712153518124 0.988272921108742 266.27 0.43 
0 1.0662173706881086 0.533108685344054 0.0 0.01 0.989795918367347 0.9979591836734693 0.993877551020408 97.2 0.03 
1 0.1725612331626618 0.0862806165813309 -0.07 0.05 0.4568421052631578 0.9578947368421052 0.707368421052632 33.9 0.06 
0 0.0870788436768375 0.069233733351399 -0.03 0.02 0.6975169300225733 0.968397291196388 0.832957110609481 218.96 0.07 
1 0.09503011725564632 0.189490815924107 0.0 0.0 1.0 1.0 1.0 0.06 0.04 
0 -0.0 0.0 0.0 0.0 1.0 1.0 1.0 0.0 0.0 
1 -0.0 0.0 0.31 0.55 0.7580645161290323 0.7580645161290323 0.758064516129032 62.0 2.49 
0 0.24605944064634394 0.226488089247645 -0.02 0.03 1.0 0.5249343832020997 0.76246719160105 17.93 0.36 
1 0.09699169411326156 0.0765719468209323 -0.0 0.0 1.0 0.9972972972972972 0.998648648648649 0.07 0.01 
0 0.3269974743901718 0.174540427253608 -0.03 0.0 0.9342403628117912 0.981859410430839 0.958049886621315 1.36 0.08 
1 0.04131357294242817 0.0206567864712141 0.29 0.33 0.886153846153846 0.8892307692307693 0.887692307692308 315.12 2.04 
0 0.6524237910227594 0.953390895015665 -0.04 0.11 1.0 0.918439716312057 0.959219858156028 192.49 0.15 
1 0.030372534777978206 0.0228364363705995 -0.0 0.0 0.9894067796610168 0.9978813559322034 0.99364406779661 0.04 0.0 
0 0.6109007249809115 0.305450362490456 -0.01 0.0 1.0 0.9917864476386036 0.995893223819302 1.18 0.05 
1 0.017626642729371575 0.00881332136468579 0.18 0.25 0.9252336448598132 0.9275700934579442 0.926401869158878 413.58 1.81 
0 0.015617095429556123 0.015573210125991 0.07 0.09 0.96 0.9663157894736842 0.963157894736842 282.74 0.92 
1 0.052275728348683194 0.0522757283486832 -0.0 0.0 1.0 1.0 1.0 0.02 0.0 
0 0.022083380117043378 0.0110416900585217 0.0 -0.0 1.0 0.981859410430839 0.99092970521542 0.0 0.0 
1 0.8720635602136072 0.444515665699525 -0.01 0.0 0.2385542168674699 0.9975903614457832 0.618072289156626 0.63 0.0 
0 0.06219281179296066 0.0310964058964803 -0.0 0.0 1.0 0.6703786191536748 0.835189309576837 0.0 0.0 
1 0.6822056867479602 0.602052179998817 0.05 0.2 0.9222462203023758 0.9546436285097192 0.938444924406048 472.98 0.93 
0 -0.0 0.0 -0.0 -0.0 1.0 1.0 1.0 0.0 0.0 
1 -0.0 0.0 -0.06 0.16 0.6774193548387096 0.7580645161290323 0.717741935483871 20.64 1.46 
0 0.6071082391575967 0.303554119578798 -0.0 0.0 0.8200455580865603 0.9977220956719816 0.908883826879271 0.46 0.02 
1 0.05602246986522343 0.0448156896337921 0.0 0.0 1.0 1.0 1.0 0.02 0.0 
0 0.7134161640307438 0.617657418640209 -0.13 0.04 0.9222462203023758 0.9913606911447084 0.956803455723542 140.64 0.03 
1 -0.0 0.0 0.39 0.62 0.6935483870967744 0.6935483870967744 0.693548387096774 62.0 2.6 
0 -0.0 0.0 0.0 0.0 1.0 0.125 0.5625 0.0 0.0 
1 0.6601647680850746 0.591011175434611 0.13 0.3 0.8594470046082949 0.919354838709677 0.889400921658986 970.62 1.21 
0 -0.0 0.0 0.01 0.01 0.9979591836734693 0.9979591836734693 0.997959183673469 490.0 0.17 
1 -0.0 0.0 0.3 0.5 0.8008658008658008 0.8008658008658008 0.800865800865801 462.0 2.56 
0 0.03735565091890093 0.109982701746138 0.0 0.0 1.0 1.0 1.0 0.06 0.01 
1 0.7244657079537894 0.362232853976895 0.0 -0.0 1.0 0.3264462809917356 0.663223140495868 0.0 0.0 
0 0.21168754464631545 0.105843772323158 0.12 0.22 0.6774193548387096 0.8870967741935483 0.782258064516129 25.04 1.7 
1 0.08627855491407438 0.0975485355458968 0.0 0.02 0.7084337349397591 0.9927710843373492 0.850602409638554 81.26 0.09 
0 -0.0 0.0 0.0 0.0 1.0 1.0 1.0 0.0 0.0 
1 -0.0 0.0 -0.0 -0.0 1.0 1.0 1.0 0.0 0.0 
0 0.25095314470125835 0.226283340293294 -0.0 0.01 1.0 0.9966442953020132 0.998322147651007 7.07 0.21 
1 -0.0 0.0 0.0 0.0 1.0 1.0 1.0 0.0 0.0 
0 0.9423399854873624 0.471169992743681 0.01 0.55 0.4568421052631578 0.9663157894736842 0.711578947368421 401.4 0.27 
1 0.0740225961475812 0.128824279468757 0.41 0.69 0.5590551181102362 0.5748031496062993 0.566929133858268 381.05 2.38 
0 -0.0 0.0 -0.17 0.22 0.5555555555555555 0.7777777777777779 0.666666666666667 3.21 1.34 
1 0.0947607483566568 0.0769695270739669 0.09 0.1 0.9806866952789698 0.982832618025751 0.981759656652361 445.71 0.81 
0 0.6265544985250644 0.389525349176572 -0.01 0.07 1.0 0.8409090909090908 0.920454545454545 305.73 0.41 
1 0.7865364435085352 0.401480572353747 0.08 0.13 0.9728506787330315 0.9728506787330315 0.972850678733032 442.51 0.33 
0 0.0 0.0 0.0 0.0 0.0 0.0 0.0 0.0 0.0 
1 0.08958725315521794 0.0709314907519506 0.0 0.0 1.0 1.0 1.0 0.04 0.01 
0 0.7569085521415507 0.409550681967256 -0.07 0.12 1.0 0.6703786191536748 0.835189309576837 79.12 0.95 
1 -0.0 0.0 -0.0 -0.0 1.0 0.9958677685950412 0.997933884297521 0.0 0.0 
0 0.41011631828840894 0.744554263082996 -0.12 0.14 1.0 1.0 1.0 1.56 0.55 
1 -0.0 0.0 0.0 0.0 1.0 1.0 1.0 0.0 0.0 
0 0.2365703607236565 0.175961751782218 0.01 0.03 0.8920187793427231 0.9976525821596244 0.944835680751174 34.17 0.47 
1 0.5235346720440665 0.340972621087929 0.32 0.39 0.8666666666666668 0.9 0.883333333333333 30.0 1.75 
0 0.09962338946616205 0.049811694733081 -0.12 0.1 0.6774193548387096 0.7903225806451613 0.733870967741935 13.1 1.23 
1 0.16245281571443987 0.14550577947865 -0.01 0.02 0.916083916083916 0.9976689976689976 0.956876456876457 46.4 0.05 
0 -0.0 0.0 0.47 0.64 0.33333333333333326 0.33333333333333326 0.333333333333333 30.0 0.88 
1 0.022727473318271005 0.0113637366591355 -0.0 -0.0 1.0 1.0 1.0 0.0 0.0 
0 0.3525425103487513 0.176271255174376 -0.08 0.15 1.0 0.6935483870967744 0.846774193548387 17.86 1.26 
1 0.6895519477750732 0.344775973887537 0.0 -0.0 1.0 1.0 1.0 0.0 0.0 
0 0.01623049214816835 0.0161358092033641 -0.0 0.0 1.0 0.986425339366516 0.993212669683258 0.02 0.0 
1 0.8127245415610106 0.428086422879458 0.41 0.59 0.3391521197007481 0.3640897755610973 0.351620947630923 772.17 0.33 
0 0.08256493803586597 0.114354842022215 -0.0 0.0 1.0 0.9677419354838708 0.983870967741935 0.07 0.04 
1 -0.0 0.0 0.19 0.69 0.5555555555555555 0.5555555555555555 0.555555555555556 9.0 1.98 
0 0.36421465730196667 0.362877067598216 0.02 0.21 1.0 0.9516129032258066 0.975806451612903 42.81 1.41 
1 -0.0 0.0 0.0 0.0 1.0 1.0 1.0 0.0 0.0 
0 0.25095480435761963 0.135467676040991 0.05 0.06 0.971590909090909 0.9886363636363636 0.980113636363636 159.28 0.6 
1 -0.0 0.0 0.33 0.55 0.6774193548387096 0.6935483870967744 0.685483870967742 57.53 2.59 
0 0.05662157828350273 0.0283107891417514 -0.0 -0.0 1.0 0.9932885906040269 0.996644295302013 0.0 0.0 
1 -0.0 0.0 -0.0 -0.0 1.0 1.0 1.0 0.0 0.0 
0 0.09503011725564632 0.142356626847313 0.0 0.0 1.0 1.0 1.0 0.04 0.03 
1 0.0251440699125892 0.0125720349562946 0.53 0.63 0.6761658031088082 0.6761658031088082 0.676165803108808 386.0 2.33 
0 0.3525425103487513 0.176271255174376 -0.08 0.14 1.0 0.6774193548387096 0.838709677419355 16.57 1.27 
1 -0.0 0.0 0.33 0.55 0.6774193548387096 0.6935483870967744 0.685483870967742 57.53 2.39 
0 0.2835478929710348 0.141773946485517 0.0 0.05 0.919354838709677 0.9838709677419354 0.951612903225806 12.91 0.6 
1 0.09908391604753189 0.0495419580237659 0.04 0.04 0.9850746268656718 0.9914712153518124 0.988272921108742 266.27 0.37 
0 0.6331171997564925 0.335490603195207 0.01 0.02 0.947608200455581 0.988610478359909 0.968109339407745 421.08 0.04 
1 0.056152199528602974 0.0560873346969132 -0.0 0.0 1.0 0.9972972972972972 0.998648648648649 0.03 0.0 
0 0.08374922647357731 0.164904333559961 -0.0 0.0 1.0 1.0 1.0 0.3 0.03 
1 -0.0 0.0 0.0 0.0 1.0 1.0 1.0 0.0 0.0 
0 0.04041719677408694 0.0202085983870435 -0.0 -0.0 1.0 0.9757869249394672 0.987893462469734 0.0 0.0 
1 0.8156295932307395 0.74694740234885 0.07 0.48 0.7484662576687117 0.8558282208588956 0.802147239263804 285.8 0.83 
0 -0.0 0.0 -0.11 0.03 0.7083333333333334 0.9166666666666664 0.8125 0.9 0.43 
1 0.5235346720440665 0.340972621087929 0.32 0.39 0.8666666666666668 0.9 0.883333333333333 30.0 1.75 
0 -0.0 0.0 0.0 0.0 1.0 0.75 0.875 0.0 0.0 
1 -0.0 0.0 -0.0 0.0 1.0 0.6153846153846154 0.807692307692308 0.0 0.0 
0 0.40067165339847227 0.200335826699236 -0.01 0.0 0.9886363636363636 0.9914772727272728 0.990056818181818 0.39 0.04 
1 0.9277980308365658 1.27664305854078 0.26 0.8 0.7871396895787139 0.7871396895787139 0.787139689578714 1253.58 1.13 
0 0.09962338946616205 0.230581433680313 -0.03 0.14 1.0 0.7903225806451613 0.895161290322581 20.65 1.21 
1 -0.0 0.0 0.37 0.44 0.16 0.16 0.16 25.0 0.2 
0 0.4959171118080685 0.247958555904034 -0.15 0.04 0.7660668380462725 0.9922879177377892 0.879177377892031 18.8 0.61 
1 0.5297061990576545 0.439269147450343 -0.1 0.03 1.0 1.0 1.0 0.32 0.45 
0 0.6109007249809115 0.305450362490456 -0.0 0.0 1.0 1.0 1.0 0.0 0.0 
1 -0.0 0.0 0.0 0.0 1.0 1.0 1.0 0.0 0.0 
0 0.7065442778104265 0.404326125629838 -0.0 0.0 1.0 1.0 1.0 3.97 0.01 
1 0.8547011249697178 0.427350562484859 -0.02 0.0 0.9795918367346939 0.982142857142857 0.980867346938775 1.6 0.02 
0 0.7569669131450216 0.687055870701412 0.19 0.46 1.0 1.0 1.0 410.04 2.72 
1 0.666278442414676 0.666278442414676 0.25 0.67 1.0 1.0 1.0 26.0 0.9 
0 0.1461447460085638 0.0730723730042819 -0.05 0.06 0.7580645161290323 0.9677419354838708 0.862903225806452 7.01 0.33 
1 -0.0 0.0 0.33 0.55 0.6774193548387096 0.6935483870967744 0.685483870967742 57.53 2.49 
0 0.3805338924281298 0.190266946214065 0.02 0.03 0.9922879177377892 0.9948586118251928 0.993573264781491 258.66 0.16 
1 -0.0 0.0 0.47 0.64 0.33333333333333326 0.33333333333333326 0.333333333333333 30.0 0.94 
0 0.6571577614973404 0.32857888074867 -0.09 0.0 1.0 0.8666666666666668 0.933333333333333 0.27 0.18 
1 0.6846162778013049 0.342308138900652 0.15 0.36 0.8846153846153846 0.8846153846153846 0.884615384615385 26.0 0.82 
0 0.01789792517672371 0.00894896258836186 -0.0 0.0 1.0 0.9948586118251928 0.997429305912596 0.01 0.0 
1 0.016424701198958662 0.00821235059947933 0.12 0.12 0.9728506787330315 0.9728506787330315 0.972850678733032 442.0 1.0 
0 0.08256493803586597 0.041282469017933 0.0 0.01 1.0 0.6935483870967744 0.846774193548387 0.45 0.12 
1 0.3742549310896416 0.187127465544821 -0.03 0.02 0.7660668380462725 0.9974293059125964 0.881748071979434 15.62 0.69 
0 0.666278442414676 0.333139221207338 0.25 0.67 1.0 0.6153846153846154 0.807692307692308 26.0 1.48 
1 0.7865364435085352 0.393268221754268 0.09 0.12 0.9728506787330315 0.9728506787330315 0.972850678733032 442.0 0.36 
0 0.15088114794823437 0.0754405739741172 -0.01 0.02 0.5704845814977972 0.9779735682819384 0.774229074889868 13.58 0.23 
1 -0.0 0.0 -0.0 -0.0 1.0 0.9936034115138594 0.99680170575693 0.0 0.0 
0 0.6829081047004717 0.677959885854864 0.16 0.68 1.0 0.7142857142857143 0.857142857142857 7.0 0.72 
1 0.08958725315521794 0.0728697263419105 -0.0 0.0 1.0 0.9972972972972972 0.998648648648649 0.06 0.01 
0 -0.0 0.0 0.0 0.0 1.0 1.0 1.0 0.0 0.0 
1 0.08807751896196665 0.451853556096353 -0.01 0.04 0.7484662576687117 0.9846625766871167 0.866564417177914 30.7 0.2 
0 -0.0 0.0 0.19 0.69 0.5555555555555555 0.5555555555555555 0.555555555555556 9.0 2.08 
1 0.6171448282578021 0.580437337832493 0.03 0.32 1.0 0.8835227272727273 0.941761363636364 378.52 1.7 
0 0.04824430334970792 0.660372706858754 -0.12 0.02 1.0 0.843076923076923 0.921538461538462 11.91 0.22 
1 0.09699169411326156 0.0746337112309724 -0.0 0.0 1.0 1.0 1.0 0.05 0.01 
0 -0.0 0.0 -0.06 0.16 0.6774193548387096 0.7580645161290323 0.717741935483871 20.64 1.4 
1 -0.0 0.0 -0.1 0.14 0.6774193548387096 0.8064516129032256 0.741935483870968 17.76 1.34 
0 0.666278442414676 0.666278442414676 0.25 0.67 1.0 1.0 1.0 26.0 0.84 
1 -0.0 0.0 -0.0 -0.0 1.0 1.0 1.0 0.0 0.0 
0 0.3615394778944647 0.180769738947232 0.0 0.0 1.0 1.0 1.0 0.0 0.0 
1 -0.0 0.0 0.07 0.08 0.9854771784232365 0.9854771784232365 0.985477178423237 482.0 0.65 
0 0.2489102793527851 0.235146644634174 -0.03 0.08 0.875 0.9488636363636364 0.911931818181818 104.4 0.51 
1 0.05602246986522343 0.0541490991069533 0.0 0.0 1.0 1.0 1.0 0.02 0.0 
0 0.6829081047004717 0.674593273557574 0.02 0.57 1.0 0.8076923076923077 0.903846153846154 22.62 0.13 
1 0.3269547847215813 0.163477392360791 -0.01 0.01 0.9481865284974093 0.9870466321243522 0.967616580310881 3.79 0.05 
0 -0.0 0.0 0.0 0.0 1.0 1.0 1.0 0.0 0.0 
1 0.042617471413436414 0.0310799043211172 0.0 0.01 0.837708830548926 0.9928400954653938 0.91527446300716 10.42 0.09 
0 0.08256493803586597 0.041282469017933 0.0 0.01 1.0 0.6774193548387096 0.838709677419355 0.48 0.12 
1 -0.0 0.0 0.0 0.0 1.0 1.0 1.0 0.0 0.0 
0 0.811739998691233 0.405869999345617 0.01 0.12 0.943157894736842 0.96 0.951578947368421 278.06 0.36 
1 -0.0 0.0 -0.06 0.16 0.6774193548387096 0.7580645161290323 0.717741935483871 20.64 1.46 
0 0.666278442414676 0.666278442414676 -0.42 0.0 1.0 1.0 1.0 0.0 0.93 
1 0.01475818629482802 0.00737909314741401 0.01 0.01 1.0 0.9979466119096508 0.998973305954825 487.0 0.19 
0 0.02701952922013013 0.0135097646100651 0.0 -0.0 1.0 0.7473002159827213 0.873650107991361 0.0 0.0 
1 0.10434878616952079 0.0521743930847604 0.01 0.01 0.9979591836734693 0.9979591836734693 0.997959183673469 490.0 0.11 
0 0.40067165339847227 0.217857524682474 0.02 0.04 1.0 0.9914772727272728 0.995738636363636 352.0 0.22 
1 0.08958725315521794 0.073993126337245 0.0 0.0 1.0 1.0 1.0 0.04 0.01 
0 0.02701952922013013 0.0135097646100651 0.0 -0.0 1.0 0.7473002159827213 0.873650107991361 0.0 0.0 
1 -0.0 0.0 -0.0 0.0 1.0 0.7580645161290323 0.879032258064516 0.0 0.0 
0 0.9517673227869262 0.475883661393463 -0.01 0.0 0.9886621315192744 0.9931972789115646 0.99092970521542 0.51 0.01 
1 0.02133050528737909 0.0106652526436895 0.1 0.1 0.980392156862745 0.980392156862745 0.980392156862745 459.0 0.82 
0 0.3525425103487513 0.318045201659893 0.03 0.21 1.0 0.9838709677419354 0.991935483870968 42.74 1.52 
