1 0.08958725315521794 0.0728697263419105 -0.0 0.0 1.0 0.9972972972972972 0.998648648648649 0.06 0.01 
0 0.3563409206018685 0.178170460300934 -0.07 0.17 0.6774193548387096 0.9838709677419354 0.830645161290323 19.29 1.42 
1 0.016424701198958662 0.00821235059947933 0.12 0.12 0.9728506787330315 0.9728506787330315 0.972850678733032 442.0 1.0 
0 0.7418244740179352 0.370912237008968 0.27 0.68 0.4568421052631578 0.7726315789473683 0.614736842105263 470.99 0.99 
1 0.09165764788996307 0.0699766348366203 -0.0 0.0 1.0 0.9818181818181818 0.990909090909091 0.1 0.01 
0 0.07155187909197604 0.035775939545988 -0.0 -0.0 1.0 1.0 1.0 0.0 0.0 
1 0.7865364435085352 0.393268221754268 0.09 0.12 0.9728506787330315 0.9728506787330315 0.972850678733032 442.0 0.36 
0 0.36829683274766406 0.28999218869699 0.05 0.18 0.8870967741935483 0.9354838709677415 0.911290322580645 34.33 0.69 
1 -0.0 0.0 0.0 0.0 1.0 1.0 1.0 0.0 0.0 
0 0.9556998911125344 0.477849945556267 -0.2 0.2 1.0 0.28571428571428564 0.642857142857143 2.1 0.35 
1 -0.0 0.0 0.47 0.64 0.33333333333333326 0.33333333333333326 0.333333333333333 30.0 0.94 
0 0.3563409206018685 0.178170460300934 -0.0 0.0 1.0 0.9838709677419354 0.991935483870968 0.0 0.0 
1 0.3269547847215813 0.163477392360791 -0.01 0.01 0.9481865284974093 0.9870466321243522 0.967616580310881 3.79 0.05 
0 -0.0 0.0 0.0 0.0 1.0 0.125 0.5625 0.0 0.0 
1 -0.0 0.0 0.0 0.0 1.0 1.0 1.0 0.0 0.0 
0 0.24605944064634394 0.123029720323172 -0.0 0.0 1.0 0.9973753280839898 0.998687664041995 0.06 0.01 
1 -0.0 0.0 0.0 0.0 1.0 1.0 1.0 0.0 0.0 
0 0.2035083444071568 0.101754172203578 -0.0 -0.0 1.0 1.0 1.0 0.0 0.0 
1 0.43686973210547814 0.270464027731018 0.04 0.05 1.0 0.940936863543788 0.970468431771894 144.91 0.55 
0 0.5982695885852573 0.299134794292629 0.0 0.0 1.0 1.0 1.0 0.0 0.0 
1 -0.0 0.0 0.3 0.5 0.8008658008658008 0.8008658008658008 0.800865800865801 462.0 2.56 
0 0.5858113340839818 0.369153766956031 -0.02 0.05 1.0 1.0 1.0 396.06 0.21 
1 -0.0 0.0 0.39 0.62 0.6935483870967744 0.6935483870967744 0.693548387096774 62.0 2.6 
0 -0.0 0.0 0.0 -0.0 1.0 0.5555555555555555 0.777777777777778 0.0 0.0 
1 -0.0 0.0 -0.0 0.0 1.0 0.7580645161290323 0.879032258064516 0.0 0.0 
0 0.35190974154003796 0.240328412884536 -0.03 0.04 0.5161987041036717 0.9524838012958964 0.734341252699784 61.8 0.27 
1 0.6171448282578021 0.580437337832493 0.03 0.32 1.0 0.8835227272727273 0.941761363636364 378.52 1.7 
0 -0.0 0.0 -0.0 0.0 0.988479262672811 0.9930875576036866 0.990783410138249 0.04 0.0 
1 0.0251440699125892 0.0125720349562946 0.53 0.63 0.6761658031088082 0.6761658031088082 0.676165803108808 386.0 2.33 
0 0.3563409206018685 0.178170460300934 -0.1 0.15 0.6935483870967744 0.9838709677419354 0.838709677419355 18.09 1.14 
1 -0.0 0.0 -0.1 0.14 0.6774193548387096 0.8064516129032256 0.741935483870968 17.76 1.34 
0 -0.0 0.0 -0.0 -0.0 1.0 0.9966442953020132 0.998322147651007 0.0 0.0 
1 -0.0 0.0 0.0 0.0 1.0 1.0 1.0 0.0 0.0 
0 0.015133271797678998 0.0075666358988395 -0.0 -0.0 1.0 1.0 1.0 0.0 0.0 
1 0.666278442414676 0.666278442414676 0.25 0.67 1.0 1.0 1.0 26.0 0.9 
0 -0.0 0.0 0.0 0.0 1.0 0.9166666666666664 0.958333333333333 0.0 0.0 
1 0.9277980308365658 1.27664305854078 0.26 0.8 0.7871396895787139 0.7871396895787139 0.787139689578714 1253.58 1.13 
0 0.34289572154352044 0.17144786077176 -0.0 0.03 0.3899782135076253 0.943355119825708 0.666666666666667 17.62 0.21 
1 0.01475818629482802 0.00737909314741401 0.01 0.01 1.0 0.9979466119096508 0.998973305954825 487.0 0.19 
0 0.4629606652814273 0.246090159153386 0.0 0.01 0.8724373576309796 0.9954441913439636 0.933940774487471 14.28 0.07 
1 1.7983316181241153 0.899165809062058 0.0 -0.0 1.0 0.9628099173553722 0.981404958677686 0.0 0.0 
0 0.42803573449734306 0.214017867248672 -0.0 0.0 1.0 0.9966442953020132 0.998322147651007 0.14 0.02 
1 -0.0 0.0 0.37 0.44 0.16 0.16 0.16 25.0 0.2 
0 0.25230867170216453 0.13460323293395 -0.01 0.0 1.0 0.97423887587822 0.98711943793911 0.67 0.05 
1 0.0707680768797802 0.351225226630238 -0.0 0.0 1.0 0.997695852534562 0.998847926267281 3.17 0.0 
0 -0.0 0.0 0.02 0.02 0.9932279909706544 0.9954853273137698 0.994356659142212 294.66 0.31 
1 0.05839899951927197 0.0572107346922477 0.0 0.0 1.0 1.0 1.0 0.02 0.0 
0 -0.0 0.0 -0.0 -0.0 1.0 1.0 1.0 0.0 0.0 
1 -0.0 0.0 -0.06 0.16 0.6774193548387096 0.7580645161290323 0.717741935483871 20.64 1.46 
0 -0.0 0.0 0.39 0.62 0.6935483870967744 0.6935483870967744 0.693548387096774 62.0 2.5 
1 0.09503011725564632 0.189490815924107 0.0 0.0 1.0 1.0 1.0 0.06 0.04 
0 0.023546567098459075 0.092598815885544 -0.0 0.0 1.0 1.0 1.0 0.03 0.01 
1 0.10434878616952079 0.0521743930847604 0.01 0.01 0.9979591836734693 0.9979591836734693 0.997959183673469 490.0 0.11 
0 0.0628093679942407 0.276159685439951 0.05 0.06 0.997448979591837 0.997448979591837 0.997448979591837 784.12 0.28 
1 0.6171448282578021 0.308572414128901 -0.01 0.0 1.0 0.9886363636363636 0.994318181818182 0.88 0.06 
0 0.8605892830185917 0.488103940305434 0.01 0.03 1.0 0.9765807962529272 0.988290398126464 86.06 0.13 
1 -0.0 0.0 -0.0 0.0 1.0 0.6153846153846154 0.807692307692308 0.0 0.0 
0 0.4505612088663046 0.225280604433152 0.03 0.41 0.8571428571428571 0.8571428571428571 0.857142857142857 7.0 1.63 
1 -0.0 0.0 0.31 0.55 0.7580645161290323 0.7580645161290323 0.758064516129032 62.0 2.49 
0 -0.0 0.0 -0.0 0.0 0.984126984126984 0.9886621315192744 0.986394557823129 0.08 0.01 
1 -0.0 0.0 -0.0 -0.0 1.0 1.0 1.0 0.0 0.0 
0 0.16165106467262894 0.159039825931704 0.01 0.04 1.0 0.9113475177304966 0.955673758865248 44.68 0.5 
1 -0.0 0.0 0.19 0.69 0.5555555555555555 0.5555555555555555 0.555555555555556 9.0 1.98 
0 0.29170992255894307 0.157882144384882 0.04 0.05 1.0 0.9581881533101044 0.979094076655052 98.09 0.61 
1 1.6284102630552857 1.62546092371276 -0.02 0.51 0.7700348432055749 0.9895470383275262 0.879790940766551 325.24 0.19 
0 0.08392577932363239 0.14549802776864 0.0 0.01 0.9918367346938776 0.9938775510204082 0.992857142857143 39.97 0.03 
1 0.1725612331626618 0.0862806165813309 -0.07 0.05 0.4568421052631578 0.9578947368421052 0.707368421052632 33.9 0.06 
0 -0.0 0.0 0.02 0.02 0.9971590909090908 0.9971590909090908 0.997159090909091 352.0 0.24 
1 0.09908391604753189 0.0495419580237659 0.04 0.04 0.9850746268656718 0.9914712153518124 0.988272921108742 266.27 0.37 
0 0.7569669131450216 0.396005154555749 0.01 0.04 1.0 1.0 1.0 352.0 0.18 
1 -0.0 0.0 0.06 0.41 0.8571428571428571 0.8571428571428571 0.857142857142857 7.0 2.49 
0 0.5218986732496746 0.521898673249675 -0.18 0.0 0.9222462203023758 0.9222462203023758 0.922246220302376 0.0 2.43 
1 0.08958725315521794 0.0709314907519506 0.0 0.0 1.0 1.0 1.0 0.04 0.01 
0 -0.0 0.0 -0.0 0.0 1.0 0.3 0.65 0.0 0.0 
1 0.05839899951927197 0.0572755995239375 -0.0 0.0 1.0 0.9972972972972972 0.998648648648649 0.03 0.0 
0 0.4435682844142889 0.221784142207145 -0.01 0.0 0.8295454545454547 0.9829545454545452 0.90625 2.0 0.11 
1 -0.0 0.0 0.0 0.0 1.0 1.0 1.0 0.0 0.0 
0 -0.0 0.0 -0.0 0.0 1.0 0.6774193548387096 0.838709677419355 0.0 0.0 
1 0.6601647680850746 0.591011175434611 0.13 0.3 0.8594470046082949 0.919354838709677 0.889400921658986 970.62 1.21 
0 0.6941745246867409 0.347087262343371 0.0 -0.0 1.0 0.989795918367347 0.994897959183674 0.0 0.0 
1 0.8156295932307395 0.74694740234885 0.07 0.48 0.7484662576687117 0.8558282208588956 0.802147239263804 285.8 0.83 
0 0.5982695885852573 0.299134794292629 0.0 0.0 1.0 1.0 1.0 0.0 0.0 
1 -0.0 0.0 0.07 0.08 0.9854771784232365 0.9854771784232365 0.985477178423237 482.0 0.65 
0 -0.0 0.0 -0.0 0.0 0.9573863636363636 0.9886363636363636 0.973011363636364 0.18 0.02 
1 0.5297061990576545 0.439269147450343 -0.1 0.03 1.0 1.0 1.0 0.32 0.45 
0 -0.0 0.0 -0.0 -0.0 1.0 1.0 1.0 0.0 0.0 
1 -0.0 0.0 0.33 0.55 0.6774193548387096 0.6935483870967744 0.685483870967742 57.53 2.39 
0 0.7558148632822626 0.377907431641131 0.04 0.04 0.9897330595482546 0.9917864476386036 0.990759753593429 388.79 0.18 
1 0.09503011725564632 0.0475150586278232 0.0 -0.0 1.0 1.0 1.0 0.0 0.0 
0 -0.0 0.0 -0.03 0.04 0.125 0.75 0.4375 0.38 0.07 
1 0.20297324940653716 0.101486624703269 0.0 -0.0 1.0 1.0 1.0 0.0 0.0 
0 0.01497005434010946 0.00748502717005473 -0.0 0.0 0.977551020408163 0.9979591836734693 0.987755102040816 0.03 0.0 
1 -0.0 0.0 -0.0 -0.0 1.0 0.9958677685950412 0.997933884297521 0.0 0.0 
0 -0.0 0.0 0.0 0.0 1.0 1.0 1.0 0.0 0.0 
1 0.042617471413436414 0.0310799043211172 0.0 0.01 0.837708830548926 0.9928400954653938 0.91527446300716 10.42 0.09 
0 0.5623351446188082 0.281167572309404 -0.02 0.08 1.0 0.75 0.875 0.89 0.76 
1 0.09699169411326156 0.0746337112309724 -0.0 0.0 1.0 1.0 1.0 0.05 0.01 
0 -0.0 0.0 -0.0 0.0 1.0 0.625 0.8125 0.0 0.0 
1 0.16245281571443987 0.14550577947865 -0.01 0.02 0.916083916083916 0.9976689976689976 0.956876456876457 46.4 0.05 
0 0.7530888342556183 0.885960427278868 0.02 0.45 0.5183585313174947 0.7321814254859611 0.625269978401728 646.02 0.24 
1 0.8127245415610106 0.428086422879458 0.41 0.59 0.3391521197007481 0.3640897755610973 0.351620947630923 772.17 0.33 
0 0.6585232018543589 0.517813844725908 -0.04 0.14 0.8898488120950323 0.9935205183585314 0.941684665226782 420.69 0.36 
1 -0.0 0.0 -0.0 -0.0 1.0 1.0 1.0 0.0 0.0 
0 -0.0 0.0 0.0 -0.0 1.0 0.6666666666666665 0.833333333333333 0.0 0.0 
1 0.3742549310896416 0.187127465544821 -0.03 0.02 0.7660668380462725 0.9974293059125964 0.881748071979434 15.62 0.69 
0 0.3525425103487513 0.176271255174376 -0.06 0.19 1.0 0.7580645161290323 0.879032258064516 24.72 1.44 
1 0.030372534777978206 0.0228364363705995 -0.0 0.0 0.9894067796610168 0.9978813559322034 0.99364406779661 0.04 0.0 
0 0.9517673227869262 0.475883661393463 0.0 0.05 0.981859410430839 0.9886621315192744 0.985260770975057 274.43 0.1 
1 0.01652368182171168 0.00826184091085584 0.08 0.08 0.9838709677419354 0.9838709677419354 0.983870967741935 434.0 0.72 
0 0.27737437324620146 0.146014503431472 -0.0 0.0 1.0 1.0 1.0 0.09 0.01 
1 0.04131357294242817 0.0206567864712141 0.29 0.33 0.886153846153846 0.8892307692307693 0.887692307692308 315.12 2.04 
0 -0.0 0.0 0.0 0.0 1.0 1.0 1.0 0.0 0.0 
1 -0.0 0.0 0.0 0.0 1.0 1.0 1.0 0.0 0.0 
0 0.016359415015602636 0.00817970750780132 0.0 0.0 1.0 0.9621380846325168 0.981069042316258 0.0 0.0 
1 -0.0 0.0 0.3 0.36 0.8846153846153846 0.8846153846153846 0.884615384615385 26.0 2.14 
0 0.08962131424171335 0.0448106571208567 0.01 0.01 0.7206823027718549 0.9914712153518124 0.856076759061834 10.41 0.16 
1 0.6846162778013049 0.342308138900652 0.15 0.36 0.8846153846153846 0.8846153846153846 0.884615384615385 26.0 0.82 
0 0.4992227979700849 0.356016906648916 -0.02 0.11 0.877840909090909 0.9886363636363636 0.933238636363636 260.9 0.6 
1 0.7865364435085352 0.401480572353747 0.08 0.13 0.9728506787330315 0.9728506787330315 0.972850678733032 442.51 0.33 
0 -0.0 0.0 -0.15 0.02 0.6153846153846154 0.8076923076923077 0.711538461538462 0.89 0.45 
1 -0.0 0.0 0.0 0.0 1.0 0.982142857142857 0.991071428571429 0.0 0.0 
0 -0.0 0.0 -0.0 0.0 1.0 0.625 0.8125 0.0 0.0 
1 0.030372534777978206 0.0658985378330168 -0.0 0.0 0.972457627118644 0.9978813559322034 0.985169491525424 0.13 0.01 
0 0.022083380117043378 0.087931533896232 -0.0 0.0 1.0 0.981859410430839 0.99092970521542 0.3 0.03 
1 -0.0 0.0 0.0 0.0 1.0 1.0 1.0 0.0 0.0 
0 0.3525425103487513 0.176271255174376 -0.08 0.15 1.0 0.6935483870967744 0.846774193548387 17.86 1.21 
1 0.4811067080592432 0.300596867788392 0.04 0.05 0.9954853273137698 0.9954853273137698 0.99548532731377 895.47 0.16 
0 0.5858113340839818 0.292905667041991 -0.01 0.0 1.0 0.9829545454545452 0.991477272727273 1.06 0.08 
1 0.017626642729371575 0.00881332136468579 0.18 0.25 0.9252336448598132 0.9275700934579442 0.926401869158878 413.58 1.81 
0 -0.0 0.0 0.0 -0.0 1.0 0.5842293906810035 0.792114695340502 0.0 0.0 
1 -0.0 0.0 -0.0 -0.0 1.0 0.9936034115138594 0.99680170575693 0.0 0.0 
0 -0.0 0.0 0.04 0.1 0.6935483870967744 0.919354838709677 0.806451612903226 12.31 1.0 
1 0.6895519477750732 0.344775973887537 0.0 -0.0 1.0 1.0 1.0 0.0 0.0 
0 0.27384907245785556 0.144960715628751 0.01 0.01 1.0 0.9229024943310656 0.961451247165533 30.57 0.08 
1 0.02253214392080778 0.0197499575531257 -0.0 0.01 0.7156626506024096 0.9975903614457832 0.856626506024096 5.06 0.1 
0 0.6365141682948128 0.318257084147406 0.12 0.6 0.28571428571428564 0.4285714285714285 0.357142857142857 7.0 0.43 
1 -0.0 0.0 0.11 0.46 0.5384615384615384 0.6153846153846154 0.576923076923077 18.96 1.68 
0 0.4337626359979511 0.216881317998976 -0.01 0.0 0.9488636363636364 0.9829545454545452 0.965909090909091 1.15 0.09 
1 0.08807751896196665 0.451853556096353 -0.01 0.04 0.7484662576687117 0.9846625766871167 0.866564417177914 30.7 0.2 
0 1.0662173706881086 0.533108685344054 0.0 0.01 0.989795918367347 0.9979591836734693 0.993877551020408 97.2 0.03 
1 -0.0 0.0 -0.06 0.16 0.6774193548387096 0.7580645161290323 0.717741935483871 20.64 1.46 
0 0.022083380117043378 0.0192051797855684 0.09 0.11 0.981859410430839 0.981859410430839 0.981859410430839 859.9 0.92 
1 0.022727473318271005 0.022727473318271 -0.0 0.0 1.0 1.0 1.0 0.0 0.0 
0 0.25095314470125835 0.125476572350629 0.02 0.02 0.9966442953020132 0.9966442953020132 0.996644295302013 298.0 0.15 
1 0.8720635602136072 0.444515665699525 -0.01 0.0 0.2385542168674699 0.9975903614457832 0.618072289156626 0.63 0.0 
0 0.2489102793527851 0.696645341693559 -0.02 0.2 0.875 0.9971590909090908 0.936079545454545 220.42 0.69 
1 0.05602246986522343 0.0541490991069533 0.0 0.0 1.0 1.0 1.0 0.02 0.0 
0 -0.0 0.0 0.31 0.55 0.7580645161290323 0.7580645161290323 0.758064516129032 62.0 2.49 
1 0.020830638321723566 0.0104153191608618 0.04 0.04 0.9850746268656718 0.9914712153518124 0.988272921108742 266.27 0.43 
0 0.8933622162954412 0.751199756883813 -0.04 0.11 1.0 0.8923076923076922 0.946153846153846 112.04 0.51 
1 0.5235346720440665 0.340972621087929 0.32 0.39 0.8666666666666668 0.9 0.883333333333333 30.0 1.75 
0 -0.0 0.0 0.0 0.0 1.0 0.125 0.5625 0.0 0.0 
1 0.09699169411326156 0.0765719468209323 -0.0 0.0 1.0 0.9972972972972972 0.998648648648649 0.07 0.01 
0 -0.0 0.0 -0.0 -0.0 1.0 0.9779735682819384 0.988986784140969 0.0 0.0 
1 0.08958725315521794 0.073993126337245 0.0 0.0 1.0 1.0 1.0 0.04 0.01 
0 0.3269974743901718 0.240388581032796 0.01 0.03 1.0 0.9342403628117912 0.967120181405896 82.51 0.14 
1 -0.0 0.0 0.33 0.55 0.6774193548387096 0.6935483870967744 0.685483870967742 57.53 2.59 
0 0.6365141682948128 0.617391878440035 -0.06 0.2 1.0 0.4285714285714285 0.714285714285714 2.1 0.5 
1 0.02133050528737909 0.0106652526436895 0.1 0.1 0.980392156862745 0.980392156862745 0.980392156862745 459.0 0.82 
0 0.6829081047004717 0.880950156289028 -0.15 0.41 1.0 1.0 1.0 4.28 0.17 
1 -0.0 0.0 0.33 0.55 0.6774193548387096 0.6935483870967744 0.685483870967742 57.53 2.49 
0 -0.0 0.0 0.19 0.69 0.5555555555555555 0.5555555555555555 0.555555555555556 9.0 1.98 
1 0.052275728348683194 0.0522757283486832 -0.0 0.0 1.0 1.0 1.0 0.02 0.0 
0 0.5982695885852573 0.299134794292629 -0.03 0.05 1.0 0.8571428571428571 0.928571428571429 0.47 0.74 
1 0.08627855491407438 0.0975485355458968 0.0 0.02 0.7084337349397591 0.9927710843373492 0.850602409638554 81.26 0.09 
0 0.2213830099155629 0.110691504957782 -0.01 0.0 0.9488636363636364 0.9886363636363636 0.96875 0.46 0.05 
1 0.8547011249697178 0.427350562484859 -0.02 0.0 0.9795918367346939 0.982142857142857 0.980867346938775 1.6 0.02 
0 0.6730116670092564 0.654762917652035 -0.11 0.48 0.4285714285714285 0.7142857142857143 0.571428571428571 6.13 0.18 
1 0.07093518297335139 0.0616054556610173 0.0 0.0 1.0 1.0 1.0 0.03 0.0 
0 -0.0 0.0 -0.0 -0.0 1.0 1.0 1.0 0.0 0.0 
1 0.7244657079537894 0.362232853976895 0.0 -0.0 1.0 0.3264462809917356 0.663223140495868 0.0 0.0 
0 0.767183707147163 0.676497520615573 0.03 0.39 1.0 0.909090909090909 0.954545454545455 463.18 1.67 
1 0.022727473318271005 0.0113637366591355 -0.0 -0.0 1.0 1.0 1.0 0.0 0.0 
0 0.03264861291076864 0.0163243064553843 -0.0 0.0 0.943355119825708 0.980392156862745 0.961873638344227 0.6 0.04 
1 0.0740225961475812 0.128824279468757 0.41 0.69 0.5590551181102362 0.5748031496062993 0.566929133858268 381.05 2.38 
0 -0.0 0.0 0.0 0.0 1.0 0.75 0.875 0.0 0.0 
1 -0.0 0.0 0.39 0.62 0.6935483870967744 0.6935483870967744 0.693548387096774 62.0 2.6 
0 -0.0 0.0 0.0 0.02 0.7580645161290323 0.9838709677419354 0.870967741935484 3.18 0.34 
1 0.056152199528602974 0.0560873346969132 -0.0 0.0 1.0 0.9972972972972972 0.998648648648649 0.03 0.0 
0 0.052275728348683194 0.0448156896337921 -0.0 0.0 1.0 1.0 1.0 0.02 0.0 
1 -0.0 0.0 0.31 0.55 0.7580645161290323 0.7580645161290323 0.758064516129032 62.0 2.49 
0 0.06957694070479191 0.0428718910009239 -0.0 0.0 0.9726651480637812 0.9977220956719816 0.985193621867882 0.08 0.01 
1 -0.0 0.0 0.12 0.12 0.9568034557235422 0.9676025917926566 0.962203023758099 343.37 1.04 
0 -0.0 0.0 0.02 0.02 0.9971590909090908 0.9971590909090908 0.997159090909091 352.0 0.23 
1 0.0947607483566568 0.0769695270739669 0.09 0.1 0.9806866952789698 0.982832618025751 0.981759656652361 445.71 0.81 
0 0.6691066329624924 0.34316214163706 -0.01 0.06 0.17901234567901234 0.837448559670782 0.508230452674897 75.79 0.13 
1 0.0947607483566568 0.232756230915289 0.02 0.03 0.9678111587982832 0.9806866952789698 0.974248927038627 84.69 0.27 
0 -0.0 0.0 -0.0 -0.0 1.0 1.0 1.0 0.0 0.0 
1 -0.0 0.0 -0.0 -0.0 1.0 1.0 1.0 0.0 0.0 
0 0.06521436351143224 0.0326071817557161 0.0 0.0 1.0 0.9485714285714286 0.974285714285714 0.0 0.0 
1 0.8156295932307395 0.487087993037894 -0.0 0.08 0.7484662576687117 0.9785276073619632 0.863496932515337 53.37 0.31 
0 0.6365141682948128 0.318257084147406 0.53 0.67 0.6 0.6 0.6 10.0 1.37 
1 0.05602246986522343 0.0448156896337921 0.0 0.0 1.0 1.0 1.0 0.02 0.0 
0 -0.0 0.0 -0.0 -0.0 1.0 0.9672131147540984 0.983606557377049 0.0 0.0 
1 0.04915006684960595 0.024575033424803 0.0 0.01 0.868995633187773 0.9956331877729256 0.932314410480349 13.32 0.14 
0 0.6365141682948128 0.318257084147406 0.0 0.0 1.0 0.375 0.6875 0.0 0.0 
1 0.6822056867479602 0.602052179998817 0.05 0.2 0.9222462203023758 0.9546436285097192 0.938444924406048 472.98 0.93 
0 -0.0 0.0 -0.0 -0.0 1.0 0.9977324263038548 0.998866213151927 0.0 0.0 
1 -0.0 0.0 0.0 0.0 1.0 1.0 1.0 0.0 0.0 
0 0.7947936912599187 0.993661240042459 0.18 0.56 0.9892008639308858 0.9935205183585314 0.991360691144708 705.57 1.27 
