1 -0.0 0.0 -0.1 0.14 0.6774193548387096 0.8064516129032256 0.741935483870968 17.76 1.34 
0 0.6829081047004717 0.880950156289028 0.16 0.68 1.0 1.0 1.0 7.0 0.56 
1 0.08958725315521794 0.0709314907519506 0.0 0.0 1.0 1.0 1.0 0.04 0.01 
0 -0.0 0.0 0.0 0.0 1.0 0.125 0.5625 0.0 0.0 
1 -0.0 0.0 -0.0 -0.0 1.0 1.0 1.0 0.0 0.0 
0 -0.0 0.0 -0.06 0.16 0.6774193548387096 0.7580645161290323 0.717741935483871 20.64 1.4 
1 0.09503011725564632 0.0475150586278232 0.0 -0.0 1.0 1.0 1.0 0.0 0.0 
0 0.5982695885852573 0.299134794292629 -0.05 0.1 0.7 0.8666666666666668 0.783333333333333 4.62 0.88 
1 0.020830638321723566 0.0104153191608618 0.04 0.04 0.9850746268656718 0.9914712153518124 0.988272921108742 266.27 0.43 
0 0.09503011725564632 0.0475150586278232 0.0 -0.0 1.0 1.0 1.0 0.0 0.0 
1 -0.0 0.0 0.0 0.0 1.0 1.0 1.0 0.0 0.0 
0 0.7569669131450216 0.578819283271747 0.12 0.31 1.0 0.9914772727272728 0.995738636363636 1146.26 1.7 
1 0.0251440699125892 0.0125720349562946 0.53 0.63 0.6761658031088082 0.6761658031088082 0.676165803108808 386.0 2.33 
0 -0.0 0.0 0.33 0.55 0.6774193548387096 0.6935483870967744 0.685483870967742 57.53 2.49 
1 0.042617471413436414 0.0310799043211172 0.0 0.01 0.837708830548926 0.9928400954653938 0.91527446300716 10.42 0.09 
0 0.35190974154003796 0.240328412884536 -0.03 0.04 0.5161987041036717 0.9524838012958964 0.734341252699784 61.8 0.27 
1 -0.0 0.0 0.11 0.46 0.5384615384615384 0.6153846153846154 0.576923076923077 18.96 1.68 
0 0.9569181480647492 0.832800313968016 0.16 0.63 0.9918367346938776 0.9979591836734693 0.994897959183674 471.23 0.32 
1 -0.0 0.0 0.06 0.41 0.8571428571428571 0.8571428571428571 0.857142857142857 7.0 2.49 
0 0.3615394778944647 0.180769738947232 0.0 0.0 1.0 1.0 1.0 0.0 0.0 
1 0.6171448282578021 0.580437337832493 0.03 0.32 1.0 0.8835227272727273 0.941761363636364 378.52 1.7 
0 0.21168754464631545 0.105843772323158 0.13 0.23 0.6935483870967744 0.8870967741935483 0.790322580645161 26.98 1.78 
1 0.666278442414676 0.666278442414676 0.25 0.67 1.0 1.0 1.0 26.0 0.9 
0 0.7537388965283442 0.40020887927947 -0.01 0.01 0.9929577464788734 0.9976525821596244 0.995305164319249 2.85 0.09 
1 0.09165764788996307 0.0699766348366203 -0.0 0.0 1.0 0.9818181818181818 0.990909090909091 0.1 0.01 
0 0.6791932659915256 0.491914681670382 -0.2 0.13 0.42307692307692313 0.9230769230769232 0.673076923076923 5.94 0.02 
1 0.01475818629482802 0.00737909314741401 0.01 0.01 1.0 0.9979466119096508 0.998973305954825 487.0 0.19 
0 0.36421465730196667 0.323881275136501 0.04 0.26 0.9516129032258066 0.9838709677419354 0.967741935483871 62.63 1.66 
1 0.01652368182171168 0.00826184091085584 0.08 0.08 0.9838709677419354 0.9838709677419354 0.983870967741935 434.0 0.72 
0 0.7134161640307438 0.54513207402487 -0.11 0.04 0.900647948164147 0.9913606911447084 0.946004319654428 63.09 0.06 
1 -0.0 0.0 0.3 0.5 0.8008658008658008 0.8008658008658008 0.800865800865801 462.0 2.56 
0 0.0 0.0 0.0 0.0 0.0 0.0 0.0 0.0 0.0 
1 -0.0 0.0 -0.06 0.16 0.6774193548387096 0.7580645161290323 0.717741935483871 20.64 1.46 
0 0.4459524223135379 0.222976211156769 -0.02 0.01 0.919354838709677 0.9677419354838708 0.943548387096774 0.5 0.15 
1 -0.0 0.0 0.0 0.0 1.0 1.0 1.0 0.0 0.0 
0 0.629696481674345 0.314848240837172 0.0 -0.0 1.0 1.0 1.0 0.0 0.0 
1 0.02133050528737909 0.0106652526436895 0.1 0.1 0.980392156862745 0.980392156862745 0.980392156862745 459.0 0.82 
0 0.5218986732496746 0.429507437598914 0.06 0.2 0.9222462203023758 0.937365010799136 0.929805615550756 356.63 0.95 
1 0.9277980308365658 1.27664305854078 0.26 0.8 0.7871396895787139 0.7871396895787139 0.787139689578714 1253.58 1.13 
0 0.6895519477750732 0.344775973887537 -0.04 0.0 1.0 0.9636803874092008 0.9818401937046 1.27 0.01 
1 0.022727473318271005 0.022727473318271 -0.0 0.0 1.0 1.0 1.0 0.0 0.0 
0 0.016326979454093383 0.00816348972704669 0.0 -0.0 1.0 0.981859410430839 0.99092970521542 0.0 0.0 
1 0.09699169411326156 0.0765719468209323 -0.0 0.0 1.0 0.9972972972972972 0.998648648648649 0.07 0.01 
0 0.6730116670092564 0.336505833504628 -0.1 0.39 0.5769230769230769 0.6153846153846154 0.596153846153846 15.25 0.55 
1 0.8156295932307395 0.74694740234885 0.07 0.48 0.7484662576687117 0.8558282208588956 0.802147239263804 285.8 0.83 
0 0.06480483800330761 0.0458050404038651 0.01 0.01 1.0 0.9938016528925618 0.996900826446281 120.0 0.11 
1 0.20297324940653716 0.101486624703269 0.0 -0.0 1.0 1.0 1.0 0.0 0.0 
0 0.023546567098459075 0.774941934250284 -0.23 0.02 0.6423690205011389 0.8610478359908883 0.751708428246014 19.71 0.29 
1 1.7983316181241153 0.899165809062058 0.0 -0.0 1.0 0.9628099173553722 0.981404958677686 0.0 0.0 
0 -0.0 0.0 0.03 0.03 0.9922879177377892 0.9948586118251928 0.993573264781491 258.66 0.3 
1 0.017626642729371575 0.00881332136468579 0.18 0.25 0.9252336448598132 0.9275700934579442 0.926401869158878 413.58 1.81 
0 0.0 0.0 0.0 0.0 0.0 0.0 0.0 0.0 0.0 
1 0.8720635602136072 0.444515665699525 -0.01 0.0 0.2385542168674699 0.9975903614457832 0.618072289156626 0.63 0.0 
0 0.6615632381579821 0.330781619078991 0.0 0.0 1.0 1.0 1.0 0.0 0.0 
1 -0.0 0.0 0.31 0.55 0.7580645161290323 0.7580645161290323 0.758064516129032 62.0 2.49 
0 -0.0 0.0 0.0 0.0 1.0 0.9166666666666664 0.958333333333333 0.0 0.0 
1 0.04131357294242817 0.0206567864712141 0.29 0.33 0.886153846153846 0.8892307692307693 0.887692307692308 315.12 2.04 
0 0.40984977137281264 0.381697771415426 -0.08 0.04 0.6400911161731208 0.9498861047835992 0.79498861047836 33.58 0.16 
1 0.6846162778013049 0.342308138900652 0.15 0.36 0.8846153846153846 0.8846153846153846 0.884615384615385 26.0 0.82 
0 -0.0 0.0 -0.0 -0.0 1.0 0.9977324263038548 0.998866213151927 0.0 0.0 
1 0.7244657079537894 0.362232853976895 0.0 -0.0 1.0 0.3264462809917356 0.663223140495868 0.0 0.0 
0 0.666278442414676 0.333139221207338 -0.15 0.02 1.0 0.8076923076923077 0.903846153846154 0.89 0.25 
1 -0.0 0.0 -0.0 -0.0 1.0 0.9958677685950412 0.997933884297521 0.0 0.0 
0 0.2365703607236565 0.624200494603218 -0.04 0.01 0.9976525821596244 0.9976525821596244 0.997652582159624 4.36 0.11 
1 0.056152199528602974 0.0560873346969132 -0.0 0.0 1.0 0.9972972972972972 0.998648648648649 0.03 0.0 
0 0.25095480435761963 0.12547740217881 -0.03 0.01 0.940340909090909 0.9886363636363636 0.964488636363636 1.93 0.15 
1 0.09699169411326156 0.0746337112309724 -0.0 0.0 1.0 1.0 1.0 0.05 0.01 
0 0.16991090419848048 0.897699495221739 -0.03 0.09 0.7871396895787139 0.9756097560975608 0.881374722838137 165.97 0.33 
1 -0.0 0.0 0.47 0.64 0.33333333333333326 0.33333333333333326 0.333333333333333 30.0 0.94 
0 0.09962338946616205 0.227982155034015 -0.02 0.24 0.7903225806451613 0.9838709677419354 0.887096774193548 34.62 1.85 
1 0.06894930739780505 0.15777508018186 0.26 0.3 0.9182389937106918 0.9266247379454928 0.922431865828092 1350.0 2.0 
0 0.2835478929710348 0.141773946485517 0.0 0.05 0.919354838709677 0.9838709677419354 0.951612903225806 12.91 0.6 
1 0.0707680768797802 0.351225226630238 -0.0 0.0 1.0 0.997695852534562 0.998847926267281 3.17 0.0 
0 0.048964887966297055 0.0244824439831485 0.0 -0.0 1.0 0.981859410430839 0.99092970521542 0.0 0.0 
1 0.10434878616952079 0.0521743930847604 0.01 0.01 0.9979591836734693 0.9979591836734693 0.997959183673469 490.0 0.11 
0 0.10973321273486945 0.0548666063674347 -0.01 0.0 0.9636803874092008 0.9806295399515738 0.972154963680387 1.97 0.05 
1 0.08958725315521794 0.073993126337245 0.0 0.0 1.0 1.0 1.0 0.04 0.01 
0 1.0926888151265133 0.546344407563257 0.03 0.08 0.9854771784232365 0.9854771784232365 0.985477178423237 482.0 0.13 
1 0.6822056867479602 0.602052179998817 0.05 0.2 0.9222462203023758 0.9546436285097192 0.938444924406048 472.98 0.93 
0 -0.0 0.0 0.0 0.0 1.0 1.0 1.0 0.0 0.0 
1 0.6601647680850746 0.591011175434611 0.13 0.3 0.8594470046082949 0.919354838709677 0.889400921658986 970.62 1.21 
0 -0.0 0.0 0.39 0.62 0.6935483870967744 0.6935483870967744 0.693548387096774 62.0 2.5 
1 -0.0 0.0 0.39 0.62 0.6935483870967744 0.6935483870967744 0.693548387096774 62.0 2.6 
0 0.767183707147163 0.401113551556819 -0.01 0.02 1.0 0.909090909090909 0.954545454545455 56.99 0.12 
1 -0.0 0.0 0.33 0.55 0.6774193548387096 0.6935483870967744 0.685483870967742 57.53 2.59 
0 0.5235346720440665 0.261767336022033 0.34 0.39 0.8666666666666668 0.8666666666666668 0.866666666666667 30.0 1.8 
1 -0.0 0.0 -0.0 0.0 1.0 0.6153846153846154 0.807692307692308 0.0 0.0 
0 -0.0 0.0 -0.0 -0.0 1.0 0.9931972789115646 0.996598639455782 0.0 0.0 
1 -0.0 0.0 0.33 0.55 0.6774193548387096 0.6935483870967744 0.685483870967742 57.53 2.49 
0 0.42803573449734306 0.214017867248672 -0.0 0.0 1.0 0.9966442953020132 0.998322147651007 0.14 0.02 
1 0.05839899951927197 0.0572755995239375 -0.0 0.0 1.0 0.9972972972972972 0.998648648648649 0.03 0.0 
0 0.666278442414676 0.333139221207338 -0.1 0.06 1.0 0.8846153846153846 0.942307692307692 2.12 0.44 
1 0.7865364435085352 0.393268221754268 0.09 0.12 0.9728506787330315 0.9728506787330315 0.972850678733032 442.0 0.36 
0 -0.0 0.0 -0.0 0.0 1.0 0.7083333333333334 0.854166666666667 0.0 0.0 
1 0.05839899951927197 0.0572107346922477 0.0 0.0 1.0 1.0 1.0 0.02 0.0 
0 0.01497005434010946 0.00748502717005473 -0.0 -0.0 1.0 0.977551020408163 0.988775510204082 0.0 0.0 
1 0.05602246986522343 0.0448156896337921 0.0 0.0 1.0 1.0 1.0 0.02 0.0 
0 0.019980547724361777 0.566809166834616 -0.01 0.03 0.971590909090909 0.9943181818181815 0.982954545454545 45.25 0.05 
1 0.16245281571443987 0.14550577947865 -0.01 0.02 0.916083916083916 0.9976689976689976 0.956876456876457 46.4 0.05 
0 0.767183707147163 0.508046993249974 0.13 0.46 0.875 0.909090909090909 0.892045454545455 547.81 1.88 
1 -0.0 0.0 -0.0 -0.0 1.0 1.0 1.0 0.0 0.0 
0 -0.0 0.0 -0.0 0.0 0.9573863636363636 0.9829545454545452 0.970170454545455 0.27 0.03 
1 -0.0 0.0 0.12 0.12 0.9568034557235422 0.9676025917926566 0.962203023758099 343.37 1.04 
0 0.20161353588532901 0.100806767942664 0.0 -0.0 1.0 1.0 1.0 0.0 0.0 
1 -0.0 0.0 0.0 0.0 1.0 1.0 1.0 0.0 0.0 
0 0.3563409206018685 0.178170460300934 -0.1 0.15 0.6935483870967744 0.9838709677419354 0.838709677419355 18.09 1.14 
1 0.8547011249697178 0.427350562484859 -0.02 0.0 0.9795918367346939 0.982142857142857 0.980867346938775 1.6 0.02 
0 -0.0 0.0 -0.0 0.0 1.0 0.6774193548387096 0.838709677419355 0.0 0.0 
1 0.0947607483566568 0.0769695270739669 0.09 0.1 0.9806866952789698 0.982832618025751 0.981759656652361 445.71 0.81 
0 0.5437298474071837 0.472200750402828 0.0 0.2 0.8835227272727273 0.9914772727272728 0.9375 357.61 1.03 
1 1.6284102630552857 1.62546092371276 -0.02 0.51 0.7700348432055749 0.9895470383275262 0.879790940766551 325.24 0.19 
0 0.6622618696488148 0.631828097907448 0.11 0.38 1.0 0.8723404255319149 0.936170212765957 257.94 1.81 
1 0.08958725315521794 0.0728697263419105 -0.0 0.0 1.0 0.9972972972972972 0.998648648648649 0.06 0.01 
0 0.2994769838694316 0.162189349449631 -0.03 0.01 0.5628997867803837 0.9957356076759059 0.779317697228145 7.14 0.17 
1 0.43686973210547814 0.270464027731018 0.04 0.05 1.0 0.940936863543788 0.970468431771894 144.91 0.55 
0 1.0022449991998803 0.50112249959994 0.0 -0.0 1.0 0.9976525821596244 0.998826291079812 0.0 0.0 
1 0.08807751896196665 0.451853556096353 -0.01 0.04 0.7484662576687117 0.9846625766871167 0.866564417177914 30.7 0.2 
0 -0.0 0.0 0.04 0.1 0.6935483870967744 0.919354838709677 0.806451612903226 12.31 1.0 
1 0.8127245415610106 0.428086422879458 0.41 0.59 0.3391521197007481 0.3640897755610973 0.351620947630923 772.17 0.33 
0 0.6730116670092564 0.669645054711966 -0.1 0.39 1.0 0.5769230769230769 0.788461538461538 15.25 0.31 
1 -0.0 0.0 0.19 0.69 0.5555555555555555 0.5555555555555555 0.555555555555556 9.0 1.98 
0 0.6730116670092564 0.336505833504628 -0.2 0.33 0.28571428571428564 0.7142857142857143 0.5 3.73 0.47 
1 0.3269547847215813 0.163477392360791 -0.01 0.01 0.9481865284974093 0.9870466321243522 0.967616580310881 3.79 0.05 
0 0.5543870569631909 0.435361118763248 0.03 0.13 0.945823927765237 0.968397291196388 0.957110609480813 211.91 0.97 
1 0.09908391604753189 0.0495419580237659 0.04 0.04 0.9850746268656718 0.9914712153518124 0.988272921108742 266.27 0.37 
0 0.4227090878059909 0.211354543902995 0.03 0.08 0.8333333333333331 0.9583333333333331 0.895833333333333 5.22 0.61 
1 -0.0 0.0 0.0 0.0 1.0 1.0 1.0 0.0 0.0 
0 0.10314030075388984 0.0515701503769449 -0.0 -0.0 1.0 1.0 1.0 0.0 0.0 
1 -0.0 0.0 -0.0 0.0 1.0 0.7580645161290323 0.879032258064516 0.0 0.0 
0 0.01516084515815546 0.0582926930231054 -0.0 0.0 1.0 0.972457627118644 0.986228813559322 0.04 0.0 
1 -0.0 0.0 -0.0 -0.0 1.0 0.9936034115138594 0.99680170575693 0.0 0.0 
0 0.9556998911125344 0.477849945556267 -0.0 0.0 1.0 1.0 1.0 0.0 0.0 
1 0.030372534777978206 0.0658985378330168 -0.0 0.0 0.972457627118644 0.9978813559322034 0.985169491525424 0.13 0.01 
0 0.15642858719077946 0.616157034401975 0.03 0.2 0.9113475177304966 0.929078014184397 0.920212765957447 190.85 0.74 
1 0.1725612331626618 0.0862806165813309 -0.07 0.05 0.4568421052631578 0.9578947368421052 0.707368421052632 33.9 0.06 
0 -0.0 0.0 -0.0 -0.0 1.0 1.0 1.0 0.0 0.0 
1 -0.0 0.0 -0.06 0.16 0.6774193548387096 0.7580645161290323 0.717741935483871 20.64 1.46 
0 -0.0 0.0 -0.0 -0.0 1.0 0.9948586118251928 0.997429305912596 0.0 0.0 
1 -0.0 0.0 0.3 0.36 0.8846153846153846 0.8846153846153846 0.884615384615385 26.0 2.14 
0 0.022083380117043378 0.0110416900585217 0.08 0.09 0.981859410430839 0.981859410430839 0.981859410430839 441.0 0.79 
1 -0.0 0.0 0.37 0.44 0.16 0.16 0.16 25.0 0.2 
0 0.3525425103487513 0.249343628178658 -0.02 0.08 1.0 0.9677419354838708 0.983870967741935 16.38 0.65 
1 -0.0 0.0 0.33 0.55 0.6774193548387096 0.6935483870967744 0.685483870967742 57.53 2.39 
0 0.34883209584303193 0.834860219496177 -0.09 0.35 1.0 0.8888888888888888 0.944444444444444 9.0 0.44 
1 0.030372534777978206 0.0228364363705995 -0.0 0.0 0.9894067796610168 0.9978813559322034 0.99364406779661 0.04 0.0 
0 0.016556959431630658 0.00827847971581533 -0.0 -0.0 1.0 1.0 1.0 0.0 0.0 
1 0.5235346720440665 0.340972621087929 0.32 0.39 0.8666666666666668 0.9 0.883333333333333 30.0 1.75 
0 0.34883209584303193 0.348832095843032 0.22 0.35 1.0 1.0 1.0 9.0 2.48 
1 0.0740225961475812 0.128824279468757 0.41 0.69 0.5590551181102362 0.5748031496062993 0.566929133858268 381.05 2.38 
0 0.6688445335327875 0.38878979806347 -0.01 0.01 1.0 0.9729119638826184 0.986455981941309 10.28 0.15 
1 -0.0 0.0 0.0 0.0 1.0 1.0 1.0 0.0 0.0 
0 0.4459524223135379 0.222976211156769 -0.03 0.27 0.6774193548387096 0.919354838709677 0.798387096774194 31.25 1.71 
1 0.8156295932307395 0.487087993037894 -0.0 0.08 0.7484662576687117 0.9785276073619632 0.863496932515337 53.37 0.31 
0 0.666278442414676 0.333139221207338 -0.1 0.19 1.0 0.3076923076923077 0.653846153846154 7.22 0.55 
1 0.3742549310896416 0.187127465544821 -0.03 0.02 0.7660668380462725 0.9974293059125964 0.881748071979434 15.62 0.69 
0 0.41963577493948573 0.932511199235403 0.05 0.16 0.9976525821596244 0.9976525821596244 0.997652582159624 111.32 0.46 
1 0.5235346720440665 0.340972621087929 0.32 0.39 0.8666666666666668 0.9 0.883333333333333 30.0 1.75 
0 0.6681369026482501 0.930332845736624 0.17 0.55 0.9676025917926566 0.9935205183585314 0.980561555075594 424.08 1.0 
1 0.4811067080592432 0.300596867788392 0.04 0.05 0.9954853273137698 0.9954853273137698 0.99548532731377 895.47 0.16 
0 0.06847444678893455 0.0481264024807811 -0.0 0.0 1.0 0.9893390191897654 0.994669509594883 0.09 0.01 
1 -0.0 0.0 -0.0 -0.0 1.0 1.0 1.0 0.0 0.0 
0 0.016556959431630658 0.00827847971581533 -0.0 -0.0 1.0 1.0 1.0 0.0 0.0 
1 0.016424701198958662 0.00821235059947933 0.12 0.12 0.9728506787330315 0.9728506787330315 0.972850678733032 442.0 1.0 
0 0.7065442778104265 0.361080686619991 -0.08 0.03 1.0 0.96 0.98 21.87 0.04 
1 0.6171448282578021 0.308572414128901 -0.01 0.0 1.0 0.9886363636363636 0.994318181818182 0.88 0.06 
0 0.6730116670092564 0.524890914132847 -0.2 0.22 0.5555555555555555 0.8888888888888888 0.722222222222222 3.21 0.72 
1 0.05602246986522343 0.0541490991069533 0.0 0.0 1.0 1.0 1.0 0.02 0.0 
0 0.01826014291453781 0.00913007145726891 0.0 0.01 0.07611548556430446 0.9973753280839898 0.536745406824147 12.25 0.0 
1 0.07093518297335139 0.0616054556610173 0.0 0.0 1.0 1.0 1.0 0.03 0.0 
0 -0.0 0.0 -0.16 0.09 0.34615384615384615 0.6153846153846154 0.480769230769231 4.35 0.57 
1 -0.0 0.0 0.31 0.55 0.7580645161290323 0.7580645161290323 0.758064516129032 62.0 2.49 
0 0.3615394778944647 0.180769738947232 -0.04 0.13 1.0 0.7580645161290323 0.879032258064516 17.21 1.07 
1 0.5297061990576545 0.439269147450343 -0.1 0.03 1.0 1.0 1.0 0.32 0.45 
0 0.10881851617771927 0.0544092580888596 -0.0 0.01 0.7084337349397591 0.985542168674699 0.846987951807229 8.66 0.22 
1 0.09503011725564632 0.189490815924107 0.0 0.0 1.0 1.0 1.0 0.06 0.04 
0 0.21168754464631545 0.105843772323158 0.12 0.22 0.6774193548387096 0.8870967741935483 0.782258064516129 25.04 1.7 
1 -0.0 0.0 0.07 0.08 0.9854771784232365 0.9854771784232365 0.985477178423237 482.0 0.65 
0 -0.0 0.0 -0.06 0.06 0.3076923076923077 0.846153846153846 0.576923076923077 2.1 0.36 
1 0.6895519477750732 0.344775973887537 0.0 -0.0 1.0 1.0 1.0 0.0 0.0 
0 -0.0 0.0 -0.06 0.16 0.6774193548387096 0.7580645161290323 0.717741935483871 20.64 1.46 
1 0.022727473318271005 0.0113637366591355 -0.0 -0.0 1.0 1.0 1.0 0.0 0.0 
0 -0.0 0.0 -0.0 -0.0 1.0 0.9932885906040269 0.996644295302013 0.0 0.0 
1 -0.0 0.0 0.0 0.0 1.0 0.982142857142857 0.991071428571429 0.0 0.0 
0 0.3724807184521906 0.362511614400471 0.04 0.35 1.0 0.919354838709677 0.959677419354839 62.0 1.7 
1 0.0947607483566568 0.232756230915289 0.02 0.03 0.9678111587982832 0.9806866952789698 0.974248927038627 84.69 0.27 
0 0.4391877418106727 0.219593870905336 0.0 -0.0 1.0 1.0 1.0 0.0 0.0 
1 -0.0 0.0 0.0 0.0 1.0 1.0 1.0 0.0 0.0 
0 -0.0 0.0 -0.02 0.03 0.5 0.9615384615384615 0.730769230769231 1.04 0.32 
1 0.08627855491407438 0.0975485355458968 0.0 0.02 0.7084337349397591 0.9927710843373492 0.850602409638554 81.26 0.09 
0 0.41011631828840894 0.744554263082996 -0.12 0.14 1.0 1.0 1.0 1.56 0.47 
1 -0.0 0.0 0.0 0.0 1.0 1.0 1.0 0.0 0.0 
0 0.821654712766377 0.410827356383189 -0.0 0.0 1.0 0.9917864476386036 0.995893223819302 0.0 0.0 
1 0.052275728348683194 0.0522757283486832 -0.0 0.0 1.0 1.0 1.0 0.02 0.0 
0 0.08256493803586597 0.227522828244028 -0.0 0.0 1.0 0.919354838709677 0.959677419354839 0.24 0.09 
1 0.04915006684960595 0.024575033424803 0.0 0.01 0.868995633187773 0.9956331877729256 0.932314410480349 13.32 0.14 
0 -0.0 0.0 0.0 0.0 1.0 1.0 1.0 0.0 0.0 
1 0.02253214392080778 0.0197499575531257 -0.0 0.01 0.7156626506024096 0.9975903614457832 0.856626506024096 5.06 0.1 
0 0.09650896073594732 0.0482544803679737 0.0 -0.0 1.0 0.9807692307692306 0.990384615384615 0.0 0.0 
1 -0.0 0.0 0.0 0.0 1.0 1.0 1.0 0.0 0.0 
0 0.4435682844142889 0.422119968906381 0.02 0.18 0.8295454545454547 0.9914772727272728 0.910511363636364 718.88 0.64 
