1 0.0251440699125892 0.0125720349562946 0.53 0.63 0.6761658031088082 0.6761658031088082 0.676165803108808 386.0 2.33 
0 0.1527320203489409 0.0763660101744704 -0.0 0.0 1.0 0.9953161592505854 0.997658079625293 0.06 0.01 
1 1.7983316181241153 0.899165809062058 0.0 -0.0 1.0 0.9628099173553722 0.981404958677686 0.0 0.0 
0 0.3724807184521906 0.186240359226095 -0.02 0.29 0.6935483870967744 0.919354838709677 0.806451612903226 33.68 1.85 
1 0.20297324940653716 0.101486624703269 0.0 -0.0 1.0 1.0 1.0 0.0 0.0 
0 0.4227090878059909 0.211354543902995 0.3 0.6 0.7083333333333334 0.8333333333333331 0.770833333333333 24.0 2.61 
1 0.666278442414676 0.666278442414676 0.25 0.67 1.0 1.0 1.0 26.0 0.9 
0 0.04108212159516753 0.0205410607975838 -0.0 0.0 0.940340909090909 0.9971590909090908 0.96875 0.07 0.01 
1 0.6846162778013049 0.342308138900652 0.15 0.36 0.8846153846153846 0.8846153846153846 0.884615384615385 26.0 0.82 
0 0.022083380117043378 0.0110416900585217 0.0 -0.0 1.0 0.981859410430839 0.99092970521542 0.0 0.0 
1 -0.0 0.0 0.07 0.08 0.9854771784232365 0.9854771784232365 0.985477178423237 482.0 0.65 
0 0.07540821860749106 0.410755919276121 -0.05 0.02 0.8898488120950323 0.9935205183585314 0.941684665226782 19.61 0.16 
1 0.042617471413436414 0.0310799043211172 0.0 0.01 0.837708830548926 0.9928400954653938 0.91527446300716 10.42 0.09 
0 0.5692076958305468 0.284603847915273 -0.01 0.0 1.0 0.985542168674699 0.992771084337349 1.81 0.09 
1 0.022727473318271005 0.0113637366591355 -0.0 -0.0 1.0 1.0 1.0 0.0 0.0 
0 0.32967376365612366 0.219204413125138 -0.05 0.01 0.6930022573363432 0.9729119638826184 0.832957110609481 21.37 0.07 
1 0.8127245415610106 0.428086422879458 0.41 0.59 0.3391521197007481 0.3640897755610973 0.351620947630923 772.17 0.33 
0 -0.0 0.0 -0.0 -0.0 1.0 0.9838709677419354 0.991935483870968 0.0 0.0 
1 0.10434878616952079 0.0521743930847604 0.01 0.01 0.9979591836734693 0.9979591836734693 0.997959183673469 490.0 0.11 
0 0.10579937550123852 0.0528996877506193 -0.0 -0.0 1.0 0.9872068230277184 0.993603411513859 0.0 0.0 
1 0.022727473318271005 0.022727473318271 -0.0 0.0 1.0 1.0 1.0 0.0 0.0 
0 0.4227090878059909 0.211354543902995 -0.0 0.0 1.0 0.8333333333333331 0.916666666666667 0.0 0.0 
1 0.09503011725564632 0.0475150586278232 0.0 -0.0 1.0 1.0 1.0 0.0 0.0 
0 0.6730116670092564 0.336505833504628 -0.2 0.33 0.28571428571428564 0.7142857142857143 0.5 3.73 0.47 
1 0.0707680768797802 0.351225226630238 -0.0 0.0 1.0 0.997695852534562 0.998847926267281 3.17 0.0 
0 -0.0 0.0 -0.06 0.16 0.6774193548387096 0.7580645161290323 0.717741935483871 20.64 1.46 
1 -0.0 0.0 0.0 0.0 1.0 1.0 1.0 0.0 0.0 
0 0.5858113340839818 0.292905667041991 -0.0 0.0 1.0 0.9971590909090908 0.998579545454545 0.17 0.02 
1 -0.0 0.0 -0.1 0.14 0.6774193548387096 0.8064516129032256 0.741935483870968 17.76 1.34 
0 0.038691590688165765 0.0709159457210278 -0.0 0.0 1.0 1.0 1.0 0.07 0.01 
1 0.08807751896196665 0.451853556096353 -0.01 0.04 0.7484662576687117 0.9846625766871167 0.866564417177914 30.7 0.2 
0 0.09187703676356046 0.0747148446466418 -0.01 0.0 0.984126984126984 0.984126984126984 0.984126984126984 0.4 0.04 
1 0.08958725315521794 0.0728697263419105 -0.0 0.0 1.0 0.9972972972972972 0.998648648648649 0.06 0.01 
0 -0.0 0.0 -0.0 0.0 0.9966442953020132 0.9966442953020132 0.996644295302013 0.0 0.0 
1 -0.0 0.0 0.0 0.0 1.0 1.0 1.0 0.0 0.0 
0 1.5706088898972186 0.792884867527687 -0.0 0.0 1.0 0.5508474576271186 0.775423728813559 1.23 0.01 
1 0.09165764788996307 0.0699766348366203 -0.0 0.0 1.0 0.9818181818181818 0.990909090909091 0.1 0.01 
0 0.09503011725564632 0.0475150586278232 0.0 -0.0 1.0 1.0 1.0 0.0 0.0 
1 -0.0 0.0 0.3 0.5 0.8008658008658008 0.8008658008658008 0.800865800865801 462.0 2.56 
0 0.5906061822440456 0.567168014825615 -0.06 0.27 0.8835227272727273 0.9602272727272728 0.921875 350.94 1.21 
1 -0.0 0.0 -0.0 -0.0 1.0 0.9936034115138594 0.99680170575693 0.0 0.0 
0 -0.0 0.0 -0.0 0.0 1.0 0.7580645161290323 0.879032258064516 0.0 0.0 
1 0.6171448282578021 0.308572414128901 -0.01 0.0 1.0 0.9886363636363636 0.994318181818182 0.88 0.06 
0 0.0752483101127402 0.153300127184404 0.01 0.01 1.0 1.0 1.0 16.55 0.19 
1 -0.0 0.0 -0.0 -0.0 1.0 1.0 1.0 0.0 0.0 
0 0.17449997006024281 0.0872499850301214 0.0 0.0 1.0 0.9876796714579056 0.993839835728953 0.0 0.0 
1 0.09699169411326156 0.0765719468209323 -0.0 0.0 1.0 0.9972972972972972 0.998648648648649 0.07 0.01 
0 0.4459524223135379 0.222976211156769 -0.03 0.27 0.6774193548387096 0.919354838709677 0.798387096774194 31.25 1.77 
1 -0.0 0.0 -0.0 -0.0 1.0 1.0 1.0 0.0 0.0 
0 0.9632492517543758 0.481624625877188 -0.14 0.06 1.0 0.8076923076923077 0.903846153846154 2.38 0.44 
1 0.6601647680850746 0.591011175434611 0.13 0.3 0.8594470046082949 0.919354838709677 0.889400921658986 970.62 1.21 
0 -0.0 0.0 -0.0 -0.0 1.0 1.0 1.0 0.0 0.0 
1 -0.0 0.0 0.0 0.0 1.0 1.0 1.0 0.0 0.0 
0 0.3724807184521906 0.370388775599927 0.15 0.54 0.919354838709677 0.9354838709677415 0.92741935483871 110.63 2.46 
1 -0.0 0.0 0.11 0.46 0.5384615384615384 0.6153846153846154 0.576923076923077 18.96 1.68 
0 0.08415278012328664 0.0983529246439911 -0.0 0.0 1.0 0.975177304964539 0.987588652482269 0.25 0.03 
1 -0.0 0.0 0.0 0.0 1.0 0.982142857142857 0.991071428571429 0.0 0.0 
0 -0.0 0.0 0.28 0.38 0.125 0.125 0.125 8.0 0.06 
1 0.7244657079537894 0.362232853976895 0.0 -0.0 1.0 0.3264462809917356 0.663223140495868 0.0 0.0 
0 0.7168157759088685 0.358407887954434 0.0 -0.0 1.0 0.995771670190275 0.997885835095137 0.0 0.0 
1 0.08958725315521794 0.073993126337245 0.0 0.0 1.0 1.0 1.0 0.04 0.01 
0 -0.0 0.0 0.0 -0.0 1.0 0.7660668380462725 0.883033419023136 0.0 0.0 
1 -0.0 0.0 0.33 0.55 0.6774193548387096 0.6935483870967744 0.685483870967742 57.53 2.39 
0 0.3525425103487513 0.176271255174376 -0.08 0.15 1.0 0.6935483870967744 0.846774193548387 17.86 1.26 
1 0.0740225961475812 0.128824279468757 0.41 0.69 0.5590551181102362 0.5748031496062993 0.566929133858268 381.05 2.38 
0 0.9275196767172602 0.46375983835863 -0.15 0.24 0.33333333333333326 0.9333333333333332 0.633333333333333 10.94 0.39 
1 0.030372534777978206 0.0228364363705995 -0.0 0.0 0.9894067796610168 0.9978813559322034 0.99364406779661 0.04 0.0 
0 0.015529324822425987 0.007764662411213 0.0 0.0 1.0 0.9663157894736842 0.983157894736842 0.0 0.0 
1 0.06894930739780505 0.15777508018186 0.26 0.3 0.9182389937106918 0.9266247379454928 0.922431865828092 1350.0 2.0 
0 0.05962207336054544 0.0298110366802727 0.01 0.02 1.0 0.9779735682819384 0.988986784140969 89.22 0.21 
1 0.030372534777978206 0.0658985378330168 -0.0 0.0 0.972457627118644 0.9978813559322034 0.985169491525424 0.13 0.01 
0 -0.0 0.0 -0.0 -0.0 1.0 1.0 1.0 0.0 0.0 
1 -0.0 0.0 0.39 0.62 0.6935483870967744 0.6935483870967744 0.693548387096774 62.0 2.6 
0 -0.0 0.0 -0.0 -0.0 1.0 1.0 1.0 0.0 0.0 
1 0.01652368182171168 0.00826184091085584 0.08 0.08 0.9838709677419354 0.9838709677419354 0.983870967741935 434.0 0.72 
0 0.022596852566469688 0.0112984262832349 -0.0 0.0 0.9932885906040269 0.9966442953020132 0.99496644295302 0.01 0.0 
1 0.09503011725564632 0.189490815924107 0.0 0.0 1.0 1.0 1.0 0.06 0.04 
0 0.04108212159516753 0.695540816661695 -0.02 0.09 0.8352272727272727 0.940340909090909 0.887784090909091 421.01 0.24 
1 0.09699169411326156 0.0746337112309724 -0.0 0.0 1.0 1.0 1.0 0.05 0.01 
0 0.04163356109268336 0.0359203557436878 -0.0 0.0 1.0 0.9793388429752063 0.989669421487603 0.08 0.01 
1 0.07093518297335139 0.0616054556610173 0.0 0.0 1.0 1.0 1.0 0.03 0.0 
0 0.3269974743901718 0.163498737195086 -0.01 0.0 0.9342403628117912 0.9886621315192744 0.961451247165533 0.75 0.05 
1 0.6895519477750732 0.344775973887537 0.0 -0.0 1.0 1.0 1.0 0.0 0.0 
0 0.5543870569631909 0.300165181340744 -0.02 0.03 0.945823927765237 0.9729119638826184 0.959367945823928 68.3 0.28 
1 0.01475818629482802 0.00737909314741401 0.01 0.01 1.0 0.9979466119096508 0.998973305954825 487.0 0.19 
0 0.6071082391575967 0.311717609305845 0.02 0.03 0.8200455580865603 0.9863325740318906 0.903189066059225 59.16 0.19 
1 -0.0 0.0 0.33 0.55 0.6774193548387096 0.6935483870967744 0.685483870967742 57.53 2.49 
0 0.09962338946616205 0.049811694733081 0.04 0.28 0.7580645161290323 0.7903225806451613 0.774193548387097 37.44 2.08 
1 0.8547011249697178 0.427350562484859 -0.02 0.0 0.9795918367346939 0.982142857142857 0.980867346938775 1.6 0.02 
0 0.06586093594147825 0.0329304679707391 0.0 -0.0 1.0 0.9624413145539906 0.981220657276995 0.0 0.0 
1 0.08958725315521794 0.0709314907519506 0.0 0.0 1.0 1.0 1.0 0.04 0.01 
0 0.7453785846192588 0.380311398825457 -0.0 0.0 1.0 0.7270788912579956 0.863539445628998 1.62 0.01 
1 0.0947607483566568 0.232756230915289 0.02 0.03 0.9678111587982832 0.9806866952789698 0.974248927038627 84.69 0.27 
0 0.024901715029831017 0.0124508575149155 0.0 0.01 0.5628997867803837 0.9914712153518124 0.777185501066098 5.2 0.1 
1 0.5235346720440665 0.340972621087929 0.32 0.39 0.8666666666666668 0.9 0.883333333333333 30.0 1.75 
0 0.016010023141427767 0.00800501157071388 -0.0 0.0 1.0 0.9909706546275394 0.99548532731377 0.01 0.0 
1 0.3269547847215813 0.163477392360791 -0.01 0.01 0.9481865284974093 0.9870466321243522 0.967616580310881 3.79 0.05 
0 0.3563409206018685 0.178170460300934 -0.0 0.0 1.0 0.9838709677419354 0.991935483870968 0.0 0.0 
1 -0.0 0.0 0.19 0.69 0.5555555555555555 0.5555555555555555 0.555555555555556 9.0 1.98 
0 0.09962338946616205 0.226082949907457 -0.03 0.21 1.0 0.7903225806451613 0.895161290322581 29.74 1.63 
1 0.8156295932307395 0.487087993037894 -0.0 0.08 0.7484662576687117 0.9785276073619632 0.863496932515337 53.37 0.31 
0 0.6127954659992856 0.314019839515471 -0.0 0.0 1.0 1.0 1.0 0.41 0.02 
1 0.4811067080592432 0.300596867788392 0.04 0.05 0.9954853273137698 0.9954853273137698 0.99548532731377 895.47 0.16 
0 0.821654712766377 0.410827356383189 -0.0 0.0 0.9917864476386036 0.9979466119096508 0.994866529774127 0.45 0.02 
1 0.05602246986522343 0.0541490991069533 0.0 0.0 1.0 1.0 1.0 0.02 0.0 
0 0.016424701198958662 0.0641287013761538 -0.01 0.01 0.7928730512249444 0.9576837416481068 0.875278396436526 5.92 0.22 
1 0.7865364435085352 0.393268221754268 0.09 0.12 0.9728506787330315 0.9728506787330315 0.972850678733032 442.0 0.36 
0 0.022596852566469688 0.0112984262832349 -0.01 0.0 0.959731543624161 0.9932885906040269 0.976510067114094 0.13 0.02 
1 -0.0 0.0 -0.06 0.16 0.6774193548387096 0.7580645161290323 0.717741935483871 20.64 1.46 
0 0.40067165339847227 0.200335826699236 -0.04 0.01 0.9346590909090908 0.9914772727272728 0.963068181818182 2.38 0.16 
1 0.6822056867479602 0.602052179998817 0.05 0.2 0.9222462203023758 0.9546436285097192 0.938444924406048 472.98 0.93 
0 1.1136377859448703 0.556818892972435 -0.02 0.0 0.9886363636363636 0.9943181818181815 0.991477272727273 1.74 0.11 
1 -0.0 0.0 0.12 0.12 0.9568034557235422 0.9676025917926566 0.962203023758099 343.37 1.04 
0 0.41011631828840894 0.205058159144204 -0.14 0.05 1.0 0.28571428571428564 0.642857142857143 0.47 0.51 
1 0.5297061990576545 0.439269147450343 -0.1 0.03 1.0 1.0 1.0 0.32 0.45 
0 0.6791932659915256 0.339596632995763 -0.07 0.14 0.8076923076923077 0.9230769230769232 0.865384615384615 9.17 0.4 
1 -0.0 0.0 -0.0 -0.0 1.0 1.0 1.0 0.0 0.0 
0 0.6013943261660805 0.838639903889625 0.09 0.33 1.0 0.929078014184397 0.964539007092199 308.31 1.28 
1 -0.0 0.0 -0.0 0.0 1.0 0.7580645161290323 0.879032258064516 0.0 0.0 
0 0.05577279621184249 0.0391524700663251 -0.04 0.01 0.7156626506024096 0.9686746987951808 0.842168674698795 6.25 0.14 
1 0.43686973210547814 0.270464027731018 0.04 0.05 1.0 0.940936863543788 0.970468431771894 144.91 0.55 
0 0.016424701198958662 0.00821235059947933 -0.0 0.0 0.9576837416481068 0.9977728285077953 0.977728285077951 0.05 0.0 
1 -0.0 0.0 -0.06 0.16 0.6774193548387096 0.7580645161290323 0.717741935483871 20.64 1.46 
0 0.08256493803586597 0.041282469017933 -0.0 0.0 1.0 0.9838709677419354 0.991935483870968 0.02 0.01 
1 0.017626642729371575 0.00881332136468579 0.18 0.25 0.9252336448598132 0.9275700934579442 0.926401869158878 413.58 1.81 
0 0.12281506353676637 0.0614075317683832 -0.01 0.0 0.9602272727272728 0.9829545454545452 0.971590909090909 0.43 0.04 
1 0.04915006684960595 0.024575033424803 0.0 0.01 0.868995633187773 0.9956331877729256 0.932314410480349 13.32 0.14 
0 0.01872477074468281 0.0093623853723414 -0.0 0.0 0.9413265306122448 0.99234693877551 0.966836734693878 0.2 0.02 
1 -0.0 0.0 0.0 0.0 1.0 1.0 1.0 0.0 0.0 
0 0.0752483101127402 0.0376241550563701 0.0 0.0 1.0 1.0 1.0 0.0 0.0 
1 1.6284102630552857 1.62546092371276 -0.02 0.51 0.7700348432055749 0.9895470383275262 0.879790940766551 325.24 0.19 
0 0.13371483312373358 0.0668574165618668 -0.0 0.0 1.0 0.9966442953020132 0.998322147651007 0.03 0.0 
1 0.02253214392080778 0.0197499575531257 -0.0 0.01 0.7156626506024096 0.9975903614457832 0.856626506024096 5.06 0.1 
0 0.9012262508973272 0.450613125448664 -0.19 0.17 0.33333333333333326 0.8666666666666668 0.6 7.5 0.42 
1 -0.0 0.0 0.0 0.0 1.0 1.0 1.0 0.0 0.0 
0 0.4459524223135379 0.364750157642286 0.07 0.32 0.919354838709677 0.9838709677419354 0.951612903225806 73.51 1.47 
1 0.052275728348683194 0.0522757283486832 -0.0 0.0 1.0 1.0 1.0 0.02 0.0 
0 0.25095480435761963 0.12547740217881 0.06 0.06 0.9886363636363636 0.9886363636363636 0.988636363636364 352.0 0.37 
1 -0.0 0.0 -0.0 0.0 1.0 0.6153846153846154 0.807692307692308 0.0 0.0 
0 0.1520053108362029 0.0760026554181015 0.02 0.15 0.6935483870967744 0.919354838709677 0.806451612903226 17.86 1.28 
1 0.8720635602136072 0.444515665699525 -0.01 0.0 0.2385542168674699 0.9975903614457832 0.618072289156626 0.63 0.0 
0 0.4523813490678532 0.226190674533927 -0.01 0.01 0.9954853273137698 0.9954853273137698 0.99548532731377 10.02 0.14 
1 -0.0 0.0 0.37 0.44 0.16 0.16 0.16 25.0 0.2 
0 0.41011631828840894 0.744554263082996 -0.11 0.14 1.0 1.0 1.0 1.56 0.54 
1 -0.0 0.0 -0.0 -0.0 1.0 0.9958677685950412 0.997933884297521 0.0 0.0 
0 0.552705677980449 0.416237222305834 -0.08 0.04 1.0 0.9485714285714286 0.974285714285714 28.06 0.22 
1 0.7865364435085352 0.401480572353747 0.08 0.13 0.9728506787330315 0.9728506787330315 0.972850678733032 442.51 0.33 
0 0.038691590688165765 0.0269679018599106 -0.0 0.0 1.0 1.0 1.0 0.01 0.0 
1 0.09908391604753189 0.0495419580237659 0.04 0.04 0.9850746268656718 0.9914712153518124 0.988272921108742 266.27 0.37 
0 0.4459524223135379 0.222976211156769 -0.13 0.2 0.7580645161290323 0.919354838709677 0.838709677419355 26.67 1.44 
1 0.08627855491407438 0.0975485355458968 0.0 0.02 0.7084337349397591 0.9927710843373492 0.850602409638554 81.26 0.09 
0 0.9556998911125344 1.01734604949506 -0.13 0.68 1.0 1.0 1.0 8.17 0.21 
1 0.9277980308365658 1.27664305854078 0.26 0.8 0.7871396895787139 0.7871396895787139 0.787139689578714 1253.58 1.13 
0 0.34883209584303193 0.174416047921516 0.07 0.19 1.0 0.7777777777777779 0.888888888888889 3.94 1.51 
1 0.5235346720440665 0.340972621087929 0.32 0.39 0.8666666666666668 0.9 0.883333333333333 30.0 1.75 
0 -0.0 0.0 -0.0 0.0 1.0 0.625 0.8125 0.0 0.0 
1 -0.0 0.0 0.31 0.55 0.7580645161290323 0.7580645161290323 0.758064516129032 62.0 2.49 
0 0.24660085296591405 0.198438026441231 0.0 0.06 1.0 0.9266247379454928 0.963312368972746 200.35 0.47 
1 -0.0 0.0 0.3 0.36 0.8846153846153846 0.8846153846153846 0.884615384615385 26.0 2.14 
0 0.3615394778944647 0.180769738947232 -0.01 0.0 1.0 0.9838709677419354 0.991935483870968 0.11 0.06 
1 0.020830638321723566 0.0104153191608618 0.04 0.04 0.9850746268656718 0.9914712153518124 0.988272921108742 266.27 0.43 
0 0.9556998911125344 0.682908104700472 0.13 0.41 1.0 1.0 1.0 7.0 1.36 
1 0.6171448282578021 0.580437337832493 0.03 0.32 1.0 0.8835227272727273 0.941761363636364 378.52 1.7 
0 0.4459524223135379 0.222976211156769 -0.13 0.2 0.7580645161290323 0.919354838709677 0.838709677419355 26.67 1.43 
1 0.02133050528737909 0.0106652526436895 0.1 0.1 0.980392156862745 0.980392156862745 0.980392156862745 459.0 0.82 
0 0.666278442414676 0.333139221207338 -0.09 0.08 1.0 0.846153846153846 0.923076923076923 2.95 0.39 
1 0.3742549310896416 0.187127465544821 -0.03 0.02 0.7660668380462725 0.9974293059125964 0.881748071979434 15.62 0.69 
0 0.6829081047004717 0.861314437770195 0.03 0.68 1.0 0.5714285714285713 0.785714285714286 7.0 0.55 
1 0.04131357294242817 0.0206567864712141 0.29 0.33 0.886153846153846 0.8892307692307693 0.887692307692308 315.12 2.04 
0 0.021722254678851236 0.112615299543004 -0.01 0.0 1.0 0.9402985074626864 0.970149253731343 1.37 0.08 
1 -0.0 0.0 0.39 0.62 0.6935483870967744 0.6935483870967744 0.693548387096774 62.0 2.6 
0 0.021722254678851236 0.0108611273394256 -0.0 -0.0 1.0 0.9402985074626864 0.970149253731343 0.0 0.0 
1 -0.0 0.0 0.0 0.0 1.0 1.0 1.0 0.0 0.0 
0 0.5456891633476865 0.345916954678125 0.08 0.22 0.8870967741935483 0.9677419354838708 0.92741935483871 78.19 1.06 
1 0.16245281571443987 0.14550577947865 -0.01 0.02 0.916083916083916 0.9976689976689976 0.956876456876457 46.4 0.05 
0 0.6791932659915256 0.339596632995763 -0.11 0.25 0.3076923076923077 0.9230769230769232 0.615384615384615 9.9 0.09 
1 0.056152199528602974 0.0560873346969132 -0.0 0.0 1.0 0.9972972972972972 0.998648648648649 0.03 0.0 
0 0.7086824798712817 0.887449925279695 0.13 0.6 0.989795918367347 0.9918367346938776 0.990816326530612 493.69 0.03 
1 0.05602246986522343 0.0448156896337921 0.0 0.0 1.0 1.0 1.0 0.02 0.0 
0 -0.0 0.0 -0.0 0.0 1.0 0.6935483870967744 0.846774193548387 0.0 0.0 
1 -0.0 0.0 0.31 0.55 0.7580645161290323 0.7580645161290323 0.758064516129032 62.0 2.49 
0 0.8775150646388563 0.518081472847058 -0.06 0.07 0.7908163265306124 0.9948979591836736 0.892857142857143 129.59 0.61 
1 0.1725612331626618 0.0862806165813309 -0.07 0.05 0.4568421052631578 0.9578947368421052 0.707368421052632 33.9 0.06 
0 -0.0 0.0 0.19 0.69 0.5555555555555555 0.5555555555555555 0.555555555555556 9.0 1.98 
1 -0.0 0.0 0.06 0.41 0.8571428571428571 0.8571428571428571 0.857142857142857 7.0 2.49 
0 0.6829081047004717 0.677959885854864 0.16 0.68 1.0 0.7142857142857143 0.857142857142857 7.0 0.54 
1 -0.0 0.0 0.0 0.0 1.0 1.0 1.0 0.0 0.0 
0 0.19643645103383003 0.098218225516915 -0.01 0.0 1.0 0.9812206572769951 0.990610328638498 0.42 0.03 
1 -0.0 0.0 0.47 0.64 0.33333333333333326 0.33333333333333326 0.333333333333333 30.0 0.94 
0 -0.0 0.0 0.03 0.04 0.9863945578231293 0.9886621315192744 0.987528344671202 233.04 0.46 
1 0.0947607483566568 0.0769695270739669 0.09 0.1 0.9806866952789698 0.982832618025751 0.981759656652361 445.71 0.81 
0 0.4505612088663046 0.225280604433152 0.03 0.41 0.8571428571428571 0.8571428571428571 0.857142857142857 7.0 1.83 
1 0.05839899951927197 0.0572755995239375 -0.0 0.0 1.0 0.9972972972972972 0.998648648648649 0.03 0.0 
0 -0.0 0.0 -0.0 0.0 1.0 0.4285714285714285 0.714285714285714 0.0 0.0 
1 0.05839899951927197 0.0572107346922477 0.0 0.0 1.0 1.0 1.0 0.02 0.0 
0 0.666278442414676 0.333139221207338 0.11 0.46 1.0 0.5384615384615384 0.769230769230769 18.96 0.84 
1 -0.0 0.0 0.0 0.0 1.0 1.0 1.0 0.0 0.0 
0 0.2835478929710348 0.141773946485517 -0.05 0.12 0.6774193548387096 0.9838709677419354 0.830645161290323 13.95 1.07 
1 0.016424701198958662 0.00821235059947933 0.12 0.12 0.9728506787330315 0.9728506787330315 0.972850678733032 442.0 1.0 
0 0.7558148632822626 0.385286524788545 -0.0 0.0 1.0 0.9897330595482546 0.994866529774127 0.33 0.02 
