1 0.05602246986522343 0.0448156896337921 0.0 0.0 1.0 1.0 1.0 0.02 0.0 
0 0.4629606652814273 0.23964382236776 -0.0 0.01 0.8724373576309796 0.9863325740318906 0.929384965831435 21.6 0.03 
1 0.042617471413436414 0.0310799043211172 0.0 0.01 0.837708830548926 0.9928400954653938 0.91527446300716 10.42 0.09 
0 0.0 0.0 0.0 0.0 0.0 0.0 0.0 0.0 0.0 
1 -0.0 0.0 0.19 0.69 0.5555555555555555 0.5555555555555555 0.555555555555556 9.0 1.98 
0 0.4459524223135379 0.222976211156769 -0.03 0.29 0.6935483870967744 0.919354838709677 0.806451612903226 33.68 1.86 
1 -0.0 0.0 -0.0 -0.0 1.0 1.0 1.0 0.0 0.0 
0 0.4459524223135379 0.399247466331145 0.02 0.35 1.0 0.919354838709677 0.959677419354839 62.0 1.65 
1 -0.0 0.0 0.07 0.08 0.9854771784232365 0.9854771784232365 0.985477178423237 482.0 0.65 
0 0.1597598653137592 0.141754829254096 0.01 0.01 1.0 1.0 1.0 122.83 0.09 
1 0.6601647680850746 0.591011175434611 0.13 0.3 0.8594470046082949 0.919354838709677 0.889400921658986 970.62 1.21 
0 0.4337626359979511 0.293129417913016 0.08 0.14 1.0 0.9488636363636364 0.974431818181818 704.0 0.65 
1 0.09503011725564632 0.189490815924107 0.0 0.0 1.0 1.0 1.0 0.06 0.04 
0 0.6791932659915256 0.676102466500391 -0.15 0.44 0.5769230769230769 0.9230769230769232 0.75 17.54 0.06 
1 0.04131357294242817 0.0206567864712141 0.29 0.33 0.886153846153846 0.8892307692307693 0.887692307692308 315.12 2.04 
0 0.7065442778104265 0.361036801316426 -0.07 0.03 1.0 0.9663157894736842 0.983157894736842 18.47 0.03 
1 -0.0 0.0 0.0 0.0 1.0 1.0 1.0 0.0 0.0 
0 0.44449289751520166 0.858497003941501 0.01 0.11 1.0 1.0 1.0 280.76 0.52 
1 0.3269547847215813 0.163477392360791 -0.01 0.01 0.9481865284974093 0.9870466321243522 0.967616580310881 3.79 0.05 
0 0.06847444678893455 0.0342372233944673 -0.01 0.01 1.0 0.5628997867803837 0.781449893390192 4.72 0.12 
1 -0.0 0.0 -0.06 0.16 0.6774193548387096 0.7580645161290323 0.717741935483871 20.64 1.46 
0 0.6829081047004717 0.682908104700472 0.25 0.68 1.0 1.0 1.0 7.0 0.49 
1 0.8156295932307395 0.487087993037894 -0.0 0.08 0.7484662576687117 0.9785276073619632 0.863496932515337 53.37 0.31 
0 1.1102410658579007 1.06453654308001 0.06 0.54 0.7321814254859611 0.9481641468682503 0.840172786177106 813.48 0.22 
1 0.7244657079537894 0.362232853976895 0.0 -0.0 1.0 0.3264462809917356 0.663223140495868 0.0 0.0 
0 0.026852158244723763 0.0220168152519719 -0.01 0.0 0.839506172839506 0.9938271604938274 0.916666666666667 1.06 0.01 
1 0.666278442414676 0.666278442414676 0.25 0.67 1.0 1.0 1.0 26.0 0.9 
0 0.027778358172627568 0.0138891790863138 -0.0 0.0 0.9402985074626864 0.9893390191897654 0.964818763326226 1.89 0.04 
1 0.43686973210547814 0.270464027731018 0.04 0.05 1.0 0.940936863543788 0.970468431771894 144.91 0.55 
0 -0.0 0.0 -0.01 0.21 0.7142857142857143 0.8571428571428571 0.785714285714286 2.92 1.76 
1 0.08627855491407438 0.0975485355458968 0.0 0.02 0.7084337349397591 0.9927710843373492 0.850602409638554 81.26 0.09 
0 -0.0 0.0 0.42 0.63 0.6774193548387096 0.6774193548387096 0.67741935483871 62.0 2.56 
1 -0.0 0.0 -0.0 0.0 1.0 0.6153846153846154 0.807692307692308 0.0 0.0 
0 0.05138862302596046 0.183861901794632 0.09 0.14 0.968397291196388 0.968397291196388 0.968397291196388 443.24 0.8 
1 -0.0 0.0 -0.0 0.0 1.0 0.7580645161290323 0.879032258064516 0.0 0.0 
0 -0.0 0.0 0.0 0.0 1.0 1.0 1.0 0.0 0.0 
1 0.052275728348683194 0.0522757283486832 -0.0 0.0 1.0 1.0 1.0 0.02 0.0 
0 -0.0 0.0 -0.01 0.01 0.6935483870967744 0.9838709677419354 0.838709677419355 0.45 0.13 
1 -0.0 0.0 -0.1 0.14 0.6774193548387096 0.8064516129032256 0.741935483870968 17.76 1.34 
0 0.045763284360939335 0.0228816421804697 0.0 -0.0 1.0 0.981859410430839 0.99092970521542 0.0 0.0 
1 -0.0 0.0 0.47 0.64 0.33333333333333326 0.33333333333333326 0.333333333333333 30.0 0.94 
0 0.032720686106879206 0.0258325669293088 -0.0 0.0 0.9285714285714286 0.9744897959183672 0.951530612244898 0.99 0.07 
1 0.7865364435085352 0.393268221754268 0.09 0.12 0.9728506787330315 0.9728506787330315 0.972850678733032 442.0 0.36 
0 0.7843037925952074 0.400331603805405 -0.01 0.01 0.4700460829493088 0.9953917050691244 0.732718894009217 4.29 0.04 
1 -0.0 0.0 0.31 0.55 0.7580645161290323 0.7580645161290323 0.758064516129032 62.0 2.49 
0 0.09345740278411808 0.172883037243141 -0.0 0.0 1.0 1.0 1.0 0.39 0.03 
1 -0.0 0.0 -0.0 -0.0 1.0 0.9936034115138594 0.99680170575693 0.0 0.0 
0 0.5297061990576545 0.453238180157046 -0.11 0.06 1.0 0.8888888888888888 0.944444444444444 0.73 0.79 
1 0.8720635602136072 0.444515665699525 -0.01 0.0 0.2385542168674699 0.9975903614457832 0.618072289156626 0.63 0.0 
0 -0.0 0.0 0.33 0.55 0.6774193548387096 0.6935483870967744 0.685483870967742 57.53 2.59 
1 -0.0 0.0 0.0 0.0 1.0 1.0 1.0 0.0 0.0 
0 0.6365141682948128 0.318257084147406 -0.0 0.0 1.0 0.6 0.8 0.0 0.0 
1 -0.0 0.0 0.39 0.62 0.6935483870967744 0.6935483870967744 0.693548387096774 62.0 2.6 
0 0.09962338946616205 0.155655467056239 -0.03 0.07 0.7903225806451613 0.8870967741935483 0.838709677419355 10.66 0.38 
1 0.10434878616952079 0.0521743930847604 0.01 0.01 0.9979591836734693 0.9979591836734693 0.997959183673469 490.0 0.11 
0 -0.0 0.0 0.0 0.0 1.0 1.0 1.0 0.0 0.0 
1 -0.0 0.0 0.0 0.0 1.0 1.0 1.0 0.0 0.0 
0 -0.0 0.0 0.0 0.0 1.0 0.9907192575406036 0.995359628770302 0.0 0.0 
1 0.6171448282578021 0.308572414128901 -0.01 0.0 1.0 0.9886363636363636 0.994318181818182 0.88 0.06 
0 0.3724807184521906 0.186240359226095 -0.02 0.01 0.919354838709677 0.9677419354838708 0.943548387096774 0.5 0.16 
1 0.08958725315521794 0.073993126337245 0.0 0.0 1.0 1.0 1.0 0.04 0.01 
0 0.767183707147163 0.444999385341965 -0.11 0.07 0.909090909090909 0.9602272727272728 0.934659090909091 70.15 0.17 
1 -0.0 0.0 0.0 0.0 1.0 1.0 1.0 0.0 0.0 
0 0.666278442414676 0.333139221207338 -0.1 0.19 1.0 0.3076923076923077 0.653846153846154 7.22 0.41 
1 0.017626642729371575 0.00881332136468579 0.18 0.25 0.9252336448598132 0.9275700934579442 0.926401869158878 413.58 1.81 
0 0.9569181480647492 0.825546336375745 0.2 0.69 0.989795918367347 0.9979591836734693 0.993877551020408 587.62 0.26 
1 -0.0 0.0 0.3 0.36 0.8846153846153846 0.8846153846153846 0.884615384615385 26.0 2.14 
0 0.2957078649273664 0.147853932463683 -0.0 -0.0 1.0 0.9958677685950412 0.997933884297521 0.0 0.0 
1 0.020830638321723566 0.0104153191608618 0.04 0.04 0.9850746268656718 0.9914712153518124 0.988272921108742 266.27 0.43 
0 0.3724807184521906 0.364410819527029 0.06 0.39 0.919354838709677 0.9838709677419354 0.951612903225806 73.48 2.01 
1 0.6171448282578021 0.580437337832493 0.03 0.32 1.0 0.8835227272727273 0.941761363636364 378.52 1.7 
0 0.3563409206018685 0.178170460300934 -0.02 0.05 0.919354838709677 0.9838709677419354 0.951612903225806 12.22 0.53 
1 -0.0 0.0 0.33 0.55 0.6774193548387096 0.6935483870967744 0.685483870967742 57.53 2.59 
0 0.07915888226942422 0.167645011332443 -0.02 0.02 0.6400911161731208 0.9749430523917996 0.80751708428246 33.3 0.06 
1 0.09165764788996307 0.0699766348366203 -0.0 0.0 1.0 0.9818181818181818 0.990909090909091 0.1 0.01 
0 -0.0 0.0 0.02 0.02 0.9966442953020132 0.9966442953020132 0.996644295302013 298.0 0.23 
1 0.0947607483566568 0.232756230915289 0.02 0.03 0.9678111587982832 0.9806866952789698 0.974248927038627 84.69 0.27 
0 0.3615394778944647 0.357040994121608 0.04 0.21 1.0 1.0 1.0 42.74 1.62 
1 0.056152199528602974 0.0560873346969132 -0.0 0.0 1.0 0.9972972972972972 0.998648648648649 0.03 0.0 
0 0.10873506259415222 0.0543675312970761 0.08 0.1 0.9729119638826184 0.9729119638826184 0.972911963882618 370.36 0.84 
1 -0.0 0.0 -0.06 0.16 0.6774193548387096 0.7580645161290323 0.717741935483871 20.64 1.46 
0 0.11814780677302933 0.0590739033865147 -0.0 -0.0 1.0 0.9979591836734693 0.998979591836735 0.0 0.0 
1 0.05839899951927197 0.0572107346922477 0.0 0.0 1.0 1.0 1.0 0.02 0.0 
0 -0.0 0.0 -0.0 -0.0 1.0 1.0 1.0 0.0 0.0 
1 0.6895519477750732 0.344775973887537 0.0 -0.0 1.0 1.0 1.0 0.0 0.0 
0 0.0 0.0 0.0 0.0 0.0 0.0 0.0 0.0 0.0 
1 1.7983316181241153 0.899165809062058 0.0 -0.0 1.0 0.9628099173553722 0.981404958677686 0.0 0.0 
0 0.3525425103487513 0.176271255174376 -0.06 0.0 1.0 0.919354838709677 0.959677419354839 0.41 0.16 
1 0.02253214392080778 0.0197499575531257 -0.0 0.01 0.7156626506024096 0.9975903614457832 0.856626506024096 5.06 0.1 
0 0.045763284360939335 0.0228816421804697 -0.0 0.0 0.981859410430839 0.9977324263038548 0.989795918367347 0.03 0.0 
1 0.022727473318271005 0.022727473318271 -0.0 0.0 1.0 1.0 1.0 0.0 0.0 
0 0.664316082500306 0.332158041250153 -0.01 0.0 0.938496583143508 0.9954441913439636 0.966970387243736 0.58 0.03 
1 -0.0 0.0 -0.0 -0.0 1.0 1.0 1.0 0.0 0.0 
0 0.3525425103487513 0.176271255174376 -0.08 0.15 1.0 0.6935483870967744 0.846774193548387 17.86 1.26 
1 0.09699169411326156 0.0746337112309724 -0.0 0.0 1.0 1.0 1.0 0.05 0.01 
0 0.5858113340839818 0.313446727839575 -0.06 0.02 1.0 0.940340909090909 0.970170454545455 23.7 0.15 
1 0.9277980308365658 1.27664305854078 0.26 0.8 0.7871396895787139 0.7871396895787139 0.787139689578714 1253.58 1.13 
0 0.08256493803586597 0.147126241341091 0.0 0.0 1.0 0.8870967741935483 0.943548387096774 0.2 0.08 
1 0.05839899951927197 0.0572755995239375 -0.0 0.0 1.0 0.9972972972972972 0.998648648648649 0.03 0.0 
0 0.6829081047004717 0.674593273557574 0.02 0.57 1.0 0.8076923076923077 0.903846153846154 22.62 0.16 
1 0.022727473318271005 0.0113637366591355 -0.0 -0.0 1.0 1.0 1.0 0.0 0.0 
0 0.666278442414676 0.333139221207338 0.25 0.67 1.0 0.6153846153846154 0.807692307692308 26.0 1.41 
1 0.09503011725564632 0.0475150586278232 0.0 -0.0 1.0 1.0 1.0 0.0 0.0 
0 0.3525425103487513 0.176271255174376 -0.08 0.15 1.0 0.6935483870967744 0.846774193548387 17.86 1.21 
1 0.02133050528737909 0.0106652526436895 0.1 0.1 0.980392156862745 0.980392156862745 0.980392156862745 459.0 0.82 
0 0.6171448282578021 0.308572414128901 -0.01 0.0 1.0 0.9886363636363636 0.994318181818182 0.88 0.07 
1 -0.0 0.0 -0.0 -0.0 1.0 0.9958677685950412 0.997933884297521 0.0 0.0 
0 0.03578922484588708 0.0178946124229435 -0.0 -0.0 1.0 1.0 1.0 0.0 0.0 
1 0.6822056867479602 0.602052179998817 0.05 0.2 0.9222462203023758 0.9546436285097192 0.938444924406048 472.98 0.93 
0 0.9556998911125344 0.477849945556267 -0.0 0.0 1.0 1.0 1.0 0.0 0.0 
1 0.05602246986522343 0.0541490991069533 0.0 0.0 1.0 1.0 1.0 0.02 0.0 
0 1.4218883985555886 0.710944199277794 0.02 0.03 0.9951807228915664 0.9951807228915664 0.995180722891566 415.0 0.06 
1 0.7865364435085352 0.401480572353747 0.08 0.13 0.9728506787330315 0.9728506787330315 0.972850678733032 442.51 0.33 
0 0.35354577145803917 0.184856306377548 -0.0 0.0 0.9498861047835992 0.9977220956719816 0.97380410022779 0.36 0.02 
1 0.08958725315521794 0.0728697263419105 -0.0 0.0 1.0 0.9972972972972972 0.998648648648649 0.06 0.01 
0 0.6829081047004717 0.640588846642864 -0.03 0.2 1.0 1.0 1.0 2.1 0.55 
1 1.6284102630552857 1.62546092371276 -0.02 0.51 0.7700348432055749 0.9895470383275262 0.879790940766551 325.24 0.19 
0 0.629696481674345 0.323126720552988 -0.0 0.0 1.0 1.0 1.0 0.34 0.02 
1 -0.0 0.0 0.11 0.46 0.5384615384615384 0.6153846153846154 0.576923076923077 18.96 1.68 
0 -0.0 0.0 0.33 0.55 0.6774193548387096 0.6935483870967744 0.685483870967742 57.53 2.49 
1 -0.0 0.0 0.0 0.0 1.0 1.0 1.0 0.0 0.0 
0 0.3563409206018685 0.178170460300934 -0.01 0.26 0.8064516129032256 0.9838709677419354 0.895161290322581 38.27 1.89 
1 -0.0 0.0 0.33 0.55 0.6774193548387096 0.6935483870967744 0.685483870967742 57.53 2.39 
0 0.01718147225922012 0.00859073612961006 0.36 0.43 0.837448559670782 0.839506172839506 0.838477366255144 478.67 2.42 
1 0.1725612331626618 0.0862806165813309 -0.07 0.05 0.4568421052631578 0.9578947368421052 0.707368421052632 33.9 0.06 
0 0.01944773452386289 0.600518988843425 0.02 0.15 0.7624190064794816 0.9913606911447084 0.876889848812095 150.91 0.44 
1 0.6846162778013049 0.342308138900652 0.15 0.36 0.8846153846153846 0.8846153846153846 0.884615384615385 26.0 0.82 
0 -0.0 0.0 0.0 0.0 1.0 0.9677419354838708 0.983870967741935 0.0 0.0 
1 -0.0 0.0 0.12 0.12 0.9568034557235422 0.9676025917926566 0.962203023758099 343.37 1.04 
0 -0.0 0.0 -0.0 -0.0 1.0 0.9931972789115646 0.996598639455782 0.0 0.0 
1 0.01652368182171168 0.00826184091085584 0.08 0.08 0.9838709677419354 0.9838709677419354 0.983870967741935 434.0 0.72 
0 0.050998061989367516 0.0254990309946838 -0.0 0.0 1.0 0.07611548556430446 0.538057742782152 0.25 0.0 
1 0.09908391604753189 0.0495419580237659 0.04 0.04 0.9850746268656718 0.9914712153518124 0.988272921108742 266.27 0.37 
0 0.07915888226942422 0.0476628617832401 -0.0 0.0 0.9749430523917996 0.9977220956719816 0.986332574031891 0.08 0.01 
1 0.8156295932307395 0.74694740234885 0.07 0.48 0.7484662576687117 0.8558282208588956 0.802147239263804 285.8 0.83 
0 0.40067165339847227 0.200335826699236 -0.04 0.01 0.9346590909090908 0.9914772727272728 0.963068181818182 2.38 0.16 
1 -0.0 0.0 0.39 0.62 0.6935483870967744 0.6935483870967744 0.693548387096774 62.0 2.6 
0 0.34883209584303193 0.174416047921516 -0.04 0.01 1.0 0.8888888888888888 0.944444444444444 0.14 0.29 
1 0.0251440699125892 0.0125720349562946 0.53 0.63 0.6761658031088082 0.6761658031088082 0.676165803108808 386.0 2.33 
0 0.3759341462226489 0.361895274987177 0.05 0.18 1.0 0.8581560283687942 0.929078014184397 145.19 1.03 
1 -0.0 0.0 0.33 0.55 0.6774193548387096 0.6935483870967744 0.685483870967742 57.53 2.49 
0 1.3523028118749807 0.67615140593749 -0.01 0.0 0.9959183673469388 0.9979591836734693 0.996938775510204 1.17 0.02 
1 0.0947607483566568 0.0769695270739669 0.09 0.1 0.9806866952789698 0.982832618025751 0.981759656652361 445.71 0.81 
0 0.5456891633476865 0.272844581673843 -0.0 0.08 0.8870967741935483 0.919354838709677 0.903225806451613 14.89 0.93 
1 0.016424701198958662 0.00821235059947933 0.12 0.12 0.9728506787330315 0.9728506787330315 0.972850678733032 442.0 1.0 
0 0.6730116670092564 0.541563992648833 -0.11 0.14 1.0 0.7142857142857143 0.857142857142857 1.56 0.7 
1 0.4811067080592432 0.300596867788392 0.04 0.05 0.9954853273137698 0.9954853273137698 0.99548532731377 895.47 0.16 
0 0.015244213031655377 0.00762210651582769 -0.0 -0.0 1.0 1.0 1.0 0.0 0.0 
1 -0.0 0.0 0.3 0.5 0.8008658008658008 0.8008658008658008 0.800865800865801 462.0 2.56 
0 0.821654712766377 0.410827356383189 -0.0 0.0 1.0 0.9917864476386036 0.995893223819302 0.0 0.0 
1 0.5297061990576545 0.439269147450343 -0.1 0.03 1.0 1.0 1.0 0.32 0.45 
0 0.15088114794823437 0.0754405739741172 -0.01 0.02 0.5704845814977972 0.9779735682819384 0.774229074889868 13.58 0.23 
1 -0.0 0.0 0.0 0.0 1.0 1.0 1.0 0.0 0.0 
0 -0.0 0.0 -0.06 0.16 0.6774193548387096 0.7580645161290323 0.717741935483871 20.64 1.57 
1 0.3742549310896416 0.187127465544821 -0.03 0.02 0.7660668380462725 0.9974293059125964 0.881748071979434 15.62 0.69 
0 0.6791932659915256 0.491914681670382 -0.2 0.13 0.42307692307692313 0.9230769230769232 0.673076923076923 5.94 0.02 
1 -0.0 0.0 0.0 0.0 1.0 1.0 1.0 0.0 0.0 
0 0.08256493803586597 0.041282469017933 0.0 0.0 1.0 0.9677419354838708 0.983870967741935 0.03 0.02 
1 0.5235346720440665 0.340972621087929 0.32 0.39 0.8666666666666668 0.9 0.883333333333333 30.0 1.75 
0 0.9743147528693494 0.487157376434675 0.0 0.0 1.0 1.0 1.0 0.0 0.0 
1 0.030372534777978206 0.0228364363705995 -0.0 0.0 0.9894067796610168 0.9978813559322034 0.99364406779661 0.04 0.0 
0 0.7453785846192588 0.372689292309629 0.02 0.08 0.7270788912579956 0.9402985074626864 0.833688699360341 79.33 0.35 
1 0.04915006684960595 0.024575033424803 0.0 0.01 0.868995633187773 0.9956331877729256 0.932314410480349 13.32 0.14 
0 0.38412048178648794 0.202125910109634 -0.05 0.01 0.6263498920086392 0.7321814254859611 0.6792656587473 8.92 0.01 
1 0.01475818629482802 0.00737909314741401 0.01 0.01 1.0 0.9979466119096508 0.998973305954825 487.0 0.19 
0 0.32967376365612366 0.251900712954619 -0.06 0.03 0.6930022573363432 0.9751693002257336 0.834085778781038 64.22 0.09 
1 0.07093518297335139 0.0616054556610173 0.0 0.0 1.0 1.0 1.0 0.03 0.0 
0 0.5982695885852573 0.83863089823142 0.31 0.6 1.0 1.0 1.0 7.0 0.69 
1 -0.0 0.0 0.31 0.55 0.7580645161290323 0.7580645161290323 0.758064516129032 62.0 2.49 
0 0.6730116670092564 0.336505833504628 -0.1 0.09 0.846153846153846 0.9615384615384615 0.903846153846154 3.47 0.45 
1 0.8547011249697178 0.427350562484859 -0.02 0.0 0.9795918367346939 0.982142857142857 0.980867346938775 1.6 0.02 
0 0.3615394778944647 0.180769738947232 -0.01 0.0 1.0 0.9838709677419354 0.991935483870968 0.11 0.05 
1 0.0707680768797802 0.351225226630238 -0.0 0.0 1.0 0.997695852534562 0.998847926267281 3.17 0.0 
0 0.9012262508973272 0.450613125448664 -0.19 0.17 0.33333333333333326 0.8666666666666668 0.6 7.5 0.42 
1 -0.0 0.0 -0.0 -0.0 1.0 1.0 1.0 0.0 0.0 
0 1.5706088898972186 0.792884867527687 -0.0 0.0 1.0 0.5508474576271186 0.775423728813559 1.23 0.01 
1 0.030372534777978206 0.0658985378330168 -0.0 0.0 0.972457627118644 0.9978813559322034 0.985169491525424 0.13 0.01 
0 0.9556998911125344 0.682908104700472 0.13 0.41 1.0 1.0 1.0 7.0 1.17 
1 -0.0 0.0 0.0 0.0 1.0 1.0 1.0 0.0 0.0 
0 0.7453785846192588 0.372689292309629 0.0 -0.0 1.0 0.7270788912579956 0.863539445628998 0.0 0.0 
1 0.8127245415610106 0.428086422879458 0.41 0.59 0.3391521197007481 0.3640897755610973 0.351620947630923 772.17 0.33 
0 -0.0 0.0 0.0 -0.0 1.0 0.886153846153846 0.943076923076923 0.0 0.0 
1 0.20297324940653716 0.101486624703269 0.0 -0.0 1.0 1.0 1.0 0.0 0.0 
0 -0.0 0.0 0.0 -0.0 1.0 0.5555555555555555 0.777777777777778 0.0 0.0 
1 0.16245281571443987 0.14550577947865 -0.01 0.02 0.916083916083916 0.9976689976689976 0.956876456876457 46.4 0.05 
0 0.024901715029831017 0.0124508575149155 0.02 0.05 0.5628997867803837 0.9402985074626864 0.751599147121535 38.35 0.49 
1 0.0740225961475812 0.128824279468757 0.41 0.69 0.5590551181102362 0.5748031496062993 0.566929133858268 381.05 2.38 
0 -0.0 0.0 0.04 0.15 0.3076923076923077 0.8846153846153846 0.596153846153846 7.63 0.63 
1 0.08958725315521794 0.0709314907519506 0.0 0.0 1.0 1.0 1.0 0.04 0.01 
0 0.09187703676356046 0.0459385183817802 0.06 0.07 0.981859410430839 0.984126984126984 0.982993197278912 384.99 0.68 
1 0.08807751896196665 0.451853556096353 -0.01 0.04 0.7484662576687117 0.9846625766871167 0.866564417177914 30.7 0.2 
0 -0.0 0.0 0.0 0.0 1.0 1.0 1.0 0.0 0.0 
1 -0.0 0.0 0.06 0.41 0.8571428571428571 0.8571428571428571 0.857142857142857 7.0 2.49 
0 -0.0 0.0 0.0 -0.0 1.0 0.5555555555555555 0.777777777777778 0.0 0.0 
1 -0.0 0.0 0.0 0.0 1.0 0.982142857142857 0.991071428571429 0.0 0.0 
0 0.24605944064634394 0.123029720323172 -0.0 0.0 1.0 0.9973753280839898 0.998687664041995 0.06 0.01 
1 0.5235346720440665 0.340972621087929 0.32 0.39 0.8666666666666668 0.9 0.883333333333333 30.0 1.75 
0 1.351783994289646 0.675891997144823 -0.11 0.6 1.0 0.28571428571428564 0.642857142857143 7.0 0.01 
1 0.06894930739780505 0.15777508018186 0.26 0.3 0.9182389937106918 0.9266247379454928 0.922431865828092 1350.0 2.0 
0 0.3724807184521906 0.186240359226095 -0.02 0.29 0.6935483870967744 0.919354838709677 0.806451612903226 33.68 1.92 
