1 -0.0 0.0 -0.0 -0.0 1.0 0.9936034115138594 0.99680170575693 0.0 0.0 
0 0.023546567098459075 0.0680498181315773 -0.0 0.0 1.0 1.0 1.0 0.02 0.0 
1 -0.0 0.0 -0.0 -0.0 1.0 1.0 1.0 0.0 0.0 
0 -0.0 0.0 0.04 0.1 0.6935483870967744 0.919354838709677 0.806451612903226 12.31 1.0 
1 0.09503011725564632 0.189490815924107 0.0 0.0 1.0 1.0 1.0 0.06 0.04 
0 -0.0 0.0 -0.0 -0.0 1.0 0.988479262672811 0.994239631336405 0.0 0.0 
1 0.666278442414676 0.666278442414676 0.25 0.67 1.0 1.0 1.0 26.0 0.9 
0 0.023266578733959636 0.75260965234406 -0.0 0.01 0.8641114982578396 0.9965156794425089 0.930313588850174 12.81 0.06 
1 0.08958725315521794 0.0709314907519506 0.0 0.0 1.0 1.0 1.0 0.04 0.01 
0 0.08446800922974265 0.0764712280093386 -0.0 0.0 1.0 0.9872068230277184 0.993603411513859 0.14 0.01 
1 0.6601647680850746 0.591011175434611 0.13 0.3 0.8594470046082949 0.919354838709677 0.889400921658986 970.62 1.21 
0 -0.0 0.0 -0.0 -0.0 1.0 1.0 1.0 0.0 0.0 
1 0.7865364435085352 0.401480572353747 0.08 0.13 0.9728506787330315 0.9728506787330315 0.972850678733032 442.51 0.33 
0 -0.0 0.0 0.0 0.0 1.0 1.0 1.0 0.0 0.0 
1 0.6822056867479602 0.602052179998817 0.05 0.2 0.9222462203023758 0.9546436285097192 0.938444924406048 472.98 0.93 
0 0.6171448282578021 0.318488492012046 0.01 0.04 1.0 0.9801136363636364 0.990056818181818 91.92 0.25 
1 -0.0 0.0 -0.0 -0.0 1.0 0.9958677685950412 0.997933884297521 0.0 0.0 
0 0.5778767168872913 0.288938358443646 -0.01 0.03 0.3986928104575164 0.943355119825708 0.671023965141612 18.27 0.2 
1 -0.0 0.0 0.12 0.12 0.9568034557235422 0.9676025917926566 0.962203023758099 343.37 1.04 
0 -0.0 0.0 0.19 0.69 0.5555555555555555 0.5555555555555555 0.555555555555556 9.0 2.08 
1 0.017626642729371575 0.00881332136468579 0.18 0.25 0.9252336448598132 0.9275700934579442 0.926401869158878 413.58 1.81 
0 -0.0 0.0 -0.0 0.0 1.0 0.625 0.8125 0.0 0.0 
1 0.8547011249697178 0.427350562484859 -0.02 0.0 0.9795918367346939 0.982142857142857 0.980867346938775 1.6 0.02 
0 0.9556998911125344 0.477849945556267 -0.2 0.2 1.0 0.28571428571428564 0.642857142857143 2.1 0.35 
1 -0.0 0.0 0.39 0.62 0.6935483870967744 0.6935483870967744 0.693548387096774 62.0 2.6 
0 1.0040272524081315 0.502013626204066 0.0 -0.0 1.0 0.7535211267605633 0.876760563380282 0.0 0.0 
1 0.052275728348683194 0.0522757283486832 -0.0 0.0 1.0 1.0 1.0 0.02 0.0 
0 0.6730116670092564 0.336505833504628 -0.2 0.33 0.28571428571428564 0.7142857142857143 0.5 3.73 0.53 
1 -0.0 0.0 0.33 0.55 0.6774193548387096 0.6935483870967744 0.685483870967742 57.53 2.39 
0 -0.0 0.0 0.0 0.0 1.0 1.0 1.0 0.0 0.0 
1 -0.0 0.0 -0.0 -0.0 1.0 1.0 1.0 0.0 0.0 
0 0.6822056867479602 0.529526835383479 0.02 0.15 0.900647948164147 0.9546436285097192 0.927645788336933 332.73 0.76 
1 0.030372534777978206 0.0658985378330168 -0.0 0.0 0.972457627118644 0.9978813559322034 0.985169491525424 0.13 0.01 
0 0.3563409206018685 0.178170460300934 -0.1 0.15 0.6935483870967744 0.9838709677419354 0.838709677419355 18.09 1.14 
1 -0.0 0.0 -0.0 0.0 1.0 0.7580645161290323 0.879032258064516 0.0 0.0 
0 0.8547011249697178 0.525292772763173 0.01 0.04 0.9795918367346939 0.9948979591836736 0.987244897959184 258.53 0.04 
1 0.09908391604753189 0.0495419580237659 0.04 0.04 0.9850746268656718 0.9914712153518124 0.988272921108742 266.27 0.37 
0 0.16115723804813434 0.136494969800742 -0.05 0.02 0.7928730512249444 0.8819599109131404 0.837416481069042 13.78 0.46 
1 0.8156295932307395 0.487087993037894 -0.0 0.08 0.7484662576687117 0.9785276073619632 0.863496932515337 53.37 0.31 
0 -0.0 0.0 -0.0 -0.0 1.0 1.0 1.0 0.0 0.0 
1 -0.0 0.0 -0.06 0.16 0.6774193548387096 0.7580645161290323 0.717741935483871 20.64 1.46 
0 0.2365703607236565 0.624200494603218 -0.04 0.01 0.9976525821596244 0.9976525821596244 0.997652582159624 4.36 0.11 
1 0.08958725315521794 0.073993126337245 0.0 0.0 1.0 1.0 1.0 0.04 0.01 
0 0.7537388965283442 0.376869448264172 -0.03 0.01 0.9812206572769951 0.9976525821596244 0.98943661971831 8.77 0.07 
1 0.06894930739780505 0.15777508018186 0.26 0.3 0.9182389937106918 0.9266247379454928 0.922431865828092 1350.0 2.0 
0 0.7065442778104265 0.361036801316426 -0.07 0.03 1.0 0.9663157894736842 0.983157894736842 18.47 0.03 
1 -0.0 0.0 0.31 0.55 0.7580645161290323 0.7580645161290323 0.758064516129032 62.0 2.49 
0 0.40067165339847227 0.381033117471973 -0.02 0.09 0.9602272727272728 0.9914772727272728 0.975852272727273 423.03 0.35 
1 0.0707680768797802 0.351225226630238 -0.0 0.0 1.0 0.997695852534562 0.998847926267281 3.17 0.0 
0 0.09650896073594732 0.0482544803679737 -0.12 0.15 0.6935483870967744 0.8225806451612901 0.758064516129032 19.58 1.52 
1 0.16245281571443987 0.14550577947865 -0.01 0.02 0.916083916083916 0.9976689976689976 0.956876456876457 46.4 0.05 
0 0.3941117760992487 0.275270181645014 0.04 0.21 0.9078014184397164 0.9113475177304966 0.909574468085106 244.22 1.29 
1 0.0947607483566568 0.232756230915289 0.02 0.03 0.9678111587982832 0.9806866952789698 0.974248927038627 84.69 0.27 
0 0.6127954659992856 0.320286912085957 0.0 0.01 1.0 0.9893390191897654 0.994669509594883 7.02 0.0 
1 0.6846162778013049 0.342308138900652 0.15 0.36 0.8846153846153846 0.8846153846153846 0.884615384615385 26.0 0.82 
0 -0.0 0.0 -0.0 0.0 0.9863325740318906 0.9954441913439636 0.990888382687927 0.03 0.0 
1 0.1725612331626618 0.0862806165813309 -0.07 0.05 0.4568421052631578 0.9578947368421052 0.707368421052632 33.9 0.06 
0 0.0 0.0 0.0 0.0 0.0 0.0 0.0 0.0 0.0 
1 -0.0 0.0 0.0 0.0 1.0 1.0 1.0 0.0 0.0 
0 0.016556959431630658 0.0667313435820143 -0.0 0.0 1.0 1.0 1.0 0.02 0.0 
1 0.6895519477750732 0.344775973887537 0.0 -0.0 1.0 1.0 1.0 0.0 0.0 
0 0.6895519477750732 0.344775973887537 0.0 -0.0 1.0 1.0 1.0 0.0 0.0 
1 0.8720635602136072 0.444515665699525 -0.01 0.0 0.2385542168674699 0.9975903614457832 0.618072289156626 0.63 0.0 
0 0.05755265252972321 0.0287763262648616 0.0 -0.0 1.0 0.984126984126984 0.992063492063492 0.0 0.0 
1 -0.0 0.0 0.0 0.0 1.0 1.0 1.0 0.0 0.0 
0 0.7225997729979543 0.361299886498977 -0.0 0.0 0.9591836734693876 0.9977324263038548 0.978458049886621 1.49 0.01 
1 -0.0 0.0 0.0 0.0 1.0 1.0 1.0 0.0 0.0 
0 0.019832155766290046 0.00991607788314502 0.0 0.01 0.9346590909090908 0.9801136363636364 0.957386363636364 15.48 0.24 
1 1.7983316181241153 0.899165809062058 0.0 -0.0 1.0 0.9628099173553722 0.981404958677686 0.0 0.0 
0 0.8216879017449253 0.927892547789601 0.04 0.43 0.6774193548387096 0.9815668202764976 0.829493087557604 510.23 0.65 
1 0.042617471413436414 0.0310799043211172 0.0 0.01 0.837708830548926 0.9928400954653938 0.91527446300716 10.42 0.09 
0 0.6071082391575967 0.315327403128028 -0.12 0.01 0.6423690205011389 0.8200455580865603 0.73120728929385 8.27 0.04 
1 0.02133050528737909 0.0106652526436895 0.1 0.1 0.980392156862745 0.980392156862745 0.980392156862745 459.0 0.82 
0 -0.0 0.0 -0.0 -0.0 1.0 1.0 1.0 0.0 0.0 
1 -0.0 0.0 0.33 0.55 0.6774193548387096 0.6935483870967744 0.685483870967742 57.53 2.59 
0 0.05662157828350273 0.0283107891417514 -0.0 0.0 0.9932885906040269 0.9966442953020132 0.99496644295302 0.02 0.0 
1 0.0251440699125892 0.0125720349562946 0.53 0.63 0.6761658031088082 0.6761658031088082 0.676165803108808 386.0 2.33 
0 0.10314030075388984 0.0515701503769449 -0.0 0.0 1.0 0.9936034115138594 0.99680170575693 0.07 0.01 
1 0.5297061990576545 0.439269147450343 -0.1 0.03 1.0 1.0 1.0 0.32 0.45 
0 0.03555142101850777 0.0177757105092539 0.0 -0.0 1.0 0.8894601542416452 0.944730077120823 0.0 0.0 
1 0.7865364435085352 0.393268221754268 0.09 0.12 0.9728506787330315 0.9728506787330315 0.972850678733032 442.0 0.36 
0 0.4319626568589969 0.365719820364214 0.05 0.07 0.9914712153518124 0.9957356076759059 0.993603411513859 267.41 0.53 
1 0.5235346720440665 0.340972621087929 0.32 0.39 0.8666666666666668 0.9 0.883333333333333 30.0 1.75 
0 0.016326979454093383 0.00816348972704669 0.06 0.07 0.981859410430839 0.984126984126984 0.982993197278912 384.99 0.77 
1 0.07093518297335139 0.0616054556610173 0.0 0.0 1.0 1.0 1.0 0.03 0.0 
0 0.09962338946616205 0.049811694733081 -0.12 0.1 0.6774193548387096 0.7903225806451613 0.733870967741935 13.1 1.23 
1 0.7244657079537894 0.362232853976895 0.0 -0.0 1.0 0.3264462809917356 0.663223140495868 0.0 0.0 
0 0.6730116670092564 0.541563992648833 -0.11 0.14 1.0 0.7142857142857143 0.857142857142857 1.56 0.7 
1 -0.0 0.0 0.3 0.5 0.8008658008658008 0.8008658008658008 0.800865800865801 462.0 2.56 
0 0.13339348333086204 0.066696741665431 -0.0 -0.0 1.0 0.9954648526077096 0.997732426303855 0.0 0.0 
1 -0.0 0.0 0.37 0.44 0.16 0.16 0.16 25.0 0.2 
0 0.8605892830185917 0.531781266212564 0.01 0.07 1.0 0.9765807962529272 0.988290398126464 75.06 0.7 
1 -0.0 0.0 0.0 0.0 1.0 1.0 1.0 0.0 0.0 
0 0.45110710723001 0.374752635714665 0.03 0.06 1.0 1.0 1.0 76.72 0.82 
1 0.08807751896196665 0.451853556096353 -0.01 0.04 0.7484662576687117 0.9846625766871167 0.866564417177914 30.7 0.2 
0 0.5858113340839818 0.574385508426645 0.19 0.41 1.0 1.0 1.0 610.01 2.21 
1 0.01475818629482802 0.00737909314741401 0.01 0.01 1.0 0.9979466119096508 0.998973305954825 487.0 0.19 
0 0.0 0.0 0.0 0.0 0.0 0.0 0.0 0.0 0.0 
1 0.4811067080592432 0.300596867788392 0.04 0.05 0.9954853273137698 0.9954853273137698 0.99548532731377 895.47 0.16 
0 -0.0 0.0 0.0 0.0 1.0 0.9166666666666664 0.958333333333333 0.0 0.0 
1 0.20297324940653716 0.101486624703269 0.0 -0.0 1.0 1.0 1.0 0.0 0.0 
0 0.08962131424171335 0.351208390120499 -0.03 0.03 1.0 0.7206823027718549 0.860341151385927 25.36 0.48 
1 0.0740225961475812 0.128824279468757 0.41 0.69 0.5590551181102362 0.5748031496062993 0.566929133858268 381.05 2.38 
0 0.06957694070479191 0.0428718910009239 -0.0 0.0 0.9726651480637812 0.9977220956719816 0.985193621867882 0.08 0.01 
1 0.3269547847215813 0.163477392360791 -0.01 0.01 0.9481865284974093 0.9870466321243522 0.967616580310881 3.79 0.05 
0 -0.0 0.0 0.0 -0.0 1.0 0.959731543624161 0.97986577181208 0.0 0.0 
1 -0.0 0.0 -0.0 0.0 1.0 0.6153846153846154 0.807692307692308 0.0 0.0 
0 0.8605109656798593 0.753906785614283 -0.06 0.16 0.6825053995680346 0.9287257019438444 0.805615550755939 419.67 0.25 
1 0.022727473318271005 0.022727473318271 -0.0 0.0 1.0 1.0 1.0 0.0 0.0 
0 0.4215509456846521 0.210775472842326 -0.01 0.0 0.9346590909090908 0.9829545454545452 0.958806818181818 1.15 0.08 
1 -0.0 0.0 0.33 0.55 0.6774193548387096 0.6935483870967744 0.685483870967742 57.53 2.49 
0 0.3724807184521906 0.328014305711613 0.01 0.25 0.919354838709677 0.9838709677419354 0.951612903225806 54.22 1.52 
1 0.8127245415610106 0.428086422879458 0.41 0.59 0.3391521197007481 0.3640897755610973 0.351620947630923 772.17 0.33 
0 0.8519175190106516 1.01530615419015 0.21 0.6 0.9138461538461538 0.9138461538461538 0.913846153846154 834.47 0.66 
1 0.05839899951927197 0.0572755995239375 -0.0 0.0 1.0 0.9972972972972972 0.998648648648649 0.03 0.0 
0 0.5858113340839818 0.542517066027033 -0.01 0.3 1.0 0.877840909090909 0.938920454545455 247.86 1.59 
1 -0.0 0.0 0.0 0.0 1.0 1.0 1.0 0.0 0.0 
0 0.7569085521415507 0.378454276070775 -0.0 0.0 1.0 1.0 1.0 0.0 0.0 
1 0.09503011725564632 0.0475150586278232 0.0 -0.0 1.0 1.0 1.0 0.0 0.0 
0 0.01607235879964646 0.00803617939982323 -0.0 0.0 1.0 0.984126984126984 0.992063492063492 0.02 0.0 
1 0.08958725315521794 0.0728697263419105 -0.0 0.0 1.0 0.9972972972972972 0.998648648648649 0.06 0.01 
0 0.6829081047004717 0.341454052350236 -0.1 0.33 1.0 0.28571428571428564 0.642857142857143 3.73 0.55 
1 -0.0 0.0 0.11 0.46 0.5384615384615384 0.6153846153846154 0.576923076923077 18.96 1.68 
0 -0.0 0.0 0.0 0.0 1.0 0.375 0.6875 0.0 0.0 
1 0.016424701198958662 0.00821235059947933 0.12 0.12 0.9728506787330315 0.9728506787330315 0.972850678733032 442.0 1.0 
0 0.25095480435761963 0.12547740217881 -0.03 0.01 0.9346590909090908 0.9886363636363636 0.961647727272727 2.13 0.14 
1 0.01652368182171168 0.00826184091085584 0.08 0.08 0.9838709677419354 0.9838709677419354 0.983870967741935 434.0 0.72 
0 0.1520053108362029 0.0760026554181015 -0.06 0.08 0.7580645161290323 0.919354838709677 0.838709677419355 10.85 1.03 
1 0.10434878616952079 0.0521743930847604 0.01 0.01 0.9979591836734693 0.9979591836734693 0.997959183673469 490.0 0.11 
0 0.6171448282578021 0.308572414128901 -0.05 0.01 1.0 0.9573863636363636 0.978693181818182 3.42 0.18 
1 0.6171448282578021 0.308572414128901 -0.01 0.0 1.0 0.9886363636363636 0.994318181818182 0.88 0.06 
0 0.08256493803586597 0.041282469017933 0.0 0.0 1.0 0.7580645161290323 0.879032258064516 0.32 0.1 
1 0.04131357294242817 0.0206567864712141 0.29 0.33 0.886153846153846 0.8892307692307693 0.887692307692308 315.12 2.04 
0 0.10434878616952079 0.0521743930847604 0.01 0.01 0.9979591836734693 0.9979591836734693 0.997959183673469 490.0 0.13 
1 -0.0 0.0 0.0 0.0 1.0 1.0 1.0 0.0 0.0 
0 0.4514062119967289 0.234652068586726 0.0 0.01 1.0 0.9922879177377892 0.996143958868895 6.5 0.08 
1 -0.0 0.0 0.07 0.08 0.9854771784232365 0.9854771784232365 0.985477178423237 482.0 0.65 
0 -0.0 0.0 0.31 0.55 0.7580645161290323 0.7580645161290323 0.758064516129032 62.0 2.68 
1 0.0947607483566568 0.0769695270739669 0.09 0.1 0.9806866952789698 0.982832618025751 0.981759656652361 445.71 0.81 
0 0.050998061989367516 0.673762987888396 -0.0 0.01 1.0 0.5223097112860893 0.761154855643045 3.31 0.02 
1 0.04915006684960595 0.024575033424803 0.0 0.01 0.868995633187773 0.9956331877729256 0.932314410480349 13.32 0.14 
0 0.0 0.0 0.0 0.0 0.0 0.0 0.0 0.0 0.0 
1 -0.0 0.0 0.19 0.69 0.5555555555555555 0.5555555555555555 0.555555555555556 9.0 1.98 
0 0.3912841618051373 0.195642080902569 0.0 -0.0 1.0 0.9976580796252928 0.998829039812646 0.0 0.0 
1 0.020830638321723566 0.0104153191608618 0.04 0.04 0.9850746268656718 0.9914712153518124 0.988272921108742 266.27 0.43 
0 0.34883209584303193 0.174416047921516 -0.04 0.01 1.0 0.8888888888888888 0.944444444444444 0.14 0.33 
1 0.05602246986522343 0.0541490991069533 0.0 0.0 1.0 1.0 1.0 0.02 0.0 
0 0.057146758033893234 0.0285733790169466 -0.0 -0.0 1.0 0.9782082324455202 0.98910411622276 0.0 0.0 
1 0.6171448282578021 0.580437337832493 0.03 0.32 1.0 0.8835227272727273 0.941761363636364 378.52 1.7 
0 0.1420022315650651 0.698180115286818 -0.1 0.13 0.7730496453900709 0.918439716312057 0.845744680851064 81.3 0.29 
1 -0.0 0.0 -0.1 0.14 0.6774193548387096 0.8064516129032256 0.741935483870968 17.76 1.34 
0 0.24660085296591405 0.123300426482957 0.09 0.13 0.7924528301886794 0.9266247379454928 0.859538784067086 146.56 0.96 
1 0.05602246986522343 0.0448156896337921 0.0 0.0 1.0 1.0 1.0 0.02 0.0 
0 0.5456891633476865 0.272844581673843 0.03 0.34 0.6774193548387096 0.8870967741935483 0.782258064516129 38.05 2.05 
1 1.6284102630552857 1.62546092371276 -0.02 0.51 0.7700348432055749 0.9895470383275262 0.879790940766551 325.24 0.19 
0 -0.0 0.0 -0.04 0.03 0.7580645161290323 0.919354838709677 0.838709677419355 3.8 0.54 
1 -0.0 0.0 -0.06 0.16 0.6774193548387096 0.7580645161290323 0.717741935483871 20.64 1.46 
0 0.6688445335327875 0.38878979806347 -0.01 0.01 1.0 0.9729119638826184 0.986455981941309 10.28 0.15 
1 0.09699169411326156 0.0746337112309724 -0.0 0.0 1.0 1.0 1.0 0.05 0.01 
0 0.08374922647357731 0.0965019133050073 -0.01 0.01 1.0 0.5721784776902888 0.786089238845144 6.18 0.1 
1 -0.0 0.0 0.39 0.62 0.6935483870967744 0.6935483870967744 0.693548387096774 62.0 2.6 
0 0.17449997006024281 0.0946290781775354 -0.0 0.0 1.0 0.9876796714579056 0.993839835728953 0.05 0.01 
1 0.056152199528602974 0.0560873346969132 -0.0 0.0 1.0 0.9972972972972972 0.998648648648649 0.03 0.0 
0 0.07647209071966711 0.0928633454280522 -0.01 0.0 1.0 0.5721784776902888 0.786089238845144 0.92 0.01 
1 -0.0 0.0 -0.0 -0.0 1.0 1.0 1.0 0.0 0.0 
0 -0.0 0.0 0.0 0.0 1.0 1.0 1.0 0.0 0.0 
1 -0.0 0.0 0.3 0.36 0.8846153846153846 0.8846153846153846 0.884615384615385 26.0 2.14 
0 0.1520053108362029 0.0760026554181015 0.02 0.14 0.6774193548387096 0.919354838709677 0.798387096774194 16.57 1.28 
1 0.9277980308365658 1.27664305854078 0.26 0.8 0.7871396895787139 0.7871396895787139 0.787139689578714 1253.58 1.13 
0 -0.0 0.0 0.04 0.1 0.6935483870967744 0.919354838709677 0.806451612903226 12.31 1.0 
1 0.022727473318271005 0.0113637366591355 -0.0 -0.0 1.0 1.0 1.0 0.0 0.0 
0 -0.0 0.0 -0.0 0.0 1.0 0.4285714285714285 0.714285714285714 0.0 0.0 
1 0.3742549310896416 0.187127465544821 -0.03 0.02 0.7660668380462725 0.9974293059125964 0.881748071979434 15.62 0.69 
0 0.6799529039485162 0.51390465385011 0.07 0.27 0.8581560283687942 0.99645390070922 0.927304964539007 211.51 1.18 
1 0.05839899951927197 0.0572107346922477 0.0 0.0 1.0 1.0 1.0 0.02 0.0 
0 -0.0 0.0 0.0 0.0 1.0 0.6 0.8 0.0 0.0 
1 0.5235346720440665 0.340972621087929 0.32 0.39 0.8666666666666668 0.9 0.883333333333333 30.0 1.75 
0 -0.0 0.0 0.0 0.0 1.0 1.0 1.0 0.0 0.0 
1 -0.0 0.0 0.0 0.0 1.0 0.982142857142857 0.991071428571429 0.0 0.0 
0 -0.0 0.0 -0.01 0.01 0.6774193548387096 0.9838709677419354 0.830645161290323 0.48 0.12 
1 0.08627855491407438 0.0975485355458968 0.0 0.02 0.7084337349397591 0.9927710843373492 0.850602409638554 81.26 0.09 
0 0.014654633616741741 0.00732731680837087 -0.0 -0.0 1.0 1.0 1.0 0.0 0.0 
1 0.43686973210547814 0.270464027731018 0.04 0.05 1.0 0.940936863543788 0.970468431771894 144.91 0.55 
0 0.20297324940653716 0.101486624703269 0.0 -0.0 1.0 1.0 1.0 0.0 0.0 
1 -0.0 0.0 0.47 0.64 0.33333333333333326 0.33333333333333326 0.333333333333333 30.0 0.94 
0 0.6171448282578021 0.308572414128901 -0.01 0.0 1.0 0.9886363636363636 0.994318181818182 0.88 0.07 
1 0.030372534777978206 0.0228364363705995 -0.0 0.0 0.9894067796610168 0.9978813559322034 0.99364406779661 0.04 0.0 
0 -0.0 0.0 -0.0 0.0 0.9829545454545452 0.9971590909090908 0.990056818181818 0.02 0.0 
1 -0.0 0.0 0.0 0.0 1.0 1.0 1.0 0.0 0.0 
0 0.3525425103487513 0.176271255174376 -0.08 0.14 1.0 0.6774193548387096 0.838709677419355 16.57 1.2 
1 0.8156295932307395 0.74694740234885 0.07 0.48 0.7484662576687117 0.8558282208588956 0.802147239263804 285.8 0.83 
0 -0.0 0.0 0.0 0.0 1.0 0.125 0.5625 0.0 0.0 
1 -0.0 0.0 0.0 0.0 1.0 1.0 1.0 0.0 0.0 
0 -0.0 0.0 0.0 -0.0 1.0 0.981859410430839 0.99092970521542 0.0 0.0 
1 0.09165764788996307 0.0699766348366203 -0.0 0.0 1.0 0.9818181818181818 0.990909090909091 0.1 0.01 
0 0.020830638321723566 0.0104153191608618 -0.0 -0.0 1.0 0.9850746268656718 0.992537313432836 0.0 0.0 
1 -0.0 0.0 0.31 0.55 0.7580645161290323 0.7580645161290323 0.758064516129032 62.0 2.49 
0 0.05755265252972321 0.0287763262648616 -0.0 0.0 0.984126984126984 0.9977324263038548 0.990929705215419 0.03 0.0 
1 -0.0 0.0 0.06 0.41 0.8571428571428571 0.8571428571428571 0.857142857142857 7.0 2.49 
0 -0.0 0.0 -0.0 -0.0 1.0 0.9402985074626864 0.970149253731343 0.0 0.0 
