1 0.07093518297335139 0.0616054556610173 0.0 0.0 1.0 1.0 1.0 0.03 0.0 
0 0.36139458154547405 0.752887492789904 0.02 0.2 0.9602272727272728 0.9971590909090908 0.978693181818182 501.46 0.56 
1 -0.0 0.0 0.33 0.55 0.6774193548387096 0.6935483870967744 0.685483870967742 57.53 2.39 
0 0.6791932659915256 0.339596632995763 -0.11 0.25 0.3076923076923077 0.9230769230769232 0.615384615384615 9.9 0.09 
1 -0.0 0.0 0.33 0.55 0.6774193548387096 0.6935483870967744 0.685483870967742 57.53 2.49 
0 0.09650896073594732 0.271230691524743 -0.09 0.29 0.8225806451612901 0.919354838709677 0.870967741935484 49.01 1.82 
1 -0.0 0.0 0.31 0.55 0.7580645161290323 0.7580645161290323 0.758064516129032 62.0 2.49 
0 0.016897794165734926 0.0662581958790055 -0.0 0.0 1.0 0.97423887587822 0.98711943793911 0.27 0.02 
1 0.9277980308365658 1.27664305854078 0.26 0.8 0.7871396895787139 0.7871396895787139 0.787139689578714 1253.58 1.13 
0 0.08864403483661465 0.0443220174183073 -0.0 -0.0 1.0 0.9225352112676058 0.961267605633803 0.0 0.0 
1 0.0740225961475812 0.128824279468757 0.41 0.69 0.5590551181102362 0.5748031496062993 0.566929133858268 381.05 2.38 
0 1.0040272524081315 0.502013626204066 0.0 -0.0 1.0 0.7535211267605633 0.876760563380282 0.0 0.0 
1 -0.0 0.0 -0.0 0.0 1.0 0.7580645161290323 0.879032258064516 0.0 0.0 
0 -0.0 0.0 0.0 0.0 1.0 0.9166666666666664 0.958333333333333 0.0 0.0 
1 0.8127245415610106 0.428086422879458 0.41 0.59 0.3391521197007481 0.3640897755610973 0.351620947630923 772.17 0.33 
0 0.3724807184521906 0.362511614400471 0.04 0.35 1.0 0.919354838709677 0.959677419354839 62.0 1.7 
1 -0.0 0.0 0.0 0.0 1.0 1.0 1.0 0.0 0.0 
0 0.03946489920438848 0.0275409973169723 0.11 0.14 0.96 0.9642105263157896 0.962105263157895 423.15 1.15 
1 -0.0 0.0 -0.06 0.16 0.6774193548387096 0.7580645161290323 0.717741935483871 20.64 1.46 
0 0.0 0.0 0.0 0.0 0.0 0.0 0.0 0.0 0.0 
1 0.20297324940653716 0.101486624703269 0.0 -0.0 1.0 1.0 1.0 0.0 0.0 
0 -0.0 0.0 -0.0 -0.0 1.0 1.0 1.0 0.0 0.0 
1 -0.0 0.0 -0.1 0.14 0.6774193548387096 0.8064516129032256 0.741935483870968 17.76 1.34 
0 0.04087167241345335 0.53103992057715 -0.06 0.05 0.9164345403899722 0.927576601671309 0.922005571030641 22.8 0.44 
1 -0.0 0.0 0.0 0.0 1.0 1.0 1.0 0.0 0.0 
0 -0.0 0.0 -0.0 -0.0 1.0 1.0 1.0 0.0 0.0 
1 0.7244657079537894 0.362232853976895 0.0 -0.0 1.0 0.3264462809917356 0.663223140495868 0.0 0.0 
0 0.5982695885852573 0.83863089823142 0.04 0.33 1.0 1.0 1.0 3.73 0.76 
1 0.0947607483566568 0.232756230915289 0.02 0.03 0.9678111587982832 0.9806866952789698 0.974248927038627 84.69 0.27 
0 -0.0 0.0 0.0 0.0 1.0 1.0 1.0 0.0 0.0 
1 0.08958725315521794 0.0728697263419105 -0.0 0.0 1.0 0.9972972972972972 0.998648648648649 0.06 0.01 
0 0.4835521377786173 0.367708232658686 -0.1 0.06 0.6502590673575128 0.8445595854922278 0.74740932642487 38.22 0.03 
1 0.10434878616952079 0.0521743930847604 0.01 0.01 0.9979591836734693 0.9979591836734693 0.997959183673469 490.0 0.11 
0 1.3523028118749807 0.67615140593749 -0.01 0.0 0.9959183673469388 0.9979591836734693 0.996938775510204 1.17 0.02 
1 0.8156295932307395 0.74694740234885 0.07 0.48 0.7484662576687117 0.8558282208588956 0.802147239263804 285.8 0.83 
0 0.022083380117043378 0.0110416900585217 -0.0 0.0 0.981859410430839 0.9931972789115646 0.987528344671202 0.06 0.01 
1 0.05602246986522343 0.0541490991069533 0.0 0.0 1.0 1.0 1.0 0.02 0.0 
0 0.21168754464631545 0.105843772323158 -0.1 0.0 0.7580645161290323 0.8870967741935483 0.82258064516129 0.25 0.16 
1 -0.0 0.0 0.12 0.12 0.9568034557235422 0.9676025917926566 0.962203023758099 343.37 1.04 
0 0.6071082391575967 0.303554119578798 -0.12 0.01 0.6400911161731208 0.8200455580865603 0.730068337129841 7.81 0.04 
1 0.6895519477750732 0.344775973887537 0.0 -0.0 1.0 1.0 1.0 0.0 0.0 
0 0.09908391604753189 0.0495419580237659 -0.0 0.0 0.9850746268656718 0.9936034115138594 0.989339019189765 0.09 0.01 
1 -0.0 0.0 0.0 0.0 1.0 1.0 1.0 0.0 0.0 
0 0.4391877418106727 0.415235951807905 -0.02 0.01 1.0 0.9976580796252928 0.998829039812646 5.28 0.23 
1 -0.0 0.0 -0.0 -0.0 1.0 1.0 1.0 0.0 0.0 
0 0.744230088684321 0.37211504434216 0.0 -0.0 1.0 0.7505330490405117 0.875266524520256 0.0 0.0 
1 -0.0 0.0 0.11 0.46 0.5384615384615384 0.6153846153846154 0.576923076923077 18.96 1.68 
0 -0.0 0.0 -0.0 0.0 0.984126984126984 0.9977324263038548 0.990929705215419 0.02 0.0 
1 0.04915006684960595 0.024575033424803 0.0 0.01 0.868995633187773 0.9956331877729256 0.932314410480349 13.32 0.14 
0 1.0040272524081315 0.502013626204066 0.0 -0.0 1.0 0.7535211267605633 0.876760563380282 0.0 0.0 
1 -0.0 0.0 0.19 0.69 0.5555555555555555 0.5555555555555555 0.555555555555556 9.0 1.98 
0 0.7530888342556183 0.545102518101886 -0.06 0.15 0.5183585313174947 0.937365010799136 0.727861771058315 408.75 0.07 
1 0.0251440699125892 0.0125720349562946 0.53 0.63 0.6761658031088082 0.6761658031088082 0.676165803108808 386.0 2.33 
0 0.9428478132784428 0.489199617148475 -0.01 0.03 0.8826530612244897 0.9795918367346939 0.931122448979592 37.81 0.07 
1 0.08958725315521794 0.0709314907519506 0.0 0.0 1.0 1.0 1.0 0.04 0.01 
0 0.23311669835712875 0.124754343493 -0.05 0.01 0.7720090293453724 0.9729119638826184 0.872460496613995 7.71 0.15 
1 0.04131357294242817 0.0206567864712141 0.29 0.33 0.886153846153846 0.8892307692307693 0.887692307692308 315.12 2.04 
0 -0.0 0.0 0.39 0.62 0.6935483870967744 0.6935483870967744 0.693548387096774 62.0 2.6 
1 0.08807751896196665 0.451853556096353 -0.01 0.04 0.7484662576687117 0.9846625766871167 0.866564417177914 30.7 0.2 
0 0.5858113340839818 0.849724560014426 0.13 0.45 1.0 0.9943181818181815 0.997159090909091 732.09 1.67 
1 -0.0 0.0 0.07 0.08 0.9854771784232365 0.9854771784232365 0.985477178423237 482.0 0.65 
0 -0.0 0.0 -0.0 0.0 1.0 0.28571428571428564 0.642857142857143 0.0 0.0 
1 0.022727473318271005 0.022727473318271 -0.0 0.0 1.0 1.0 1.0 0.0 0.0 
0 -0.0 0.0 -0.0 -0.0 1.0 1.0 1.0 0.0 0.0 
1 0.0947607483566568 0.0769695270739669 0.09 0.1 0.9806866952789698 0.982832618025751 0.981759656652361 445.71 0.81 
0 0.6472565428776306 0.405645895262416 0.0 0.03 0.9959183673469388 0.9979591836734693 0.996938775510204 254.28 0.09 
1 0.016424701198958662 0.00821235059947933 0.12 0.12 0.9728506787330315 0.9728506787330315 0.972850678733032 442.0 1.0 
0 0.016657657714843028 0.0593828155820462 0.01 0.01 1.0 0.8905263157894738 0.945263157894737 47.67 0.12 
1 0.020830638321723566 0.0104153191608618 0.04 0.04 0.9850746268656718 0.9914712153518124 0.988272921108742 266.27 0.43 
0 0.38412048178648794 0.202125910109634 -0.05 0.01 0.6263498920086392 0.7321814254859611 0.6792656587473 8.92 0.01 
1 0.09699169411326156 0.0765719468209323 -0.0 0.0 1.0 0.9972972972972972 0.998648648648649 0.07 0.01 
0 -0.0 0.0 -0.0 0.0 1.0 0.6774193548387096 0.838709677419355 0.0 0.0 
1 0.09503011725564632 0.0475150586278232 0.0 -0.0 1.0 1.0 1.0 0.0 0.0 
0 0.13339348333086204 0.066696741665431 -0.0 -0.0 1.0 0.9954648526077096 0.997732426303855 0.0 0.0 
1 0.05839899951927197 0.0572107346922477 0.0 0.0 1.0 1.0 1.0 0.02 0.0 
0 0.580651755229746 0.369649818142503 -0.07 0.05 0.7908163265306124 0.9005102040816326 0.845663265306122 26.68 0.65 
1 0.042617471413436414 0.0310799043211172 0.0 0.01 0.837708830548926 0.9928400954653938 0.91527446300716 10.42 0.09 
0 0.36829683274766406 0.184148416373832 -0.11 0.19 0.7580645161290323 0.9354838709677415 0.846774193548387 24.98 1.33 
1 0.08958725315521794 0.073993126337245 0.0 0.0 1.0 1.0 1.0 0.04 0.01 
0 0.6171448282578021 0.414977921792775 0.02 0.1 1.0 0.9886363636363636 0.994318181818182 129.56 0.7 
1 -0.0 0.0 -0.06 0.16 0.6774193548387096 0.7580645161290323 0.717741935483871 20.64 1.46 
0 0.9743147528693494 0.487157376434675 0.0 0.0 1.0 1.0 1.0 0.0 0.0 
1 -0.0 0.0 -0.0 -0.0 1.0 0.9936034115138594 0.99680170575693 0.0 0.0 
0 0.3615394778944647 0.180769738947232 -0.06 0.11 1.0 0.6935483870967744 0.846774193548387 12.6 0.94 
1 0.09503011725564632 0.189490815924107 0.0 0.0 1.0 1.0 1.0 0.06 0.04 
0 -0.0 0.0 -0.0 -0.0 1.0 0.9976580796252928 0.998829039812646 0.0 0.0 
1 0.1725612331626618 0.0862806165813309 -0.07 0.05 0.4568421052631578 0.9578947368421052 0.707368421052632 33.9 0.06 
0 0.6829081047004717 0.640588846642864 -0.01 0.2 1.0 1.0 1.0 2.1 0.59 
1 0.7865364435085352 0.393268221754268 0.09 0.12 0.9728506787330315 0.9728506787330315 0.972850678733032 442.0 0.36 
0 0.3912841618051373 0.297128705605837 0.08 0.11 1.0 0.9976580796252928 0.998829039812646 249.26 0.95 
1 0.01475818629482802 0.00737909314741401 0.01 0.01 1.0 0.9979466119096508 0.998973305954825 487.0 0.19 
0 1.3119025137037055 0.655951256851853 -0.0 0.0 0.40408163265306124 0.9979591836734693 0.701020408163265 3.5 0.02 
1 0.01652368182171168 0.00826184091085584 0.08 0.08 0.9838709677419354 0.9838709677419354 0.983870967741935 434.0 0.72 
0 0.7843037925952074 0.417385930866513 -0.02 0.02 0.4700460829493088 0.9631336405529952 0.716589861751152 112.61 0.06 
1 0.08627855491407438 0.0975485355458968 0.0 0.02 0.7084337349397591 0.9927710843373492 0.850602409638554 81.26 0.09 
0 -0.0 0.0 -0.0 -0.0 1.0 0.9977324263038548 0.998866213151927 0.0 0.0 
1 0.5235346720440665 0.340972621087929 0.32 0.39 0.8666666666666668 0.9 0.883333333333333 30.0 1.75 
0 -0.0 0.0 0.02 0.02 0.9971590909090908 0.9971590909090908 0.997159090909091 352.0 0.23 
1 0.6171448282578021 0.308572414128901 -0.01 0.0 1.0 0.9886363636363636 0.994318181818182 0.88 0.06 
0 0.25230867170216453 0.13460323293395 -0.01 0.0 1.0 0.97423887587822 0.98711943793911 0.67 0.05 
1 0.5235346720440665 0.340972621087929 0.32 0.39 0.8666666666666668 0.9 0.883333333333333 30.0 1.75 
0 0.01607235879964646 0.00803617939982323 -0.0 0.0 1.0 0.984126984126984 0.992063492063492 0.02 0.0 
1 -0.0 0.0 0.0 0.0 1.0 1.0 1.0 0.0 0.0 
0 0.6730116670092564 0.669645054711966 -0.1 0.39 1.0 0.5769230769230769 0.788461538461538 15.25 0.37 
1 -0.0 0.0 0.0 0.0 1.0 1.0 1.0 0.0 0.0 
0 -0.0 0.0 -0.0 -0.0 1.0 0.9948586118251928 0.997429305912596 0.0 0.0 
1 -0.0 0.0 0.33 0.55 0.6774193548387096 0.6935483870967744 0.685483870967742 57.53 2.59 
0 0.666278442414676 0.333139221207338 -0.09 0.08 1.0 0.846153846153846 0.923076923076923 2.95 0.39 
1 0.5297061990576545 0.439269147450343 -0.1 0.03 1.0 1.0 1.0 0.32 0.45 
0 -0.0 0.0 0.21 0.34 0.2333333333333333 0.33333333333333326 0.283333333333333 18.26 0.42 
1 0.7865364435085352 0.401480572353747 0.08 0.13 0.9728506787330315 0.9728506787330315 0.972850678733032 442.51 0.33 
0 1.0397207708399179 0.519860385419959 -0.0 0.0 1.0 0.5714285714285713 0.785714285714286 0.0 0.0 
1 -0.0 0.0 -0.0 0.0 1.0 0.6153846153846154 0.807692307692308 0.0 0.0 
0 0.7498710324173952 0.374935516208698 -0.0 0.0 0.9896694214876034 0.9958677685950412 0.992768595041322 3.81 0.05 
1 0.6846162778013049 0.342308138900652 0.15 0.36 0.8846153846153846 0.8846153846153846 0.884615384615385 26.0 0.82 
0 0.07549878542345602 0.570858078055782 -0.01 0.02 0.989795918367347 0.989795918367347 0.989795918367347 61.97 0.04 
1 0.017626642729371575 0.00881332136468579 0.18 0.25 0.9252336448598132 0.9275700934579442 0.926401869158878 413.58 1.81 
0 0.1461447460085638 0.0730723730042819 -0.02 0.08 0.6935483870967744 0.9677419354838708 0.830645161290323 9.68 0.84 
1 0.6822056867479602 0.602052179998817 0.05 0.2 0.9222462203023758 0.9546436285097192 0.938444924406048 472.98 0.93 
0 -0.0 0.0 0.0 0.0 1.0 1.0 1.0 0.0 0.0 
1 0.030372534777978206 0.0228364363705995 -0.0 0.0 0.9894067796610168 0.9978813559322034 0.99364406779661 0.04 0.0 
0 0.36421465730196667 0.182107328650983 -0.0 0.0 1.0 0.9516129032258066 0.975806451612903 0.0 0.0 
1 0.02133050528737909 0.0106652526436895 0.1 0.1 0.980392156862745 0.980392156862745 0.980392156862745 459.0 0.82 
0 0.5906061822440456 0.315844151919607 0.05 0.14 0.940340909090909 0.9602272727272728 0.950284090909091 238.65 0.79 
1 -0.0 0.0 -0.0 -0.0 1.0 1.0 1.0 0.0 0.0 
0 0.4215509456846521 0.3171809805062 0.08 0.15 0.9346590909090908 0.9886363636363636 0.961647727272727 256.18 0.9 
1 0.05602246986522343 0.0448156896337921 0.0 0.0 1.0 1.0 1.0 0.02 0.0 
0 1.078992207877583 0.539496103938792 -0.15 0.41 1.0 0.4285714285714285 0.714285714285714 4.28 0.27 
1 -0.0 0.0 0.0 0.0 1.0 1.0 1.0 0.0 0.0 
0 0.08256493803586597 0.041282469017933 0.0 0.01 1.0 0.6935483870967744 0.846774193548387 0.45 0.11 
1 -0.0 0.0 0.0 0.0 1.0 1.0 1.0 0.0 0.0 
0 0.9242647281309502 0.586587503741868 -0.0 0.29 0.8607954545454547 0.875 0.867897727272727 269.19 1.44 
1 -0.0 0.0 -0.0 -0.0 1.0 0.9958677685950412 0.997933884297521 0.0 0.0 
0 0.38535889794541217 0.332563832288316 -0.03 0.04 1.0 0.9485714285714286 0.974285714285714 88.61 0.08 
1 -0.0 0.0 -0.0 -0.0 1.0 1.0 1.0 0.0 0.0 
0 0.6867648001858452 0.343382400092923 -0.0 0.0 1.0 1.0 1.0 0.0 0.0 
1 -0.0 0.0 0.37 0.44 0.16 0.16 0.16 25.0 0.2 
0 0.5858113340839818 0.292905667041991 -0.0 0.0 1.0 0.9971590909090908 0.998579545454545 0.17 0.02 
1 0.16245281571443987 0.14550577947865 -0.01 0.02 0.916083916083916 0.9976689976689976 0.956876456876457 46.4 0.05 
0 -0.0 0.0 -0.0 -0.0 1.0 1.0 1.0 0.0 0.0 
1 0.6601647680850746 0.591011175434611 0.13 0.3 0.8594470046082949 0.919354838709677 0.889400921658986 970.62 1.21 
0 -0.0 0.0 0.33 0.55 0.6774193548387096 0.6935483870967744 0.685483870967742 57.53 2.49 
1 0.06894930739780505 0.15777508018186 0.26 0.3 0.9182389937106918 0.9266247379454928 0.922431865828092 1350.0 2.0 
0 0.05755265252972321 0.0287763262648616 0.06 0.07 0.984126984126984 0.9863945578231293 0.985260770975057 377.13 0.61 
1 -0.0 0.0 0.39 0.62 0.6935483870967744 0.6935483870967744 0.693548387096774 62.0 2.6 
0 0.6829081047004717 0.674593273557574 0.02 0.57 1.0 0.8076923076923077 0.903846153846154 22.62 0.14 
1 -0.0 0.0 0.06 0.41 0.8571428571428571 0.8571428571428571 0.857142857142857 7.0 2.49 
0 0.035043395966475925 0.0789292297516211 0.01 0.02 1.0 0.9602272727272728 0.980113636363636 76.66 0.24 
1 0.052275728348683194 0.0522757283486832 -0.0 0.0 1.0 1.0 1.0 0.02 0.0 
0 -0.0 0.0 -0.0 0.0 1.0 0.3136842105263158 0.656842105263158 0.0 0.0 
1 1.7983316181241153 0.899165809062058 0.0 -0.0 1.0 0.9628099173553722 0.981404958677686 0.0 0.0 
0 0.016359415015602636 0.00817970750780132 0.0 0.0 1.0 0.9621380846325168 0.981069042316258 0.0 0.0 
1 0.8547011249697178 0.427350562484859 -0.02 0.0 0.9795918367346939 0.982142857142857 0.980867346938775 1.6 0.02 
0 -0.0 0.0 0.0 0.0 1.0 0.919354838709677 0.959677419354839 0.0 0.0 
1 0.43686973210547814 0.270464027731018 0.04 0.05 1.0 0.940936863543788 0.970468431771894 144.91 0.55 
0 0.9556998911125344 0.819303997906503 0.06 0.68 1.0 1.0 1.0 7.0 0.87 
1 -0.0 0.0 0.39 0.62 0.6935483870967744 0.6935483870967744 0.693548387096774 62.0 2.6 
0 0.035043395966475925 0.017521697983238 -0.0 0.0 1.0 0.9886363636363636 0.994318181818182 0.02 0.0 
1 0.05839899951927197 0.0572755995239375 -0.0 0.0 1.0 0.9972972972972972 0.998648648648649 0.03 0.0 
0 0.04163356109268336 0.109813477858679 -0.0 0.0 1.0 0.9607438016528924 0.980371900826446 0.24 0.02 
1 0.6171448282578021 0.580437337832493 0.03 0.32 1.0 0.8835227272727273 0.941761363636364 378.52 1.7 
0 0.5858113340839818 0.493241493741227 0.01 0.15 1.0 0.9914772727272728 0.995738636363636 345.88 0.64 
1 0.3742549310896416 0.187127465544821 -0.03 0.02 0.7660668380462725 0.9974293059125964 0.881748071979434 15.62 0.69 
0 0.6730116670092564 0.336505833504628 -0.2 0.33 0.28571428571428564 0.7142857142857143 0.5 3.73 0.58 
1 0.666278442414676 0.666278442414676 0.25 0.67 1.0 1.0 1.0 26.0 0.9 
0 0.9569181480647492 0.478459074032375 0.01 0.01 0.9979591836734693 0.9979591836734693 0.997959183673469 490.0 0.03 
1 -0.0 0.0 0.31 0.55 0.7580645161290323 0.7580645161290323 0.758064516129032 62.0 2.49 
0 1.078992207877583 0.539496103938792 -0.0 0.0 1.0 1.0 1.0 0.0 0.0 
1 0.4811067080592432 0.300596867788392 0.04 0.05 0.9954853273137698 0.9954853273137698 0.99548532731377 895.47 0.16 
0 0.45110710723001 0.374752635714665 0.03 0.06 1.0 1.0 1.0 76.72 0.82 
1 0.09908391604753189 0.0495419580237659 0.04 0.04 0.9850746268656718 0.9914712153518124 0.988272921108742 266.27 0.37 
0 0.10210797344924928 0.0510539867246246 -0.0 0.01 1.0 0.4568421052631578 0.728421052631579 4.85 0.12 
1 0.09165764788996307 0.0699766348366203 -0.0 0.0 1.0 0.9818181818181818 0.990909090909091 0.1 0.01 
0 0.6473026055487068 0.833067312925412 0.4 0.64 0.6825053995680346 0.7321814254859611 0.707343412526998 1107.77 0.87 
1 0.030372534777978206 0.0658985378330168 -0.0 0.0 0.972457627118644 0.9978813559322034 0.985169491525424 0.13 0.01 
0 0.024901715029831017 0.0228661766757773 0.01 0.01 0.5628997867803837 0.9850746268656718 0.773987206823028 10.41 0.18 
1 0.0707680768797802 0.351225226630238 -0.0 0.0 1.0 0.997695852534562 0.998847926267281 3.17 0.0 
0 0.6829081047004717 0.682908104700472 0.33 1.04 0.8076923076923077 0.8076923076923077 0.807692307692308 52.0 0.75 
1 -0.0 0.0 0.3 0.5 0.8008658008658008 0.8008658008658008 0.800865800865801 462.0 2.56 
0 1.01183062848278 0.50591531424139 0.0 -0.0 1.0 0.9976525821596244 0.998826291079812 0.0 0.0 
1 -0.0 0.0 0.0 0.0 1.0 0.982142857142857 0.991071428571429 0.0 0.0 
0 -0.0 0.0 0.0 0.0 1.0 1.0 1.0 0.0 0.0 
1 0.02253214392080778 0.0197499575531257 -0.0 0.01 0.7156626506024096 0.9975903614457832 0.856626506024096 5.06 0.1 
0 0.6365141682948128 0.318257084147406 0.35 0.66 0.375 0.375 0.375 8.0 0.96 
1 0.3269547847215813 0.163477392360791 -0.01 0.01 0.9481865284974093 0.9870466321243522 0.967616580310881 3.79 0.05 
0 0.6791932659915256 0.672735854203101 0.16 0.67 1.0 0.9230769230769232 0.961538461538462 26.0 0.63 
1 0.8720635602136072 0.444515665699525 -0.01 0.0 0.2385542168674699 0.9975903614457832 0.618072289156626 0.63 0.0 
0 0.13339348333086204 0.066696741665431 0.0 0.01 0.984126984126984 0.9954648526077096 0.989795918367347 30.3 0.08 
1 1.6284102630552857 1.62546092371276 -0.02 0.51 0.7700348432055749 0.9895470383275262 0.879790940766551 325.24 0.19 
0 -0.0 0.0 -0.06 0.18 0.6935483870967744 0.7580645161290323 0.725806451612903 22.68 1.54 
1 -0.0 0.0 0.47 0.64 0.33333333333333326 0.33333333333333326 0.333333333333333 30.0 0.94 
0 0.4391877418106727 0.219593870905336 0.0 -0.0 1.0 1.0 1.0 0.0 0.0 
1 0.09699169411326156 0.0746337112309724 -0.0 0.0 1.0 1.0 1.0 0.05 0.01 
0 -0.0 0.0 -0.0 -0.0 1.0 1.0 1.0 0.0 0.0 
1 0.022727473318271005 0.0113637366591355 -0.0 -0.0 1.0 1.0 1.0 0.0 0.0 
0 0.3525425103487513 0.176271255174376 -0.06 0.19 1.0 0.7580645161290323 0.879032258064516 24.72 1.56 
1 -0.0 0.0 0.3 0.36 0.8846153846153846 0.8846153846153846 0.884615384615385 26.0 2.14 
0 0.9632492517543758 0.818130459381816 -0.05 0.5 1.0 0.5769230769230769 0.788461538461538 21.38 0.49 
1 -0.0 0.0 0.0 0.0 1.0 1.0 1.0 0.0 0.0 
0 -0.0 0.0 0.33 0.55 0.6774193548387096 0.6935483870967744 0.685483870967742 57.53 2.49 
