1 -0.0 0.0 0.12 0.12 0.9568034557235422 0.9676025917926566 0.962203023758099 343.37 1.04 
0 -0.0 0.0 0.01 0.01 0.989795918367347 0.9979591836734693 0.993877551020408 97.2 0.14 
1 -0.0 0.0 0.06 0.41 0.8571428571428571 0.8571428571428571 0.857142857142857 7.0 2.49 
0 1.1443804040343335 1.1290090949896 0.18 0.55 0.9943181818181815 0.9971590909090908 0.995738636363636 1359.05 1.37 
1 0.08958725315521794 0.0728697263419105 -0.0 0.0 1.0 0.9972972972972972 0.998648648648649 0.06 0.01 
0 0.35190974154003796 0.301987031963722 -0.04 0.07 0.5161987041036717 0.9049676025917927 0.710583153347732 62.64 0.25 
1 -0.0 0.0 -0.0 -0.0 1.0 0.9958677685950412 0.997933884297521 0.0 0.0 
0 0.19643645103383003 0.098218225516915 -0.0 -0.0 1.0 1.0 1.0 0.0 0.0 
1 -0.0 0.0 0.33 0.55 0.6774193548387096 0.6935483870967744 0.685483870967742 57.53 2.59 
0 0.3894087389731746 0.194704369486587 0.0 -0.0 1.0 1.0 1.0 0.0 0.0 
1 0.04915006684960595 0.024575033424803 0.0 0.01 0.868995633187773 0.9956331877729256 0.932314410480349 13.32 0.14 
0 -0.0 0.0 0.0 0.02 0.7580645161290323 0.9838709677419354 0.870967741935484 3.18 0.34 
1 -0.0 0.0 0.07 0.08 0.9854771784232365 0.9854771784232365 0.985477178423237 482.0 0.65 
0 0.9242647281309502 0.568537871729349 0.08 0.21 0.8607954545454547 0.9886363636363636 0.924715909090909 493.13 0.55 
1 -0.0 0.0 -0.0 -0.0 1.0 1.0 1.0 0.0 0.0 
0 0.6473026055487068 1.07700830052628 0.01 0.35 0.6825053995680346 0.9136069114470842 0.798056155507559 705.05 0.7 
1 0.02133050528737909 0.0106652526436895 0.1 0.1 0.980392156862745 0.980392156862745 0.980392156862745 459.0 0.82 
0 0.5858113340839818 0.503681139884317 0.09 0.27 1.0 0.9346590909090908 0.967329545454545 645.76 1.58 
1 0.04131357294242817 0.0206567864712141 0.29 0.33 0.886153846153846 0.8892307692307693 0.887692307692308 315.12 2.04 
0 0.08919443275684764 0.376755257628577 -0.08 0.02 0.6423690205011389 0.938496583143508 0.790432801822323 42.71 0.11 
1 0.666278442414676 0.666278442414676 0.25 0.67 1.0 1.0 1.0 26.0 0.9 
0 0.9556998911125344 0.776984739848896 -0.01 0.6 1.0 1.0 1.0 7.0 1.15 
1 -0.0 0.0 0.47 0.64 0.33333333333333326 0.33333333333333326 0.333333333333333 30.0 0.94 
0 0.20161353588532901 0.100806767942664 0.0 -0.0 1.0 1.0 1.0 0.0 0.0 
1 0.030372534777978206 0.0658985378330168 -0.0 0.0 0.972457627118644 0.9978813559322034 0.985169491525424 0.13 0.01 
0 0.5858113340839818 0.292905667041991 -0.06 0.01 1.0 0.9346590909090908 0.967329545454545 2.77 0.16 
1 0.7865364435085352 0.401480572353747 0.08 0.13 0.9728506787330315 0.9728506787330315 0.972850678733032 442.51 0.33 
0 0.9012262508973272 0.450613125448664 -0.19 0.17 0.33333333333333326 0.8666666666666668 0.6 7.5 0.45 
1 0.017626642729371575 0.00881332136468579 0.18 0.25 0.9252336448598132 0.9275700934579442 0.926401869158878 413.58 1.81 
0 0.3563409206018685 0.178170460300934 -0.02 0.0 0.9838709677419354 0.9838709677419354 0.983870967741935 0.15 0.07 
1 0.6601647680850746 0.591011175434611 0.13 0.3 0.8594470046082949 0.919354838709677 0.889400921658986 970.62 1.21 
0 0.11814780677302933 0.115689642045697 0.01 0.02 0.9938775510204082 0.9979591836734693 0.995918367346939 88.59 0.23 
1 -0.0 0.0 0.31 0.55 0.7580645161290323 0.7580645161290323 0.758064516129032 62.0 2.49 
0 0.5456891633476865 0.272844581673843 0.03 0.34 0.6774193548387096 0.8870967741935483 0.782258064516129 38.05 2.05 
1 0.7865364435085352 0.393268221754268 0.09 0.12 0.9728506787330315 0.9728506787330315 0.972850678733032 442.0 0.36 
0 0.016326979454093383 0.00816348972704669 0.06 0.07 0.981859410430839 0.984126984126984 0.982993197278912 384.99 0.75 
1 0.8720635602136072 0.444515665699525 -0.01 0.0 0.2385542168674699 0.9975903614457832 0.618072289156626 0.63 0.0 
0 -0.0 0.0 -0.01 0.01 0.6774193548387096 0.9838709677419354 0.830645161290323 0.48 0.13 
1 1.7983316181241153 0.899165809062058 0.0 -0.0 1.0 0.9628099173553722 0.981404958677686 0.0 0.0 
0 0.12281506353676637 0.0614075317683832 0.1 0.13 0.940340909090909 0.9602272727272728 0.950284090909091 229.88 1.28 
1 0.8127245415610106 0.428086422879458 0.41 0.59 0.3391521197007481 0.3640897755610973 0.351620947630923 772.17 0.33 
0 0.4514062119967289 0.225703105998364 0.0 -0.0 1.0 0.9922879177377892 0.996143958868895 0.0 0.0 
1 -0.0 0.0 0.0 0.0 1.0 1.0 1.0 0.0 0.0 
0 0.06480483800330761 0.0324024190016538 -0.0 -0.0 1.0 0.9938016528925618 0.996900826446281 0.0 0.0 
1 0.6895519477750732 0.344775973887537 0.0 -0.0 1.0 1.0 1.0 0.0 0.0 
0 0.6799529039485162 0.888455209379932 0.03 0.29 0.8475177304964538 0.99645390070922 0.921985815602837 217.79 0.59 
1 1.6284102630552857 1.62546092371276 -0.02 0.51 0.7700348432055749 0.9895470383275262 0.879790940766551 325.24 0.19 
0 0.4459524223135379 0.222976211156769 -0.03 0.27 0.6774193548387096 0.919354838709677 0.798387096774194 31.25 1.71 
1 -0.0 0.0 0.33 0.55 0.6774193548387096 0.6935483870967744 0.685483870967742 57.53 2.39 
0 0.6917166979449244 0.55724790396495 0.08 0.2 0.9870410367170626 0.9956803455723539 0.991360691144708 325.08 1.31 
1 0.5235346720440665 0.340972621087929 0.32 0.39 0.8666666666666668 0.9 0.883333333333333 30.0 1.75 
0 -0.0 0.0 -0.0 -0.0 1.0 0.9936034115138594 0.99680170575693 0.0 0.0 
1 0.8156295932307395 0.487087993037894 -0.0 0.08 0.7484662576687117 0.9785276073619632 0.863496932515337 53.37 0.31 
0 0.015617095429556123 0.015573210125991 0.07 0.09 0.96 0.9663157894736842 0.963157894736842 282.74 0.92 
1 0.09908391604753189 0.0495419580237659 0.04 0.04 0.9850746268656718 0.9914712153518124 0.988272921108742 266.27 0.37 
0 0.09125460025639655 0.0602371266408704 0.0 0.01 0.8724373576309796 0.9954441913439636 0.933940774487471 14.06 0.11 
1 0.6171448282578021 0.580437337832493 0.03 0.32 1.0 0.8835227272727273 0.941761363636364 378.52 1.7 
0 0.01789792517672371 0.00894896258836186 -0.0 -0.0 1.0 1.0 1.0 0.0 0.0 
1 -0.0 0.0 -0.06 0.16 0.6774193548387096 0.7580645161290323 0.717741935483871 20.64 1.46 
0 0.20297324940653716 0.202973249406537 -0.02 0.0 1.0 1.0 1.0 0.0 1.53 
1 0.09503011725564632 0.189490815924107 0.0 0.0 1.0 1.0 1.0 0.06 0.04 
0 0.023546567098459075 0.549716024355815 -0.0 0.0 1.0 0.929078014184397 0.964539007092199 0.62 0.03 
1 0.3742549310896416 0.187127465544821 -0.03 0.02 0.7660668380462725 0.9974293059125964 0.881748071979434 15.62 0.69 
0 -0.0 0.0 -0.0 0.01 0.6761658031088082 0.981865284974093 0.829015544041451 3.41 0.13 
1 0.01475818629482802 0.00737909314741401 0.01 0.01 1.0 0.9979466119096508 0.998973305954825 487.0 0.19 
0 0.36421465730196667 0.182107328650983 -0.0 0.0 1.0 0.9516129032258066 0.975806451612903 0.0 0.0 
1 -0.0 0.0 0.3 0.5 0.8008658008658008 0.8008658008658008 0.800865800865801 462.0 2.56 
0 0.04087167241345335 0.657195411809383 -0.05 0.09 0.8997214484679666 0.927576601671309 0.913649025069638 77.88 0.14 
1 -0.0 0.0 0.31 0.55 0.7580645161290323 0.7580645161290323 0.758064516129032 62.0 2.49 
0 0.9632492517543758 0.481624625877188 -0.0 0.0 1.0 1.0 1.0 0.0 0.0 
1 0.020830638321723566 0.0104153191608618 0.04 0.04 0.9850746268656718 0.9914712153518124 0.988272921108742 266.27 0.43 
0 0.3724807184521906 0.370388775599927 0.15 0.54 0.919354838709677 0.9354838709677415 0.92741935483871 110.63 2.46 
1 -0.0 0.0 0.0 0.0 1.0 0.982142857142857 0.991071428571429 0.0 0.0 
0 0.022083380117043378 0.0110416900585217 -0.0 0.0 0.981859410430839 0.9931972789115646 0.987528344671202 0.06 0.01 
1 0.8547011249697178 0.427350562484859 -0.02 0.0 0.9795918367346939 0.982142857142857 0.980867346938775 1.6 0.02 
0 0.3912841618051373 0.195642080902569 -0.0 0.0 0.9976580796252928 0.9976580796252928 0.997658079625293 0.1 0.01 
1 0.08807751896196665 0.451853556096353 -0.01 0.04 0.7484662576687117 0.9846625766871167 0.866564417177914 30.7 0.2 
0 -0.0 0.0 -0.02 0.14 0.4285714285714285 0.8571428571428571 0.642857142857143 1.56 0.95 
1 -0.0 0.0 0.39 0.62 0.6935483870967744 0.6935483870967744 0.693548387096774 62.0 2.6 
0 -0.0 0.0 0.0 0.0 1.0 1.0 1.0 0.0 0.0 
1 0.09503011725564632 0.0475150586278232 0.0 -0.0 1.0 1.0 1.0 0.0 0.0 
0 0.3565581205895817 0.178279060294791 0.0 -0.0 1.0 1.0 1.0 0.0 0.0 
1 0.08958725315521794 0.073993126337245 0.0 0.0 1.0 1.0 1.0 0.04 0.01 
0 0.9517673227869262 0.498765303573933 0.0 0.06 0.981859410430839 0.9886621315192744 0.985260770975057 278.34 0.09 
1 -0.0 0.0 0.37 0.44 0.16 0.16 0.16 25.0 0.2 
0 0.0 0.0 0.0 0.0 0.0 0.0 0.0 0.0 0.0 
1 -0.0 0.0 0.0 0.0 1.0 1.0 1.0 0.0 0.0 
0 0.4459524223135379 0.222976211156769 -0.03 0.27 0.6774193548387096 0.919354838709677 0.798387096774194 31.25 1.78 
1 0.0947607483566568 0.0769695270739669 0.09 0.1 0.9806866952789698 0.982832618025751 0.981759656652361 445.71 0.81 
0 -0.0 0.0 0.0 -0.0 1.0 0.5555555555555555 0.777777777777778 0.0 0.0 
1 0.1725612331626618 0.0862806165813309 -0.07 0.05 0.4568421052631578 0.9578947368421052 0.707368421052632 33.9 0.06 
0 0.08256493803586597 0.225430885391765 -0.0 0.0 1.0 0.9354838709677415 0.967741935483871 0.22 0.08 
1 0.06894930739780505 0.15777508018186 0.26 0.3 0.9182389937106918 0.9266247379454928 0.922431865828092 1350.0 2.0 
0 -0.0 0.0 -0.0 -0.0 1.0 1.0 1.0 0.0 0.0 
1 -0.0 0.0 -0.0 -0.0 1.0 1.0 1.0 0.0 0.0 
0 -0.0 0.0 -0.06 0.16 0.6774193548387096 0.7580645161290323 0.717741935483871 20.64 1.52 
1 -0.0 0.0 0.0 0.0 1.0 1.0 1.0 0.0 0.0 
0 0.06847444678893455 0.041859329910295 -0.0 0.0 1.0 1.0 1.0 0.01 0.0 
1 -0.0 0.0 0.0 0.0 1.0 1.0 1.0 0.0 0.0 
0 0.6730116670092564 0.336505833504628 -0.0 0.0 1.0 0.9615384615384615 0.980769230769231 0.0 0.0 
1 0.5235346720440665 0.340972621087929 0.32 0.39 0.8666666666666668 0.9 0.883333333333333 30.0 1.75 
0 0.11535314284078033 0.0576765714203902 0.0 -0.0 1.0 0.8920187793427231 0.946009389671361 0.0 0.0 
1 -0.0 0.0 0.39 0.62 0.6935483870967744 0.6935483870967744 0.693548387096774 62.0 2.6 
0 0.10881851617771927 0.0544092580888596 -0.0 0.01 0.7084337349397591 0.985542168674699 0.846987951807229 8.66 0.22 
1 0.09165764788996307 0.0699766348366203 -0.0 0.0 1.0 0.9818181818181818 0.990909090909091 0.1 0.01 
0 0.21942659548716653 0.118526619108269 -0.02 0.0 1.0 0.9252336448598132 0.962616822429907 1.39 0.09 
1 0.4811067080592432 0.300596867788392 0.04 0.05 0.9954853273137698 0.9954853273137698 0.99548532731377 895.47 0.16 
0 1.3523028118749807 0.728325799022251 -0.02 0.01 0.9959183673469388 0.9979591836734693 0.996938775510204 7.94 0.05 
1 0.052275728348683194 0.0522757283486832 -0.0 0.0 1.0 1.0 1.0 0.02 0.0 
0 -0.0 0.0 -0.0 0.0 0.9886363636363636 0.9971590909090908 0.992897727272727 0.01 0.0 
1 -0.0 0.0 -0.0 -0.0 1.0 0.9936034115138594 0.99680170575693 0.0 0.0 
0 0.5858113340839818 0.310427365025229 -0.02 0.0 1.0 1.0 1.0 0.35 0.03 
1 0.16245281571443987 0.14550577947865 -0.01 0.02 0.916083916083916 0.9976689976689976 0.956876456876457 46.4 0.05 
0 -0.0 0.0 -0.0 -0.0 1.0 1.0 1.0 0.0 0.0 
1 0.8156295932307395 0.74694740234885 0.07 0.48 0.7484662576687117 0.8558282208588956 0.802147239263804 285.8 0.83 
0 0.41011631828840894 0.707179395671243 -0.08 0.14 1.0 1.0 1.0 1.56 0.15 
1 0.05839899951927197 0.0572755995239375 -0.0 0.0 1.0 0.9972972972972972 0.998648648648649 0.03 0.0 
0 0.09908391604753189 0.0495419580237659 -0.0 -0.0 1.0 0.9850746268656718 0.992537313432836 0.0 0.0 
1 0.056152199528602974 0.0560873346969132 -0.0 0.0 1.0 0.9972972972972972 0.998648648648649 0.03 0.0 
0 0.06847444678893455 0.0535830187385502 -0.0 0.0 1.0 1.0 1.0 0.04 0.0 
1 0.0947607483566568 0.232756230915289 0.02 0.03 0.9678111587982832 0.9806866952789698 0.974248927038627 84.69 0.27 
0 0.3563409206018685 0.254173115719036 -0.06 0.08 0.919354838709677 0.9838709677419354 0.951612903225806 17.05 0.76 
1 0.5297061990576545 0.439269147450343 -0.1 0.03 1.0 1.0 1.0 0.32 0.45 
0 0.5232259185839064 0.261612959291953 -0.01 0.01 0.9413265306122448 0.989795918367347 0.965561224489796 3.41 0.18 
1 0.7244657079537894 0.362232853976895 0.0 -0.0 1.0 0.3264462809917356 0.663223140495868 0.0 0.0 
0 0.649987881991324 0.500632248666371 -0.16 0.03 0.8045267489711933 0.9876543209876544 0.896090534979424 16.55 0.15 
1 -0.0 0.0 0.0 0.0 1.0 1.0 1.0 0.0 0.0 
0 1.0397207708399179 0.519860385419959 -0.05 0.6 0.28571428571428564 0.5714285714285713 0.428571428571428 7.0 0.83 
1 0.042617471413436414 0.0310799043211172 0.0 0.01 0.837708830548926 0.9928400954653938 0.91527446300716 10.42 0.09 
0 -0.0 0.0 -0.0 -0.0 1.0 1.0 1.0 0.0 0.0 
1 0.01652368182171168 0.00826184091085584 0.08 0.08 0.9838709677419354 0.9838709677419354 0.983870967741935 434.0 0.72 
0 0.27118937304184415 0.135594686520922 0.23 0.27 0.2333333333333333 0.43333333333333324 0.333333333333333 13.7 0.4 
1 0.0740225961475812 0.128824279468757 0.41 0.69 0.5590551181102362 0.5748031496062993 0.566929133858268 381.05 2.38 
0 -0.0 0.0 -0.0 -0.0 1.0 0.9402985074626864 0.970149253731343 0.0 0.0 
1 0.016424701198958662 0.00821235059947933 0.12 0.12 0.9728506787330315 0.9728506787330315 0.972850678733032 442.0 1.0 
0 0.9556998911125344 1.15374194270109 -0.07 0.96 1.0 1.0 1.0 14.0 0.27 
1 0.08958725315521794 0.0709314907519506 0.0 0.0 1.0 1.0 1.0 0.04 0.01 
0 -0.0 0.0 -0.0 -0.0 1.0 1.0 1.0 0.0 0.0 
1 0.0707680768797802 0.351225226630238 -0.0 0.0 1.0 0.997695852534562 0.998847926267281 3.17 0.0 
0 0.42803573449734306 0.214017867248672 -0.0 0.0 1.0 0.9966442953020132 0.998322147651007 0.14 0.02 
1 0.43686973210547814 0.270464027731018 0.04 0.05 1.0 0.940936863543788 0.970468431771894 144.91 0.55 
0 0.19588442055662847 0.0979422102783142 -0.01 0.0 0.9413265306122448 0.9948979591836736 0.968112244897959 1.18 0.08 
1 -0.0 0.0 0.3 0.36 0.8846153846153846 0.8846153846153846 0.884615384615385 26.0 2.14 
0 0.24660085296591405 0.194815075771441 0.01 0.04 0.9266247379454928 0.9769392033542976 0.951781970649895 118.59 0.42 
1 0.6846162778013049 0.342308138900652 0.15 0.36 0.8846153846153846 0.8846153846153846 0.884615384615385 26.0 0.82 
0 0.6108643020548936 0.305432151027447 0.09 0.22 0.2333333333333333 0.6666666666666665 0.45 10.43 0.32 
1 -0.0 0.0 0.0 0.0 1.0 1.0 1.0 0.0 0.0 
0 0.937464383416628 0.476496854119527 -0.03 0.09 0.96 0.9663157894736842 0.963157894736842 259.17 0.26 
1 -0.0 0.0 0.0 0.0 1.0 1.0 1.0 0.0 0.0 
0 0.06586093594147825 0.0329304679707391 -0.01 0.0 0.9624413145539906 0.9812206572769951 0.971830985915493 0.42 0.03 
1 0.0251440699125892 0.0125720349562946 0.53 0.63 0.6761658031088082 0.6761658031088082 0.676165803108808 386.0 2.33 
0 0.5287625599288156 0.414221831570479 -0.06 0.03 0.24190064794816415 0.9330453563714904 0.587473002159827 21.41 0.11 
1 -0.0 0.0 0.11 0.46 0.5384615384615384 0.6153846153846154 0.576923076923077 18.96 1.68 
0 0.8277870412500516 0.454108377932847 -0.14 0.02 0.8065843621399178 0.9938271604938274 0.900205761316872 17.07 0.03 
1 0.030372534777978206 0.0228364363705995 -0.0 0.0 0.9894067796610168 0.9978813559322034 0.99364406779661 0.04 0.0 
0 0.664316082500306 0.563638373890867 0.06 0.12 0.8724373576309796 0.938496583143508 0.905466970387244 250.01 0.26 
1 0.07093518297335139 0.0616054556610173 0.0 0.0 1.0 1.0 1.0 0.03 0.0 
0 0.376847984018997 0.723138967290212 -0.03 0.24 0.8250539956803455 0.900647948164147 0.862850971922246 352.5 0.55 
1 -0.0 0.0 -0.1 0.14 0.6774193548387096 0.8064516129032256 0.741935483870968 17.76 1.34 
0 1.011379461025288 0.505689730512644 0.0 -0.0 1.0 0.9929577464788734 0.996478873239437 0.0 0.0 
1 -0.0 0.0 0.19 0.69 0.5555555555555555 0.5555555555555555 0.555555555555556 9.0 1.98 
0 0.928529239598717 0.464264619799359 -0.01 0.0 0.7114093959731543 0.9966442953020132 0.854026845637584 1.16 0.03 
1 0.6822056867479602 0.602052179998817 0.05 0.2 0.9222462203023758 0.9546436285097192 0.938444924406048 472.98 0.93 
0 0.6615632381579821 0.330781619078991 0.0 0.0 1.0 1.0 1.0 0.0 0.0 
1 0.022727473318271005 0.0113637366591355 -0.0 -0.0 1.0 1.0 1.0 0.0 0.0 
0 -0.0 0.0 0.28 0.38 0.125 0.125 0.125 8.0 0.04 
1 0.08627855491407438 0.0975485355458968 0.0 0.02 0.7084337349397591 0.9927710843373492 0.850602409638554 81.26 0.09 
0 -0.0 0.0 0.39 0.62 0.6935483870967744 0.6935483870967744 0.693548387096774 62.0 2.6 
1 0.05602246986522343 0.0448156896337921 0.0 0.0 1.0 1.0 1.0 0.02 0.0 
0 0.09650896073594732 0.0482544803679737 -0.01 0.01 0.8225806451612901 0.9677419354838708 0.895161290322581 1.49 0.26 
1 0.09699169411326156 0.0746337112309724 -0.0 0.0 1.0 1.0 1.0 0.05 0.01 
0 0.41011631828840894 0.205058159144204 -0.14 0.05 1.0 0.28571428571428564 0.642857142857143 0.47 0.28 
1 -0.0 0.0 -0.0 0.0 1.0 0.7580645161290323 0.879032258064516 0.0 0.0 
0 -0.0 0.0 0.0 -0.0 1.0 0.981859410430839 0.99092970521542 0.0 0.0 
1 0.05602246986522343 0.0541490991069533 0.0 0.0 1.0 1.0 1.0 0.02 0.0 
0 0.6829081047004717 0.341454052350236 -0.1 0.33 1.0 0.28571428571428564 0.642857142857143 3.73 0.4 
1 0.10434878616952079 0.0521743930847604 0.01 0.01 0.9979591836734693 0.9979591836734693 0.997959183673469 490.0 0.11 
0 0.1520053108362029 0.0760026554181015 -0.01 0.0 0.919354838709677 0.9838709677419354 0.951612903225806 0.13 0.06 
1 -0.0 0.0 -0.0 0.0 1.0 0.6153846153846154 0.807692307692308 0.0 0.0 
0 0.8645984701429459 0.432299235071473 0.03 0.04 1.0 0.9936034115138594 0.99680170575693 469.0 0.1 
1 0.3269547847215813 0.163477392360791 -0.01 0.01 0.9481865284974093 0.9870466321243522 0.967616580310881 3.79 0.05 
0 0.07549878542345602 0.037749392711728 -0.0 0.0 0.989795918367347 0.9979591836734693 0.993877551020408 0.03 0.0 
1 -0.0 0.0 0.0 0.0 1.0 1.0 1.0 0.0 0.0 
0 0.6316823763806962 0.341075222759258 -0.01 0.01 1.0 0.9631336405529952 0.981566820276498 6.11 0.09 
1 0.02253214392080778 0.0197499575531257 -0.0 0.01 0.7156626506024096 0.9975903614457832 0.856626506024096 5.06 0.1 
0 -0.0 0.0 0.0 -0.0 1.0 0.5732647814910026 0.786632390745501 0.0 0.0 
1 -0.0 0.0 0.33 0.55 0.6774193548387096 0.6935483870967744 0.685483870967742 57.53 2.49 
0 0.09651393728015299 0.0482569686400765 -0.0 -0.0 1.0 1.0 1.0 0.0 0.0 
1 0.09699169411326156 0.0765719468209323 -0.0 0.0 1.0 0.9972972972972972 0.998648648648649 0.07 0.01 
0 0.40984977137281264 0.381697771415426 -0.08 0.04 0.6400911161731208 0.9498861047835992 0.79498861047836 33.58 0.16 
1 -0.0 0.0 -0.0 -0.0 1.0 1.0 1.0 0.0 0.0 
0 0.08962131424171335 0.0963808074978016 -0.01 0.01 1.0 0.7206823027718549 0.860341151385927 4.13 0.15 
1 0.05839899951927197 0.0572107346922477 0.0 0.0 1.0 1.0 1.0 0.02 0.0 
0 0.13339348333086204 0.066696741665431 -0.0 -0.0 1.0 0.9954648526077096 0.997732426303855 0.0 0.0 
1 0.9277980308365658 1.27664305854078 0.26 0.8 0.7871396895787139 0.7871396895787139 0.787139689578714 1253.58 1.13 
0 0.3615394778944647 0.180769738947232 -0.04 0.12 1.0 0.6774193548387096 0.838709677419355 13.95 1.09 
1 0.022727473318271005 0.022727473318271 -0.0 0.0 1.0 1.0 1.0 0.0 0.0 
0 0.2365703607236565 0.126563660077644 -0.0 0.0 1.0 0.9976525821596244 0.998826291079812 0.07 0.01 
1 0.6171448282578021 0.308572414128901 -0.01 0.0 1.0 0.9886363636363636 0.994318181818182 0.88 0.06 
0 0.8933622162954412 0.467337894618935 0.06 0.17 0.8892307692307693 0.8923076923076922 0.890769230769231 165.69 0.83 
