1 -0.0 0.0 0.33 0.55 0.6774193548387096 0.6935483870967744 0.685483870967742 57.53 2.39 
0 0.36829683274766406 0.184148416373832 0.04 0.12 0.919354838709677 0.9354838709677415 0.92741935483871 27.1 1.08 
1 0.8127245415610106 0.428086422879458 0.41 0.59 0.3391521197007481 0.3640897755610973 0.351620947630923 772.17 0.33 
0 0.7065442778104265 0.895394720800571 0.09 0.58 1.0 0.9242105263157896 0.962105263157895 435.96 0.01 
1 0.8156295932307395 0.74694740234885 0.07 0.48 0.7484662576687117 0.8558282208588956 0.802147239263804 285.8 0.83 
0 1.351783994289646 0.675891997144823 -0.06 0.21 1.0 0.8571428571428571 0.928571428571429 2.92 0.02 
1 0.8547011249697178 0.427350562484859 -0.02 0.0 0.9795918367346939 0.982142857142857 0.980867346938775 1.6 0.02 
0 0.41011631828840894 0.744554263082996 -0.11 0.14 1.0 1.0 1.0 1.56 0.42 
1 0.7865364435085352 0.401480572353747 0.08 0.13 0.9728506787330315 0.9728506787330315 0.972850678733032 442.51 0.33 
0 -0.0 0.0 -0.0 -0.0 1.0 1.0 1.0 0.0 0.0 
1 -0.0 0.0 0.3 0.36 0.8846153846153846 0.8846153846153846 0.884615384615385 26.0 2.14 
0 -0.0 0.0 -0.0 -0.0 1.0 1.0 1.0 0.0 0.0 
1 0.01475818629482802 0.00737909314741401 0.01 0.01 1.0 0.9979466119096508 0.998973305954825 487.0 0.19 
0 0.5982695885852573 0.299134794292629 -0.11 0.12 1.0 0.28571428571428564 0.642857142857143 1.12 0.41 
1 -0.0 0.0 0.47 0.64 0.33333333333333326 0.33333333333333326 0.333333333333333 30.0 0.94 
0 1.3499995117282224 0.674999755864111 -0.02 0.01 0.8352272727272727 0.9829545454545452 0.909090909090909 3.85 0.08 
1 0.05839899951927197 0.0572755995239375 -0.0 0.0 1.0 0.9972972972972972 0.998648648648649 0.03 0.0 
0 -0.0 0.0 -0.0 0.0 1.0 0.7083333333333334 0.854166666666667 0.0 0.0 
1 -0.0 0.0 0.0 0.0 1.0 0.982142857142857 0.991071428571429 0.0 0.0 
0 0.5218986732496746 1.01430633437677 0.03 0.43 0.9136069114470842 0.9222462203023758 0.91792656587473 799.13 0.8 
1 0.0947607483566568 0.232756230915289 0.02 0.03 0.9678111587982832 0.9806866952789698 0.974248927038627 84.69 0.27 
0 0.09908391604753189 0.0943526151446226 -0.01 0.01 0.7206823027718549 0.9850746268656718 0.852878464818763 6.07 0.11 
1 0.08958725315521794 0.0728697263419105 -0.0 0.0 1.0 0.9972972972972972 0.998648648648649 0.06 0.01 
0 0.629696481674345 0.314848240837172 0.0 -0.0 1.0 1.0 1.0 0.0 0.0 
1 0.08807751896196665 0.451853556096353 -0.01 0.04 0.7484662576687117 0.9846625766871167 0.866564417177914 30.7 0.2 
0 0.8196713351059779 0.645517083459814 0.05 0.35 0.9447852760736194 0.98159509202454 0.96319018404908 490.96 1.57 
1 -0.0 0.0 0.0 0.0 1.0 1.0 1.0 0.0 0.0 
0 0.05662157828350273 0.0283107891417514 -0.0 -0.0 1.0 0.9932885906040269 0.996644295302013 0.0 0.0 
1 0.0740225961475812 0.128824279468757 0.41 0.69 0.5590551181102362 0.5748031496062993 0.566929133858268 381.05 2.38 
0 0.7843037925952074 0.400635781890325 -0.05 0.01 0.4700460829493088 0.9539170506912442 0.711981566820276 10.53 0.11 
1 0.09699169411326156 0.0746337112309724 -0.0 0.0 1.0 1.0 1.0 0.05 0.01 
0 0.09908391604753189 0.0495419580237659 -0.0 0.0 0.9850746268656718 0.9936034115138594 0.989339019189765 0.09 0.01 
1 0.09699169411326156 0.0765719468209323 -0.0 0.0 1.0 0.9972972972972972 0.998648648648649 0.07 0.01 
0 0.07155187909197604 0.270537948193458 0.0 0.02 1.0 1.0 1.0 22.61 0.28 
1 0.9277980308365658 1.27664305854078 0.26 0.8 0.7871396895787139 0.7871396895787139 0.787139689578714 1253.58 1.13 
0 -0.0 0.0 0.33 0.55 0.6774193548387096 0.6935483870967744 0.685483870967742 57.53 2.29 
1 0.056152199528602974 0.0560873346969132 -0.0 0.0 1.0 0.9972972972972972 0.998648648648649 0.03 0.0 
0 0.9632492517543758 0.814763847084526 0.19 0.67 1.0 1.0 1.0 26.0 0.32 
1 0.5235346720440665 0.340972621087929 0.32 0.39 0.8666666666666668 0.9 0.883333333333333 30.0 1.75 
0 0.01789792517672371 0.0178979251767237 -0.0 0.0 1.0 1.0 1.0 0.0 0.0 
1 0.0947607483566568 0.0769695270739669 0.09 0.1 0.9806866952789698 0.982832618025751 0.981759656652361 445.71 0.81 
0 0.3615394778944647 0.180769738947232 -0.04 0.12 1.0 0.6774193548387096 0.838709677419355 13.95 1.09 
1 0.05602246986522343 0.0448156896337921 0.0 0.0 1.0 1.0 1.0 0.02 0.0 
0 0.3805338924281298 0.190266946214065 0.02 0.03 0.9922879177377892 0.9948586118251928 0.993573264781491 258.66 0.16 
1 -0.0 0.0 0.39 0.62 0.6935483870967744 0.6935483870967744 0.693548387096774 62.0 2.6 
0 -0.0 0.0 0.39 0.62 0.6935483870967744 0.6935483870967744 0.693548387096774 62.0 2.6 
1 0.030372534777978206 0.0228364363705995 -0.0 0.0 0.9894067796610168 0.9978813559322034 0.99364406779661 0.04 0.0 
0 0.666278442414676 0.485457269881957 -0.2 0.08 1.0 0.42307692307692313 0.711538461538462 3.47 0.41 
1 0.042617471413436414 0.0310799043211172 0.0 0.01 0.837708830548926 0.9928400954653938 0.91527446300716 10.42 0.09 
0 0.3563409206018685 0.178170460300934 -0.07 0.19 0.7580645161290323 0.9838709677419354 0.870967741935484 24.84 1.42 
1 0.5235346720440665 0.340972621087929 0.32 0.39 0.8666666666666668 0.9 0.883333333333333 30.0 1.75 
0 0.9556998911125344 0.955699891112534 0.07 0.96 1.0 1.0 1.0 14.0 1.48 
1 -0.0 0.0 0.33 0.55 0.6774193548387096 0.6935483870967744 0.685483870967742 57.53 2.49 
0 -0.0 0.0 -0.01 0.01 0.6935483870967744 0.9677419354838708 0.830645161290323 0.91 0.21 
1 -0.0 0.0 0.0 0.0 1.0 1.0 1.0 0.0 0.0 
0 0.6730116670092564 0.669645054711966 -0.1 0.39 1.0 0.5769230769230769 0.788461538461538 15.25 0.34 
1 0.5297061990576545 0.439269147450343 -0.1 0.03 1.0 1.0 1.0 0.32 0.45 
0 0.7569669131450216 0.378483456572511 -0.02 0.0 1.0 0.9829545454545452 0.991477272727273 1.49 0.11 
1 -0.0 0.0 -0.1 0.14 0.6774193548387096 0.8064516129032256 0.741935483870968 17.76 1.34 
0 0.6171448282578021 0.318562687991082 0.0 0.03 1.0 0.971590909090909 0.985795454545455 42.73 0.15 
1 0.3269547847215813 0.163477392360791 -0.01 0.01 0.9481865284974093 0.9870466321243522 0.967616580310881 3.79 0.05 
0 -0.0 0.0 -0.0 -0.0 1.0 1.0 1.0 0.0 0.0 
1 0.08958725315521794 0.073993126337245 0.0 0.0 1.0 1.0 1.0 0.04 0.01 
0 0.5437298474071837 0.946864679567703 -0.1 0.33 0.8352272727272727 0.8835227272727273 0.859375 294.57 0.84 
1 0.6895519477750732 0.344775973887537 0.0 -0.0 1.0 1.0 1.0 0.0 0.0 
0 -0.0 0.0 0.0 0.0 1.0 0.919354838709677 0.959677419354839 0.0 0.0 
1 -0.0 0.0 0.0 0.0 1.0 1.0 1.0 0.0 0.0 
0 0.022596852566469688 0.0112984262832349 -0.01 0.0 0.959731543624161 0.9932885906040269 0.976510067114094 0.13 0.02 
1 -0.0 0.0 0.33 0.55 0.6774193548387096 0.6935483870967744 0.685483870967742 57.53 2.59 
0 0.41011631828840894 0.724918544564163 0.11 0.41 1.0 0.5714285714285713 0.785714285714286 7.0 0.3 
1 -0.0 0.0 0.11 0.46 0.5384615384615384 0.6153846153846154 0.576923076923077 18.96 1.68 
0 0.666278442414676 0.333139221207338 -0.1 0.06 1.0 0.8846153846153846 0.942307692307692 2.12 0.36 
1 0.02133050528737909 0.0106652526436895 0.1 0.1 0.980392156862745 0.980392156862745 0.980392156862745 459.0 0.82 
0 -0.0 0.0 0.0 0.0 1.0 1.0 1.0 0.0 0.0 
1 0.022727473318271005 0.0113637366591355 -0.0 -0.0 1.0 1.0 1.0 0.0 0.0 
0 -0.0 0.0 0.33 0.55 0.6774193548387096 0.6935483870967744 0.685483870967742 57.53 2.39 
1 0.07093518297335139 0.0616054556610173 0.0 0.0 1.0 1.0 1.0 0.03 0.0 
0 0.3525425103487513 0.176271255174376 -0.08 0.15 1.0 0.6935483870967744 0.846774193548387 17.86 1.21 
1 0.6171448282578021 0.580437337832493 0.03 0.32 1.0 0.8835227272727273 0.941761363636364 378.52 1.7 
0 0.6730116670092564 0.336505833504628 -0.2 0.33 0.28571428571428564 0.7142857142857143 0.5 3.73 0.47 
1 -0.0 0.0 0.3 0.5 0.8008658008658008 0.8008658008658008 0.800865800865801 462.0 2.56 
0 -0.0 0.0 -0.06 0.18 0.6935483870967744 0.7580645161290323 0.725806451612903 22.68 1.53 
1 0.05602246986522343 0.0541490991069533 0.0 0.0 1.0 1.0 1.0 0.02 0.0 
0 -0.0 0.0 0.0 0.0 1.0 0.6 0.8 0.0 0.0 
1 0.0707680768797802 0.351225226630238 -0.0 0.0 1.0 0.997695852534562 0.998847926267281 3.17 0.0 
0 0.2265949871174565 0.187391083167692 -0.04 0.01 1.0 0.8871331828442438 0.943566591422122 2.51 0.13 
1 0.666278442414676 0.666278442414676 0.25 0.67 1.0 1.0 1.0 26.0 0.9 
0 0.3525425103487513 0.176271255174376 -0.06 0.19 1.0 0.7580645161290323 0.879032258064516 24.72 1.44 
1 0.04131357294242817 0.0206567864712141 0.29 0.33 0.886153846153846 0.8892307692307693 0.887692307692308 315.12 2.04 
0 0.09125460025639655 0.0804157704805942 -0.02 0.01 0.8724373576309796 0.9726651480637812 0.92255125284738 2.96 0.15 
1 0.05839899951927197 0.0572107346922477 0.0 0.0 1.0 1.0 1.0 0.02 0.0 
0 0.06521436351143224 0.172491565071326 0.18 0.22 0.9485714285714286 0.9485714285714286 0.948571428571429 217.71 1.33 
1 0.09503011725564632 0.189490815924107 0.0 0.0 1.0 1.0 1.0 0.06 0.04 
0 -0.0 0.0 0.0 0.0 1.0 0.75 0.875 0.0 0.0 
1 0.3742549310896416 0.187127465544821 -0.03 0.02 0.7660668380462725 0.9974293059125964 0.881748071979434 15.62 0.69 
0 0.6941745246867409 0.406161165729885 -0.02 0.02 0.989795918367347 0.9979591836734693 0.993877551020408 104.47 0.08 
1 -0.0 0.0 0.0 0.0 1.0 1.0 1.0 0.0 0.0 
0 0.031216774035490776 0.0156083870177454 -0.0 0.0 1.0 0.9734939759036146 0.986746987951807 0.0 0.0 
1 0.08958725315521794 0.0709314907519506 0.0 0.0 1.0 1.0 1.0 0.04 0.01 
0 0.5629596827693085 0.531091240369697 -0.03 0.29 1.0 0.877840909090909 0.938920454545455 230.75 1.78 
1 -0.0 0.0 -0.0 -0.0 1.0 0.9936034115138594 0.99680170575693 0.0 0.0 
0 -0.0 0.0 -0.0 -0.0 1.0 1.0 1.0 0.0 0.0 
1 -0.0 0.0 0.31 0.55 0.7580645161290323 0.7580645161290323 0.758064516129032 62.0 2.49 
0 0.5297061990576545 0.795281573107838 0.01 0.32 1.0 1.0 1.0 5.14 0.13 
1 0.7865364435085352 0.393268221754268 0.09 0.12 0.9728506787330315 0.9728506787330315 0.972850678733032 442.0 0.36 
0 0.36421465730196667 0.358378583825359 0.07 0.35 1.0 0.9516129032258066 0.975806451612903 62.0 1.86 
1 -0.0 0.0 -0.0 -0.0 1.0 0.9958677685950412 0.997933884297521 0.0 0.0 
0 0.20297324940653716 0.101486624703269 -0.01 0.0 1.0 0.9672131147540984 0.983606557377049 2.47 0.1 
1 0.09503011725564632 0.0475150586278232 0.0 -0.0 1.0 1.0 1.0 0.0 0.0 
0 0.3269974743901718 0.163498737195086 -0.03 0.0 0.9342403628117912 0.981859410430839 0.958049886621315 1.21 0.07 
1 -0.0 0.0 0.07 0.08 0.9854771784232365 0.9854771784232365 0.985477178423237 482.0 0.65 
0 0.5458360932286223 0.388594018742345 0.01 0.01 1.0 0.9979466119096508 0.998973305954825 10.14 0.16 
1 1.6284102630552857 1.62546092371276 -0.02 0.51 0.7700348432055749 0.9895470383275262 0.879790940766551 325.24 0.19 
0 0.9030752549500218 0.459346175189789 -0.04 0.05 0.7642105263157895 0.96 0.862105263157895 56.5 0.27 
1 0.16245281571443987 0.14550577947865 -0.01 0.02 0.916083916083916 0.9976689976689976 0.956876456876457 46.4 0.05 
0 0.08256493803586597 0.041282469017933 0.0 0.01 1.0 0.6935483870967744 0.846774193548387 0.45 0.12 
1 -0.0 0.0 0.0 0.0 1.0 1.0 1.0 0.0 0.0 
0 -0.0 0.0 0.0 0.0 1.0 0.9888641425389754 0.994432071269488 0.0 0.0 
1 -0.0 0.0 -0.0 -0.0 1.0 1.0 1.0 0.0 0.0 
0 0.04667886203059532 0.107162243034418 -0.0 0.0 1.0 0.9929577464788734 0.996478873239437 0.25 0.02 
1 0.10434878616952079 0.0521743930847604 0.01 0.01 0.9979591836734693 0.9979591836734693 0.997959183673469 490.0 0.11 
0 0.4337626359979511 0.216881317998976 0.12 0.18 0.940340909090909 0.9488636363636364 0.944602272727273 299.07 1.23 
1 -0.0 0.0 0.31 0.55 0.7580645161290323 0.7580645161290323 0.758064516129032 62.0 2.49 
0 0.015529324822425987 0.549887244306571 -0.04 0.07 0.9242105263157896 0.9663157894736842 0.945263157894737 130.64 0.2 
1 0.8720635602136072 0.444515665699525 -0.01 0.0 0.2385542168674699 0.9975903614457832 0.618072289156626 0.63 0.0 
0 0.08392577932363239 0.0494479168318709 -0.0 0.0 0.977551020408163 0.9918367346938776 0.98469387755102 0.31 0.02 
1 1.7983316181241153 0.899165809062058 0.0 -0.0 1.0 0.9628099173553722 0.981404958677686 0.0 0.0 
0 0.34883209584303193 0.174416047921516 0.07 0.19 1.0 0.7777777777777779 0.888888888888889 3.94 1.55 
1 0.04915006684960595 0.024575033424803 0.0 0.01 0.868995633187773 0.9956331877729256 0.932314410480349 13.32 0.14 
0 0.01623049214816835 0.00811524607408418 0.0 0.0 1.0 0.986425339366516 0.993212669683258 0.0 0.0 
1 0.0251440699125892 0.0125720349562946 0.53 0.63 0.6761658031088082 0.6761658031088082 0.676165803108808 386.0 2.33 
0 -0.0 0.0 0.0 0.0 1.0 0.9888641425389754 0.994432071269488 0.0 0.0 
1 0.09908391604753189 0.0495419580237659 0.04 0.04 0.9850746268656718 0.9914712153518124 0.988272921108742 266.27 0.37 
0 0.26552569572288004 0.13276284786144 0.0 -0.0 1.0 1.0 1.0 0.0 0.0 
1 0.6846162778013049 0.342308138900652 0.15 0.36 0.8846153846153846 0.8846153846153846 0.884615384615385 26.0 0.82 
0 -0.0 0.0 -0.0 0.0 1.0 0.8008658008658008 0.9004329004329 0.0 0.0 
1 0.6601647680850746 0.591011175434611 0.13 0.3 0.8594470046082949 0.919354838709677 0.889400921658986 970.62 1.21 
0 0.9743147528693494 0.487157376434675 0.0 0.22 1.0 0.75 0.875 2.67 0.86 
1 0.43686973210547814 0.270464027731018 0.04 0.05 1.0 0.940936863543788 0.970468431771894 144.91 0.55 
0 -0.0 0.0 -0.0 -0.0 1.0 1.0 1.0 0.0 0.0 
1 0.030372534777978206 0.0658985378330168 -0.0 0.0 0.972457627118644 0.9978813559322034 0.985169491525424 0.13 0.01 
0 -0.0 0.0 -0.0 0.0 1.0 0.6935483870967744 0.846774193548387 0.0 0.0 
1 0.6822056867479602 0.602052179998817 0.05 0.2 0.9222462203023758 0.9546436285097192 0.938444924406048 472.98 0.93 
0 0.015413923028429881 0.00770696151421494 -0.0 0.0 0.9686192468619248 0.993723849372385 0.981171548117155 0.1 0.01 
1 -0.0 0.0 -0.0 -0.0 1.0 1.0 1.0 0.0 0.0 
0 0.3565581205895817 0.189577486578026 -0.01 0.0 1.0 0.9932885906040269 0.996644295302013 0.25 0.03 
1 0.017626642729371575 0.00881332136468579 0.18 0.25 0.9252336448598132 0.9275700934579442 0.926401869158878 413.58 1.81 
0 0.7086824798712817 1.03049264587313 0.07 0.65 0.9918367346938776 0.9959183673469388 0.993877551020408 483.82 0.43 
1 -0.0 0.0 -0.0 0.0 1.0 0.6153846153846154 0.807692307692308 0.0 0.0 
0 0.6829081047004717 0.880950156289028 0.16 0.68 1.0 1.0 1.0 7.0 0.47 
1 -0.0 0.0 0.0 0.0 1.0 1.0 1.0 0.0 0.0 
0 -0.0 0.0 -0.0 -0.0 1.0 1.0 1.0 0.0 0.0 
1 0.08627855491407438 0.0975485355458968 0.0 0.02 0.7084337349397591 0.9927710843373492 0.850602409638554 81.26 0.09 
0 0.5310355187960252 0.265517759398013 -0.0 0.13 0.6761658031088082 0.9507772020725388 0.813471502590674 82.42 0.35 
1 -0.0 0.0 -0.0 0.0 1.0 0.7580645161290323 0.879032258064516 0.0 0.0 
0 0.09503011725564632 0.0475150586278232 0.0 -0.0 1.0 1.0 1.0 0.0 0.0 
1 0.052275728348683194 0.0522757283486832 -0.0 0.0 1.0 1.0 1.0 0.02 0.0 
0 0.6668211267142973 0.890229456329584 -0.01 0.54 0.8835227272727273 0.9943181818181815 0.938920454545455 1081.61 1.32 
1 -0.0 0.0 0.12 0.12 0.9568034557235422 0.9676025917926566 0.962203023758099 343.37 1.04 
0 0.40018086939993297 0.209562658575836 -0.0 0.01 1.0 0.9285714285714286 0.964285714285714 3.66 0.19 
1 0.09165764788996307 0.0699766348366203 -0.0 0.0 1.0 0.9818181818181818 0.990909090909091 0.1 0.01 
0 0.3269974743901718 0.163498737195086 0.0 -0.0 1.0 0.9342403628117912 0.967120181405896 0.0 0.0 
1 -0.0 0.0 0.39 0.62 0.6935483870967744 0.6935483870967744 0.693548387096774 62.0 2.6 
0 0.4227090878059909 0.211354543902995 0.3 0.6 0.7083333333333334 0.8333333333333331 0.770833333333333 24.0 2.61 
1 -0.0 0.0 -0.06 0.16 0.6774193548387096 0.7580645161290323 0.717741935483871 20.64 1.46 
0 -0.0 0.0 -0.0 0.0 0.9585253456221196 0.9930875576036866 0.975806451612903 0.13 0.01 
1 -0.0 0.0 -0.0 -0.0 1.0 1.0 1.0 0.0 0.0 
0 -0.0 0.0 0.0 -0.0 1.0 0.981859410430839 0.99092970521542 0.0 0.0 
1 -0.0 0.0 0.19 0.69 0.5555555555555555 0.5555555555555555 0.555555555555556 9.0 1.98 
0 0.6688445335327875 0.538711756548182 0.0 0.05 1.0 0.9977426636568846 0.998871331828442 29.92 0.57 
1 0.7244657079537894 0.362232853976895 0.0 -0.0 1.0 0.3264462809917356 0.663223140495868 0.0 0.0 
0 0.7569085521415507 0.378454276070775 -0.0 0.0 1.0 0.9977728285077953 0.998886414253898 0.38 0.02 
1 -0.0 0.0 0.37 0.44 0.16 0.16 0.16 25.0 0.2 
0 0.10314030075388984 0.0515701503769449 -0.0 -0.0 1.0 1.0 1.0 0.0 0.0 
1 0.016424701198958662 0.00821235059947933 0.12 0.12 0.9728506787330315 0.9728506787330315 0.972850678733032 442.0 1.0 
0 -0.0 0.0 -0.06 0.18 0.6935483870967744 0.7580645161290323 0.725806451612903 22.68 1.48 
1 -0.0 0.0 0.0 0.0 1.0 1.0 1.0 0.0 0.0 
0 -0.0 0.0 -0.0 0.0 1.0 0.7580645161290323 0.879032258064516 0.0 0.0 
1 0.20297324940653716 0.101486624703269 0.0 -0.0 1.0 1.0 1.0 0.0 0.0 
0 -0.0 0.0 -0.0 -0.0 1.0 1.0 1.0 0.0 0.0 
1 0.022727473318271005 0.022727473318271 -0.0 0.0 1.0 1.0 1.0 0.0 0.0 
0 0.6316823763806962 0.315841188190348 0.0 -0.0 1.0 1.0 1.0 0.0 0.0 
1 -0.0 0.0 0.0 0.0 1.0 1.0 1.0 0.0 0.0 
0 0.6585232018543589 0.517813844725908 -0.04 0.14 0.8898488120950323 0.9935205183585314 0.941684665226782 420.69 0.36 
1 0.4811067080592432 0.300596867788392 0.04 0.05 0.9954853273137698 0.9954853273137698 0.99548532731377 895.47 0.16 
0 0.34883209584303193 0.348832095843032 0.22 0.35 1.0 1.0 1.0 9.0 2.16 
1 0.01652368182171168 0.00826184091085584 0.08 0.08 0.9838709677419354 0.9838709677419354 0.983870967741935 434.0 0.72 
0 0.923936856009666 0.892223910844763 0.11 0.51 0.7278617710583153 0.9287257019438444 0.82829373650108 567.17 0.18 
1 0.8156295932307395 0.487087993037894 -0.0 0.08 0.7484662576687117 0.9785276073619632 0.863496932515337 53.37 0.31 
0 0.6010115243783676 0.300505762189184 -0.01 0.01 0.985542168674699 0.9951807228915664 0.990361445783132 6.26 0.19 
1 -0.0 0.0 -0.06 0.16 0.6774193548387096 0.7580645161290323 0.717741935483871 20.64 1.46 
0 0.7225997729979543 0.928339721493054 -0.03 0.33 0.9591836734693876 0.981859410430839 0.970521541950113 235.16 0.45 
1 0.06894930739780505 0.15777508018186 0.26 0.3 0.9182389937106918 0.9266247379454928 0.922431865828092 1350.0 2.0 
0 0.7065442778104265 0.361500915724689 -0.04 0.03 1.0 0.903157894736842 0.951578947368421 24.46 0.05 
1 0.020830638321723566 0.0104153191608618 0.04 0.04 0.9850746268656718 0.9914712153518124 0.988272921108742 266.27 0.43 
0 0.6688445335327875 0.49130834968561 0.0 0.01 1.0 1.0 1.0 9.84 0.29 
1 0.6171448282578021 0.308572414128901 -0.01 0.0 1.0 0.9886363636363636 0.994318181818182 0.88 0.06 
0 0.050998061989367516 0.673762987888396 -0.0 0.01 1.0 0.5223097112860893 0.761154855643045 3.31 0.02 
1 -0.0 0.0 0.06 0.41 0.8571428571428571 0.8571428571428571 0.857142857142857 7.0 2.49 
0 1.0040272524081315 0.502013626204066 0.0 -0.0 1.0 0.7535211267605633 0.876760563380282 0.0 0.0 
