1 0.030372534777978206 0.0658985378330168 -0.0 0.0 0.972457627118644 0.9978813559322034 0.985169491525424 0.13 0.01 
0 0.6730116670092564 0.336505833504628 -0.05 0.15 0.5769230769230769 0.846153846153846 0.711538461538461 6.45 0.52 
1 0.3269547847215813 0.163477392360791 -0.01 0.01 0.9481865284974093 0.9870466321243522 0.967616580310881 3.79 0.05 
0 -0.0 0.0 -0.0 0.0 0.9966442953020132 0.9966442953020132 0.996644295302013 0.0 0.0 
1 -0.0 0.0 0.0 0.0 1.0 1.0 1.0 0.0 0.0 
0 0.9242647281309502 0.568537871729349 0.08 0.21 0.8607954545454547 0.9886363636363636 0.924715909090909 493.13 0.55 
1 0.8547011249697178 0.427350562484859 -0.02 0.0 0.9795918367346939 0.982142857142857 0.980867346938775 1.6 0.02 
0 0.40984977137281264 0.204924885686406 -0.02 0.0 0.6400911161731208 0.9954441913439636 0.817767653758542 1.5 0.05 
1 -0.0 0.0 0.0 0.0 1.0 1.0 1.0 0.0 0.0 
0 -0.0 0.0 0.0 -0.0 1.0 0.984126984126984 0.992063492063492 0.0 0.0 
1 -0.0 0.0 0.39 0.62 0.6935483870967744 0.6935483870967744 0.693548387096774 62.0 2.6 
0 0.30536636643813125 0.163063044928324 -0.04 0.0 0.8471502590673574 0.8989637305699482 0.873056994818653 1.11 0.04 
1 -0.0 0.0 0.37 0.44 0.16 0.16 0.16 25.0 0.2 
0 0.25095480435761963 0.12547740217881 -0.03 0.01 0.940340909090909 0.9886363636363636 0.964488636363636 1.93 0.15 
1 0.666278442414676 0.666278442414676 0.25 0.67 1.0 1.0 1.0 26.0 0.9 
0 0.552705677980449 0.276352838990225 -0.0 0.0 1.0 1.0 1.0 0.0 0.0 
1 -0.0 0.0 0.31 0.55 0.7580645161290323 0.7580645161290323 0.758064516129032 62.0 2.49 
0 0.014654633616741741 0.00732731680837087 -0.0 -0.0 1.0 1.0 1.0 0.0 0.0 
1 0.05839899951927197 0.0572755995239375 -0.0 0.0 1.0 0.9972972972972972 0.998648648648649 0.03 0.0 
0 0.022596852566469688 0.0112984262832349 -0.0 0.0 0.9932885906040269 0.9966442953020132 0.99496644295302 0.01 0.0 
1 0.042617471413436414 0.0310799043211172 0.0 0.01 0.837708830548926 0.9928400954653938 0.91527446300716 10.42 0.09 
0 0.8519175190106516 0.730477408241418 0.01 0.17 1.0 0.9138461538461538 0.956923076923077 192.93 0.78 
1 -0.0 0.0 -0.0 0.0 1.0 0.7580645161290323 0.879032258064516 0.0 0.0 
0 -0.0 0.0 -0.0 0.0 1.0 0.625 0.8125 0.0 0.0 
1 -0.0 0.0 -0.1 0.14 0.6774193548387096 0.8064516129032256 0.741935483870968 17.76 1.34 
0 -0.0 0.0 0.33 0.55 0.6774193548387096 0.6935483870967744 0.685483870967742 57.53 2.49 
1 -0.0 0.0 -0.0 -0.0 1.0 0.9936034115138594 0.99680170575693 0.0 0.0 
0 0.014654633616741741 0.00732731680837087 -0.0 -0.0 1.0 1.0 1.0 0.0 0.0 
1 0.09503011725564632 0.0475150586278232 0.0 -0.0 1.0 1.0 1.0 0.0 0.0 
0 0.6688445335327875 0.49130834968561 0.0 0.01 1.0 1.0 1.0 9.84 0.29 
1 0.016424701198958662 0.00821235059947933 0.12 0.12 0.9728506787330315 0.9728506787330315 0.972850678733032 442.0 1.0 
0 0.3525425103487513 0.176271255174376 -0.06 0.19 1.0 0.7580645161290323 0.879032258064516 24.72 1.5 
1 0.6846162778013049 0.342308138900652 0.15 0.36 0.8846153846153846 0.8846153846153846 0.884615384615385 26.0 0.82 
0 1.181590243162987 0.590795121581493 -0.02 0.01 0.9676025917926566 0.9913606911447084 0.979481641468682 11.08 0.03 
1 -0.0 0.0 -0.0 -0.0 1.0 1.0 1.0 0.0 0.0 
0 0.666278442414676 0.485457269881957 -0.2 0.08 1.0 0.42307692307692313 0.711538461538462 3.47 0.31 
1 0.6171448282578021 0.308572414128901 -0.01 0.0 1.0 0.9886363636363636 0.994318181818182 0.88 0.06 
0 0.8177953417758714 0.50683988116625 0.05 0.07 0.989795918367347 0.9948979591836736 0.99234693877551 226.76 0.1 
1 0.04915006684960595 0.024575033424803 0.0 0.01 0.868995633187773 0.9956331877729256 0.932314410480349 13.32 0.14 
0 0.03946489920438848 0.0707864363268189 -0.0 0.0 1.0 0.9642105263157896 0.982105263157895 0.45 0.04 
1 -0.0 0.0 0.06 0.41 0.8571428571428571 0.8571428571428571 0.857142857142857 7.0 2.49 
0 -0.0 0.0 -0.0 0.0 0.9917864476386036 0.9979466119096508 0.994866529774127 0.01 0.0 
1 0.02133050528737909 0.0106652526436895 0.1 0.1 0.980392156862745 0.980392156862745 0.980392156862745 459.0 0.82 
0 -0.0 0.0 0.0 0.0 1.0 1.0 1.0 0.0 0.0 
1 -0.0 0.0 0.3 0.5 0.8008658008658008 0.8008658008658008 0.800865800865801 462.0 2.56 
0 0.048964887966297055 0.161406980212076 -0.04 0.0 0.9229024943310656 0.981859410430839 0.952380952380952 1.67 0.09 
1 0.05839899951927197 0.0572107346922477 0.0 0.0 1.0 1.0 1.0 0.02 0.0 
0 0.7134161640307438 0.468406004869405 -0.06 0.04 0.9676025917926566 0.9913606911447084 0.979481641468682 51.63 0.18 
1 -0.0 0.0 0.0 0.0 1.0 1.0 1.0 0.0 0.0 
0 0.6829081047004717 0.341454052350236 -0.1 0.33 1.0 0.28571428571428564 0.642857142857143 3.73 0.47 
1 0.05602246986522343 0.0541490991069533 0.0 0.0 1.0 1.0 1.0 0.02 0.0 
0 -0.0 0.0 -0.0 0.0 1.0 0.625 0.8125 0.0 0.0 
1 -0.0 0.0 -0.0 -0.0 1.0 1.0 1.0 0.0 0.0 
0 0.6730116670092564 0.669645054711966 0.2 0.67 1.0 0.9615384615384615 0.980769230769231 26.0 0.55 
1 0.7865364435085352 0.401480572353747 0.08 0.13 0.9728506787330315 0.9728506787330315 0.972850678733032 442.51 0.33 
0 0.015529324822425987 0.007764662411213 0.07 0.09 0.96 0.9663157894736842 0.963157894736842 282.74 1.01 
1 0.6895519477750732 0.344775973887537 0.0 -0.0 1.0 1.0 1.0 0.0 0.0 
0 -0.0 0.0 -0.01 0.0 0.984126984126984 0.984126984126984 0.984126984126984 0.0 0.72 
1 0.5235346720440665 0.340972621087929 0.32 0.39 0.8666666666666668 0.9 0.883333333333333 30.0 1.75 
0 0.7453785846192588 0.74480433665179 0.36 0.94 0.7270788912579956 0.7505330490405117 0.738805970149254 846.5 0.41 
1 -0.0 0.0 0.11 0.46 0.5384615384615384 0.6153846153846154 0.576923076923077 18.96 1.68 
0 0.04131357294242817 0.0206567864712141 0.0 -0.0 1.0 0.8892307692307693 0.944615384615385 0.0 0.0 
1 0.02253214392080778 0.0197499575531257 -0.0 0.01 0.7156626506024096 0.9975903614457832 0.856626506024096 5.06 0.1 
0 0.4674331568190166 0.233716578409508 -0.01 0.0 1.0 0.9888641425389754 0.994432071269488 0.98 0.06 
1 0.9277980308365658 1.27664305854078 0.26 0.8 0.7871396895787139 0.7871396895787139 0.787139689578714 1253.58 1.13 
0 0.4695240172949409 0.23476200864747 0.0 -0.0 1.0 1.0 1.0 0.0 0.0 
1 -0.0 0.0 0.0 0.0 1.0 1.0 1.0 0.0 0.0 
0 0.04667886203059532 0.525353057219364 -0.01 0.01 0.7535211267605633 0.9929577464788734 0.873239436619718 16.68 0.0 
1 -0.0 0.0 0.19 0.69 0.5555555555555555 0.5555555555555555 0.555555555555556 9.0 1.98 
0 0.9743147528693494 0.487157376434675 0.0 0.22 1.0 0.75 0.875 2.67 0.86 
1 -0.0 0.0 0.3 0.36 0.8846153846153846 0.8846153846153846 0.884615384615385 26.0 2.14 
0 0.8403742290585 0.427767537108328 -0.0 0.0 1.0 0.6038135593220338 0.801906779661017 1.53 0.01 
1 0.08627855491407438 0.0975485355458968 0.0 0.02 0.7084337349397591 0.9927710843373492 0.850602409638554 81.26 0.09 
0 0.1725612331626618 0.0940891642961089 0.11 0.14 0.9578947368421052 0.96 0.958947368421053 402.18 1.04 
1 0.8720635602136072 0.444515665699525 -0.01 0.0 0.2385542168674699 0.9975903614457832 0.618072289156626 0.63 0.0 
0 0.7558148632822626 0.377907431641131 -0.0 0.0 0.9897330595482546 0.9979466119096508 0.993839835728953 0.33 0.02 
1 0.10434878616952079 0.0521743930847604 0.01 0.01 0.9979591836734693 0.9979591836734693 0.997959183673469 490.0 0.11 
0 0.016897794165734926 0.00844889708286746 -0.0 -0.0 1.0 0.97423887587822 0.98711943793911 0.0 0.0 
1 0.0947607483566568 0.232756230915289 0.02 0.03 0.9678111587982832 0.9806866952789698 0.974248927038627 84.69 0.27 
0 0.2035083444071568 0.101754172203578 -0.0 -0.0 1.0 1.0 1.0 0.0 0.0 
1 -0.0 0.0 0.47 0.64 0.33333333333333326 0.33333333333333326 0.333333333333333 30.0 0.94 
0 0.1461447460085638 0.0730723730042819 0.0 0.0 1.0 0.9677419354838708 0.983870967741935 0.0 0.0 
1 0.06894930739780505 0.15777508018186 0.26 0.3 0.9182389937106918 0.9266247379454928 0.922431865828092 1350.0 2.0 
0 0.7065442778104265 0.361600967762635 -0.04 0.02 1.0 0.8905263157894738 0.945263157894737 14.94 0.04 
1 0.030372534777978206 0.0228364363705995 -0.0 0.0 0.9894067796610168 0.9978813559322034 0.99364406779661 0.04 0.0 
0 0.5623351446188082 0.281167572309404 0.0 0.0 1.0 1.0 1.0 0.0 0.0 
1 0.8156295932307395 0.487087993037894 -0.0 0.08 0.7484662576687117 0.9785276073619632 0.863496932515337 53.37 0.31 
0 -0.0 0.0 0.0 -0.0 1.0 0.984126984126984 0.992063492063492 0.0 0.0 
1 -0.0 0.0 -0.0 -0.0 1.0 0.9958677685950412 0.997933884297521 0.0 0.0 
0 1.526337301402109 1.29359666887543 0.08 0.33 0.8610478359908883 0.988610478359909 0.924829157175399 319.14 0.02 
1 0.07093518297335139 0.0616054556610173 0.0 0.0 1.0 1.0 1.0 0.03 0.0 
0 -0.0 0.0 0.01 0.01 0.9979591836734693 0.9979591836734693 0.997959183673469 490.0 0.16 
1 0.09503011725564632 0.189490815924107 0.0 0.0 1.0 1.0 1.0 0.06 0.04 
0 0.3724807184521906 0.262243014644197 0.1 0.27 0.919354838709677 0.919354838709677 0.919354838709677 56.33 1.82 
1 0.16245281571443987 0.14550577947865 -0.01 0.02 0.916083916083916 0.9976689976689976 0.956876456876457 46.4 0.05 
0 0.6829081047004717 0.677959885854864 0.01 0.63 0.8076923076923077 0.9615384615384615 0.884615384615385 27.04 0.3 
1 0.6171448282578021 0.580437337832493 0.03 0.32 1.0 0.8835227272727273 0.941761363636364 378.52 1.7 
0 -0.0 0.0 0.0 0.0 1.0 0.9979466119096508 0.998973305954825 0.0 0.0 
1 0.0947607483566568 0.0769695270739669 0.09 0.1 0.9806866952789698 0.982832618025751 0.981759656652361 445.71 0.81 
0 0.01789792517672371 0.00894896258836186 -0.0 0.0 1.0 0.9948586118251928 0.997429305912596 0.01 0.0 
1 0.0707680768797802 0.351225226630238 -0.0 0.0 1.0 0.997695852534562 0.998847926267281 3.17 0.0 
0 0.5858113340839818 0.542517066027033 -0.01 0.3 1.0 0.877840909090909 0.938920454545455 247.86 1.59 
1 0.6601647680850746 0.591011175434611 0.13 0.3 0.8594470046082949 0.919354838709677 0.889400921658986 970.62 1.21 
0 0.6759010305740114 0.337950515287006 -0.12 0.2 0.33333333333333326 0.9 0.616666666666667 9.0 0.09 
1 0.09699169411326156 0.0746337112309724 -0.0 0.0 1.0 1.0 1.0 0.05 0.01 
0 0.09962338946616205 0.231919023384064 -0.06 0.22 0.7903225806451613 0.9516129032258066 0.870967741935484 30.74 1.61 
1 -0.0 0.0 0.07 0.08 0.9854771784232365 0.9854771784232365 0.985477178423237 482.0 0.65 
0 -0.0 0.0 0.33 0.55 0.6774193548387096 0.6935483870967744 0.685483870967742 57.53 2.48 
1 0.022727473318271005 0.022727473318271 -0.0 0.0 1.0 1.0 1.0 0.0 0.0 
0 -0.0 0.0 -0.06 0.16 0.6774193548387096 0.7580645161290323 0.717741935483871 20.64 1.46 
1 -0.0 0.0 0.0 0.0 1.0 1.0 1.0 0.0 0.0 
0 0.01607235879964646 0.00803617939982323 -0.0 -0.0 1.0 1.0 1.0 0.0 0.0 
1 -0.0 0.0 0.0 0.0 1.0 1.0 1.0 0.0 0.0 
0 0.0 0.0 0.0 0.0 0.0 0.0 0.0 0.0 0.0 
1 -0.0 0.0 0.39 0.62 0.6935483870967744 0.6935483870967744 0.693548387096774 62.0 2.6 
0 0.25095314470125835 0.125476572350629 -0.0 -0.0 1.0 0.9966442953020132 0.998322147651007 0.0 0.0 
1 -0.0 0.0 -0.0 0.0 1.0 0.6153846153846154 0.807692307692308 0.0 0.0 
0 0.16403524764720048 0.0893707314891182 0.01 0.01 0.9959183673469388 0.9979591836734693 0.996938775510204 244.53 0.09 
1 0.3742549310896416 0.187127465544821 -0.03 0.02 0.7660668380462725 0.9974293059125964 0.881748071979434 15.62 0.69 
0 0.15642858719077946 0.134490828177737 0.0 0.01 1.0 0.9113475177304966 0.955673758865248 11.24 0.14 
1 0.08958725315521794 0.073993126337245 0.0 0.0 1.0 1.0 1.0 0.04 0.01 
0 0.09125460025639655 0.0852067412629104 -0.01 0.01 0.8724373576309796 0.9749430523917996 0.92369020501139 6.32 0.08 
1 0.09908391604753189 0.0495419580237659 0.04 0.04 0.9850746268656718 0.9914712153518124 0.988272921108742 266.27 0.37 
0 -0.0 0.0 -0.04 0.02 0.6153846153846154 0.9615384615384615 0.788461538461539 0.65 0.31 
1 0.09165764788996307 0.0699766348366203 -0.0 0.0 1.0 0.9818181818181818 0.990909090909091 0.1 0.01 
0 -0.0 0.0 -0.0 -0.0 1.0 0.9979591836734693 0.998979591836735 0.0 0.0 
1 0.1725612331626618 0.0862806165813309 -0.07 0.05 0.4568421052631578 0.9578947368421052 0.707368421052632 33.9 0.06 
0 0.7558148632822626 0.377907431641131 -0.0 0.0 0.9897330595482546 0.9979466119096508 0.993839835728953 0.33 0.02 
1 -0.0 0.0 0.12 0.12 0.9568034557235422 0.9676025917926566 0.962203023758099 343.37 1.04 
0 -0.0 0.0 0.0 0.0 1.0 1.0 1.0 0.0 0.0 
1 -0.0 0.0 0.31 0.55 0.7580645161290323 0.7580645161290323 0.758064516129032 62.0 2.49 
0 0.4227090878059909 0.211354543902995 -0.0 0.0 1.0 0.8333333333333331 0.916666666666667 0.0 0.0 
1 1.7983316181241153 0.899165809062058 0.0 -0.0 1.0 0.9628099173553722 0.981404958677686 0.0 0.0 
0 0.6524237910227594 0.337985179060609 -0.0 0.0 1.0 1.0 1.0 0.27 0.02 
1 0.08958725315521794 0.0709314907519506 0.0 0.0 1.0 1.0 1.0 0.04 0.01 
0 0.6791932659915256 0.672735854203101 0.16 0.67 1.0 0.9230769230769232 0.961538461538462 26.0 0.52 
1 -0.0 0.0 0.0 0.0 1.0 1.0 1.0 0.0 0.0 
0 -0.0 0.0 0.33 0.55 0.6774193548387096 0.6935483870967744 0.685483870967742 57.53 2.59 
1 0.01652368182171168 0.00826184091085584 0.08 0.08 0.9838709677419354 0.9838709677419354 0.983870967741935 434.0 0.72 
0 0.3724807184521906 0.186240359226095 -0.02 0.27 0.6774193548387096 0.919354838709677 0.798387096774194 31.25 1.84 
1 0.08807751896196665 0.451853556096353 -0.01 0.04 0.7484662576687117 0.9846625766871167 0.866564417177914 30.7 0.2 
0 0.3615394778944647 0.180769738947232 -0.04 0.12 1.0 0.6774193548387096 0.838709677419355 13.95 1.18 
1 0.6822056867479602 0.602052179998817 0.05 0.2 0.9222462203023758 0.9546436285097192 0.938444924406048 472.98 0.93 
0 0.666278442414676 0.666278442414676 0.25 0.67 1.0 1.0 1.0 26.0 0.54 
1 -0.0 0.0 0.33 0.55 0.6774193548387096 0.6935483870967744 0.685483870967742 57.53 2.49 
0 -0.0 0.0 0.02 0.02 0.9966442953020132 0.9966442953020132 0.996644295302013 298.0 0.23 
1 0.056152199528602974 0.0560873346969132 -0.0 0.0 1.0 0.9972972972972972 0.998648648648649 0.03 0.0 
0 -0.0 0.0 -0.0 -0.0 1.0 0.9966442953020132 0.998322147651007 0.0 0.0 
1 -0.0 0.0 -0.06 0.16 0.6774193548387096 0.7580645161290323 0.717741935483871 20.64 1.46 
0 0.6622618696488148 0.958309934328693 0.03 0.52 0.8723404255319149 0.918439716312057 0.895390070921986 706.69 0.85 
1 0.01475818629482802 0.00737909314741401 0.01 0.01 1.0 0.9979466119096508 0.998973305954825 487.0 0.19 
0 0.050468069137818976 0.0334137420767108 0.03 0.03 0.9631336405529952 0.9953917050691244 0.97926267281106 486.49 0.29 
1 0.052275728348683194 0.0522757283486832 -0.0 0.0 1.0 1.0 1.0 0.02 0.0 
0 0.9242647281309502 0.586587503741868 -0.0 0.29 0.8607954545454547 0.875 0.867897727272727 269.19 1.44 
1 1.6284102630552857 1.62546092371276 -0.02 0.51 0.7700348432055749 0.9895470383275262 0.879790940766551 325.24 0.19 
0 -0.0 0.0 -0.0 -0.0 1.0 0.9931972789115646 0.996598639455782 0.0 0.0 
1 0.09699169411326156 0.0765719468209323 -0.0 0.0 1.0 0.9972972972972972 0.998648648648649 0.07 0.01 
0 0.744230088684321 0.379737150857988 -0.0 0.0 1.0 0.7505330490405117 0.875266524520256 1.55 0.01 
1 0.022727473318271005 0.0113637366591355 -0.0 -0.0 1.0 1.0 1.0 0.0 0.0 
0 -0.0 0.0 0.33 0.55 0.6774193548387096 0.6935483870967744 0.685483870967742 57.53 2.29 
1 0.4811067080592432 0.300596867788392 0.04 0.05 0.9954853273137698 0.9954853273137698 0.99548532731377 895.47 0.16 
0 -0.0 0.0 0.0 0.32 0.6666666666666665 0.7777777777777779 0.722222222222222 5.14 1.97 
1 0.5235346720440665 0.340972621087929 0.32 0.39 0.8666666666666668 0.9 0.883333333333333 30.0 1.75 
0 0.1527320203489409 0.0763660101744704 -0.0 0.0 1.0 0.9976580796252928 0.998829039812646 0.03 0.0 
1 -0.0 0.0 0.33 0.55 0.6774193548387096 0.6935483870967744 0.685483870967742 57.53 2.59 
0 0.19643645103383003 0.820911537282575 -0.01 0.06 1.0 0.9976525821596244 0.998826291079812 55.01 0.0 
1 0.8127245415610106 0.428086422879458 0.41 0.59 0.3391521197007481 0.3640897755610973 0.351620947630923 772.17 0.33 
0 -0.0 0.0 -0.0 -0.0 1.0 1.0 1.0 0.0 0.0 
1 0.0251440699125892 0.0125720349562946 0.53 0.63 0.6761658031088082 0.6761658031088082 0.676165803108808 386.0 2.33 
0 -0.0 0.0 -0.0 -0.0 1.0 1.0 1.0 0.0 0.0 
1 -0.0 0.0 0.0 0.0 1.0 0.982142857142857 0.991071428571429 0.0 0.0 
0 0.666278442414676 0.333139221207338 -0.04 0.02 1.0 0.9615384615384615 0.980769230769231 0.65 0.11 
1 -0.0 0.0 0.0 0.0 1.0 1.0 1.0 0.0 0.0 
0 -0.0 0.0 -0.04 0.0 0.2333333333333333 0.8666666666666668 0.55 0.01 0.01 
1 0.7865364435085352 0.393268221754268 0.09 0.12 0.9728506787330315 0.9728506787330315 0.972850678733032 442.0 0.36 
0 0.3767701612564368 0.362801128549734 0.17 0.35 1.0 0.8888888888888888 0.944444444444444 9.0 1.66 
1 0.43686973210547814 0.270464027731018 0.04 0.05 1.0 0.940936863543788 0.970468431771894 144.91 0.55 
0 0.6278424309643411 0.328970194611046 0.0 0.01 0.9834710743801652 0.987603305785124 0.985537190082645 69.55 0.02 
1 0.04131357294242817 0.0206567864712141 0.29 0.33 0.886153846153846 0.8892307692307693 0.887692307692308 315.12 2.04 
0 0.0752483101127402 0.0376241550563701 0.0 0.0 1.0 1.0 1.0 0.0 0.0 
1 0.08958725315521794 0.0728697263419105 -0.0 0.0 1.0 0.9972972972972972 0.998648648648649 0.06 0.01 
0 -0.0 0.0 0.0 0.0 1.0 0.125 0.5625 0.0 0.0 
1 0.7244657079537894 0.362232853976895 0.0 -0.0 1.0 0.3264462809917356 0.663223140495868 0.0 0.0 
0 0.6585232018543589 0.347212713230617 -0.01 0.0 0.9935205183585314 0.9956803455723539 0.994600431965443 0.73 0.05 
1 0.20297324940653716 0.101486624703269 0.0 -0.0 1.0 1.0 1.0 0.0 0.0 
0 0.9428478132784428 0.489199617148475 -0.01 0.03 0.8826530612244897 0.9795918367346939 0.931122448979592 37.81 0.07 
1 0.05602246986522343 0.0448156896337921 0.0 0.0 1.0 1.0 1.0 0.02 0.0 
0 0.2489102793527851 0.235146644634174 -0.03 0.08 0.875 0.9488636363636364 0.911931818181818 104.4 0.51 
1 0.5297061990576545 0.439269147450343 -0.1 0.03 1.0 1.0 1.0 0.32 0.45 
0 0.7418244740179352 0.370912237008968 -0.06 0.03 0.7726315789473683 0.9663157894736842 0.869473684210526 19.52 0.17 
1 0.8156295932307395 0.74694740234885 0.07 0.48 0.7484662576687117 0.8558282208588956 0.802147239263804 285.8 0.83 
0 0.43686973210547814 0.351197713914179 -0.0 0.03 1.0 0.940936863543788 0.970468431771894 69.15 0.05 
1 -0.0 0.0 -0.0 -0.0 1.0 1.0 1.0 0.0 0.0 
0 0.015529324822425987 0.007764662411213 -0.06 0.03 0.4568421052631578 0.9663157894736842 0.711578947368421 20.96 0.3 
1 -0.0 0.0 -0.06 0.16 0.6774193548387096 0.7580645161290323 0.717741935483871 20.64 1.46 
0 0.01607235879964646 0.00803617939982323 -0.0 0.0 1.0 0.9977324263038548 0.998866213151927 0.0 0.0 
1 0.020830638321723566 0.0104153191608618 0.04 0.04 0.9850746268656718 0.9914712153518124 0.988272921108742 266.27 0.43 
0 0.905891303418349 0.467555478221847 -0.01 0.0 0.990888382687927 0.9954441913439636 0.993166287015945 1.43 0.06 
1 -0.0 0.0 0.33 0.55 0.6774193548387096 0.6935483870967744 0.685483870967742 57.53 2.39 
0 0.3525425103487513 0.176271255174376 -0.08 0.15 1.0 0.6935483870967744 0.846774193548387 17.86 1.21 
