1 0.8156295932307395 0.487087993037894 -0.0 0.08 0.7484662576687117 0.9785276073619632 0.863496932515337 53.37 0.31 
0 1.078992207877583 0.539496103938792 -0.0 0.0 1.0 1.0 1.0 0.0 0.0 
1 0.08958725315521794 0.073993126337245 0.0 0.0 1.0 1.0 1.0 0.04 0.01 
0 0.4459524223135379 0.29897886657487 0.15 0.34 0.919354838709677 0.919354838709677 0.919354838709677 102.36 1.76 
1 0.017626642729371575 0.00881332136468579 0.18 0.25 0.9252336448598132 0.9275700934579442 0.926401869158878 413.58 1.81 
0 0.5741700628454277 0.462723339093423 0.3 0.43 0.8045267489711933 0.839506172839506 0.82201646090535 633.28 1.96 
1 0.09699169411326156 0.0765719468209323 -0.0 0.0 1.0 0.9972972972972972 0.998648648648649 0.07 0.01 
0 -0.0 0.0 0.42 0.63 0.6774193548387096 0.6774193548387096 0.67741935483871 62.0 2.56 
1 -0.0 0.0 -0.0 -0.0 1.0 1.0 1.0 0.0 0.0 
0 -0.0 0.0 -0.0 0.0 1.0 0.7083333333333334 0.854166666666667 0.0 0.0 
1 0.09165764788996307 0.0699766348366203 -0.0 0.0 1.0 0.9818181818181818 0.990909090909091 0.1 0.01 
0 0.6171448282578021 0.318488492012046 0.01 0.04 1.0 0.9801136363636364 0.990056818181818 91.92 0.25 
1 0.8547011249697178 0.427350562484859 -0.02 0.0 0.9795918367346939 0.982142857142857 0.980867346938775 1.6 0.02 
0 0.1040583233565584 0.0520291616782792 -0.0 -0.0 1.0 1.0 1.0 0.0 0.0 
1 -0.0 0.0 0.31 0.55 0.7580645161290323 0.7580645161290323 0.758064516129032 62.0 2.49 
0 -0.0 0.0 -0.0 -0.0 1.0 1.0 1.0 0.0 0.0 
1 0.6171448282578021 0.308572414128901 -0.01 0.0 1.0 0.9886363636363636 0.994318181818182 0.88 0.06 
0 0.4629606652814273 0.761908350815087 0.07 0.19 0.8724373576309796 0.988610478359909 0.930523917995444 386.81 0.44 
1 0.5235346720440665 0.340972621087929 0.32 0.39 0.8666666666666668 0.9 0.883333333333333 30.0 1.75 
0 0.6090372974721847 0.304518648736092 -0.06 0.01 1.0 0.886153846153846 0.943076923076923 5.09 0.15 
1 0.6171448282578021 0.580437337832493 0.03 0.32 1.0 0.8835227272727273 0.941761363636364 378.52 1.7 
0 0.022596852566469688 0.0112984262832349 -0.0 -0.0 1.0 0.9932885906040269 0.996644295302013 0.0 0.0 
1 0.09503011725564632 0.189490815924107 0.0 0.0 1.0 1.0 1.0 0.06 0.04 
0 0.40984977137281264 0.213088375413453 0.0 0.02 0.6400911161731208 0.9863325740318906 0.813211845102506 59.03 0.05 
1 0.7865364435085352 0.393268221754268 0.09 0.12 0.9728506787330315 0.9728506787330315 0.972850678733032 442.0 0.36 
0 0.07796325840722416 0.0734562829025146 0.22 0.25 0.9182389937106918 0.9266247379454928 0.922431865828092 878.47 1.89 
1 -0.0 0.0 0.0 0.0 1.0 1.0 1.0 0.0 0.0 
0 1.60806707347725 0.877375552674196 0.0 0.04 0.988610478359909 0.9931662870159452 0.990888382687927 33.19 0.07 
1 0.6822056867479602 0.602052179998817 0.05 0.2 0.9222462203023758 0.9546436285097192 0.938444924406048 472.98 0.93 
0 -0.0 0.0 0.0 -0.0 1.0 0.5555555555555555 0.777777777777778 0.0 0.0 
1 0.8127245415610106 0.428086422879458 0.41 0.59 0.3391521197007481 0.3640897755610973 0.351620947630923 772.17 0.33 
0 -0.0 0.0 0.0 0.0 1.0 1.0 1.0 0.0 0.0 
1 0.052275728348683194 0.0522757283486832 -0.0 0.0 1.0 1.0 1.0 0.02 0.0 
0 -0.0 0.0 -0.06 0.16 0.6774193548387096 0.7580645161290323 0.717741935483871 20.64 1.46 
1 0.09699169411326156 0.0746337112309724 -0.0 0.0 1.0 1.0 1.0 0.05 0.01 
0 0.6829081047004717 0.640588846642864 -0.1 0.33 1.0 1.0 1.0 3.73 0.77 
1 0.0947607483566568 0.0769695270739669 0.09 0.1 0.9806866952789698 0.982832618025751 0.981759656652361 445.71 0.81 
0 0.666278442414676 0.333139221207338 -0.0 0.0 1.0 1.0 1.0 0.0 0.0 
1 0.056152199528602974 0.0560873346969132 -0.0 0.0 1.0 0.9972972972972972 0.998648648648649 0.03 0.0 
0 0.3724807184521906 0.362511614400471 0.04 0.35 1.0 0.919354838709677 0.959677419354839 62.0 1.7 
1 0.9277980308365658 1.27664305854078 0.26 0.8 0.7871396895787139 0.7871396895787139 0.787139689578714 1253.58 1.13 
0 0.6730116670092564 0.510921881426144 -0.2 0.1 1.0 0.5555555555555555 0.777777777777778 1.41 0.42 
1 -0.0 0.0 0.0 0.0 1.0 1.0 1.0 0.0 0.0 
0 0.6365141682948128 0.318257084147406 -0.03 0.14 0.375 0.75 0.5625 1.6 0.61 
1 0.1725612331626618 0.0862806165813309 -0.07 0.05 0.4568421052631578 0.9578947368421052 0.707368421052632 33.9 0.06 
0 -0.0 0.0 0.0 0.0 1.0 1.0 1.0 0.0 0.0 
1 0.08807751896196665 0.451853556096353 -0.01 0.04 0.7484662576687117 0.9846625766871167 0.866564417177914 30.7 0.2 
0 0.6594925819492878 0.379789490470354 -0.05 0.03 0.7381615598885793 0.9498607242339832 0.844011142061281 17.08 0.06 
1 0.04915006684960595 0.024575033424803 0.0 0.01 0.868995633187773 0.9956331877729256 0.932314410480349 13.32 0.14 
0 0.6895519477750732 0.373349352904483 -0.01 0.0 1.0 0.9782082324455202 0.98910411622276 2.99 0.0 
1 0.08958725315521794 0.0709314907519506 0.0 0.0 1.0 1.0 1.0 0.04 0.01 
0 0.3754642400039305 0.357665885558936 -0.12 0.07 0.7668997668997669 0.7855477855477856 0.776223776223776 51.38 0.62 
1 0.6846162778013049 0.342308138900652 0.15 0.36 0.8846153846153846 0.8846153846153846 0.884615384615385 26.0 0.82 
0 0.021722254678851236 0.0108611273394256 0.02 0.02 0.9402985074626864 0.9914712153518124 0.965884861407249 63.54 0.32 
1 -0.0 0.0 0.37 0.44 0.16 0.16 0.16 25.0 0.2 
0 0.7134161640307438 0.548768322908616 0.06 0.2 0.6263498920086392 0.9913606911447084 0.808855291576674 161.56 0.36 
1 -0.0 0.0 0.0 0.0 1.0 1.0 1.0 0.0 0.0 
0 -0.0 0.0 0.0 0.0 1.0 0.9979466119096508 0.998973305954825 0.0 0.0 
1 -0.0 0.0 0.0 0.0 1.0 1.0 1.0 0.0 0.0 
0 0.08864403483661465 0.0443220174183073 -0.0 -0.0 1.0 0.9225352112676058 0.961267605633803 0.0 0.0 
1 -0.0 0.0 0.3 0.36 0.8846153846153846 0.8846153846153846 0.884615384615385 26.0 2.14 
0 0.5235346720440665 0.397362022542955 0.02 0.08 0.43333333333333324 0.8666666666666668 0.65 3.57 0.47 
1 -0.0 0.0 0.33 0.55 0.6774193548387096 0.6935483870967744 0.685483870967742 57.53 2.39 
0 0.5858113340839818 0.302895940904172 0.0 0.03 1.0 0.971590909090909 0.985795454545455 46.91 0.18 
1 1.7983316181241153 0.899165809062058 0.0 -0.0 1.0 0.9628099173553722 0.981404958677686 0.0 0.0 
0 0.8311930354637374 0.415596517731869 -0.1 0.22 0.4568421052631578 0.9684210526315788 0.712631578947368 161.12 0.8 
1 0.09503011725564632 0.0475150586278232 0.0 -0.0 1.0 1.0 1.0 0.0 0.0 
0 0.022083380117043378 0.0110416900585217 -0.0 0.0 0.981859410430839 0.9977324263038548 0.989795918367347 0.02 0.0 
1 0.0251440699125892 0.0125720349562946 0.53 0.63 0.6761658031088082 0.6761658031088082 0.676165803108808 386.0 2.33 
0 0.6598647842746548 0.524423606020958 0.04 0.25 0.7791411042944787 0.9907975460122702 0.884969325153374 197.3 1.75 
1 -0.0 0.0 0.07 0.08 0.9854771784232365 0.9854771784232365 0.985477178423237 482.0 0.65 
0 0.6615632381579821 0.330781619078991 -0.16 0.06 1.0 0.125 0.5625 0.69 0.04 
1 0.05602246986522343 0.0448156896337921 0.0 0.0 1.0 1.0 1.0 0.02 0.0 
0 0.09962338946616205 0.231919023384064 -0.06 0.22 0.7903225806451613 0.9516129032258066 0.870967741935484 30.74 1.61 
1 -0.0 0.0 0.0 0.0 1.0 0.982142857142857 0.991071428571429 0.0 0.0 
0 0.019980547724361777 0.582180475879348 -0.01 0.02 0.971590909090909 0.9971590909090908 0.984375 19.61 0.09 
1 0.666278442414676 0.666278442414676 0.25 0.67 1.0 1.0 1.0 26.0 0.9 
0 -0.0 0.0 0.39 0.62 0.6935483870967744 0.6935483870967744 0.693548387096774 62.0 2.5 
1 0.042617471413436414 0.0310799043211172 0.0 0.01 0.837708830548926 0.9928400954653938 0.91527446300716 10.42 0.09 
0 0.016359415015602636 0.00817970750780132 -0.0 0.0 0.988479262672811 0.9953917050691244 0.991935483870968 0.04 0.0 
1 0.05839899951927197 0.0572107346922477 0.0 0.0 1.0 1.0 1.0 0.02 0.0 
0 0.16066044793984147 0.0803302239699207 -0.01 0.0 0.8040089086859687 0.9888641425389754 0.896436525612472 1.41 0.07 
1 -0.0 0.0 -0.0 -0.0 1.0 1.0 1.0 0.0 0.0 
0 0.06586093594147825 0.242748355440482 -0.02 0.01 0.9624413145539906 0.9976525821596244 0.980046948356808 3.91 0.19 
1 0.022727473318271005 0.022727473318271 -0.0 0.0 1.0 1.0 1.0 0.0 0.0 
0 0.8605892830185917 0.430294641509296 0.0 -0.0 1.0 0.9765807962529272 0.988290398126464 0.0 0.0 
1 -0.0 0.0 0.0 0.0 1.0 1.0 1.0 0.0 0.0 
0 -0.0 0.0 -0.0 -0.0 1.0 0.9922879177377892 0.996143958868895 0.0 0.0 
1 -0.0 0.0 -0.0 -0.0 1.0 0.9958677685950412 0.997933884297521 0.0 0.0 
0 -0.0 0.0 0.15 0.19 0.7777777777777779 0.8888888888888888 0.833333333333333 3.94 1.61 
1 0.5235346720440665 0.340972621087929 0.32 0.39 0.8666666666666668 0.9 0.883333333333333 30.0 1.75 
0 -0.0 0.0 -0.0 -0.0 1.0 0.9948586118251928 0.997429305912596 0.0 0.0 
1 0.5297061990576545 0.439269147450343 -0.1 0.03 1.0 1.0 1.0 0.32 0.45 
0 -0.0 0.0 0.04 0.07 0.8076923076923077 0.9615384615384615 0.884615384615385 4.37 0.71 
1 -0.0 0.0 0.12 0.12 0.9568034557235422 0.9676025917926566 0.962203023758099 343.37 1.04 
0 0.5858113340839818 0.292905667041991 -0.05 0.01 1.0 0.9573863636363636 0.978693181818182 2.72 0.16 
1 -0.0 0.0 0.3 0.5 0.8008658008658008 0.8008658008658008 0.800865800865801 462.0 2.56 
0 0.04331307121396799 0.021656535606984 0.0 0.0 1.0 0.9726315789473684 0.986315789473684 0.0 0.0 
1 -0.0 0.0 -0.1 0.14 0.6774193548387096 0.8064516129032256 0.741935483870968 17.76 1.34 
0 0.25095314470125835 0.125476572350629 -0.0 -0.0 1.0 0.9966442953020132 0.998322147651007 0.0 0.0 
1 -0.0 0.0 0.19 0.69 0.5555555555555555 0.5555555555555555 0.555555555555556 9.0 1.98 
0 0.6941745246867409 0.360373903499681 -0.0 0.01 0.989795918367347 0.9979591836734693 0.993877551020408 98.7 0.02 
1 0.4811067080592432 0.300596867788392 0.04 0.05 0.9954853273137698 0.9954853273137698 0.99548532731377 895.47 0.16 
0 0.666278442414676 0.666278442414676 0.25 0.67 1.0 1.0 1.0 26.0 0.84 
1 -0.0 0.0 0.0 0.0 1.0 1.0 1.0 0.0 0.0 
0 0.08256493803586597 0.314127050691776 -0.0 0.0 1.0 0.8870967741935483 0.943548387096774 0.32 0.11 
1 0.030372534777978206 0.0228364363705995 -0.0 0.0 0.9894067796610168 0.9978813559322034 0.99364406779661 0.04 0.0 
0 0.01607235879964646 0.00803617939982323 -0.0 0.0 1.0 0.984126984126984 0.992063492063492 0.02 0.0 
1 0.6895519477750732 0.344775973887537 0.0 -0.0 1.0 1.0 1.0 0.0 0.0 
0 -0.0 0.0 0.33 0.55 0.6774193548387096 0.6935483870967744 0.685483870967742 57.53 2.39 
1 -0.0 0.0 -0.06 0.16 0.6774193548387096 0.7580645161290323 0.717741935483871 20.64 1.46 
0 -0.0 0.0 -0.01 0.0 0.6761658031088082 0.9481865284974093 0.812176165803109 2.91 0.17 
1 0.02133050528737909 0.0106652526436895 0.1 0.1 0.980392156862745 0.980392156862745 0.980392156862745 459.0 0.82 
0 -0.0 0.0 -0.0 -0.0 1.0 0.9979591836734693 0.998979591836735 0.0 0.0 
1 0.022727473318271005 0.0113637366591355 -0.0 -0.0 1.0 1.0 1.0 0.0 0.0 
0 0.15249619982808016 0.0762480999140401 -0.02 0.0 1.0 0.9573863636363636 0.978693181818182 0.41 0.04 
1 -0.0 0.0 0.0 0.0 1.0 1.0 1.0 0.0 0.0 
0 -0.0 0.0 0.04 0.07 0.8076923076923077 0.9615384615384615 0.884615384615385 4.37 0.71 
1 0.09908391604753189 0.0495419580237659 0.04 0.04 0.9850746268656718 0.9914712153518124 0.988272921108742 266.27 0.37 
0 0.29839816419932 0.14919908209966 0.0 -0.0 1.0 1.0 1.0 0.0 0.0 
1 0.7244657079537894 0.362232853976895 0.0 -0.0 1.0 0.3264462809917356 0.663223140495868 0.0 0.0 
0 0.38412048178648794 0.701476251044303 0.05 0.3 0.6263498920086392 0.7321814254859611 0.6792656587473 357.08 0.38 
1 0.16245281571443987 0.14550577947865 -0.01 0.02 0.916083916083916 0.9976689976689976 0.956876456876457 46.4 0.05 
0 0.4992227979700849 0.259601672847223 -0.03 0.01 0.877840909090909 0.971590909090909 0.924715909090909 5.47 0.05 
1 -0.0 0.0 -0.0 -0.0 1.0 0.9936034115138594 0.99680170575693 0.0 0.0 
0 0.022596852566469688 0.0112984262832349 -0.0 0.0 0.9932885906040269 0.9966442953020132 0.99496644295302 0.01 0.0 
1 0.02253214392080778 0.0197499575531257 -0.0 0.01 0.7156626506024096 0.9975903614457832 0.856626506024096 5.06 0.1 
0 0.40018086939993297 0.21786614520922 0.02 0.03 1.0 0.8826530612244897 0.941326530612245 36.21 0.44 
1 0.8156295932307395 0.74694740234885 0.07 0.48 0.7484662576687117 0.8558282208588956 0.802147239263804 285.8 0.83 
0 -0.0 0.0 -0.0 -0.0 1.0 1.0 1.0 0.0 0.0 
1 0.08958725315521794 0.0728697263419105 -0.0 0.0 1.0 0.9972972972972972 0.998648648648649 0.06 0.01 
0 0.08919443275684764 0.0445972163784238 -0.01 0.01 0.6423690205011389 0.9863325740318906 0.814350797266515 3.52 0.11 
1 0.04131357294242817 0.0206567864712141 0.29 0.33 0.886153846153846 0.8892307692307693 0.887692307692308 315.12 2.04 
0 0.7244657079537894 0.510086786440578 0.08 0.18 0.3264462809917356 0.9958677685950412 0.661157024793388 335.63 0.12 
1 0.0707680768797802 0.351225226630238 -0.0 0.0 1.0 0.997695852534562 0.998847926267281 3.17 0.0 
0 -0.0 0.0 0.33 0.55 0.6774193548387096 0.6935483870967744 0.685483870967742 57.53 2.49 
1 -0.0 0.0 0.11 0.46 0.5384615384615384 0.6153846153846154 0.576923076923077 18.96 1.68 
0 -0.0 0.0 0.0 0.0 1.0 1.0 1.0 0.0 0.0 
1 0.01475818629482802 0.00737909314741401 0.01 0.01 1.0 0.9979466119096508 0.998973305954825 487.0 0.19 
0 1.1443804040343335 0.572190202017167 -0.05 0.03 0.9346590909090908 0.9971590909090908 0.965909090909091 25.48 0.12 
1 -0.0 0.0 -0.0 0.0 1.0 0.6153846153846154 0.807692307692308 0.0 0.0 
0 0.1527320203489409 0.0763660101744704 -0.0 -0.0 1.0 1.0 1.0 0.0 0.0 
1 0.0947607483566568 0.232756230915289 0.02 0.03 0.9678111587982832 0.9806866952789698 0.974248927038627 84.69 0.27 
0 0.19661681972859654 0.0983084098642983 -0.02 0.01 0.26636568848758463 0.9954853273137698 0.630925507900677 5.87 0.04 
1 0.6601647680850746 0.591011175434611 0.13 0.3 0.8594470046082949 0.919354838709677 0.889400921658986 970.62 1.21 
0 0.3724807184521906 0.186240359226095 -0.02 0.29 0.6935483870967744 0.919354838709677 0.806451612903226 33.68 1.92 
1 -0.0 0.0 0.47 0.64 0.33333333333333326 0.33333333333333326 0.333333333333333 30.0 0.94 
0 0.4435682844142889 0.793974344224311 -0.03 0.24 0.8295454545454547 0.9971590909090908 0.913352272727273 380.4 1.09 
1 0.016424701198958662 0.00821235059947933 0.12 0.12 0.9728506787330315 0.9728506787330315 0.972850678733032 442.0 1.0 
0 0.3563409206018685 0.178170460300934 -0.1 0.15 0.6774193548387096 0.9838709677419354 0.830645161290323 16.83 1.12 
1 -0.0 0.0 0.33 0.55 0.6774193548387096 0.6935483870967744 0.685483870967742 57.53 2.49 
0 0.905891303418349 0.769504251587421 0.0 0.09 0.947608200455581 0.990888382687927 0.969248291571754 327.66 0.15 
1 0.7865364435085352 0.401480572353747 0.08 0.13 0.9728506787330315 0.9728506787330315 0.972850678733032 442.51 0.33 
0 0.08042971461564137 0.0488236824636348 0.27 0.34 0.8065843621399178 0.837448559670782 0.82201646090535 381.17 2.14 
1 0.05602246986522343 0.0541490991069533 0.0 0.0 1.0 1.0 1.0 0.02 0.0 
0 0.27384907245785556 0.136924536228928 -0.01 0.0 0.9229024943310656 0.9954648526077096 0.959183673469388 0.3 0.02 
1 0.06894930739780505 0.15777508018186 0.26 0.3 0.9182389937106918 0.9266247379454928 0.922431865828092 1350.0 2.0 
0 -0.0 0.0 -0.01 0.01 0.6935483870967744 0.9677419354838708 0.830645161290323 0.91 0.2 
1 -0.0 0.0 0.33 0.55 0.6774193548387096 0.6935483870967744 0.685483870967742 57.53 2.59 
0 0.0707680768797802 0.0353840384398901 -0.0 0.0 0.9838709677419354 0.997695852534562 0.990783410138249 0.1 0.01 
1 0.3269547847215813 0.163477392360791 -0.01 0.01 0.9481865284974093 0.9870466321243522 0.967616580310881 3.79 0.05 
0 0.02013133843277965 0.0100656692163898 -0.0 0.0 0.709205020920502 0.997907949790795 0.853556485355649 0.42 0.02 
1 0.8720635602136072 0.444515665699525 -0.01 0.0 0.2385542168674699 0.9975903614457832 0.618072289156626 0.63 0.0 
0 0.9556998911125344 0.477849945556267 -0.01 0.6 1.0 0.28571428571428564 0.642857142857143 7.0 0.63 
1 0.08627855491407438 0.0975485355458968 0.0 0.02 0.7084337349397591 0.9927710843373492 0.850602409638554 81.26 0.09 
0 -0.0 0.0 -0.0 -0.0 1.0 1.0 1.0 0.0 0.0 
1 0.05839899951927197 0.0572755995239375 -0.0 0.0 1.0 0.9972972972972972 0.998648648648649 0.03 0.0 
0 0.4505612088663046 0.225280604433152 0.03 0.41 0.8571428571428571 0.8571428571428571 0.857142857142857 7.0 1.66 
1 0.43686973210547814 0.270464027731018 0.04 0.05 1.0 0.940936863543788 0.970468431771894 144.91 0.55 
0 0.022596852566469688 0.0112984262832349 -0.0 0.0 0.9932885906040269 0.9966442953020132 0.99496644295302 0.01 0.0 
1 -0.0 0.0 0.06 0.41 0.8571428571428571 0.8571428571428571 0.857142857142857 7.0 2.49 
0 0.5218986732496746 0.795664311905551 -0.06 0.24 0.8250539956803455 0.9222462203023758 0.873650107991361 411.45 0.54 
1 -0.0 0.0 -0.0 0.0 1.0 0.7580645161290323 0.879032258064516 0.0 0.0 
0 0.19661681972859654 0.0983084098642983 -0.01 0.02 0.26636568848758463 0.9909706546275394 0.628668171557562 32.8 0.05 
1 0.20297324940653716 0.101486624703269 0.0 -0.0 1.0 1.0 1.0 0.0 0.0 
0 0.8645984701429459 0.432299235071473 0.03 0.04 1.0 0.9936034115138594 0.99680170575693 469.0 0.1 
1 0.030372534777978206 0.0658985378330168 -0.0 0.0 0.972457627118644 0.9978813559322034 0.985169491525424 0.13 0.01 
0 0.666278442414676 0.333139221207338 0.05 0.4 1.0 0.5 0.75 16.25 0.87 
1 0.10434878616952079 0.0521743930847604 0.01 0.01 0.9979591836734693 0.9979591836734693 0.997959183673469 490.0 0.11 
0 0.5858113340839818 0.292905667041991 -0.01 0.0 1.0 0.9829545454545452 0.991477272727273 1.06 0.08 
1 0.0740225961475812 0.128824279468757 0.41 0.69 0.5590551181102362 0.5748031496062993 0.566929133858268 381.05 2.38 
0 -0.0 0.0 -0.06 0.18 0.6935483870967744 0.7580645161290323 0.725806451612903 22.68 1.6 
1 0.07093518297335139 0.0616054556610173 0.0 0.0 1.0 1.0 1.0 0.03 0.0 
0 -0.0 0.0 0.0 0.04 0.34615384615384615 0.9615384615384615 0.653846153846154 1.96 0.32 
1 -0.0 0.0 -0.0 -0.0 1.0 1.0 1.0 0.0 0.0 
0 0.11255306916469554 0.594219275388933 0.0 0.02 1.0 0.929078014184397 0.964539007092199 17.72 0.02 
1 0.01652368182171168 0.00826184091085584 0.08 0.08 0.9838709677419354 0.9838709677419354 0.983870967741935 434.0 0.72 
0 0.40067165339847227 0.200335826699236 -0.0 0.0 0.9914772727272728 0.9971590909090908 0.994318181818182 0.1 0.01 
1 -0.0 0.0 0.31 0.55 0.7580645161290323 0.7580645161290323 0.758064516129032 62.0 2.49 
0 -0.0 0.0 0.0 0.0 1.0 0.9917864476386036 0.995893223819302 0.0 0.0 
1 -0.0 0.0 0.39 0.62 0.6935483870967744 0.6935483870967744 0.693548387096774 62.0 2.6 
0 -0.0 0.0 -0.0 0.0 0.988479262672811 0.9953917050691244 0.991935483870968 0.02 0.0 
1 0.3742549310896416 0.187127465544821 -0.03 0.02 0.7660668380462725 0.9974293059125964 0.881748071979434 15.62 0.69 
0 -0.0 0.0 -0.15 0.02 0.6153846153846154 0.8076923076923077 0.711538461538462 0.89 0.45 
1 -0.0 0.0 0.39 0.62 0.6935483870967744 0.6935483870967744 0.693548387096774 62.0 2.6 
0 -0.0 0.0 -0.0 -0.0 1.0 0.9932885906040269 0.996644295302013 0.0 0.0 
1 1.6284102630552857 1.62546092371276 -0.02 0.51 0.7700348432055749 0.9895470383275262 0.879790940766551 325.24 0.19 
0 0.08919443275684764 0.0527607061054705 -0.01 0.01 0.6423690205011389 0.9863325740318906 0.814350797266515 5.3 0.07 
1 -0.0 0.0 0.0 0.0 1.0 1.0 1.0 0.0 0.0 
0 0.11535314284078033 0.0576765714203902 0.0 -0.0 1.0 0.8920187793427231 0.946009389671361 0.0 0.0 
