1 0.06894930739780505 0.15777508018186 0.26 0.3 0.9182389937106918 0.9266247379454928 0.922431865828092 1350.0 2.0 
0 0.42803573449734306 0.214017867248672 -0.0 0.0 1.0 0.9966442953020132 0.998322147651007 0.14 0.02 
1 0.8156295932307395 0.487087993037894 -0.0 0.08 0.7484662576687117 0.9785276073619632 0.863496932515337 53.37 0.31 
0 0.6615632381579821 0.330781619078991 0.0 0.0 1.0 1.0 1.0 0.0 0.0 
1 -0.0 0.0 -0.0 -0.0 1.0 1.0 1.0 0.0 0.0 
0 -0.0 0.0 -0.0 -0.0 1.0 1.0 1.0 0.0 0.0 
1 0.09699169411326156 0.0746337112309724 -0.0 0.0 1.0 1.0 1.0 0.05 0.01 
0 0.10210797344924928 0.0510539867246246 -0.0 0.0 1.0 0.96 0.98 0.43 0.03 
1 0.020830638321723566 0.0104153191608618 0.04 0.04 0.9850746268656718 0.9914712153518124 0.988272921108742 266.27 0.43 
0 0.9423399854873624 0.478978540458459 0.01 0.16 0.96 0.9663157894736842 0.963157894736842 448.94 0.36 
1 0.09503011725564632 0.0475150586278232 0.0 -0.0 1.0 1.0 1.0 0.0 0.0 
0 0.01652368182171168 0.00826184091085584 0.05 0.05 0.9838709677419354 0.988479262672811 0.986175115207373 308.55 0.55 
1 0.5235346720440665 0.340972621087929 0.32 0.39 0.8666666666666668 0.9 0.883333333333333 30.0 1.75 
0 0.5310355187960252 0.507293828287321 0.04 0.26 0.6502590673575128 0.9507772020725388 0.800518134715026 684.03 0.7 
1 0.6822056867479602 0.602052179998817 0.05 0.2 0.9222462203023758 0.9546436285097192 0.938444924406048 472.98 0.93 
0 0.08446800922974265 0.0546848621297868 0.0 0.02 0.5628997867803837 0.9872068230277184 0.775053304904051 13.17 0.19 
1 0.016424701198958662 0.00821235059947933 0.12 0.12 0.9728506787330315 0.9728506787330315 0.972850678733032 442.0 1.0 
0 0.923936856009666 0.63052652897891 -0.11 0.11 0.7278617710583153 0.937365010799136 0.832613390928726 308.28 0.22 
1 -0.0 0.0 -0.0 0.0 1.0 0.6153846153846154 0.807692307692308 0.0 0.0 
0 -0.0 0.0 -0.0 0.0 1.0 0.6774193548387096 0.838709677419355 0.0 0.0 
1 1.6284102630552857 1.62546092371276 -0.02 0.51 0.7700348432055749 0.9895470383275262 0.879790940766551 325.24 0.19 
0 0.5519602511937985 0.292340468650339 0.0 0.02 0.9744897959183672 0.997448979591837 0.985969387755102 19.9 0.27 
1 0.017626642729371575 0.00881332136468579 0.18 0.25 0.9252336448598132 0.9275700934579442 0.926401869158878 413.58 1.81 
0 0.021722254678851236 0.0108611273394256 -0.0 -0.0 1.0 0.9402985074626864 0.970149253731343 0.0 0.0 
1 0.0707680768797802 0.351225226630238 -0.0 0.0 1.0 0.997695852534562 0.998847926267281 3.17 0.0 
0 -0.0 0.0 -0.0 0.0 1.0 0.3 0.65 0.0 0.0 
1 -0.0 0.0 0.06 0.41 0.8571428571428571 0.8571428571428571 0.857142857142857 7.0 2.49 
0 0.01497005434010946 0.0148771867492324 -0.0 0.0 0.977551020408163 0.9918367346938776 0.98469387755102 0.13 0.01 
1 0.04131357294242817 0.0206567864712141 0.29 0.33 0.886153846153846 0.8892307692307693 0.887692307692308 315.12 2.04 
0 0.6829081047004717 0.341454052350236 -0.15 0.23 0.3076923076923077 0.8076923076923077 0.557692307692308 9.73 0.22 
1 -0.0 0.0 0.33 0.55 0.6774193548387096 0.6935483870967744 0.685483870967742 57.53 2.39 
0 0.666278442414676 0.333139221207338 -0.1 0.19 1.0 0.3076923076923077 0.653846153846154 7.22 0.51 
1 -0.0 0.0 0.3 0.36 0.8846153846153846 0.8846153846153846 0.884615384615385 26.0 2.14 
0 -0.0 0.0 0.04 0.1 0.6774193548387096 0.919354838709677 0.798387096774194 11.42 0.96 
1 0.0947607483566568 0.0769695270739669 0.09 0.1 0.9806866952789698 0.982832618025751 0.981759656652361 445.71 0.81 
0 -0.0 0.0 0.0 0.0 1.0 1.0 1.0 0.0 0.0 
1 0.0251440699125892 0.0125720349562946 0.53 0.63 0.6761658031088082 0.6761658031088082 0.676165803108808 386.0 2.33 
0 0.1725612331626618 0.0940452789925439 0.05 0.08 0.9578947368421052 0.9663157894736842 0.962105263157895 243.72 0.8 
1 0.08958725315521794 0.0728697263419105 -0.0 0.0 1.0 0.9972972972972972 0.998648648648649 0.06 0.01 
0 0.6108643020548936 0.56719948704948 0.02 0.22 0.6666666666666665 0.8666666666666668 0.766666666666667 11.0 0.05 
1 0.09503011725564632 0.189490815924107 0.0 0.0 1.0 1.0 1.0 0.06 0.04 
0 0.08256493803586597 0.041282469017933 0.0 0.0 1.0 0.9677419354838708 0.983870967741935 0.03 0.02 
1 0.022727473318271005 0.0113637366591355 -0.0 -0.0 1.0 1.0 1.0 0.0 0.0 
0 -0.0 0.0 -0.01 0.01 0.6774193548387096 0.9838709677419354 0.830645161290323 0.48 0.13 
1 0.09908391604753189 0.0495419580237659 0.04 0.04 0.9850746268656718 0.9914712153518124 0.988272921108742 266.27 0.37 
0 0.7569669131450216 0.671389123614502 0.1 0.39 1.0 1.0 1.0 504.85 2.44 
1 0.04915006684960595 0.024575033424803 0.0 0.01 0.868995633187773 0.9956331877729256 0.932314410480349 13.32 0.14 
0 0.27118937304184415 0.135594686520922 -0.03 0.01 0.43333333333333324 0.8666666666666668 0.65 0.69 0.2 
1 0.08958725315521794 0.0709314907519506 0.0 0.0 1.0 1.0 1.0 0.04 0.01 
0 -0.0 0.0 0.0 -0.0 1.0 0.5555555555555555 0.777777777777778 0.0 0.0 
1 0.4811067080592432 0.300596867788392 0.04 0.05 0.9954853273137698 0.9954853273137698 0.99548532731377 895.47 0.16 
0 0.035043395966475925 0.0789292297516211 0.01 0.02 1.0 0.9602272727272728 0.980113636363636 76.66 0.24 
1 -0.0 0.0 0.0 0.0 1.0 1.0 1.0 0.0 0.0 
0 0.6171448282578021 0.617144828257802 -0.21 0.0 1.0 1.0 1.0 0.0 2.38 
1 -0.0 0.0 0.39 0.62 0.6935483870967744 0.6935483870967744 0.693548387096774 62.0 2.6 
0 0.6171448282578021 0.308572414128901 -0.01 0.0 1.0 0.9829545454545452 0.991477272727273 1.33 0.09 
1 -0.0 0.0 0.0 0.0 1.0 1.0 1.0 0.0 0.0 
0 0.244044214043399 0.129507134191754 -0.0 0.0 0.977551020408163 0.989795918367347 0.983673469387755 0.72 0.05 
1 0.6846162778013049 0.342308138900652 0.15 0.36 0.8846153846153846 0.8846153846153846 0.884615384615385 26.0 0.82 
0 0.3269547847215813 0.316160575579856 -0.05 0.01 0.8989637305699482 0.9870466321243522 0.94300518134715 6.58 0.13 
1 0.16245281571443987 0.14550577947865 -0.01 0.02 0.916083916083916 0.9976689976689976 0.956876456876457 46.4 0.05 
0 -0.0 0.0 0.0 0.02 0.7580645161290323 0.9838709677419354 0.870967741935484 3.18 0.34 
1 -0.0 0.0 -0.0 -0.0 1.0 1.0 1.0 0.0 0.0 
0 0.8856700740385729 0.522108233441811 0.01 0.1 0.9263803680981594 0.9785276073619632 0.952453987730061 129.03 0.53 
1 0.030372534777978206 0.0228364363705995 -0.0 0.0 0.9894067796610168 0.9978813559322034 0.99364406779661 0.04 0.0 
0 -0.0 0.0 0.0 0.0 1.0 0.6 0.8 0.0 0.0 
1 0.666278442414676 0.666278442414676 0.25 0.67 1.0 1.0 1.0 26.0 0.9 
0 0.3724807184521906 0.186240359226095 -0.02 0.27 0.6774193548387096 0.919354838709677 0.798387096774194 31.25 1.84 
1 -0.0 0.0 -0.0 -0.0 1.0 1.0 1.0 0.0 0.0 
0 0.9030752549500218 1.01921288458196 -0.08 0.3 0.7642105263157895 0.9494736842105264 0.856842105263158 266.51 0.49 
1 0.08627855491407438 0.0975485355458968 0.0 0.02 0.7084337349397591 0.9927710843373492 0.850602409638554 81.26 0.09 
0 -0.0 0.0 -0.0 -0.0 1.0 0.9976580796252928 0.998829039812646 0.0 0.0 
1 0.042617471413436414 0.0310799043211172 0.0 0.01 0.837708830548926 0.9928400954653938 0.91527446300716 10.42 0.09 
0 0.06206254514673379 0.0310312725733669 -0.0 -0.0 1.0 0.9402985074626864 0.970149253731343 0.0 0.0 
1 0.20297324940653716 0.101486624703269 0.0 -0.0 1.0 1.0 1.0 0.0 0.0 
0 0.01789792517672371 0.00894896258836186 -0.0 0.0 1.0 0.9948586118251928 0.997429305912596 0.01 0.0 
1 0.8156295932307395 0.74694740234885 0.07 0.48 0.7484662576687117 0.8558282208588956 0.802147239263804 285.8 0.83 
0 0.054410366820546084 0.0348272899261007 -0.0 0.0 1.0 0.9893390191897654 0.994669509594883 0.02 0.0 
1 0.0740225961475812 0.128824279468757 0.41 0.69 0.5590551181102362 0.5748031496062993 0.566929133858268 381.05 2.38 
0 0.3525425103487513 0.176271255174376 -0.08 0.14 1.0 0.6774193548387096 0.838709677419355 16.57 1.27 
1 -0.0 0.0 -0.0 -0.0 1.0 0.9936034115138594 0.99680170575693 0.0 0.0 
0 1.0842451637907151 0.593176568619982 0.01 0.02 1.0 0.9242105263157896 0.962105263157895 53.17 0.05 
1 -0.0 0.0 0.0 0.0 1.0 1.0 1.0 0.0 0.0 
0 0.9569181480647492 0.478459074032375 0.01 0.01 0.9979591836734693 0.9979591836734693 0.997959183673469 490.0 0.03 
1 0.6601647680850746 0.591011175434611 0.13 0.3 0.8594470046082949 0.919354838709677 0.889400921658986 970.62 1.21 
0 0.666278442414676 0.666278442414676 0.25 0.67 1.0 1.0 1.0 26.0 0.63 
1 -0.0 0.0 -0.1 0.14 0.6774193548387096 0.8064516129032256 0.741935483870968 17.76 1.34 
0 -0.0 0.0 -0.0 -0.0 1.0 1.0 1.0 0.0 0.0 
1 -0.0 0.0 0.47 0.64 0.33333333333333326 0.33333333333333326 0.333333333333333 30.0 0.94 
0 1.2770342594661392 0.63851712973307 -0.0 0.0 1.0 1.0 1.0 0.0 0.0 
1 0.8720635602136072 0.444515665699525 -0.01 0.0 0.2385542168674699 0.9975903614457832 0.618072289156626 0.63 0.0 
0 0.21168754464631545 0.105843772323158 -0.1 0.0 0.7580645161290323 0.8870967741935483 0.82258064516129 0.25 0.16 
1 -0.0 0.0 -0.0 0.0 1.0 0.7580645161290323 0.879032258064516 0.0 0.0 
0 0.4459524223135379 0.29897886657487 0.15 0.34 0.919354838709677 0.919354838709677 0.919354838709677 102.36 1.76 
1 0.05602246986522343 0.0541490991069533 0.0 0.0 1.0 1.0 1.0 0.02 0.0 
0 0.08807751896196665 0.474466830360828 -0.0 0.07 1.0 0.9846625766871167 0.992331288343558 92.65 0.55 
1 -0.0 0.0 0.0 0.0 1.0 1.0 1.0 0.0 0.0 
0 0.9569181480647492 0.535074812691557 -0.03 0.02 0.9938775510204082 0.9979591836734693 0.995918367346939 16.55 0.03 
1 0.052275728348683194 0.0522757283486832 -0.0 0.0 1.0 1.0 1.0 0.02 0.0 
0 0.09962338946616205 0.230581433680313 -0.03 0.14 1.0 0.7903225806451613 0.895161290322581 20.65 1.21 
1 0.3742549310896416 0.187127465544821 -0.03 0.02 0.7660668380462725 0.9974293059125964 0.881748071979434 15.62 0.69 
0 0.6472565428776306 0.979579528290668 -0.05 0.11 0.40408163265306124 0.9979591836734693 0.701020408163265 90.79 0.17 
1 0.09165764788996307 0.0699766348366203 -0.0 0.0 1.0 0.9818181818181818 0.990909090909091 0.1 0.01 
0 0.38535889794541217 0.332563832288316 -0.03 0.04 1.0 0.9485714285714286 0.974285714285714 88.61 0.08 
1 0.05839899951927197 0.0572107346922477 0.0 0.0 1.0 1.0 1.0 0.02 0.0 
0 1.1857896932009937 0.592894846600497 -0.03 0.02 1.0 0.9727463312368972 0.986373165618449 11.93 0.2 
1 -0.0 0.0 0.07 0.08 0.9854771784232365 0.9854771784232365 0.985477178423237 482.0 0.65 
0 0.20297324940653716 0.101486624703269 0.0 -0.0 1.0 1.0 1.0 0.0 0.0 
1 0.10434878616952079 0.0521743930847604 0.01 0.01 0.9979591836734693 0.9979591836734693 0.997959183673469 490.0 0.11 
0 -0.0 0.0 0.0 0.0 1.0 0.9166666666666664 0.958333333333333 0.0 0.0 
1 0.05602246986522343 0.0448156896337921 0.0 0.0 1.0 1.0 1.0 0.02 0.0 
0 0.7065442778104265 0.361080686619991 -0.07 0.03 1.0 0.96 0.98 21.61 0.03 
1 -0.0 0.0 0.31 0.55 0.7580645161290323 0.7580645161290323 0.758064516129032 62.0 2.49 
0 0.054410366820546084 0.027205183410273 -0.0 -0.0 1.0 0.9893390191897654 0.994669509594883 0.0 0.0 
1 0.02133050528737909 0.0106652526436895 0.1 0.1 0.980392156862745 0.980392156862745 0.980392156862745 459.0 0.82 
0 0.8775150646388563 0.536699742597742 0.02 0.05 0.9948979591836736 0.9948979591836736 0.994897959183674 181.91 0.18 
1 0.08807751896196665 0.451853556096353 -0.01 0.04 0.7484662576687117 0.9846625766871167 0.866564417177914 30.7 0.2 
0 0.9030752549500218 0.451537627475011 -0.01 0.33 0.4568421052631578 0.7642105263157895 0.610526315789474 255.66 1.16 
1 0.08958725315521794 0.073993126337245 0.0 0.0 1.0 1.0 1.0 0.04 0.01 
0 -0.0 0.0 0.0 -0.0 1.0 0.7777777777777779 0.888888888888889 0.0 0.0 
1 0.7865364435085352 0.401480572353747 0.08 0.13 0.9728506787330315 0.9728506787330315 0.972850678733032 442.51 0.33 
0 0.057146758033893234 0.121194358938593 0.0 0.01 1.0 0.9782082324455202 0.98910411622276 15.43 0.14 
1 -0.0 0.0 0.39 0.62 0.6935483870967744 0.6935483870967744 0.693548387096774 62.0 2.6 
0 0.07540821860749106 0.226256353102474 0.26 0.32 0.8898488120950323 0.8898488120950323 0.889848812095032 443.17 1.73 
1 0.02253214392080778 0.0197499575531257 -0.0 0.01 0.7156626506024096 0.9975903614457832 0.856626506024096 5.06 0.1 
0 0.7569669131450216 0.378483456572511 -0.07 0.01 1.0 0.9573863636363636 0.978693181818182 3.82 0.23 
1 0.030372534777978206 0.0658985378330168 -0.0 0.0 0.972457627118644 0.9978813559322034 0.985169491525424 0.13 0.01 
0 -0.0 0.0 0.33 0.55 0.6774193548387096 0.6935483870967744 0.685483870967742 57.53 2.49 
1 -0.0 0.0 -0.06 0.16 0.6774193548387096 0.7580645161290323 0.717741935483871 20.64 1.46 
0 0.666278442414676 0.666278442414676 0.25 0.67 1.0 1.0 1.0 26.0 0.63 
1 0.0947607483566568 0.232756230915289 0.02 0.03 0.9678111587982832 0.9806866952789698 0.974248927038627 84.69 0.27 
0 0.666278442414676 0.666278442414676 -0.42 0.0 1.0 1.0 1.0 0.0 0.93 
1 -0.0 0.0 0.0 0.0 1.0 1.0 1.0 0.0 0.0 
0 0.629696481674345 0.39536766306509 0.0 0.01 1.0 1.0 1.0 8.09 0.13 
1 0.43686973210547814 0.270464027731018 0.04 0.05 1.0 0.940936863543788 0.970468431771894 144.91 0.55 
0 0.09962338946616205 0.049811694733081 -0.12 0.11 0.6935483870967744 0.7903225806451613 0.741935483870968 14.57 1.25 
1 -0.0 0.0 0.33 0.55 0.6774193548387096 0.6935483870967744 0.685483870967742 57.53 2.59 
0 0.666278442414676 0.333139221207338 -0.1 0.19 1.0 0.3076923076923077 0.653846153846154 7.22 0.41 
1 -0.0 0.0 0.0 0.0 1.0 1.0 1.0 0.0 0.0 
0 0.4391877418106727 0.219593870905336 0.0 -0.0 1.0 1.0 1.0 0.0 0.0 
1 -0.0 0.0 0.12 0.12 0.9568034557235422 0.9676025917926566 0.962203023758099 343.37 1.04 
0 0.05602246986522343 0.0898861315298285 0.01 0.01 1.0 1.0 1.0 73.23 0.12 
1 0.3269547847215813 0.163477392360791 -0.01 0.01 0.9481865284974093 0.9870466321243522 0.967616580310881 3.79 0.05 
0 0.3525425103487513 0.176271255174376 -0.08 0.15 1.0 0.6935483870967744 0.846774193548387 17.86 1.2 
1 0.7244657079537894 0.362232853976895 0.0 -0.0 1.0 0.3264462809917356 0.663223140495868 0.0 0.0 
0 0.050468069137818976 0.084350679763219 0.0 0.01 0.9631336405529952 0.988479262672811 0.975806451612903 19.18 0.11 
1 -0.0 0.0 0.19 0.69 0.5555555555555555 0.5555555555555555 0.555555555555556 9.0 1.98 
0 0.01607235879964646 0.00803617939982323 -0.0 -0.0 1.0 1.0 1.0 0.0 0.0 
1 0.6171448282578021 0.580437337832493 0.03 0.32 1.0 0.8835227272727273 0.941761363636364 378.52 1.7 
0 0.40067165339847227 0.200335826699236 -0.04 0.0 0.9573863636363636 0.9914772727272728 0.974431818181818 1.51 0.11 
1 -0.0 0.0 0.0 0.0 1.0 0.982142857142857 0.991071428571429 0.0 0.0 
0 0.6730116670092564 0.336505833504628 -0.05 0.14 0.5769230769230769 0.8846153846153846 0.730769230769231 6.41 0.58 
1 0.9277980308365658 1.27664305854078 0.26 0.8 0.7871396895787139 0.7871396895787139 0.787139689578714 1253.58 1.13 
0 0.21168754464631545 0.105843772323158 0.12 0.22 0.6774193548387096 0.8870967741935483 0.782258064516129 25.04 1.7 
1 1.7983316181241153 0.899165809062058 0.0 -0.0 1.0 0.9628099173553722 0.981404958677686 0.0 0.0 
0 -0.0 0.0 -0.0 0.0 1.0 0.625 0.8125 0.0 0.0 
1 -0.0 0.0 0.33 0.55 0.6774193548387096 0.6935483870967744 0.685483870967742 57.53 2.49 
0 0.6846162778013049 0.681904771896415 0.15 0.82 0.8846153846153846 0.9230769230769232 0.903846153846154 42.1 0.42 
1 0.5297061990576545 0.439269147450343 -0.1 0.03 1.0 1.0 1.0 0.32 0.45 
0 0.03134753882511785 0.0156737694125589 0.01 0.01 1.0 0.9779735682819384 0.988986784140969 44.52 0.11 
1 0.01652368182171168 0.00826184091085584 0.08 0.08 0.9838709677419354 0.9838709677419354 0.983870967741935 434.0 0.72 
0 0.4835521377786173 0.367708232658686 -0.1 0.06 0.6502590673575128 0.8445595854922278 0.74740932642487 38.22 0.03 
1 0.01475818629482802 0.00737909314741401 0.01 0.01 1.0 0.9979466119096508 0.998973305954825 487.0 0.19 
0 0.9027866888675216 0.514803875559639 -0.03 0.12 0.724233983286908 0.927576601671309 0.825905292479109 136.54 0.04 
1 0.056152199528602974 0.0560873346969132 -0.0 0.0 1.0 0.9972972972972972 0.998648648648649 0.03 0.0 
0 0.030207150394692187 0.0151035751973461 -0.0 -0.0 1.0 0.9793388429752063 0.989669421487603 0.0 0.0 
1 0.6171448282578021 0.308572414128901 -0.01 0.0 1.0 0.9886363636363636 0.994318181818182 0.88 0.06 
0 -0.0 0.0 -0.0 -0.0 1.0 0.9922879177377892 0.996143958868895 0.0 0.0 
1 0.5235346720440665 0.340972621087929 0.32 0.39 0.8666666666666668 0.9 0.883333333333333 30.0 1.75 
0 0.6598647842746548 0.524423606020958 0.04 0.25 0.7791411042944787 0.9907975460122702 0.884969325153374 197.3 1.75 
1 0.07093518297335139 0.0616054556610173 0.0 0.0 1.0 1.0 1.0 0.03 0.0 
0 0.04108212159516753 0.592731262814751 -0.05 0.04 0.940340909090909 0.9971590909090908 0.96875 364.2 0.12 
1 -0.0 0.0 -0.06 0.16 0.6774193548387096 0.7580645161290323 0.717741935483871 20.64 1.46 
0 0.11814780677302933 0.592182588730569 -0.02 0.02 0.989795918367347 0.9979591836734693 0.993877551020408 105.94 0.0 
1 0.6895519477750732 0.344775973887537 0.0 -0.0 1.0 1.0 1.0 0.0 0.0 
0 0.3767701612564368 0.188385080628218 0.28 0.35 0.8888888888888888 0.8888888888888888 0.888888888888889 9.0 1.73 
1 -0.0 0.0 0.11 0.46 0.5384615384615384 0.6153846153846154 0.576923076923077 18.96 1.68 
0 0.6730116670092564 0.336505833504628 -0.1 0.39 0.5769230769230769 0.6153846153846154 0.596153846153846 15.25 0.55 
1 0.8127245415610106 0.428086422879458 0.41 0.59 0.3391521197007481 0.3640897755610973 0.351620947630923 772.17 0.33 
0 0.01652368182171168 0.00826184091085584 -0.0 -0.0 1.0 0.9838709677419354 0.991935483870968 0.0 0.0 
1 -0.0 0.0 -0.0 -0.0 1.0 0.9958677685950412 0.997933884297521 0.0 0.0 
0 0.6127954659992856 0.306397732999643 -0.0 0.0 1.0 0.9914712153518124 0.995735607675906 1.63 0.06 
1 -0.0 0.0 0.37 0.44 0.16 0.16 0.16 25.0 0.2 
0 -0.0 0.0 0.25 0.45 0.8311688311688312 0.8311688311688312 0.831168831168831 462.0 2.57 
1 0.8547011249697178 0.427350562484859 -0.02 0.0 0.9795918367346939 0.982142857142857 0.980867346938775 1.6 0.02 
0 0.19643645103383003 0.10649670523273 -0.0 0.0 1.0 1.0 1.0 0.05 0.01 
1 -0.0 0.0 0.31 0.55 0.7580645161290323 0.7580645161290323 0.758064516129032 62.0 2.49 
0 0.05962207336054544 0.10525161065439 -0.01 0.01 1.0 0.5704845814977972 0.785242290748899 4.29 0.01 
1 0.022727473318271005 0.022727473318271 -0.0 0.0 1.0 1.0 1.0 0.0 0.0 
0 0.8403742290585 0.42783728351086 -0.03 0.01 0.6038135593220338 0.9894067796610168 0.796610169491525 5.53 0.06 
1 0.09699169411326156 0.0765719468209323 -0.0 0.0 1.0 0.9972972972972972 0.998648648648649 0.07 0.01 
0 0.41745507877164956 1.15300014072186 -0.09 0.21 0.926829268292683 0.9930313588850174 0.95993031358885 331.66 0.21 
1 -0.0 0.0 0.0 0.0 1.0 1.0 1.0 0.0 0.0 
0 0.3525425103487513 0.176271255174376 -0.02 0.0 1.0 0.9838709677419354 0.991935483870968 0.13 0.06 
1 -0.0 0.0 0.0 0.0 1.0 1.0 1.0 0.0 0.0 
0 0.5858113340839818 0.493241493741227 0.01 0.15 1.0 0.9914772727272728 0.995738636363636 345.88 0.64 
1 -0.0 0.0 0.3 0.5 0.8008658008658008 0.8008658008658008 0.800865800865801 462.0 2.56 
0 0.08807751896196665 0.238529973364614 0.05 0.08 0.9846625766871167 0.9907975460122702 0.987730061349693 230.61 0.76 
1 0.05839899951927197 0.0572755995239375 -0.0 0.0 1.0 0.9972972972972972 0.998648648648649 0.03 0.0 
0 0.0 0.0 0.0 0.0 0.0 0.0 0.0 0.0 0.0 
