1 0.07093518297335139 0.0616054556610173 0.0 0.0 1.0 1.0 1.0 0.03 0.0 
0 1.2725011103678 0.6362505551839 0.0 -0.0 1.0 1.0 1.0 0.0 0.0 
1 -0.0 0.0 -0.0 -0.0 1.0 0.9958677685950412 0.997933884297521 0.0 0.0 
0 1.078992207877583 1.05935648935875 -0.0 0.81 1.0 0.5714285714285713 0.785714285714286 9.33 0.52 
1 -0.0 0.0 0.0 0.0 1.0 0.982142857142857 0.991071428571429 0.0 0.0 
0 0.0 0.0 0.0 0.0 0.0 0.0 0.0 0.0 0.0 
1 0.056152199528602974 0.0560873346969132 -0.0 0.0 1.0 0.9972972972972972 0.998648648648649 0.03 0.0 
0 0.5218986732496746 0.436904207394856 -0.09 0.12 0.5161987041036717 0.9222462203023758 0.719222462203024 386.3 0.24 
1 0.09503011725564632 0.189490815924107 0.0 0.0 1.0 1.0 1.0 0.06 0.04 
0 -0.0 0.0 -0.0 -0.0 1.0 0.9931972789115646 0.996598639455782 0.0 0.0 
1 0.022727473318271005 0.022727473318271 -0.0 0.0 1.0 1.0 1.0 0.0 0.0 
0 0.6265544985250644 0.374684781030915 -0.07 0.08 0.8409090909090908 0.9602272727272728 0.900568181818182 189.05 0.22 
1 -0.0 0.0 -0.0 -0.0 1.0 0.9936034115138594 0.99680170575693 0.0 0.0 
0 0.3615394778944647 0.180769738947232 -0.06 0.11 1.0 0.6935483870967744 0.846774193548387 12.6 0.9 
1 0.0707680768797802 0.351225226630238 -0.0 0.0 1.0 0.997695852534562 0.998847926267281 3.17 0.0 
0 0.3724807184521906 0.292084131549253 0.01 0.14 0.8870967741935483 0.919354838709677 0.903225806451613 26.41 0.62 
1 0.5297061990576545 0.439269147450343 -0.1 0.03 1.0 1.0 1.0 0.32 0.45 
0 -0.0 0.0 -0.0 -0.0 1.0 1.0 1.0 0.0 0.0 
1 0.022727473318271005 0.0113637366591355 -0.0 -0.0 1.0 1.0 1.0 0.0 0.0 
0 -0.0 0.0 -0.06 0.16 0.6774193548387096 0.7580645161290323 0.717741935483871 20.64 1.46 
1 0.1725612331626618 0.0862806165813309 -0.07 0.05 0.4568421052631578 0.9578947368421052 0.707368421052632 33.9 0.06 
0 -0.0 0.0 -0.1 0.06 0.6153846153846154 0.8846153846153846 0.75 2.12 0.64 
1 0.3742549310896416 0.187127465544821 -0.03 0.02 0.7660668380462725 0.9974293059125964 0.881748071979434 15.62 0.69 
0 0.6791932659915256 0.339596632995763 -0.0 0.0 1.0 0.9230769230769232 0.961538461538462 0.0 0.0 
1 0.0740225961475812 0.128824279468757 0.41 0.69 0.5590551181102362 0.5748031496062993 0.566929133858268 381.05 2.38 
0 -0.0 0.0 -0.0 -0.0 1.0 1.0 1.0 0.0 0.0 
1 0.9277980308365658 1.27664305854078 0.26 0.8 0.7871396895787139 0.7871396895787139 0.787139689578714 1253.58 1.13 
0 -0.0 0.0 -0.0 -0.0 1.0 1.0 1.0 0.0 0.0 
1 -0.0 0.0 0.12 0.12 0.9568034557235422 0.9676025917926566 0.962203023758099 343.37 1.04 
0 -0.0 0.0 0.33 0.55 0.6774193548387096 0.6935483870967744 0.685483870967742 57.53 2.49 
1 -0.0 0.0 0.0 0.0 1.0 1.0 1.0 0.0 0.0 
0 0.09650896073594732 0.0482544803679737 0.01 0.03 0.8225806451612901 0.9838709677419354 0.903225806451613 4.71 0.41 
1 -0.0 0.0 0.39 0.62 0.6935483870967744 0.6935483870967744 0.693548387096774 62.0 2.6 
0 -0.0 0.0 0.0 0.0 1.0 1.0 1.0 0.0 0.0 
1 -0.0 0.0 0.3 0.5 0.8008658008658008 0.8008658008658008 0.800865800865801 462.0 2.56 
0 0.3682924501649143 0.934413217452545 -0.0 0.14 1.0 1.0 1.0 456.05 0.63 
1 0.09699169411326156 0.0746337112309724 -0.0 0.0 1.0 1.0 1.0 0.05 0.01 
0 0.3525425103487513 0.176271255174376 -0.08 0.14 1.0 0.6774193548387096 0.838709677419355 16.57 1.2 
1 0.020830638321723566 0.0104153191608618 0.04 0.04 0.9850746268656718 0.9914712153518124 0.988272921108742 266.27 0.43 
0 0.7569669131450216 0.388473730434692 -0.02 0.01 1.0 0.971590909090909 0.985795454545455 10.77 0.15 
1 -0.0 0.0 0.06 0.41 0.8571428571428571 0.8571428571428571 0.857142857142857 7.0 2.49 
0 -0.0 0.0 0.18 0.21 0.9346590909090908 0.940340909090909 0.9375 319.45 1.98 
1 0.6171448282578021 0.308572414128901 -0.01 0.0 1.0 0.9886363636363636 0.994318181818182 0.88 0.06 
0 0.627941588739906 0.313970794369953 -0.02 0.13 0.2333333333333333 0.9333333333333332 0.583333333333333 5.29 0.3 
1 0.01475818629482802 0.00737909314741401 0.01 0.01 1.0 0.9979466119096508 0.998973305954825 487.0 0.19 
0 0.022596852566469688 0.0112984262832349 -0.0 0.0 0.9932885906040269 0.9966442953020132 0.99496644295302 0.01 0.0 
1 0.4811067080592432 0.300596867788392 0.04 0.05 0.9954853273137698 0.9954853273137698 0.99548532731377 895.47 0.16 
0 -0.0 0.0 0.39 0.62 0.6935483870967744 0.6935483870967744 0.693548387096774 62.0 2.5 
1 0.02133050528737909 0.0106652526436895 0.1 0.1 0.980392156862745 0.980392156862745 0.980392156862745 459.0 0.82 
0 0.7558148632822626 0.493583403769165 0.01 0.02 1.0 0.9897330595482546 0.994866529774127 22.3 0.02 
1 0.8156295932307395 0.74694740234885 0.07 0.48 0.7484662576687117 0.8558282208588956 0.802147239263804 285.8 0.83 
0 0.18260975257337433 0.171184808943567 -0.0 0.0 1.0 1.0 1.0 0.31 0.03 
1 -0.0 0.0 0.0 0.0 1.0 1.0 1.0 0.0 0.0 
0 0.3615394778944647 0.180769738947232 -0.06 0.11 1.0 0.6935483870967744 0.846774193548387 12.6 0.9 
1 -0.0 0.0 0.07 0.08 0.9854771784232365 0.9854771784232365 0.985477178423237 482.0 0.65 
0 0.6829081047004717 0.674593273557574 0.02 0.57 1.0 0.8076923076923077 0.903846153846154 22.62 0.13 
1 -0.0 0.0 -0.0 0.0 1.0 0.7580645161290323 0.879032258064516 0.0 0.0 
0 0.9556998911125344 0.819303997906503 -0.13 0.29 1.0 1.0 1.0 2.92 0.06 
1 0.09908391604753189 0.0495419580237659 0.04 0.04 0.9850746268656718 0.9914712153518124 0.988272921108742 266.27 0.37 
0 0.05962207336054544 0.0929256708915424 -0.01 0.01 1.0 0.5925110132158591 0.79625550660793 4.36 0.02 
1 0.01652368182171168 0.00826184091085584 0.08 0.08 0.9838709677419354 0.9838709677419354 0.983870967741935 434.0 0.72 
0 0.4459524223135379 0.222976211156769 -0.13 0.2 0.7580645161290323 0.919354838709677 0.838709677419355 26.67 1.44 
1 0.016424701198958662 0.00821235059947933 0.12 0.12 0.9728506787330315 0.9728506787330315 0.972850678733032 442.0 1.0 
0 0.6171448282578021 0.983572169993012 0.07 0.38 1.0 0.8352272727272727 0.917613636363636 332.38 0.79 
1 0.6895519477750732 0.344775973887537 0.0 -0.0 1.0 1.0 1.0 0.0 0.0 
0 0.21168754464631545 0.105843772323158 0.04 0.07 0.8870967741935483 0.919354838709677 0.903225806451613 12.94 0.82 
1 0.09699169411326156 0.0765719468209323 -0.0 0.0 1.0 0.9972972972972972 0.998648648648649 0.07 0.01 
0 0.04331307121396799 0.589331792713928 -0.08 0.03 0.9494736842105264 0.9726315789473684 0.961052631578947 19.52 0.2 
1 0.666278442414676 0.666278442414676 0.25 0.67 1.0 1.0 1.0 26.0 0.9 
0 1.1443804040343335 0.572190202017167 -0.01 0.0 0.9829545454545452 0.9971590909090908 0.990056818181818 2.22 0.06 
1 -0.0 0.0 -0.0 0.0 1.0 0.6153846153846154 0.807692307692308 0.0 0.0 
0 0.01516084515815546 0.0582926930231054 -0.0 0.0 1.0 0.972457627118644 0.986228813559322 0.04 0.0 
1 0.08807751896196665 0.451853556096353 -0.01 0.04 0.7484662576687117 0.9846625766871167 0.866564417177914 30.7 0.2 
0 -0.0 0.0 0.04 0.1 0.6774193548387096 0.919354838709677 0.798387096774194 11.42 0.92 
1 0.7865364435085352 0.401480572353747 0.08 0.13 0.9728506787330315 0.9728506787330315 0.972850678733032 442.51 0.33 
0 0.928529239598717 0.475563046082593 -0.02 0.01 0.7114093959731543 0.9932885906040269 0.852348993288591 6.66 0.04 
1 0.6846162778013049 0.342308138900652 0.15 0.36 0.8846153846153846 0.8846153846153846 0.884615384615385 26.0 0.82 
0 0.6265544985250644 0.313277249262532 -0.06 0.02 0.8409090909090908 0.9573863636363636 0.899147727272727 25.28 0.15 
1 0.030372534777978206 0.0658985378330168 -0.0 0.0 0.972457627118644 0.9978813559322034 0.985169491525424 0.13 0.01 
0 -0.0 0.0 -0.0 0.0 1.0 0.6774193548387096 0.838709677419355 0.0 0.0 
1 0.042617471413436414 0.0310799043211172 0.0 0.01 0.837708830548926 0.9928400954653938 0.91527446300716 10.42 0.09 
0 0.3269974743901718 0.163498737195086 0.0 -0.0 1.0 0.9342403628117912 0.967120181405896 0.0 0.0 
1 -0.0 0.0 0.0 0.0 1.0 1.0 1.0 0.0 0.0 
0 0.09650896073594732 0.0482544803679737 0.09 0.37 0.7580645161290323 0.8225806451612901 0.790322580645161 46.62 2.3 
1 0.052275728348683194 0.0522757283486832 -0.0 0.0 1.0 1.0 1.0 0.02 0.0 
0 0.3525425103487513 0.176271255174376 -0.06 0.19 1.0 0.7580645161290323 0.879032258064516 24.72 1.53 
1 0.08627855491407438 0.0975485355458968 0.0 0.02 0.7084337349397591 0.9927710843373492 0.850602409638554 81.26 0.09 
0 -0.0 0.0 0.0 -0.0 1.0 0.7660668380462725 0.883033419023136 0.0 0.0 
1 0.8720635602136072 0.444515665699525 -0.01 0.0 0.2385542168674699 0.9975903614457832 0.618072289156626 0.63 0.0 
0 -0.0 0.0 0.0 0.0 1.0 1.0 1.0 0.0 0.0 
1 -0.0 0.0 0.3 0.36 0.8846153846153846 0.8846153846153846 0.884615384615385 26.0 2.14 
0 -0.0 0.0 -0.0 -0.0 1.0 1.0 1.0 0.0 0.0 
1 -0.0 0.0 0.33 0.55 0.6774193548387096 0.6935483870967744 0.685483870967742 57.53 2.59 
0 0.244044214043399 0.129375214687217 0.01 0.01 0.989795918367347 0.9979591836734693 0.993877551020408 97.25 0.09 
1 0.8156295932307395 0.487087993037894 -0.0 0.08 0.7484662576687117 0.9785276073619632 0.863496932515337 53.37 0.31 
0 0.17267290336860602 0.086336451684303 0.2 0.2 0.9481865284974093 0.9559585492227975 0.952072538860104 386.0 1.44 
1 -0.0 0.0 -0.0 -0.0 1.0 1.0 1.0 0.0 0.0 
0 0.01652368182171168 0.00826184091085584 -0.01 0.0 0.9585253456221196 0.9838709677419354 0.971198156682028 0.35 0.03 
1 -0.0 0.0 0.0 0.0 1.0 1.0 1.0 0.0 0.0 
0 0.06480483800330761 0.121399116313991 0.0 0.01 0.9607438016528924 0.9938016528925618 0.977272727272727 31.89 0.11 
1 0.7865364435085352 0.393268221754268 0.09 0.12 0.9728506787330315 0.9728506787330315 0.972850678733032 442.0 0.36 
0 -0.0 0.0 -0.0 0.0 1.0 0.6774193548387096 0.838709677419355 0.0 0.0 
1 0.5235346720440665 0.340972621087929 0.32 0.39 0.8666666666666668 0.9 0.883333333333333 30.0 1.75 
0 0.01607235879964646 0.00803617939982323 -0.0 0.0 1.0 0.9977324263038548 0.998866213151927 0.0 0.0 
1 0.0947607483566568 0.232756230915289 0.02 0.03 0.9678111587982832 0.9806866952789698 0.974248927038627 84.69 0.27 
0 0.1896831364389792 0.189683136438979 0.0 0.0 1.0 1.0 1.0 0.08 0.05 
1 -0.0 0.0 -0.1 0.14 0.6774193548387096 0.8064516129032256 0.741935483870968 17.76 1.34 
0 0.08036852866682491 0.235826345235981 0.01 0.02 0.9976580796252928 0.9976580796252928 0.997658079625293 427.6 0.03 
1 0.08958725315521794 0.0709314907519506 0.0 0.0 1.0 1.0 1.0 0.04 0.01 
0 0.3767701612564368 0.848829252202879 0.07 0.68 0.8888888888888888 0.8888888888888888 0.888888888888889 18.0 0.71 
1 -0.0 0.0 -0.06 0.16 0.6774193548387096 0.7580645161290323 0.717741935483871 20.64 1.46 
0 0.29170992255894307 0.157882144384882 0.04 0.05 1.0 0.9581881533101044 0.979094076655052 98.09 0.61 
1 0.09503011725564632 0.0475150586278232 0.0 -0.0 1.0 1.0 1.0 0.0 0.0 
0 0.4227090878059909 0.211354543902995 -0.0 0.0 1.0 0.8333333333333331 0.916666666666667 0.0 0.0 
1 -0.0 0.0 -0.06 0.16 0.6774193548387096 0.7580645161290323 0.717741935483871 20.64 1.46 
0 0.14689728110576386 0.0734486405528819 -0.01 0.0 1.0 0.959731543624161 0.97986577181208 0.43 0.05 
1 0.5235346720440665 0.340972621087929 0.32 0.39 0.8666666666666668 0.9 0.883333333333333 30.0 1.75 
0 -0.0 0.0 0.0 0.0 1.0 1.0 1.0 0.0 0.0 
1 0.017626642729371575 0.00881332136468579 0.18 0.25 0.9252336448598132 0.9275700934579442 0.926401869158878 413.58 1.81 
0 -0.0 0.0 -0.0 -0.0 1.0 1.0 1.0 0.0 0.0 
1 0.8547011249697178 0.427350562484859 -0.02 0.0 0.9795918367346939 0.982142857142857 0.980867346938775 1.6 0.02 
0 -0.0 0.0 0.31 0.55 0.7580645161290323 0.7580645161290323 0.758064516129032 62.0 2.49 
1 0.6601647680850746 0.591011175434611 0.13 0.3 0.8594470046082949 0.919354838709677 0.889400921658986 970.62 1.21 
0 0.027282478746759924 0.0210994795479553 0.01 0.01 0.9793388429752063 0.9938016528925618 0.986570247933884 62.28 0.19 
1 -0.0 0.0 0.0 0.0 1.0 1.0 1.0 0.0 0.0 
0 -0.0 0.0 -0.0 -0.0 1.0 1.0 1.0 0.0 0.0 
1 -0.0 0.0 0.31 0.55 0.7580645161290323 0.7580645161290323 0.758064516129032 62.0 2.49 
0 0.666278442414676 0.333139221207338 0.25 0.67 1.0 0.6153846153846154 0.807692307692308 26.0 1.12 
1 0.08958725315521794 0.0728697263419105 -0.0 0.0 1.0 0.9972972972972972 0.998648648648649 0.06 0.01 
0 0.27737437324620146 0.146014503431472 -0.0 0.0 1.0 1.0 1.0 0.09 0.01 
1 -0.0 0.0 0.39 0.62 0.6935483870967744 0.6935483870967744 0.693548387096774 62.0 2.6 
0 -0.0 0.0 -0.06 0.18 0.6935483870967744 0.7580645161290323 0.725806451612903 22.68 1.6 
1 -0.0 0.0 0.0 0.0 1.0 1.0 1.0 0.0 0.0 
0 0.6846162778013049 0.342308138900652 -0.0 0.0 1.0 0.8846153846153846 0.942307692307692 0.0 0.0 
1 0.04131357294242817 0.0206567864712141 0.29 0.33 0.886153846153846 0.8892307692307693 0.887692307692308 315.12 2.04 
0 0.6730116670092564 0.336505833504628 -0.03 0.04 0.5769230769230769 0.9615384615384615 0.769230769230769 1.96 0.24 
1 1.6284102630552857 1.62546092371276 -0.02 0.51 0.7700348432055749 0.9895470383275262 0.879790940766551 325.24 0.19 
0 0.10210797344924928 0.0510539867246246 -0.0 0.0 1.0 0.3136842105263158 0.656842105263158 1.65 0.05 
1 0.10434878616952079 0.0521743930847604 0.01 0.01 0.9979591836734693 0.9979591836734693 0.997959183673469 490.0 0.11 
0 0.016457553638951676 0.00822877681947584 -0.05 0.0 0.4568421052631578 0.903157894736842 0.68 2.77 0.11 
1 0.030372534777978206 0.0228364363705995 -0.0 0.0 0.9894067796610168 0.9978813559322034 0.99364406779661 0.04 0.0 
0 -0.0 0.0 -0.0 -0.0 1.0 0.9977324263038548 0.998866213151927 0.0 0.0 
1 0.16245281571443987 0.14550577947865 -0.01 0.02 0.916083916083916 0.9976689976689976 0.956876456876457 46.4 0.05 
0 0.045763284360939335 0.0228816421804697 0.0 -0.0 1.0 0.981859410430839 0.99092970521542 0.0 0.0 
1 0.43686973210547814 0.270464027731018 0.04 0.05 1.0 0.940936863543788 0.970468431771894 144.91 0.55 
0 0.6829081047004717 0.677959885854864 0.16 0.68 1.0 0.7142857142857143 0.857142857142857 7.0 0.68 
1 0.02253214392080778 0.0197499575531257 -0.0 0.01 0.7156626506024096 0.9975903614457832 0.856626506024096 5.06 0.1 
0 0.21168754464631545 0.181846427741259 0.01 0.07 0.8870967741935483 0.919354838709677 0.903225806451613 13.19 0.67 
1 0.8127245415610106 0.428086422879458 0.41 0.59 0.3391521197007481 0.3640897755610973 0.351620947630923 772.17 0.33 
0 -0.0 0.0 0.0 -0.0 1.0 0.5555555555555555 0.777777777777778 0.0 0.0 
1 -0.0 0.0 0.37 0.44 0.16 0.16 0.16 25.0 0.2 
0 0.4959171118080685 0.247958555904034 0.0 -0.0 1.0 0.9922879177377892 0.996143958868895 0.0 0.0 
1 0.05839899951927197 0.0572755995239375 -0.0 0.0 1.0 0.9972972972972972 0.998648648648649 0.03 0.0 
0 0.4337626359979511 0.216881317998976 -0.01 0.0 0.9488636363636364 0.9829545454545452 0.965909090909091 1.15 0.09 
1 0.05839899951927197 0.0572107346922477 0.0 0.0 1.0 1.0 1.0 0.02 0.0 
0 1.3523028118749807 0.67615140593749 0.0 -0.0 1.0 0.9959183673469388 0.997959183673469 0.0 0.0 
1 0.20297324940653716 0.101486624703269 0.0 -0.0 1.0 1.0 1.0 0.0 0.0 
0 0.36139458154547405 0.291388795730519 0.11 0.2 0.9488636363636364 0.9602272727272728 0.954545454545455 357.5 1.37 
1 -0.0 0.0 0.33 0.55 0.6774193548387096 0.6935483870967744 0.685483870967742 57.53 2.39 
0 0.01607235879964646 0.00803617939982323 -0.0 0.0 1.0 0.984126984126984 0.992063492063492 0.02 0.0 
1 0.08958725315521794 0.073993126337245 0.0 0.0 1.0 1.0 1.0 0.04 0.01 
0 0.3724807184521906 0.370388775599927 0.15 0.54 0.919354838709677 0.9354838709677415 0.92741935483871 110.63 2.46 
1 0.09165764788996307 0.0699766348366203 -0.0 0.0 1.0 0.9818181818181818 0.990909090909091 0.1 0.01 
0 -0.0 0.0 0.0 -0.0 1.0 0.5555555555555555 0.777777777777778 0.0 0.0 
1 0.7244657079537894 0.362232853976895 0.0 -0.0 1.0 0.3264462809917356 0.663223140495868 0.0 0.0 
0 0.6331171997564925 0.493331485607266 0.03 0.09 0.947608200455581 0.9498861047835992 0.94874715261959 138.54 0.25 
1 -0.0 0.0 0.47 0.64 0.33333333333333326 0.33333333333333326 0.333333333333333 30.0 0.94 
0 0.3222971304395862 0.218825136640183 -0.01 0.02 0.8920187793427231 0.9859154929577466 0.938967136150235 50.69 0.16 
1 -0.0 0.0 0.33 0.55 0.6774193548387096 0.6935483870967744 0.685483870967742 57.53 2.49 
0 0.664316082500306 0.343931324799382 -0.08 0.01 0.6423690205011389 0.938496583143508 0.790432801822323 26.69 0.13 
1 0.06894930739780505 0.15777508018186 0.26 0.3 0.9182389937106918 0.9266247379454928 0.922431865828092 1350.0 2.0 
0 0.8645984701429459 0.582037727006189 0.02 0.07 1.0 0.9957356076759059 0.997867803837953 590.25 0.26 
1 -0.0 0.0 0.11 0.46 0.5384615384615384 0.6153846153846154 0.576923076923077 18.96 1.68 
0 0.25095480435761963 0.12547740217881 -0.0 0.0 0.9886363636363636 0.9971590909090908 0.992897727272727 0.09 0.01 
1 0.04915006684960595 0.024575033424803 0.0 0.01 0.868995633187773 0.9956331877729256 0.932314410480349 13.32 0.14 
0 0.4319626568589969 0.226842455768924 -0.01 0.01 0.9402985074626864 0.9914712153518124 0.965884861407249 3.68 0.17 
1 0.6171448282578021 0.580437337832493 0.03 0.32 1.0 0.8835227272727273 0.941761363636364 378.52 1.7 
0 0.2957078649273664 1.04701974152574 -0.04 0.07 0.9628099173553722 0.9958677685950412 0.979338842975207 70.54 0.05 
1 -0.0 0.0 0.31 0.55 0.7580645161290323 0.7580645161290323 0.758064516129032 62.0 2.49 
0 0.8645984701429459 0.474533239686344 -0.01 0.01 1.0 0.9872068230277184 0.993603411513859 5.71 0.0 
1 0.05602246986522343 0.0448156896337921 0.0 0.0 1.0 1.0 1.0 0.02 0.0 
0 0.7558148632822626 0.650825478255442 0.06 0.09 0.9897330595482546 0.9979466119096508 0.993839835728953 345.86 0.12 
1 0.0251440699125892 0.0125720349562946 0.53 0.63 0.6761658031088082 0.6761658031088082 0.676165803108808 386.0 2.33 
0 0.1725612331626618 0.0940891642961089 0.11 0.14 0.9578947368421052 0.96 0.958947368421053 402.18 1.04 
1 -0.0 0.0 0.19 0.69 0.5555555555555555 0.5555555555555555 0.555555555555556 9.0 1.98 
0 0.01607235879964646 0.00803617939982323 -0.0 -0.0 1.0 1.0 1.0 0.0 0.0 
1 0.05602246986522343 0.0541490991069533 0.0 0.0 1.0 1.0 1.0 0.02 0.0 
0 0.3624983754468393 0.196435455112409 -0.0 0.0 0.9978813559322034 0.9978813559322034 0.997881355932203 0.23 0.02 
1 -0.0 0.0 0.0 0.0 1.0 1.0 1.0 0.0 0.0 
0 -0.0 0.0 -0.0 0.0 0.9863945578231293 0.9931972789115646 0.989795918367347 0.04 0.01 
1 0.6822056867479602 0.602052179998817 0.05 0.2 0.9222462203023758 0.9546436285097192 0.938444924406048 472.98 0.93 
0 0.08256493803586597 0.264258680174702 -0.0 0.0 1.0 0.919354838709677 0.959677419354839 0.24 0.08 
1 -0.0 0.0 -0.0 -0.0 1.0 1.0 1.0 0.0 0.0 
0 0.40984977137281264 0.33665287885041 -0.06 0.03 0.6400911161731208 0.9817767653758542 0.810933940774488 21.6 0.08 
1 -0.0 0.0 0.0 0.0 1.0 1.0 1.0 0.0 0.0 
0 0.18260975257337433 0.0913048762866872 -0.0 0.0 1.0 0.9972972972972972 0.998648648648649 0.03 0.0 
1 -0.0 0.0 -0.0 -0.0 1.0 1.0 1.0 0.0 0.0 
0 0.40067165339847227 0.200335826699236 -0.0 0.0 0.9914772727272728 0.9971590909090908 0.994318181818182 0.1 0.01 
1 0.0947607483566568 0.0769695270739669 0.09 0.1 0.9806866952789698 0.982832618025751 0.981759656652361 445.71 0.81 
0 0.9428478132784428 0.716178908082052 0.04 0.12 0.9795918367346939 0.997448979591837 0.988520408163265 485.64 0.19 
