1 0.042617471413436414 0.0310799043211172 0.0 0.01 0.837708830548926 0.9928400954653938 0.91527446300716 10.42 0.09 
0 0.7947936912599187 0.770448655602335 -0.1 0.11 0.9892008639308858 0.9935205183585314 0.991360691144708 208.64 0.17 
1 0.02253214392080778 0.0197499575531257 -0.0 0.01 0.7156626506024096 0.9975903614457832 0.856626506024096 5.06 0.1 
0 0.860856141759689 0.509701267302369 0.0 0.11 1.0 0.9785276073619632 0.989263803680982 169.14 0.65 
1 0.09699169411326156 0.0746337112309724 -0.0 0.0 1.0 1.0 1.0 0.05 0.01 
0 0.05602246986522343 0.119316111219299 0.0 0.0 1.0 1.0 1.0 0.09 0.01 
1 -0.0 0.0 -0.1 0.14 0.6774193548387096 0.8064516129032256 0.741935483870968 17.76 1.34 
0 0.09494031130388621 0.0715923073267971 -0.06 0.01 0.556923076923077 0.843076923076923 0.7 5.84 0.21 
1 -0.0 0.0 -0.0 -0.0 1.0 1.0 1.0 0.0 0.0 
0 0.6895519477750732 0.356502545867648 -0.01 0.0 1.0 0.9806295399515738 0.990314769975787 1.71 0.01 
1 -0.0 0.0 0.33 0.55 0.6774193548387096 0.6935483870967744 0.685483870967742 57.53 2.59 
0 0.016359415015602636 0.0163594150156026 0.17 0.18 0.9621380846325168 0.9621380846325168 0.962138084632517 898.0 1.44 
1 0.9277980308365658 1.27664305854078 0.26 0.8 0.7871396895787139 0.7871396895787139 0.787139689578714 1253.58 1.13 
0 0.7168157759088685 0.358407887954434 0.0 -0.0 1.0 0.995771670190275 0.997885835095137 0.0 0.0 
1 -0.0 0.0 0.31 0.55 0.7580645161290323 0.7580645161290323 0.758064516129032 62.0 2.49 
0 0.9242647281309502 0.586587503741868 -0.0 0.29 0.8607954545454547 0.875 0.867897727272727 269.19 1.44 
1 0.09503011725564632 0.189490815924107 0.0 0.0 1.0 1.0 1.0 0.06 0.04 
0 0.900256051268537 0.964954532666555 0.25 0.31 0.10752688172043011 0.08602150537634409 0.0967741935483871 186.04 0.01 
1 -0.0 0.0 0.0 0.0 1.0 1.0 1.0 0.0 0.0 
0 -0.0 0.0 -0.0 0.01 0.6774193548387096 0.9677419354838708 0.82258064516129 0.98 0.22 
1 0.7244657079537894 0.362232853976895 0.0 -0.0 1.0 0.3264462809917356 0.663223140495868 0.0 0.0 
0 0.1481729758087842 0.0740864879043921 0.0 -0.0 1.0 0.396694214876033 0.698347107438017 0.0 0.0 
1 0.08958725315521794 0.0709314907519506 0.0 0.0 1.0 1.0 1.0 0.04 0.01 
0 0.09187703676356046 0.0459385183817802 -0.0 0.0 0.984126984126984 0.9977324263038548 0.990929705215419 0.04 0.0 
1 0.017626642729371575 0.00881332136468579 0.18 0.25 0.9252336448598132 0.9275700934579442 0.926401869158878 413.58 1.81 
0 0.6829081047004717 0.674593273557574 0.02 0.57 1.0 0.8076923076923077 0.903846153846154 22.62 0.19 
1 -0.0 0.0 0.0 0.0 1.0 1.0 1.0 0.0 0.0 
0 0.3525425103487513 0.176271255174376 -0.08 0.15 1.0 0.6935483870967744 0.846774193548387 17.86 1.26 
1 0.09699169411326156 0.0765719468209323 -0.0 0.0 1.0 0.9972972972972972 0.998648648648649 0.07 0.01 
0 0.08374922647357731 0.0965019133050073 -0.01 0.01 1.0 0.5721784776902888 0.786089238845144 6.18 0.1 
1 -0.0 0.0 0.0 0.0 1.0 1.0 1.0 0.0 0.0 
0 -0.0 0.0 -0.17 0.22 0.5555555555555555 0.7777777777777779 0.666666666666667 3.21 1.41 
1 -0.0 0.0 0.0 0.0 1.0 1.0 1.0 0.0 0.0 
0 -0.0 0.0 0.31 0.6 0.7083333333333334 0.7083333333333334 0.708333333333333 24.0 2.63 
1 0.7865364435085352 0.393268221754268 0.09 0.12 0.9728506787330315 0.9728506787330315 0.972850678733032 442.0 0.36 
0 0.3269974743901718 0.174540427253608 -0.03 0.0 0.9342403628117912 0.981859410430839 0.958049886621315 1.36 0.07 
1 0.06894930739780505 0.15777508018186 0.26 0.3 0.9182389937106918 0.9266247379454928 0.922431865828092 1350.0 2.0 
0 -0.0 0.0 -0.01 0.21 0.7142857142857143 0.8571428571428571 0.785714285714286 2.92 1.76 
1 -0.0 0.0 0.3 0.5 0.8008658008658008 0.8008658008658008 0.800865800865801 462.0 2.56 
0 0.06847444678893455 0.0535830187385502 -0.0 0.0 1.0 1.0 1.0 0.04 0.0 
1 0.8156295932307395 0.487087993037894 -0.0 0.08 0.7484662576687117 0.9785276073619632 0.863496932515337 53.37 0.31 
0 0.16103884445583505 0.713787831261781 -0.01 0.03 1.0 0.9953051643192488 0.997652582159624 17.57 0.15 
1 0.04915006684960595 0.024575033424803 0.0 0.01 0.868995633187773 0.9956331877729256 0.932314410480349 13.32 0.14 
0 0.3269974743901718 0.240388581032796 0.01 0.03 1.0 0.9342403628117912 0.967120181405896 82.51 0.14 
1 0.01652368182171168 0.00826184091085584 0.08 0.08 0.9838709677419354 0.9838709677419354 0.983870967741935 434.0 0.72 
0 0.09345740278411808 0.046728701392059 -0.0 0.0 1.0 0.9953161592505854 0.997658079625293 0.03 0.0 
1 0.08958725315521794 0.0728697263419105 -0.0 0.0 1.0 0.9972972972972972 0.998648648648649 0.06 0.01 
0 0.1481871792179267 0.0740935896089633 -0.03 0.0 1.0 0.8893905191873588 0.94469525959368 1.67 0.1 
1 1.6284102630552857 1.62546092371276 -0.02 0.51 0.7700348432055749 0.9895470383275262 0.879790940766551 325.24 0.19 
0 0.6622618696488148 0.342904218373637 -0.01 0.0 1.0 0.8723404255319149 0.936170212765957 0.35 0.03 
1 1.7983316181241153 0.899165809062058 0.0 -0.0 1.0 0.9628099173553722 0.981404958677686 0.0 0.0 
0 -0.0 0.0 -0.06 0.16 0.6774193548387096 0.7580645161290323 0.717741935483871 20.64 1.51 
1 -0.0 0.0 0.07 0.08 0.9854771784232365 0.9854771784232365 0.985477178423237 482.0 0.65 
0 0.08718908116625151 0.368588481578788 -0.16 0.01 0.837448559670782 0.9876543209876544 0.912551440329218 4.57 0.08 
1 -0.0 0.0 -0.0 0.0 1.0 0.6153846153846154 0.807692307692308 0.0 0.0 
0 0.6867648001858452 0.343382400092923 -0.0 0.0 1.0 1.0 1.0 0.0 0.0 
1 0.016424701198958662 0.00821235059947933 0.12 0.12 0.9728506787330315 0.9728506787330315 0.972850678733032 442.0 1.0 
0 0.25206432238740556 0.136097830410093 0.09 0.12 0.7321814254859611 0.9049676025917927 0.818574514038877 124.39 0.96 
1 0.8720635602136072 0.444515665699525 -0.01 0.0 0.2385542168674699 0.9975903614457832 0.618072289156626 0.63 0.0 
0 0.4435682844142889 0.283191673975528 -0.05 0.07 0.8295454545454547 0.9602272727272728 0.894886363636364 107.96 0.19 
1 0.7865364435085352 0.401480572353747 0.08 0.13 0.9728506787330315 0.9728506787330315 0.972850678733032 442.51 0.33 
0 0.8984583227127803 0.536479146386512 0.11 0.13 0.9794661190965092 0.9876796714579056 0.983572895277207 336.89 0.55 
1 0.16245281571443987 0.14550577947865 -0.01 0.02 0.916083916083916 0.9976689976689976 0.956876456876457 46.4 0.05 
0 0.20297324940653716 0.165763284823874 -0.01 0.0 1.0 0.9953161592505854 0.997658079625293 0.79 0.06 
1 0.07093518297335139 0.0616054556610173 0.0 0.0 1.0 1.0 1.0 0.03 0.0 
0 -0.0 0.0 0.0 0.0 1.0 0.9663157894736842 0.983157894736842 0.0 0.0 
1 0.6171448282578021 0.308572414128901 -0.01 0.0 1.0 0.9886363636363636 0.994318181818182 0.88 0.06 
0 0.6829081047004717 0.341454052350236 -0.1 0.33 1.0 0.28571428571428564 0.642857142857143 3.73 0.42 
1 0.022727473318271005 0.0113637366591355 -0.0 -0.0 1.0 1.0 1.0 0.0 0.0 
0 0.08919443275684764 0.0527607061054705 -0.01 0.01 0.6423690205011389 0.9863325740318906 0.814350797266515 5.3 0.07 
1 0.08627855491407438 0.0975485355458968 0.0 0.02 0.7084337349397591 0.9927710843373492 0.850602409638554 81.26 0.09 
0 0.9428478132784428 0.471423906639221 0.01 0.05 0.9413265306122448 0.9795918367346939 0.960459183673469 31.26 0.17 
1 0.6895519477750732 0.344775973887537 0.0 -0.0 1.0 1.0 1.0 0.0 0.0 
0 -0.0 0.0 -0.0 0.0 0.9573863636363636 0.9886363636363636 0.973011363636364 0.18 0.02 
1 0.5297061990576545 0.439269147450343 -0.1 0.03 1.0 1.0 1.0 0.32 0.45 
0 0.057146758033893234 0.0285733790169466 -0.0 -0.0 1.0 0.9782082324455202 0.98910411622276 0.0 0.0 
1 0.8156295932307395 0.74694740234885 0.07 0.48 0.7484662576687117 0.8558282208588956 0.802147239263804 285.8 0.83 
0 -0.0 0.0 0.0 0.0 1.0 0.9907192575406036 0.995359628770302 0.0 0.0 
1 0.01475818629482802 0.00737909314741401 0.01 0.01 1.0 0.9979466119096508 0.998973305954825 487.0 0.19 
0 -0.0 0.0 -0.0 -0.0 1.0 0.9966442953020132 0.998322147651007 0.0 0.0 
1 0.09165764788996307 0.0699766348366203 -0.0 0.0 1.0 0.9818181818181818 0.990909090909091 0.1 0.01 
0 0.38412048178648794 0.303758163747277 -0.06 0.03 0.6263498920086392 0.9676025917926566 0.796976241900648 21.76 0.3 
1 0.020830638321723566 0.0104153191608618 0.04 0.04 0.9850746268656718 0.9914712153518124 0.988272921108742 266.27 0.43 
0 0.4459524223135379 0.222976211156769 -0.03 0.27 0.6774193548387096 0.919354838709677 0.798387096774194 31.25 1.78 
1 -0.0 0.0 0.3 0.36 0.8846153846153846 0.8846153846153846 0.884615384615385 26.0 2.14 
0 -0.0 0.0 0.01 0.14 0.125 0.375 0.25 1.9 0.11 
1 -0.0 0.0 0.39 0.62 0.6935483870967744 0.6935483870967744 0.693548387096774 62.0 2.6 
0 -0.0 0.0 -0.0 0.0 1.0 0.7580645161290323 0.879032258064516 0.0 0.0 
1 0.1725612331626618 0.0862806165813309 -0.07 0.05 0.4568421052631578 0.9578947368421052 0.707368421052632 33.9 0.06 
0 0.2265949871174565 0.200361324685285 -0.08 0.01 0.8871331828442438 0.9751693002257336 0.931151241534989 4.75 0.24 
1 0.666278442414676 0.666278442414676 0.25 0.67 1.0 1.0 1.0 26.0 0.9 
0 0.6829081047004717 0.861314437770195 0.03 0.68 1.0 0.5714285714285713 0.785714285714286 7.0 0.71 
1 0.5235346720440665 0.340972621087929 0.32 0.39 0.8666666666666668 0.9 0.883333333333333 30.0 1.75 
0 0.7530888342556183 0.885960427278868 0.02 0.45 0.5183585313174947 0.7321814254859611 0.625269978401728 646.02 0.24 
1 0.08958725315521794 0.073993126337245 0.0 0.0 1.0 1.0 1.0 0.04 0.01 
0 0.308891104846187 0.154445552423093 0.0 -0.0 1.0 0.987780040733198 0.993890020366599 0.0 0.0 
1 0.05839899951927197 0.0572107346922477 0.0 0.0 1.0 1.0 1.0 0.02 0.0 
0 0.3563409206018685 0.178170460300934 -0.07 0.0 0.919354838709677 0.9838709677419354 0.951612903225806 0.48 0.13 
1 0.0707680768797802 0.351225226630238 -0.0 0.0 1.0 0.997695852534562 0.998847926267281 3.17 0.0 
0 0.04041719677408694 0.214703734968565 -0.01 0.0 0.9346246973365616 0.9757869249394672 0.955205811138015 1.4 0.05 
1 -0.0 0.0 -0.06 0.16 0.6774193548387096 0.7580645161290323 0.717741935483871 20.64 1.46 
0 1.1136377859448703 0.556818892972435 -0.02 0.0 0.9886363636363636 0.9943181818181815 0.991477272727273 1.74 0.11 
1 -0.0 0.0 -0.0 -0.0 1.0 1.0 1.0 0.0 0.0 
0 0.664316082500306 1.09532669195121 -0.02 0.12 0.8610478359908883 0.938496583143508 0.899772209567198 133.5 0.15 
1 -0.0 0.0 -0.06 0.16 0.6774193548387096 0.7580645161290323 0.717741935483871 20.64 1.46 
0 0.015617095429556123 0.00780854771477806 -0.06 0.03 0.4568421052631578 0.96 0.708421052631579 24.29 0.3 
1 0.0740225961475812 0.128824279468757 0.41 0.69 0.5590551181102362 0.5748031496062993 0.566929133858268 381.05 2.38 
0 0.6365141682948128 0.318257084147406 0.12 0.6 0.28571428571428564 0.4285714285714285 0.357142857142857 7.0 0.43 
1 0.056152199528602974 0.0560873346969132 -0.0 0.0 1.0 0.9972972972972972 0.998648648648649 0.03 0.0 
0 -0.0 0.0 0.0 0.0 1.0 1.0 1.0 0.0 0.0 
1 0.5235346720440665 0.340972621087929 0.32 0.39 0.8666666666666668 0.9 0.883333333333333 30.0 1.75 
0 0.767183707147163 0.508046993249974 0.13 0.46 0.875 0.909090909090909 0.892045454545455 547.81 1.88 
1 0.4811067080592432 0.300596867788392 0.04 0.05 0.9954853273137698 0.9954853273137698 0.99548532731377 895.47 0.16 
0 0.34883209584303193 0.174416047921516 0.07 0.19 1.0 0.7777777777777779 0.888888888888889 3.94 1.56 
1 0.43686973210547814 0.270464027731018 0.04 0.05 1.0 0.940936863543788 0.970468431771894 144.91 0.55 
0 -0.0 0.0 -0.06 0.16 0.6774193548387096 0.7580645161290323 0.717741935483871 20.64 1.46 
1 -0.0 0.0 -0.0 -0.0 1.0 0.9958677685950412 0.997933884297521 0.0 0.0 
0 0.9556998911125344 0.819303997906503 0.06 0.68 1.0 1.0 1.0 7.0 1.0 
1 0.030372534777978206 0.0228364363705995 -0.0 0.0 0.9894067796610168 0.9978813559322034 0.99364406779661 0.04 0.0 
0 -0.0 0.0 -0.15 0.04 0.625 0.9166666666666664 0.770833333333333 1.31 0.51 
1 0.05602246986522343 0.0541490991069533 0.0 0.0 1.0 1.0 1.0 0.02 0.0 
0 -0.0 0.0 -0.06 0.16 0.6774193548387096 0.7580645161290323 0.717741935483871 20.64 1.46 
1 0.09503011725564632 0.0475150586278232 0.0 -0.0 1.0 1.0 1.0 0.0 0.0 
0 -0.0 0.0 0.33 0.55 0.6774193548387096 0.6935483870967744 0.685483870967742 57.53 2.39 
1 -0.0 0.0 0.37 0.44 0.16 0.16 0.16 25.0 0.2 
0 1.1443804040343335 0.572190202017167 -0.0 0.0 0.9971590909090908 0.9971590909090908 0.997159090909091 0.46 0.03 
1 0.6846162778013049 0.342308138900652 0.15 0.36 0.8846153846153846 0.8846153846153846 0.884615384615385 26.0 0.82 
0 0.6096823605541178 0.590162520616643 0.02 0.16 0.6908077994428969 0.8969359331476324 0.793871866295265 200.9 0.13 
1 0.04131357294242817 0.0206567864712141 0.29 0.33 0.886153846153846 0.8892307692307693 0.887692307692308 315.12 2.04 
0 1.351783994289646 0.675891997144823 -0.06 0.21 1.0 0.8571428571428571 0.928571428571429 2.92 0.02 
1 0.022727473318271005 0.022727473318271 -0.0 0.0 1.0 1.0 1.0 0.0 0.0 
0 0.5519602511937985 0.275980125596899 0.01 0.02 0.99234693877551 0.997448979591837 0.994897959183674 19.77 0.21 
1 -0.0 0.0 0.0 0.0 1.0 1.0 1.0 0.0 0.0 
0 0.3767701612564368 0.718813554207229 -0.22 0.22 1.0 0.8888888888888888 0.944444444444444 3.43 0.17 
1 -0.0 0.0 -0.0 0.0 1.0 0.7580645161290323 0.879032258064516 0.0 0.0 
0 0.05577279621184249 0.0437594726416138 -0.01 0.0 0.9542168674698795 0.9686746987951808 0.96144578313253 0.94 0.07 
1 -0.0 0.0 0.33 0.55 0.6774193548387096 0.6935483870967744 0.685483870967742 57.53 2.49 
0 0.9556998911125344 0.819303997906503 0.06 0.68 1.0 1.0 1.0 7.0 0.9 
1 -0.0 0.0 0.06 0.41 0.8571428571428571 0.8571428571428571 0.857142857142857 7.0 2.49 
0 0.015529324822425987 0.007764662411213 0.13 0.15 0.9663157894736842 0.9663157894736842 0.966315789473684 475.0 1.12 
1 -0.0 0.0 -0.0 -0.0 1.0 0.9936034115138594 0.99680170575693 0.0 0.0 
0 0.4674331568190166 0.233716578409508 -0.01 0.0 1.0 0.9888641425389754 0.994432071269488 0.98 0.06 
1 -0.0 0.0 0.11 0.46 0.5384615384615384 0.6153846153846154 0.576923076923077 18.96 1.68 
0 -0.0 0.0 -0.0 -0.0 1.0 1.0 1.0 0.0 0.0 
1 -0.0 0.0 0.12 0.12 0.9568034557235422 0.9676025917926566 0.962203023758099 343.37 1.04 
0 0.9556998911125344 1.01734604949506 0.18 0.68 1.0 1.0 1.0 8.17 0.03 
1 0.0947607483566568 0.0769695270739669 0.09 0.1 0.9806866952789698 0.982832618025751 0.981759656652361 445.71 0.81 
0 0.4835521377786173 0.367708232658686 -0.1 0.06 0.6502590673575128 0.8445595854922278 0.74740932642487 38.22 0.03 
1 0.02133050528737909 0.0106652526436895 0.1 0.1 0.980392156862745 0.980392156862745 0.980392156862745 459.0 0.82 
0 0.17449997006024281 0.0946290781775354 -0.0 0.0 1.0 0.9876796714579056 0.993839835728953 0.05 0.01 
1 0.20297324940653716 0.101486624703269 0.0 -0.0 1.0 1.0 1.0 0.0 0.0 
0 0.3724807184521906 0.186240359226095 -0.02 0.29 0.6935483870967744 0.919354838709677 0.806451612903226 33.68 1.92 
1 -0.0 0.0 -0.0 -0.0 1.0 1.0 1.0 0.0 0.0 
0 0.6265544985250644 0.313277249262532 -0.01 0.0 0.8409090909090908 0.9886363636363636 0.914772727272727 1.61 0.11 
1 -0.0 0.0 0.33 0.55 0.6774193548387096 0.6935483870967744 0.685483870967742 57.53 2.39 
0 0.12281506353676637 0.0614075317683832 -0.0 0.0 0.9602272727272728 0.9971590909090908 0.978693181818182 0.07 0.01 
1 -0.0 0.0 0.19 0.69 0.5555555555555555 0.5555555555555555 0.555555555555556 9.0 1.98 
0 1.2543579990085707 1.17565775690996 0.09 0.59 0.8475177304964538 0.918439716312057 0.882978723404255 534.23 0.37 
1 0.09908391604753189 0.0495419580237659 0.04 0.04 0.9850746268656718 0.9914712153518124 0.988272921108742 266.27 0.37 
0 0.01475818629482802 0.014758186294828 -0.0 0.0 1.0 1.0 1.0 0.0 0.0 
1 0.0947607483566568 0.232756230915289 0.02 0.03 0.9678111587982832 0.9806866952789698 0.974248927038627 84.69 0.27 
0 0.9517673227869262 0.498765303573933 0.0 0.06 0.981859410430839 0.9886621315192744 0.985260770975057 278.34 0.09 
1 -0.0 0.0 0.47 0.64 0.33333333333333326 0.33333333333333326 0.333333333333333 30.0 0.94 
0 -0.0 0.0 0.0 0.0 1.0 1.0 1.0 0.0 0.0 
1 0.05839899951927197 0.0572755995239375 -0.0 0.0 1.0 0.9972972972972972 0.998648648648649 0.03 0.0 
0 1.1443804040343335 0.572190202017167 -0.05 0.02 0.9573863636363636 0.9971590909090908 0.977272727272727 15.53 0.15 
1 -0.0 0.0 0.0 0.0 1.0 0.982142857142857 0.991071428571429 0.0 0.0 
0 0.09651393728015299 0.0482569686400765 -0.0 0.0 1.0 0.959731543624161 0.97986577181208 0.21 0.03 
1 0.0251440699125892 0.0125720349562946 0.53 0.63 0.6761658031088082 0.6761658031088082 0.676165803108808 386.0 2.33 
0 -0.0 0.0 -0.0 0.0 1.0 0.625 0.8125 0.0 0.0 
1 -0.0 0.0 0.31 0.55 0.7580645161290323 0.7580645161290323 0.758064516129032 62.0 2.49 
0 0.8476223817902205 0.618302404778741 0.05 0.23 0.9907975460122702 0.9969325153374232 0.993865030674847 240.92 1.63 
1 -0.0 0.0 0.0 0.0 1.0 1.0 1.0 0.0 0.0 
0 -0.0 0.0 -0.06 0.18 0.6935483870967744 0.7580645161290323 0.725806451612903 22.68 1.48 
1 -0.0 0.0 0.39 0.62 0.6935483870967744 0.6935483870967744 0.693548387096774 62.0 2.6 
0 0.9632492517543758 0.814763847084526 0.19 0.67 1.0 1.0 1.0 26.0 0.4 
1 0.08807751896196665 0.451853556096353 -0.01 0.04 0.7484662576687117 0.9846625766871167 0.866564417177914 30.7 0.2 
0 0.4391877418106727 0.219593870905336 0.0 -0.0 1.0 1.0 1.0 0.0 0.0 
1 0.6601647680850746 0.591011175434611 0.13 0.3 0.8594470046082949 0.919354838709677 0.889400921658986 970.62 1.21 
0 -0.0 0.0 0.0 0.0 1.0 0.375 0.6875 0.0 0.0 
1 0.052275728348683194 0.0522757283486832 -0.0 0.0 1.0 1.0 1.0 0.02 0.0 
0 0.4905286033068502 0.308378935864695 0.42 0.53 0.5814977973568282 0.5925110132158591 0.587004405286344 392.32 1.54 
1 0.3269547847215813 0.163477392360791 -0.01 0.01 0.9481865284974093 0.9870466321243522 0.967616580310881 3.79 0.05 
0 0.048964887966297055 0.101372287820859 -0.01 0.0 1.0 0.981859410430839 0.99092970521542 0.37 0.03 
1 0.6171448282578021 0.580437337832493 0.03 0.32 1.0 0.8835227272727273 0.941761363636364 378.52 1.7 
0 1.7983316181241153 0.899165809062058 0.0 -0.0 1.0 0.9628099173553722 0.981404958677686 0.0 0.0 
1 0.8127245415610106 0.428086422879458 0.41 0.59 0.3391521197007481 0.3640897755610973 0.351620947630923 772.17 0.33 
0 0.4992227979700849 0.806430291957478 -0.07 0.39 0.877840909090909 0.9943181818181815 0.936079545454545 411.36 1.34 
1 0.6822056867479602 0.602052179998817 0.05 0.2 0.9222462203023758 0.9546436285097192 0.938444924406048 472.98 0.93 
0 0.6846162778013049 0.342308138900652 0.11 0.67 0.6153846153846154 0.8846153846153846 0.75 26.0 0.23 
1 -0.0 0.0 0.0 0.0 1.0 1.0 1.0 0.0 0.0 
0 0.6730116670092564 0.510921881426144 -0.2 0.1 1.0 0.5555555555555555 0.777777777777778 1.41 0.47 
1 -0.0 0.0 0.0 0.0 1.0 1.0 1.0 0.0 0.0 
0 0.32967376365612366 0.173032876142498 -0.05 0.01 0.6930022573363432 0.9729119638826184 0.832957110609481 6.11 0.14 
1 0.8547011249697178 0.427350562484859 -0.02 0.0 0.9795918367346939 0.982142857142857 0.980867346938775 1.6 0.02 
0 -0.0 0.0 -0.06 0.18 0.6935483870967744 0.7580645161290323 0.725806451612903 22.68 1.54 
1 0.3742549310896416 0.187127465544821 -0.03 0.02 0.7660668380462725 0.9974293059125964 0.881748071979434 15.62 0.69 
0 -0.0 0.0 0.27 0.41 0.2666666666666666 0.33333333333333326 0.3 21.82 0.63 
1 0.030372534777978206 0.0658985378330168 -0.0 0.0 0.972457627118644 0.9978813559322034 0.985169491525424 0.13 0.01 
0 0.09962338946616205 0.049811694733081 -0.12 0.11 0.6935483870967744 0.7903225806451613 0.741935483870968 14.57 1.25 
