1 -0.0 0.0 0.0 0.0 1.0 1.0 1.0 0.0 0.0 
0 -0.0 0.0 -0.0 -0.0 1.0 1.0 1.0 0.0 0.0 
1 -0.0 0.0 -0.0 0.0 1.0 0.6153846153846154 0.807692307692308 0.0 0.0 
0 0.6265544985250644 0.585142172966124 0.13 0.55 0.8409090909090908 0.8835227272727273 0.862215909090909 621.62 2.66 
1 0.10434878616952079 0.0521743930847604 0.01 0.01 0.9979591836734693 0.9979591836734693 0.997959183673469 490.0 0.11 
0 0.6615632381579821 0.330781619078991 0.0 0.0 1.0 1.0 1.0 0.0 0.0 
1 -0.0 0.0 0.31 0.55 0.7580645161290323 0.7580645161290323 0.758064516129032 62.0 2.49 
0 0.40984977137281264 0.204924885686406 -0.02 0.0 0.6400911161731208 0.9954441913439636 0.817767653758542 1.5 0.05 
1 0.20297324940653716 0.101486624703269 0.0 -0.0 1.0 1.0 1.0 0.0 0.0 
0 -0.0 0.0 -0.0 -0.0 1.0 0.9948586118251928 0.997429305912596 0.0 0.0 
1 -0.0 0.0 0.33 0.55 0.6774193548387096 0.6935483870967744 0.685483870967742 57.53 2.39 
0 0.15841057013179086 0.0792052850658954 0.27 0.33 0.9 0.9 0.9 30.0 1.93 
1 -0.0 0.0 0.39 0.62 0.6935483870967744 0.6935483870967744 0.693548387096774 62.0 2.6 
0 0.10434878616952079 0.0521743930847604 0.01 0.01 0.9979591836734693 0.9979591836734693 0.997959183673469 490.0 0.11 
1 -0.0 0.0 -0.06 0.16 0.6774193548387096 0.7580645161290323 0.717741935483871 20.64 1.46 
0 0.5858113340839818 0.292905667041991 -0.0 0.0 1.0 0.9971590909090908 0.998579545454545 0.17 0.02 
1 -0.0 0.0 0.0 0.0 1.0 1.0 1.0 0.0 0.0 
0 0.4505612088663046 0.225280604433152 0.03 0.41 0.8571428571428571 0.8571428571428571 0.857142857142857 7.0 1.53 
1 0.06894930739780505 0.15777508018186 0.26 0.3 0.9182389937106918 0.9266247379454928 0.922431865828092 1350.0 2.0 
0 0.3525425103487513 0.176271255174376 -0.08 0.15 1.0 0.6935483870967744 0.846774193548387 17.86 1.33 
1 0.04915006684960595 0.024575033424803 0.0 0.01 0.868995633187773 0.9956331877729256 0.932314410480349 13.32 0.14 
0 -0.0 0.0 0.0 0.0 1.0 0.9838709677419354 0.991935483870968 0.0 0.0 
1 0.7244657079537894 0.362232853976895 0.0 -0.0 1.0 0.3264462809917356 0.663223140495868 0.0 0.0 
0 -0.0 0.0 -0.0 -0.0 1.0 1.0 1.0 0.0 0.0 
1 0.030372534777978206 0.0658985378330168 -0.0 0.0 0.972457627118644 0.9978813559322034 0.985169491525424 0.13 0.01 
0 0.9428478132784428 0.471423906639221 0.03 0.04 0.9795918367346939 0.99234693877551 0.985969387755102 392.0 0.1 
1 -0.0 0.0 0.0 0.0 1.0 1.0 1.0 0.0 0.0 
0 0.02013133843277965 0.56518620214534 0.02 0.13 0.7321814254859611 0.9481641468682503 0.840172786177106 120.43 0.37 
1 0.08627855491407438 0.0975485355458968 0.0 0.02 0.7084337349397591 0.9927710843373492 0.850602409638554 81.26 0.09 
0 -0.0 0.0 0.0 -0.0 1.0 0.984126984126984 0.992063492063492 0.0 0.0 
1 0.08958725315521794 0.0728697263419105 -0.0 0.0 1.0 0.9972972972972972 0.998648648648649 0.06 0.01 
0 -0.0 0.0 -0.06 0.18 0.6935483870967744 0.7580645161290323 0.725806451612903 22.68 1.54 
1 -0.0 0.0 0.0 0.0 1.0 0.982142857142857 0.991071428571429 0.0 0.0 
0 0.5982695885852573 0.504192953436833 -0.05 0.05 1.0 1.0 1.0 0.47 0.72 
1 0.030372534777978206 0.0228364363705995 -0.0 0.0 0.9894067796610168 0.9978813559322034 0.99364406779661 0.04 0.0 
0 -0.0 0.0 -0.0 -0.0 1.0 1.0 1.0 0.0 0.0 
1 0.8547011249697178 0.427350562484859 -0.02 0.0 0.9795918367346939 0.982142857142857 0.980867346938775 1.6 0.02 
0 0.666278442414676 0.333139221207338 -0.13 0.17 0.33333333333333326 0.8666666666666668 0.6 7.5 0.19 
1 0.0947607483566568 0.232756230915289 0.02 0.03 0.9678111587982832 0.9806866952789698 0.974248927038627 84.69 0.27 
0 0.2213830099155629 0.172099036726165 0.11 0.17 0.9488636363636364 0.9602272727272728 0.954545454545455 340.85 1.33 
1 0.7865364435085352 0.401480572353747 0.08 0.13 0.9728506787330315 0.9728506787330315 0.972850678733032 442.51 0.33 
0 0.5906061822440456 0.544914490107065 -0.08 0.27 0.877840909090909 0.9602272727272728 0.919034090909091 317.98 1.29 
1 0.7865364435085352 0.393268221754268 0.09 0.12 0.9728506787330315 0.9728506787330315 0.972850678733032 442.0 0.36 
0 -0.0 0.0 -0.0 -0.0 1.0 1.0 1.0 0.0 0.0 
1 -0.0 0.0 -0.0 -0.0 1.0 1.0 1.0 0.0 0.0 
0 0.6799529039485162 0.671107386798665 0.03 0.27 0.8723404255319149 0.99645390070922 0.934397163120567 316.12 0.98 
1 0.09503011725564632 0.0475150586278232 0.0 -0.0 1.0 1.0 1.0 0.0 0.0 
0 0.6791932659915256 0.339596632995763 0.03 0.11 0.9230769230769232 0.9615384615384615 0.942307692307692 12.48 0.38 
1 0.05602246986522343 0.0448156896337921 0.0 0.0 1.0 1.0 1.0 0.02 0.0 
0 -0.0 0.0 0.0 -0.0 1.0 0.5555555555555555 0.777777777777778 0.0 0.0 
1 0.8127245415610106 0.428086422879458 0.41 0.59 0.3391521197007481 0.3640897755610973 0.351620947630923 772.17 0.33 
0 0.666278442414676 0.666278442414676 0.25 0.67 1.0 1.0 1.0 26.0 0.63 
1 -0.0 0.0 0.0 0.0 1.0 1.0 1.0 0.0 0.0 
0 0.33711620194815384 0.232931643088594 -0.02 0.03 0.937365010799136 0.9524838012958964 0.944924406047516 49.5 0.07 
1 0.6895519477750732 0.344775973887537 0.0 -0.0 1.0 1.0 1.0 0.0 0.0 
0 0.24610920772326714 0.123054603861634 0.0 -0.0 1.0 1.0 1.0 0.0 0.0 
1 0.022727473318271005 0.0113637366591355 -0.0 -0.0 1.0 1.0 1.0 0.0 0.0 
0 0.08042971461564137 0.0402148573078207 0.27 0.34 0.8065843621399178 0.837448559670782 0.82201646090535 381.14 2.23 
1 0.3742549310896416 0.187127465544821 -0.03 0.02 0.7660668380462725 0.9974293059125964 0.881748071979434 15.62 0.69 
0 0.09962338946616205 0.236052053959176 -0.06 0.25 0.7903225806451613 0.919354838709677 0.854838709677419 41.76 1.68 
1 0.016424701198958662 0.00821235059947933 0.12 0.12 0.9728506787330315 0.9728506787330315 0.972850678733032 442.0 1.0 
0 0.25613114039546225 0.891234220898786 -0.21 0.07 0.6400911161731208 0.8610478359908883 0.750569476082005 72.89 0.24 
1 0.05839899951927197 0.0572107346922477 0.0 0.0 1.0 1.0 1.0 0.02 0.0 
0 0.08446800922974265 0.0951336923654906 0.01 0.01 0.9872068230277184 0.9872068230277184 0.987206823027719 407.98 0.06 
1 0.16245281571443987 0.14550577947865 -0.01 0.02 0.916083916083916 0.9976689976689976 0.956876456876457 46.4 0.05 
0 -0.0 0.0 0.0 0.0 1.0 1.0 1.0 0.0 0.0 
1 -0.0 0.0 0.0 0.0 1.0 1.0 1.0 0.0 0.0 
0 0.20707027621364865 0.103535138106824 -0.0 0.0 0.9938775510204082 0.9979591836734693 0.995918367346939 0.06 0.01 
1 1.7983316181241153 0.899165809062058 0.0 -0.0 1.0 0.9628099173553722 0.981404958677686 0.0 0.0 
0 -0.0 0.0 0.0 0.0 1.0 1.0 1.0 0.0 0.0 
1 0.6846162778013049 0.342308138900652 0.15 0.36 0.8846153846153846 0.8846153846153846 0.884615384615385 26.0 0.82 
0 0.056784913717192464 0.0283924568585962 -0.0 -0.0 1.0 1.0 1.0 0.0 0.0 
1 0.05602246986522343 0.0541490991069533 0.0 0.0 1.0 1.0 1.0 0.02 0.0 
0 0.015617095429556123 0.00780854771477806 0.0 0.0 1.0 0.96 0.98 0.0 0.0 
1 -0.0 0.0 0.06 0.41 0.8571428571428571 0.8571428571428571 0.857142857142857 7.0 2.49 
0 0.022083380117043378 0.0110416900585217 -0.0 0.0 0.981859410430839 0.9954648526077096 0.988662131519274 0.04 0.01 
1 -0.0 0.0 -0.0 -0.0 1.0 1.0 1.0 0.0 0.0 
0 0.04915006684960595 0.024575033424803 0.0 0.0 1.0 0.868995633187773 0.934497816593886 0.0 0.0 
1 0.9277980308365658 1.27664305854078 0.26 0.8 0.7871396895787139 0.7871396895787139 0.787139689578714 1253.58 1.13 
0 0.2835478929710348 0.141773946485517 -0.06 0.13 0.6935483870967744 0.9838709677419354 0.838709677419355 15.03 1.12 
1 0.042617471413436414 0.0310799043211172 0.0 0.01 0.837708830548926 0.9928400954653938 0.91527446300716 10.42 0.09 
0 0.8465160453282295 0.423258022664115 0.0 0.01 0.9917864476386036 0.9979466119096508 0.994866529774127 121.85 0.0 
1 -0.0 0.0 0.3 0.5 0.8008658008658008 0.8008658008658008 0.800865800865801 462.0 2.56 
0 0.08256493803586597 0.117285124436034 -0.0 0.0 1.0 0.919354838709677 0.959677419354839 0.13 0.06 
1 -0.0 0.0 0.0 0.0 1.0 1.0 1.0 0.0 0.0 
0 0.666278442414676 0.333139221207338 -0.0 0.0 1.0 1.0 1.0 0.0 0.0 
1 0.6171448282578021 0.308572414128901 -0.01 0.0 1.0 0.9886363636363636 0.994318181818182 0.88 0.06 
0 0.861510546826677 0.602203134185099 0.01 0.12 0.3899782135076253 0.9629629629629628 0.676470588235294 190.22 0.41 
1 0.8720635602136072 0.444515665699525 -0.01 0.0 0.2385542168674699 0.9975903614457832 0.618072289156626 0.63 0.0 
0 0.022083380117043378 0.0110416900585217 0.0 -0.0 1.0 0.981859410430839 0.99092970521542 0.0 0.0 
1 0.09908391604753189 0.0495419580237659 0.04 0.04 0.9850746268656718 0.9914712153518124 0.988272921108742 266.27 0.37 
0 1.0040272524081315 0.502013626204066 0.0 -0.0 1.0 0.7535211267605633 0.876760563380282 0.0 0.0 
1 -0.0 0.0 -0.06 0.16 0.6774193548387096 0.7580645161290323 0.717741935483871 20.64 1.46 
0 0.4435682844142889 0.221784142207145 -0.06 0.01 0.8295454545454547 0.9573863636363636 0.893465909090909 5.14 0.22 
1 0.0707680768797802 0.351225226630238 -0.0 0.0 1.0 0.997695852534562 0.998847926267281 3.17 0.0 
0 0.16764562403823993 0.585836438223186 0.04 0.08 1.0 0.7535211267605633 0.876760563380282 102.02 0.27 
1 -0.0 0.0 -0.0 -0.0 1.0 0.9936034115138594 0.99680170575693 0.0 0.0 
0 0.7453785846192588 0.383550419649055 0.02 0.09 0.7270788912579956 0.9402985074626864 0.833688699360341 82.2 0.35 
1 0.02253214392080778 0.0197499575531257 -0.0 0.01 0.7156626506024096 0.9975903614457832 0.856626506024096 5.06 0.1 
0 0.10210797344924928 0.0510539867246246 -0.0 0.0 1.0 0.9663157894736842 0.983157894736842 0.36 0.03 
1 0.5297061990576545 0.439269147450343 -0.1 0.03 1.0 1.0 1.0 0.32 0.45 
0 0.19643645103383003 0.10649670523273 -0.0 0.0 1.0 1.0 1.0 0.05 0.01 
1 -0.0 0.0 0.33 0.55 0.6774193548387096 0.6935483870967744 0.685483870967742 57.53 2.49 
0 0.6681369026482501 0.924863572905618 -0.15 0.07 0.9676025917926566 0.9913606911447084 0.979481641468682 61.38 0.22 
1 -0.0 0.0 0.12 0.12 0.9568034557235422 0.9676025917926566 0.962203023758099 343.37 1.04 
0 0.24610920772326714 0.123054603861634 -0.0 0.0 1.0 0.9966442953020132 0.998322147651007 0.07 0.01 
1 -0.0 0.0 0.33 0.55 0.6774193548387096 0.6935483870967744 0.685483870967742 57.53 2.59 
0 0.16991090419848048 0.693351166656981 0.04 0.14 0.973392461197339 0.9756097560975608 0.97450110864745 428.65 0.38 
1 0.08958725315521794 0.073993126337245 0.0 0.0 1.0 1.0 1.0 0.04 0.01 
0 0.7558148632822626 0.377907431641131 -0.0 0.0 1.0 0.9897330595482546 0.994866529774127 0.0 0.0 
1 0.01475818629482802 0.00737909314741401 0.01 0.01 1.0 0.9979466119096508 0.998973305954825 487.0 0.19 
0 0.4992227979700849 0.270152459782626 -0.09 0.03 0.877840909090909 0.940340909090909 0.909090909090909 14.5 0.29 
1 -0.0 0.0 0.39 0.62 0.6935483870967744 0.6935483870967744 0.693548387096774 62.0 2.6 
0 0.035043395966475925 0.0789292297516211 0.01 0.02 1.0 0.9602272727272728 0.980113636363636 76.66 0.24 
1 0.056152199528602974 0.0560873346969132 -0.0 0.0 1.0 0.9972972972972972 0.998648648648649 0.03 0.0 
0 -0.0 0.0 0.0 0.0 1.0 1.0 1.0 0.0 0.0 
1 -0.0 0.0 0.11 0.46 0.5384615384615384 0.6153846153846154 0.576923076923077 18.96 1.68 
0 0.038691590688165765 0.0269679018599106 -0.0 0.0 1.0 1.0 1.0 0.01 0.0 
1 -0.0 0.0 0.3 0.36 0.8846153846153846 0.8846153846153846 0.884615384615385 26.0 2.14 
0 0.6791932659915256 0.672735854203101 0.16 0.67 1.0 0.9230769230769232 0.961538461538462 26.0 0.68 
1 -0.0 0.0 -0.1 0.14 0.6774193548387096 0.8064516129032256 0.741935483870968 17.76 1.34 
0 1.3499995117282224 0.674999755864111 -0.02 0.07 0.8352272727272727 0.9346590909090908 0.884943181818182 75.33 0.25 
1 0.5235346720440665 0.340972621087929 0.32 0.39 0.8666666666666668 0.9 0.883333333333333 30.0 1.75 
0 1.078992207877583 0.539496103938792 -0.0 0.0 1.0 1.0 1.0 0.0 0.0 
1 0.4811067080592432 0.300596867788392 0.04 0.05 0.9954853273137698 0.9954853273137698 0.99548532731377 895.47 0.16 
0 0.6829081047004717 0.674593273557574 0.02 0.57 1.0 0.8076923076923077 0.903846153846154 22.62 0.12 
1 0.08807751896196665 0.451853556096353 -0.01 0.04 0.7484662576687117 0.9846625766871167 0.866564417177914 30.7 0.2 
0 0.4459524223135379 0.409216570382864 0.2 0.62 0.919354838709677 0.919354838709677 0.919354838709677 124.0 2.54 
1 0.09165764788996307 0.0699766348366203 -0.0 0.0 1.0 0.9818181818181818 0.990909090909091 0.1 0.01 
0 0.9242647281309502 0.479654062048713 -0.0 0.02 1.0 0.8607954545454547 0.930397727272727 99.13 0.11 
1 0.5235346720440665 0.340972621087929 0.32 0.39 0.8666666666666668 0.9 0.883333333333333 30.0 1.75 
0 1.2725011103678 0.6362505551839 0.0 -0.0 1.0 1.0 1.0 0.0 0.0 
1 0.8156295932307395 0.487087993037894 -0.0 0.08 0.7484662576687117 0.9785276073619632 0.863496932515337 53.37 0.31 
0 0.113231477318365 0.0566157386591825 -0.0 -0.0 1.0 0.9938775510204082 0.996938775510204 0.0 0.0 
1 1.6284102630552857 1.62546092371276 -0.02 0.51 0.7700348432055749 0.9895470383275262 0.879790940766551 325.24 0.19 
0 0.2994769838694316 0.149738491934716 0.02 0.02 0.9936034115138594 0.9957356076759059 0.994669509594883 112.67 0.24 
1 0.6601647680850746 0.591011175434611 0.13 0.3 0.8594470046082949 0.919354838709677 0.889400921658986 970.62 1.21 
0 1.1857896932009937 0.592894846600497 -0.03 0.02 1.0 0.9727463312368972 0.986373165618449 11.93 0.2 
1 0.0740225961475812 0.128824279468757 0.41 0.69 0.5590551181102362 0.5748031496062993 0.566929133858268 381.05 2.38 
0 0.9743147528693494 0.487157376434675 0.0 0.0 1.0 1.0 1.0 0.0 0.0 
1 0.6171448282578021 0.580437337832493 0.03 0.32 1.0 0.8835227272727273 0.941761363636364 378.52 1.7 
0 0.6829081047004717 1.01734604949506 -0.03 0.68 1.0 1.0 1.0 7.0 0.15 
1 0.6822056867479602 0.602052179998817 0.05 0.2 0.9222462203023758 0.9546436285097192 0.938444924406048 472.98 0.93 
0 0.6829081047004717 0.341454052350236 -0.0 0.0 1.0 1.0 1.0 0.0 0.0 
1 -0.0 0.0 -0.0 0.0 1.0 0.7580645161290323 0.879032258064516 0.0 0.0 
0 0.3615394778944647 0.180769738947232 -0.04 0.13 1.0 0.7580645161290323 0.879032258064516 17.21 1.15 
1 0.04131357294242817 0.0206567864712141 0.29 0.33 0.886153846153846 0.8892307692307693 0.887692307692308 315.12 2.04 
0 0.6941745246867409 0.347087262343371 0.03 0.06 0.989795918367347 0.989795918367347 0.989795918367347 490.0 0.15 
1 0.07093518297335139 0.0616054556610173 0.0 0.0 1.0 1.0 1.0 0.03 0.0 
0 0.01475818629482802 0.014758186294828 0.01 0.01 1.0 1.0 1.0 487.0 0.17 
1 -0.0 0.0 0.31 0.55 0.7580645161290323 0.7580645161290323 0.758064516129032 62.0 2.49 
0 0.9743147528693494 0.817938995513666 -0.02 0.66 1.0 1.0 1.0 8.0 0.25 
1 -0.0 0.0 0.19 0.69 0.5555555555555555 0.5555555555555555 0.555555555555556 9.0 1.98 
0 -0.0 0.0 -0.06 0.16 0.6774193548387096 0.7580645161290323 0.717741935483871 20.64 1.46 
1 0.0251440699125892 0.0125720349562946 0.53 0.63 0.6761658031088082 0.6761658031088082 0.676165803108808 386.0 2.33 
0 0.22339584570806661 0.666818455782984 -0.05 0.12 0.9481641468682503 0.9676025917926566 0.957883369330454 625.36 0.17 
1 0.02133050528737909 0.0106652526436895 0.1 0.1 0.980392156862745 0.980392156862745 0.980392156862745 459.0 0.82 
0 -0.0 0.0 -0.0 -0.0 1.0 1.0 1.0 0.0 0.0 
1 0.43686973210547814 0.270464027731018 0.04 0.05 1.0 0.940936863543788 0.970468431771894 144.91 0.55 
0 0.2835478929710348 0.141773946485517 -0.05 0.12 0.6774193548387096 0.9838709677419354 0.830645161290323 13.95 1.07 
1 0.0947607483566568 0.0769695270739669 0.09 0.1 0.9806866952789698 0.982832618025751 0.981759656652361 445.71 0.81 
0 -0.0 0.0 0.0 -0.0 1.0 0.5555555555555555 0.777777777777778 0.0 0.0 
1 0.09503011725564632 0.189490815924107 0.0 0.0 1.0 1.0 1.0 0.06 0.04 
0 -0.0 0.0 0.0 0.0 1.0 1.0 1.0 0.0 0.0 
1 0.05839899951927197 0.0572755995239375 -0.0 0.0 1.0 0.9972972972972972 0.998648648648649 0.03 0.0 
0 0.3724807184521906 0.262243014644197 0.1 0.27 0.919354838709677 0.919354838709677 0.919354838709677 56.33 1.82 
1 0.8156295932307395 0.74694740234885 0.07 0.48 0.7484662576687117 0.8558282208588956 0.802147239263804 285.8 0.83 
0 0.6594925819492878 0.615067631314228 0.4 0.71 0.6908077994428969 0.7381615598885793 0.714484679665738 902.13 1.69 
1 -0.0 0.0 0.0 0.0 1.0 1.0 1.0 0.0 0.0 
0 -0.0 0.0 -0.0 -0.0 1.0 0.9979591836734693 0.998979591836735 0.0 0.0 
1 0.666278442414676 0.666278442414676 0.25 0.67 1.0 1.0 1.0 26.0 0.9 
0 0.029219653025344208 0.0226932471612001 0.01 0.01 0.9954441913439636 0.9977220956719816 0.996583143507973 219.0 0.13 
1 0.1725612331626618 0.0862806165813309 -0.07 0.05 0.4568421052631578 0.9578947368421052 0.707368421052632 33.9 0.06 
0 0.01652368182171168 0.0164415484186572 -0.0 0.0 0.9838709677419354 0.9953917050691244 0.98963133640553 0.06 0.01 
1 -0.0 0.0 0.07 0.08 0.9854771784232365 0.9854771784232365 0.985477178423237 482.0 0.65 
0 0.3525425103487513 0.282115027497533 -0.08 0.02 1.0 0.8870967741935483 0.943548387096774 1.52 0.38 
1 0.01652368182171168 0.00826184091085584 0.08 0.08 0.9838709677419354 0.9838709677419354 0.983870967741935 434.0 0.72 
0 -0.0 0.0 0.0 0.0 1.0 0.75 0.875 0.0 0.0 
1 0.022727473318271005 0.022727473318271 -0.0 0.0 1.0 1.0 1.0 0.0 0.0 
0 0.666278442414676 0.333139221207338 0.11 0.46 1.0 0.5384615384615384 0.769230769230769 18.96 1.11 
1 0.017626642729371575 0.00881332136468579 0.18 0.25 0.9252336448598132 0.9275700934579442 0.926401869158878 413.58 1.81 
0 0.3563409206018685 0.178170460300934 -0.1 0.15 0.6774193548387096 0.9838709677419354 0.830645161290323 16.83 1.12 
1 0.052275728348683194 0.0522757283486832 -0.0 0.0 1.0 1.0 1.0 0.02 0.0 
0 -0.0 0.0 -0.0 -0.0 1.0 1.0 1.0 0.0 0.0 
1 0.08958725315521794 0.0709314907519506 0.0 0.0 1.0 1.0 1.0 0.04 0.01 
0 0.6822056867479602 0.35116851259037 0.01 0.07 0.7321814254859611 0.9546436285097192 0.84341252699784 71.14 0.67 
1 -0.0 0.0 0.47 0.64 0.33333333333333326 0.33333333333333326 0.333333333333333 30.0 0.94 
0 0.5287625599288156 0.456441520857652 0.08 0.18 0.24190064794816415 0.6263498920086392 0.434125269978402 428.61 0.21 
1 -0.0 0.0 -0.0 -0.0 1.0 0.9958677685950412 0.997933884297521 0.0 0.0 
0 1.1443804040343335 0.572190202017167 -0.05 0.02 0.9573863636363636 0.9971590909090908 0.977272727272727 15.53 0.15 
1 0.09699169411326156 0.0746337112309724 -0.0 0.0 1.0 1.0 1.0 0.05 0.01 
0 0.09962338946616205 0.049811694733081 -0.12 0.11 0.6935483870967744 0.7903225806451613 0.741935483870968 14.57 1.25 
1 0.020830638321723566 0.0104153191608618 0.04 0.04 0.9850746268656718 0.9914712153518124 0.988272921108742 266.27 0.43 
0 0.4337626359979511 0.342358720177785 -0.04 0.04 0.9488636363636364 0.9886363636363636 0.96875 59.11 0.35 
1 -0.0 0.0 -0.0 -0.0 1.0 1.0 1.0 0.0 0.0 
0 0.3615394778944647 0.28661351127039 -0.05 0.02 1.0 0.8870967741935483 0.943548387096774 1.28 0.36 
1 0.3269547847215813 0.163477392360791 -0.01 0.01 0.9481865284974093 0.9870466321243522 0.967616580310881 3.79 0.05 
0 0.3742549310896416 0.196076428133183 -0.0 0.0 1.0 0.9974293059125964 0.998714652956298 0.14 0.02 
1 -0.0 0.0 0.0 0.0 1.0 1.0 1.0 0.0 0.0 
0 0.7530888342556183 1.12990141487974 0.04 0.64 0.5183585313174947 0.9136069114470842 0.715982721382289 907.01 0.32 
