1 -0.0 0.0 0.06 0.41 0.8571428571428571 0.8571428571428571 0.857142857142857 7.0 2.49 
0 -0.0 0.0 0.33 0.55 0.6774193548387096 0.6935483870967744 0.685483870967742 57.53 2.49 
1 0.7244657079537894 0.362232853976895 0.0 -0.0 1.0 0.3264462809917356 0.663223140495868 0.0 0.0 
0 0.0752483101127402 0.102804551945408 -0.0 0.0 1.0 1.0 1.0 0.21 0.02 
1 0.01475818629482802 0.00737909314741401 0.01 0.01 1.0 0.9979466119096508 0.998973305954825 487.0 0.19 
0 0.3563409206018685 0.178170460300934 -0.0 0.0 1.0 0.9838709677419354 0.991935483870968 0.0 0.0 
1 -0.0 0.0 -0.06 0.16 0.6774193548387096 0.7580645161290323 0.717741935483871 20.64 1.46 
0 -0.0 0.0 0.33 0.55 0.6774193548387096 0.6935483870967744 0.685483870967742 57.53 2.39 
1 -0.0 0.0 0.0 0.0 1.0 1.0 1.0 0.0 0.0 
0 0.015617095429556123 0.0156170954295561 0.14 0.17 0.96 0.96 0.96 475.0 1.23 
1 -0.0 0.0 0.39 0.62 0.6935483870967744 0.6935483870967744 0.693548387096774 62.0 2.6 
0 -0.0 0.0 0.47 0.64 0.33333333333333326 0.33333333333333326 0.333333333333333 30.0 0.88 
1 -0.0 0.0 0.0 0.0 1.0 1.0 1.0 0.0 0.0 
0 0.06847444678893455 0.0342372233944673 -0.01 0.01 1.0 0.5628997867803837 0.781449893390192 4.72 0.12 
1 0.6846162778013049 0.342308138900652 0.15 0.36 0.8846153846153846 0.8846153846153846 0.884615384615385 26.0 0.82 
0 0.7537388965283442 0.376869448264172 0.0 -0.0 1.0 0.9976525821596244 0.998826291079812 0.0 0.0 
1 0.5297061990576545 0.439269147450343 -0.1 0.03 1.0 1.0 1.0 0.32 0.45 
0 0.04108212159516753 0.0205410607975838 -0.0 0.0 0.940340909090909 0.9886363636363636 0.964488636363636 0.28 0.03 
1 0.09503011725564632 0.0475150586278232 0.0 -0.0 1.0 1.0 1.0 0.0 0.0 
0 0.8216123879019896 0.533835914274167 -0.03 0.03 1.0 0.4986876640419949 0.749343832020997 23.28 0.38 
1 -0.0 0.0 0.11 0.46 0.5384615384615384 0.6153846153846154 0.576923076923077 18.96 1.68 
0 -0.0 0.0 0.0 0.0 1.0 1.0 1.0 0.0 0.0 
1 0.5235346720440665 0.340972621087929 0.32 0.39 0.8666666666666668 0.9 0.883333333333333 30.0 1.75 
0 0.3525425103487513 0.176271255174376 -0.03 0.22 1.0 0.8064516129032256 0.903225806451613 32.88 1.66 
1 0.3269547847215813 0.163477392360791 -0.01 0.01 0.9481865284974093 0.9870466321243522 0.967616580310881 3.79 0.05 
0 0.08718908116625151 0.33067957200584 0.31 0.43 0.837448559670782 0.839506172839506 0.838477366255144 582.09 2.06 
1 0.056152199528602974 0.0560873346969132 -0.0 0.0 1.0 0.9972972972972972 0.998648648648649 0.03 0.0 
0 0.5456891633476865 0.272844581673843 0.03 0.36 0.6935483870967744 0.8870967741935483 0.790322580645161 40.98 2.15 
1 0.022727473318271005 0.0113637366591355 -0.0 -0.0 1.0 1.0 1.0 0.0 0.0 
0 0.7569669131450216 0.439890988340894 -0.01 0.13 1.0 0.9602272727272728 0.980113636363636 355.18 0.34 
1 0.0740225961475812 0.128824279468757 0.41 0.69 0.5590551181102362 0.5748031496062993 0.566929133858268 381.05 2.38 
0 0.41011631828840894 0.205058159144204 0.0 0.0 1.0 1.0 1.0 0.0 0.0 
1 0.0947607483566568 0.0769695270739669 0.09 0.1 0.9806866952789698 0.982832618025751 0.981759656652361 445.71 0.81 
0 0.08446800922974265 0.049856111130699 0.01 0.01 1.0 0.9872068230277184 0.993603411513859 407.7 0.12 
1 0.09699169411326156 0.0765719468209323 -0.0 0.0 1.0 0.9972972972972972 0.998648648648649 0.07 0.01 
0 -0.0 0.0 0.07 0.09 0.8846153846153846 0.9615384615384615 0.923076923076923 7.97 1.03 
1 0.016424701198958662 0.00821235059947933 0.12 0.12 0.9728506787330315 0.9728506787330315 0.972850678733032 442.0 1.0 
0 0.030207150394692187 0.0151035751973461 -0.0 -0.0 1.0 0.9793388429752063 0.989669421487603 0.0 0.0 
1 -0.0 0.0 -0.0 0.0 1.0 0.6153846153846154 0.807692307692308 0.0 0.0 
0 0.627223819442953 0.492919114245576 0.06 0.29 0.5169491525423727 0.7175141242937852 0.617231638418079 202.5 1.03 
1 -0.0 0.0 -0.06 0.16 0.6774193548387096 0.7580645161290323 0.717741935483871 20.64 1.46 
0 0.03134753882511785 0.0679005848545765 -0.0 0.0 1.0 0.9977973568281938 0.998898678414097 0.05 0.01 
1 0.017626642729371575 0.00881332136468579 0.18 0.25 0.9252336448598132 0.9275700934579442 0.926401869158878 413.58 1.81 
0 0.7569669131450216 0.578819283271747 0.12 0.31 1.0 0.9914772727272728 0.995738636363636 1146.26 1.7 
1 0.09503011725564632 0.189490815924107 0.0 0.0 1.0 1.0 1.0 0.06 0.04 
0 0.6791932659915256 0.339596632995763 -0.11 0.25 0.3076923076923077 0.9230769230769232 0.615384615384615 9.9 0.0 
1 0.0947607483566568 0.232756230915289 0.02 0.03 0.9678111587982832 0.9806866952789698 0.974248927038627 84.69 0.27 
0 0.08256493803586597 0.041282469017933 0.0 0.0 1.0 0.9677419354838708 0.983870967741935 0.03 0.02 
1 -0.0 0.0 0.0 0.0 1.0 1.0 1.0 0.0 0.0 
0 -0.0 0.0 0.13 0.66 0.625 0.625 0.625 24.0 2.44 
1 0.7865364435085352 0.393268221754268 0.09 0.12 0.9728506787330315 0.9728506787330315 0.972850678733032 442.0 0.36 
0 0.4459524223135379 0.328819983479927 -0.0 0.14 0.8870967741935483 0.919354838709677 0.903225806451613 26.41 0.6 
1 0.08958725315521794 0.073993126337245 0.0 0.0 1.0 1.0 1.0 0.04 0.01 
0 -0.0 0.0 0.0 0.0 1.0 0.9583333333333331 0.979166666666667 0.0 0.0 
1 -0.0 0.0 -0.0 -0.0 1.0 1.0 1.0 0.0 0.0 
0 -0.0 0.0 -0.0 -0.0 1.0 0.9812206572769951 0.990610328638498 0.0 0.0 
1 0.1725612331626618 0.0862806165813309 -0.07 0.05 0.4568421052631578 0.9578947368421052 0.707368421052632 33.9 0.06 
0 0.26345598632800776 0.259793563361735 -0.06 0.03 0.6400911161731208 0.9817767653758542 0.810933940774488 19.93 0.05 
1 0.6822056867479602 0.602052179998817 0.05 0.2 0.9222462203023758 0.9546436285097192 0.938444924406048 472.98 0.93 
0 0.2489102793527851 0.124455139676393 -0.0 0.0 0.875 0.9971590909090908 0.936079545454545 0.23 0.02 
1 0.16245281571443987 0.14550577947865 -0.01 0.02 0.916083916083916 0.9976689976689976 0.956876456876457 46.4 0.05 
0 0.7498710324173952 0.374935516208698 0.0 -0.0 1.0 0.9896694214876034 0.994834710743802 0.0 0.0 
1 -0.0 0.0 0.19 0.69 0.5555555555555555 0.5555555555555555 0.555555555555556 9.0 1.98 
0 -0.0 0.0 -0.0 0.0 0.9573863636363636 0.9886363636363636 0.973011363636364 0.18 0.02 
1 1.7983316181241153 0.899165809062058 0.0 -0.0 1.0 0.9628099173553722 0.981404958677686 0.0 0.0 
0 -0.0 0.0 -0.0 -0.0 1.0 0.9979591836734693 0.998979591836735 0.0 0.0 
1 0.04131357294242817 0.0206567864712141 0.29 0.33 0.886153846153846 0.8892307692307693 0.887692307692308 315.12 2.04 
0 -0.0 0.0 0.0 0.0 1.0 0.9979466119096508 0.998973305954825 0.0 0.0 
1 0.5235346720440665 0.340972621087929 0.32 0.39 0.8666666666666668 0.9 0.883333333333333 30.0 1.75 
0 0.6622618696488148 0.657342830335787 -0.02 0.09 1.0 0.8723404255319149 0.936170212765957 184.99 0.28 
1 0.04915006684960595 0.024575033424803 0.0 0.01 0.868995633187773 0.9956331877729256 0.932314410480349 13.32 0.14 
0 0.5297061990576545 0.264853099528827 -0.06 0.06 1.0 0.7777777777777779 0.888888888888889 0.73 0.74 
1 -0.0 0.0 0.47 0.64 0.33333333333333326 0.33333333333333326 0.333333333333333 30.0 0.94 
0 0.6829081047004717 0.640588846642864 -0.03 0.2 1.0 1.0 1.0 2.1 0.55 
1 0.6895519477750732 0.344775973887537 0.0 -0.0 1.0 1.0 1.0 0.0 0.0 
0 0.6615632381579821 0.330781619078991 -0.16 0.06 1.0 0.125 0.5625 0.69 0.03 
1 0.0251440699125892 0.0125720349562946 0.53 0.63 0.6761658031088082 0.6761658031088082 0.676165803108808 386.0 2.33 
0 0.016359415015602636 0.00817970750780132 0.0 0.0 1.0 0.9621380846325168 0.981069042316258 0.0 0.0 
1 -0.0 0.0 0.0 0.0 1.0 1.0 1.0 0.0 0.0 
0 0.6365141682948128 0.857753188086198 -0.11 0.48 1.0 0.4285714285714285 0.714285714285714 6.12 0.27 
1 0.6171448282578021 0.580437337832493 0.03 0.32 1.0 0.8835227272727273 0.941761363636364 378.52 1.7 
0 0.08415278012328664 0.120290683657033 0.01 0.04 0.9113475177304966 0.975177304964539 0.943262411347518 48.13 0.57 
1 0.8127245415610106 0.428086422879458 0.41 0.59 0.3391521197007481 0.3640897755610973 0.351620947630923 772.17 0.33 
0 -0.0 0.0 0.0 -0.0 1.0 0.7777777777777779 0.888888888888889 0.0 0.0 
1 -0.0 0.0 -0.1 0.14 0.6774193548387096 0.8064516129032256 0.741935483870968 17.76 1.34 
0 0.5456891633476865 0.454951910324827 0.0 0.39 0.8870967741935483 0.9516129032258066 0.919354838709677 71.38 1.84 
1 0.8547011249697178 0.427350562484859 -0.02 0.0 0.9795918367346939 0.982142857142857 0.980867346938775 1.6 0.02 
0 -0.0 0.0 -0.01 0.01 0.6400911161731208 0.9863325740318906 0.813211845102506 3.42 0.1 
1 0.05839899951927197 0.0572755995239375 -0.0 0.0 1.0 0.9972972972972972 0.998648648648649 0.03 0.0 
0 0.08962131424171335 0.0448106571208567 -0.07 0.06 0.5628997867803837 0.7206823027718549 0.641791044776119 48.31 0.71 
1 0.08807751896196665 0.451853556096353 -0.01 0.04 0.7484662576687117 0.9846625766871167 0.866564417177914 30.7 0.2 
0 0.04915006684960595 0.223557771834169 -0.01 0.02 1.0 0.868995633187773 0.934497816593886 25.72 0.38 
1 0.10434878616952079 0.0521743930847604 0.01 0.01 0.9979591836734693 0.9979591836734693 0.997959183673469 490.0 0.11 
0 0.5218986732496746 0.429507437598914 0.06 0.2 0.9222462203023758 0.937365010799136 0.929805615550756 356.63 0.95 
1 0.8156295932307395 0.74694740234885 0.07 0.48 0.7484662576687117 0.8558282208588956 0.802147239263804 285.8 0.83 
0 -0.0 0.0 -0.0 0.0 0.9585253456221196 0.9930875576036866 0.975806451612903 0.13 0.01 
1 -0.0 0.0 0.07 0.08 0.9854771784232365 0.9854771784232365 0.985477178423237 482.0 0.65 
0 0.4695240172949409 0.23476200864747 0.0 -0.0 1.0 1.0 1.0 0.0 0.0 
1 0.05839899951927197 0.0572107346922477 0.0 0.0 1.0 1.0 1.0 0.02 0.0 
0 0.18260975257337433 0.0913048762866872 -0.0 0.0 1.0 0.9972972972972972 0.998648648648649 0.03 0.0 
1 -0.0 0.0 0.12 0.12 0.9568034557235422 0.9676025917926566 0.962203023758099 343.37 1.04 
0 0.666278442414676 0.333139221207338 -0.1 0.06 1.0 0.8846153846153846 0.942307692307692 2.12 0.36 
1 -0.0 0.0 -0.0 -0.0 1.0 0.9958677685950412 0.997933884297521 0.0 0.0 
0 0.054410366820546084 0.027205183410273 -0.0 0.0 0.9402985074626864 0.9893390191897654 0.964818763326226 2.02 0.04 
1 -0.0 0.0 0.3 0.5 0.8008658008658008 0.8008658008658008 0.800865800865801 462.0 2.56 
0 0.05602246986522343 0.0466890603920622 -0.0 0.0 1.0 1.0 1.0 0.02 0.0 
1 0.01652368182171168 0.00826184091085584 0.08 0.08 0.9838709677419354 0.9838709677419354 0.983870967741935 434.0 0.72 
0 0.7065442778104265 0.361036801316426 -0.07 0.03 1.0 0.9663157894736842 0.983157894736842 18.47 0.03 
1 0.7865364435085352 0.401480572353747 0.08 0.13 0.9728506787330315 0.9728506787330315 0.972850678733032 442.51 0.33 
0 0.6615632381579821 0.330781619078991 0.0 0.0 1.0 1.0 1.0 0.0 0.0 
1 0.02253214392080778 0.0197499575531257 -0.0 0.01 0.7156626506024096 0.9975903614457832 0.856626506024096 5.06 0.1 
0 0.244044214043399 0.129507134191754 -0.0 0.0 0.977551020408163 0.989795918367347 0.983673469387755 0.72 0.05 
1 0.9277980308365658 1.27664305854078 0.26 0.8 0.7871396895787139 0.7871396895787139 0.787139689578714 1253.58 1.13 
0 0.36829683274766406 0.184148416373832 -0.03 0.26 0.6935483870967744 0.9354838709677415 0.814516129032258 30.26 1.81 
1 0.052275728348683194 0.0522757283486832 -0.0 0.0 1.0 1.0 1.0 0.02 0.0 
0 0.6071082391575967 0.833982137753172 -0.01 0.12 0.8200455580865603 0.988610478359909 0.904328018223235 291.38 0.5 
1 0.030372534777978206 0.0228364363705995 -0.0 0.0 0.9894067796610168 0.9978813559322034 0.99364406779661 0.04 0.0 
0 0.6668211267142973 1.00841031922126 -0.12 0.41 0.8352272727272727 0.8835227272727273 0.859375 580.5 0.66 
1 -0.0 0.0 0.33 0.55 0.6774193548387096 0.6935483870967744 0.685483870967742 57.53 2.59 
0 0.4215509456846521 0.210775472842326 -0.04 0.01 0.9346590909090908 0.9573863636363636 0.946022727272727 2.96 0.17 
1 1.6284102630552857 1.62546092371276 -0.02 0.51 0.7700348432055749 0.9895470383275262 0.879790940766551 325.24 0.19 
0 -0.0 0.0 -0.0 0.0 0.9917864476386036 0.9979466119096508 0.994866529774127 0.01 0.0 
1 -0.0 0.0 0.33 0.55 0.6774193548387096 0.6935483870967744 0.685483870967742 57.53 2.39 
0 0.09345740278411808 0.046728701392059 -0.0 -0.0 1.0 1.0 1.0 0.0 0.0 
1 -0.0 0.0 0.31 0.55 0.7580645161290323 0.7580645161290323 0.758064516129032 62.0 2.49 
0 0.08415278012328664 0.368288285573023 0.05 0.07 1.0 0.975177304964539 0.987588652482269 214.36 0.46 
1 -0.0 0.0 0.0 0.0 1.0 1.0 1.0 0.0 0.0 
0 0.06847444678893455 0.041859329910295 -0.0 0.0 1.0 1.0 1.0 0.01 0.0 
1 -0.0 0.0 0.0 0.0 1.0 1.0 1.0 0.0 0.0 
0 0.6594925819492878 0.615067631314228 0.4 0.71 0.6908077994428969 0.7381615598885793 0.714484679665738 902.13 1.69 
1 0.43686973210547814 0.270464027731018 0.04 0.05 1.0 0.940936863543788 0.970468431771894 144.91 0.55 
0 -0.0 0.0 0.0 0.05 0.3076923076923077 0.9615384615384615 0.634615384615385 2.34 0.31 
1 0.0707680768797802 0.351225226630238 -0.0 0.0 1.0 0.997695852534562 0.998847926267281 3.17 0.0 
0 0.6071082391575967 0.303554119578798 -0.12 0.01 0.6400911161731208 0.8200455580865603 0.730068337129841 7.81 0.04 
1 0.07093518297335139 0.0616054556610173 0.0 0.0 1.0 1.0 1.0 0.03 0.0 
0 0.08864403483661465 0.0443220174183073 -0.0 -0.0 1.0 0.9225352112676058 0.961267605633803 0.0 0.0 
1 0.030372534777978206 0.0658985378330168 -0.0 0.0 0.972457627118644 0.9978813559322034 0.985169491525424 0.13 0.01 
0 0.13339348333086204 0.066696741665431 -0.0 -0.0 1.0 0.9954648526077096 0.997732426303855 0.0 0.0 
1 -0.0 0.0 0.0 0.0 1.0 1.0 1.0 0.0 0.0 
0 -0.0 0.0 0.0 0.0 1.0 0.919354838709677 0.959677419354839 0.0 0.0 
1 -0.0 0.0 0.39 0.62 0.6935483870967744 0.6935483870967744 0.693548387096774 62.0 2.6 
0 -0.0 0.0 -0.0 -0.0 1.0 0.9954648526077096 0.997732426303855 0.0 0.0 
1 -0.0 0.0 -0.0 -0.0 1.0 1.0 1.0 0.0 0.0 
0 0.6730116670092564 0.669645054711966 -0.1 0.39 1.0 0.5769230769230769 0.788461538461538 15.25 0.34 
1 -0.0 0.0 0.37 0.44 0.16 0.16 0.16 25.0 0.2 
0 -0.0 0.0 0.0 -0.0 1.0 0.5732647814910026 0.786632390745501 0.0 0.0 
1 -0.0 0.0 0.33 0.55 0.6774193548387096 0.6935483870967744 0.685483870967742 57.53 2.49 
0 0.01607235879964646 0.00803617939982323 -0.0 -0.0 1.0 1.0 1.0 0.0 0.0 
1 0.8156295932307395 0.487087993037894 -0.0 0.08 0.7484662576687117 0.9785276073619632 0.863496932515337 53.37 0.31 
0 0.023546567098459075 0.0117732835492295 -0.01 0.0 0.6423690205011389 0.9954441913439636 0.818906605922551 1.13 0.05 
1 0.02133050528737909 0.0106652526436895 0.1 0.1 0.980392156862745 0.980392156862745 0.980392156862745 459.0 0.82 
0 0.07796325840722416 0.110496278492096 0.01 0.04 0.9266247379454928 0.9769392033542976 0.951781970649895 85.95 0.37 
1 0.20297324940653716 0.101486624703269 0.0 -0.0 1.0 1.0 1.0 0.0 0.0 
0 -0.0 0.0 -0.0 0.0 1.0 0.6935483870967744 0.846774193548387 0.0 0.0 
1 0.666278442414676 0.666278442414676 0.25 0.67 1.0 1.0 1.0 26.0 0.9 
0 0.4611714371512433 0.412131577959407 0.49 0.76 0.7832167832167832 0.7832167832167832 0.783216783216783 1355.69 2.47 
1 0.09699169411326156 0.0746337112309724 -0.0 0.0 1.0 1.0 1.0 0.05 0.01 
0 0.6846162778013049 0.67544736010799 0.11 0.67 1.0 0.8846153846153846 0.942307692307692 26.0 0.11 
1 0.05602246986522343 0.0448156896337921 0.0 0.0 1.0 1.0 1.0 0.02 0.0 
0 0.9428478132784428 0.550747847166851 0.03 0.18 0.7908163265306124 0.9795918367346939 0.885204081632653 121.72 0.33 
1 -0.0 0.0 -0.0 -0.0 1.0 0.9936034115138594 0.99680170575693 0.0 0.0 
0 0.3563409206018685 0.178170460300934 -0.08 0.18 0.6935483870967744 0.9838709677419354 0.838709677419355 20.79 1.42 
1 -0.0 0.0 -0.0 -0.0 1.0 1.0 1.0 0.0 0.0 
0 0.10881851617771927 0.0544092580888596 -0.0 0.01 0.7084337349397591 0.985542168674699 0.846987951807229 8.66 0.22 
1 -0.0 0.0 0.0 0.0 1.0 1.0 1.0 0.0 0.0 
0 0.08256493803586597 0.217553724192309 -0.0 0.0 1.0 1.0 1.0 0.13 0.06 
1 0.042617471413436414 0.0310799043211172 0.0 0.01 0.837708830548926 0.9928400954653938 0.91527446300716 10.42 0.09 
0 0.4459524223135379 0.399247466331145 0.02 0.35 1.0 0.919354838709677 0.959677419354839 62.0 1.65 
1 -0.0 0.0 0.31 0.55 0.7580645161290323 0.7580645161290323 0.758064516129032 62.0 2.49 
0 0.4992227979700849 0.325859498899083 -0.03 0.05 1.0 0.877840909090909 0.938920454545455 61.66 0.43 
1 0.8720635602136072 0.444515665699525 -0.01 0.0 0.2385542168674699 0.9975903614457832 0.618072289156626 0.63 0.0 
0 1.078992207877583 0.539496103938792 -0.0 0.0 1.0 1.0 1.0 0.0 0.0 
1 0.022727473318271005 0.022727473318271 -0.0 0.0 1.0 1.0 1.0 0.0 0.0 
0 0.3615394778944647 0.180769738947232 -0.04 0.13 1.0 0.7580645161290323 0.879032258064516 17.21 1.07 
1 0.08958725315521794 0.0728697263419105 -0.0 0.0 1.0 0.9972972972972972 0.998648648648649 0.06 0.01 
0 -0.0 0.0 -0.06 0.18 0.6935483870967744 0.7580645161290323 0.725806451612903 22.68 1.54 
1 0.020830638321723566 0.0104153191608618 0.04 0.04 0.9850746268656718 0.9914712153518124 0.988272921108742 266.27 0.43 
0 0.16403524764720048 0.0820176238236002 0.01 0.01 0.9959183673469388 0.9979591836734693 0.996938775510204 244.5 0.1 
1 0.6171448282578021 0.308572414128901 -0.01 0.0 1.0 0.9886363636363636 0.994318181818182 0.88 0.06 
0 0.6278424309643411 0.328970194611046 0.0 0.01 0.9834710743801652 0.987603305785124 0.985537190082645 69.55 0.02 
1 0.4811067080592432 0.300596867788392 0.04 0.05 0.9954853273137698 0.9954853273137698 0.99548532731377 895.47 0.16 
0 0.6829081047004717 0.843575288877274 0.21 0.68 1.0 1.0 1.0 7.0 0.12 
1 -0.0 0.0 0.0 0.0 1.0 0.982142857142857 0.991071428571429 0.0 0.0 
0 0.06847444678893455 0.0871369111450865 0.05 0.05 1.0 0.9872068230277184 0.993603411513859 389.99 0.45 
1 0.3742549310896416 0.187127465544821 -0.03 0.02 0.7660668380462725 0.9974293059125964 0.881748071979434 15.62 0.69 
0 0.36421465730196667 0.182107328650983 -0.09 0.19 0.7580645161290323 0.9516129032258066 0.854838709677419 25.34 1.42 
1 0.06894930739780505 0.15777508018186 0.26 0.3 0.9182389937106918 0.9266247379454928 0.922431865828092 1350.0 2.0 
0 0.3525425103487513 0.176271255174376 -0.0 0.0 1.0 1.0 1.0 0.0 0.0 
1 0.09165764788996307 0.0699766348366203 -0.0 0.0 1.0 0.9818181818181818 0.990909090909091 0.1 0.01 
0 -0.0 0.0 -0.0 -0.0 1.0 0.9966442953020132 0.998322147651007 0.0 0.0 
1 0.05602246986522343 0.0541490991069533 0.0 0.0 1.0 1.0 1.0 0.02 0.0 
0 -0.0 0.0 0.0 -0.0 1.0 0.5555555555555555 0.777777777777778 0.0 0.0 
1 0.6601647680850746 0.591011175434611 0.13 0.3 0.8594470046082949 0.919354838709677 0.889400921658986 970.62 1.21 
0 1.0662173706881086 0.533108685344054 0.0 0.01 0.989795918367347 0.9979591836734693 0.993877551020408 97.2 0.03 
1 0.08958725315521794 0.0709314907519506 0.0 0.0 1.0 1.0 1.0 0.04 0.01 
0 0.4674331568190166 0.241928929008988 -0.01 0.0 1.0 0.9576837416481068 0.978841870824053 1.98 0.12 
1 0.08627855491407438 0.0975485355458968 0.0 0.02 0.7084337349397591 0.9927710843373492 0.850602409638554 81.26 0.09 
0 0.9743147528693494 0.487157376434675 0.0 0.0 1.0 1.0 1.0 0.0 0.0 
1 0.09908391604753189 0.0495419580237659 0.04 0.04 0.9850746268656718 0.9914712153518124 0.988272921108742 266.27 0.37 
0 -0.0 0.0 -0.0 0.0 0.9966442953020132 0.9966442953020132 0.996644295302013 0.0 0.0 
