1 -0.0 0.0 0.39 0.62 0.6935483870967744 0.6935483870967744 0.693548387096774 62.0 2.6 
0 0.01789792517672371 0.00894896258836186 -0.0 -0.0 1.0 1.0 1.0 0.0 0.0 
1 0.1725612331626618 0.0862806165813309 -0.07 0.05 0.4568421052631578 0.9578947368421052 0.707368421052632 33.9 0.06 
0 0.24605944064634394 0.123029720323172 -0.0 0.0 1.0 0.9973753280839898 0.998687664041995 0.06 0.01 
1 0.02253214392080778 0.0197499575531257 -0.0 0.01 0.7156626506024096 0.9975903614457832 0.856626506024096 5.06 0.1 
0 1.01183062848278 0.50591531424139 0.0 -0.0 1.0 0.9976525821596244 0.998826291079812 0.0 0.0 
1 0.07093518297335139 0.0616054556610173 0.0 0.0 1.0 1.0 1.0 0.03 0.0 
0 0.0324357255404604 0.0162178627702302 0.03 0.03 0.9922879177377892 0.9948586118251928 0.993573264781491 258.66 0.28 
1 0.05602246986522343 0.0448156896337921 0.0 0.0 1.0 1.0 1.0 0.02 0.0 
0 0.21942659548716653 0.118526619108269 -0.02 0.0 1.0 0.9252336448598132 0.962616822429907 1.39 0.09 
1 0.3269547847215813 0.163477392360791 -0.01 0.01 0.9481865284974093 0.9870466321243522 0.967616580310881 3.79 0.05 
0 0.27384907245785556 0.136924536228928 0.0 -0.0 1.0 0.9229024943310656 0.961451247165533 0.0 0.0 
1 0.4811067080592432 0.300596867788392 0.04 0.05 0.9954853273137698 0.9954853273137698 0.99548532731377 895.47 0.16 
0 0.0 0.0 0.0 0.0 0.0 0.0 0.0 0.0 0.0 
1 -0.0 0.0 0.31 0.55 0.7580645161290323 0.7580645161290323 0.758064516129032 62.0 2.49 
0 0.7065442778104265 0.353272138905213 -0.07 0.02 1.0 0.9663157894736842 0.983157894736842 17.34 0.03 
1 0.04915006684960595 0.024575033424803 0.0 0.01 0.868995633187773 0.9956331877729256 0.932314410480349 13.32 0.14 
0 -0.0 0.0 -0.0 -0.0 1.0 0.9886621315192744 0.994331065759637 0.0 0.0 
1 -0.0 0.0 -0.0 -0.0 1.0 1.0 1.0 0.0 0.0 
0 0.3137721658384326 0.211253614216292 0.02 0.03 1.0 0.9729119638826184 0.986455981941309 45.47 0.26 
1 0.056152199528602974 0.0560873346969132 -0.0 0.0 1.0 0.9972972972972972 0.998648648648649 0.03 0.0 
0 -0.0 0.0 0.06 0.07 0.981859410430839 0.984126984126984 0.982993197278912 384.99 0.71 
1 -0.0 0.0 -0.1 0.14 0.6774193548387096 0.8064516129032256 0.741935483870968 17.76 1.34 
0 -0.0 0.0 -0.0 0.0 1.0 0.28571428571428564 0.642857142857143 0.0 0.0 
1 -0.0 0.0 0.33 0.55 0.6774193548387096 0.6935483870967744 0.685483870967742 57.53 2.59 
0 0.6127954659992856 0.456136224934359 -0.0 0.01 1.0 0.9957356076759059 0.997867803837953 9.94 0.07 
1 0.16245281571443987 0.14550577947865 -0.01 0.02 0.916083916083916 0.9976689976689976 0.956876456876457 46.4 0.05 
0 0.5858113340839818 0.292905667041991 -0.06 0.01 1.0 0.9346590909090908 0.967329545454545 2.77 0.16 
1 -0.0 0.0 0.37 0.44 0.16 0.16 0.16 25.0 0.2 
0 0.0 0.0 0.0 0.0 0.0 0.0 0.0 0.0 0.0 
1 0.06894930739780505 0.15777508018186 0.26 0.3 0.9182389937106918 0.9266247379454928 0.922431865828092 1350.0 2.0 
0 0.016424701198958662 0.00821235059947933 0.0 0.0 1.0 0.9576837416481068 0.978841870824053 0.0 0.0 
1 -0.0 0.0 -0.0 -0.0 1.0 0.9936034115138594 0.99680170575693 0.0 0.0 
0 0.09962338946616205 0.049811694733081 -0.12 0.11 0.6935483870967744 0.7903225806451613 0.741935483870968 14.57 1.31 
1 -0.0 0.0 -0.0 -0.0 1.0 1.0 1.0 0.0 0.0 
0 0.9556998911125344 1.11636707528934 0.01 0.96 1.0 1.0 1.0 14.0 0.62 
1 0.6171448282578021 0.308572414128901 -0.01 0.0 1.0 0.9886363636363636 0.994318181818182 0.88 0.06 
0 0.8775150646388563 0.470162216316548 -0.01 0.0 0.9948979591836736 0.997448979591837 0.996173469387755 1.76 0.08 
1 0.6171448282578021 0.580437337832493 0.03 0.32 1.0 0.8835227272727273 0.941761363636364 378.52 1.7 
0 0.9556998911125344 0.477849945556267 -0.2 0.2 1.0 0.28571428571428564 0.642857142857143 2.1 0.35 
1 0.0947607483566568 0.232756230915289 0.02 0.03 0.9678111587982832 0.9806866952789698 0.974248927038627 84.69 0.27 
0 0.3615394778944647 0.180769738947232 -0.04 0.12 1.0 0.6774193548387096 0.838709677419355 13.95 1.18 
1 0.030372534777978206 0.0228364363705995 -0.0 0.0 0.9894067796610168 0.9978813559322034 0.99364406779661 0.04 0.0 
0 0.3615394778944647 0.180769738947232 -0.04 0.13 1.0 0.7580645161290323 0.879032258064516 17.21 1.07 
1 0.016424701198958662 0.00821235059947933 0.12 0.12 0.9728506787330315 0.9728506787330315 0.972850678733032 442.0 1.0 
0 0.7569669131450216 0.578819283271747 0.12 0.31 1.0 0.9914772727272728 0.995738636363636 1146.26 1.7 
1 0.0740225961475812 0.128824279468757 0.41 0.69 0.5590551181102362 0.5748031496062993 0.566929133858268 381.05 2.38 
0 0.1420022315650651 0.698180115286818 -0.1 0.13 0.7730496453900709 0.918439716312057 0.845744680851064 81.3 0.29 
1 0.020830638321723566 0.0104153191608618 0.04 0.04 0.9850746268656718 0.9914712153518124 0.988272921108742 266.27 0.43 
0 -0.0 0.0 -0.14 0.01 0.5384615384615384 0.8076923076923077 0.673076923076923 0.48 0.29 
1 0.08958725315521794 0.0728697263419105 -0.0 0.0 1.0 0.9972972972972972 0.998648648648649 0.06 0.01 
0 -0.0 0.0 -0.0 -0.0 1.0 0.9954648526077096 0.997732426303855 0.0 0.0 
1 0.10434878616952079 0.0521743930847604 0.01 0.01 0.9979591836734693 0.9979591836734693 0.997959183673469 490.0 0.11 
0 0.5254674820821779 0.34306396501101 -0.03 0.02 1.0 0.8040089086859687 0.902004454342984 15.74 0.47 
1 0.7244657079537894 0.362232853976895 0.0 -0.0 1.0 0.3264462809917356 0.663223140495868 0.0 0.0 
0 0.08718908116625151 0.0522033657389399 0.36 0.43 0.837448559670782 0.837448559670782 0.837448559670782 478.41 2.76 
1 0.05839899951927197 0.0572107346922477 0.0 0.0 1.0 1.0 1.0 0.02 0.0 
0 -0.0 0.0 0.0 0.0 1.0 1.0 1.0 0.0 0.0 
1 0.3742549310896416 0.187127465544821 -0.03 0.02 0.7660668380462725 0.9974293059125964 0.881748071979434 15.62 0.69 
0 0.2489102793527851 0.230860647340266 -0.07 0.01 0.875 0.9886363636363636 0.931818181818182 5.06 0.26 
1 0.7865364435085352 0.393268221754268 0.09 0.12 0.9728506787330315 0.9728506787330315 0.972850678733032 442.0 0.36 
0 0.34883209584303193 0.348832095843032 0.22 0.35 1.0 1.0 1.0 9.0 2.54 
1 0.5297061990576545 0.439269147450343 -0.1 0.03 1.0 1.0 1.0 0.32 0.45 
0 0.09425882789422867 0.0471294139471143 -0.01 0.0 0.837448559670782 0.9938271604938274 0.915637860082305 2.06 0.02 
1 0.042617471413436414 0.0310799043211172 0.0 0.01 0.837708830548926 0.9928400954653938 0.91527446300716 10.42 0.09 
0 0.6681369026482501 0.545458006316613 -0.1 0.03 0.9676025917926566 0.9956803455723539 0.981641468682505 22.57 0.5 
1 -0.0 0.0 0.0 0.0 1.0 1.0 1.0 0.0 0.0 
0 0.016897794165734926 0.0168977941657349 0.13 0.14 0.97423887587822 0.97423887587822 0.97423887587822 854.0 1.01 
1 0.017626642729371575 0.00881332136468579 0.18 0.25 0.9252336448598132 0.9275700934579442 0.926401869158878 413.58 1.81 
0 0.4227090878059909 0.211354543902995 -0.11 0.03 0.8333333333333331 0.9166666666666664 0.875 0.9 0.42 
1 0.6822056867479602 0.602052179998817 0.05 0.2 0.9222462203023758 0.9546436285097192 0.938444924406048 472.98 0.93 
0 0.6730116670092564 0.336505833504628 -0.2 0.33 0.28571428571428564 0.7142857142857143 0.5 3.73 0.43 
1 -0.0 0.0 0.0 0.0 1.0 1.0 1.0 0.0 0.0 
0 0.08962131424171335 0.0720158405311297 -0.01 0.01 0.7206823027718549 0.9893390191897654 0.85501066098081 3.71 0.13 
1 -0.0 0.0 0.0 0.0 1.0 1.0 1.0 0.0 0.0 
0 0.07549878542345602 0.0452344198817827 -0.0 0.0 0.977551020408163 0.989795918367347 0.983673469387755 0.31 0.02 
1 0.05602246986522343 0.0541490991069533 0.0 0.0 1.0 1.0 1.0 0.02 0.0 
0 0.34883209584303193 0.174416047921516 0.07 0.19 1.0 0.7777777777777779 0.888888888888889 3.94 1.56 
1 0.0707680768797802 0.351225226630238 -0.0 0.0 1.0 0.997695852534562 0.998847926267281 3.17 0.0 
0 0.5982695885852573 0.975026791437452 0.24 0.6 1.0 1.0 1.0 7.0 0.21 
1 0.052275728348683194 0.0522757283486832 -0.0 0.0 1.0 1.0 1.0 0.02 0.0 
0 -0.0 0.0 -0.0 0.0 1.0 0.7580645161290323 0.879032258064516 0.0 0.0 
1 0.04131357294242817 0.0206567864712141 0.29 0.33 0.886153846153846 0.8892307692307693 0.887692307692308 315.12 2.04 
0 0.6791932659915256 0.491914681670382 -0.2 0.13 0.42307692307692313 0.9230769230769232 0.673076923076923 5.94 0.02 
1 -0.0 0.0 0.0 0.0 1.0 1.0 1.0 0.0 0.0 
0 0.09962338946616205 0.049811694733081 0.04 0.28 0.7580645161290323 0.7903225806451613 0.774193548387097 37.44 2.15 
1 0.030372534777978206 0.0658985378330168 -0.0 0.0 0.972457627118644 0.9978813559322034 0.985169491525424 0.13 0.01 
0 -0.0 0.0 0.25 0.67 0.6153846153846154 0.6153846153846154 0.615384615384615 26.0 2.25 
1 -0.0 0.0 0.39 0.62 0.6935483870967744 0.6935483870967744 0.693548387096774 62.0 2.6 
0 0.6799529039485162 0.351749735523488 0.02 0.02 1.0 0.99645390070922 0.99822695035461 282.0 0.1 
1 0.0251440699125892 0.0125720349562946 0.53 0.63 0.6761658031088082 0.6761658031088082 0.676165803108808 386.0 2.33 
0 0.34785640375170473 0.2302047364582 -0.01 0.01 1.0 0.8581560283687942 0.929078014184397 6.63 0.06 
1 -0.0 0.0 -0.06 0.16 0.6774193548387096 0.7580645161290323 0.717741935483871 20.64 1.46 
0 -0.0 0.0 -0.0 0.0 1.0 1.0 1.0 0.0 0.0 
1 0.09699169411326156 0.0765719468209323 -0.0 0.0 1.0 0.9972972972972972 0.998648648648649 0.07 0.01 
0 0.01789792517672371 0.00894896258836186 -0.0 -0.0 1.0 1.0 1.0 0.0 0.0 
1 0.20297324940653716 0.101486624703269 0.0 -0.0 1.0 1.0 1.0 0.0 0.0 
0 -0.0 0.0 0.0 -0.0 1.0 0.5555555555555555 0.777777777777778 0.0 0.0 
1 0.5235346720440665 0.340972621087929 0.32 0.39 0.8666666666666668 0.9 0.883333333333333 30.0 1.75 
0 -0.0 0.0 -0.1 0.15 0.6935483870967744 0.8064516129032256 0.75 19.44 1.42 
1 -0.0 0.0 0.19 0.69 0.5555555555555555 0.5555555555555555 0.555555555555556 9.0 1.98 
0 -0.0 0.0 -0.0 0.0 0.984126984126984 0.9977324263038548 0.990929705215419 0.02 0.0 
1 -0.0 0.0 0.06 0.41 0.8571428571428571 0.8571428571428571 0.857142857142857 7.0 2.49 
0 0.3525425103487513 0.176271255174376 -0.08 0.14 1.0 0.6774193548387096 0.838709677419355 16.57 1.2 
1 0.6895519477750732 0.344775973887537 0.0 -0.0 1.0 1.0 1.0 0.0 0.0 
0 0.038691590688165765 0.0193457953440829 -0.0 -0.0 1.0 1.0 1.0 0.0 0.0 
1 0.08807751896196665 0.451853556096353 -0.01 0.04 0.7484662576687117 0.9846625766871167 0.866564417177914 30.7 0.2 
0 0.024054366210821344 0.823282975290525 -0.01 0.05 0.9581881533101044 0.9895470383275262 0.973867595818815 59.27 0.23 
1 -0.0 0.0 0.31 0.55 0.7580645161290323 0.7580645161290323 0.758064516129032 62.0 2.49 
0 0.8856700740385729 0.873263107899131 0.14 0.54 1.0 0.9263803680981594 0.96319018404908 827.45 1.6 
1 0.9277980308365658 1.27664305854078 0.26 0.8 0.7871396895787139 0.7871396895787139 0.787139689578714 1253.58 1.13 
0 0.4959171118080685 0.247958555904034 0.0 -0.0 1.0 0.9922879177377892 0.996143958868895 0.0 0.0 
1 0.01652368182171168 0.00826184091085584 0.08 0.08 0.9838709677419354 0.9838709677419354 0.983870967741935 434.0 0.72 
0 -0.0 0.0 -0.03 0.02 0.36 0.96 0.66 0.59 0.23 
1 0.09908391604753189 0.0495419580237659 0.04 0.04 0.9850746268656718 0.9914712153518124 0.988272921108742 266.27 0.37 
0 0.6331171997564925 0.316558599878246 -0.01 0.0 0.947608200455581 0.9863325740318906 0.966970387243736 1.48 0.08 
1 -0.0 0.0 0.11 0.46 0.5384615384615384 0.6153846153846154 0.576923076923077 18.96 1.68 
0 -0.0 0.0 -0.0 -0.0 1.0 1.0 1.0 0.0 0.0 
1 0.8156295932307395 0.487087993037894 -0.0 0.08 0.7484662576687117 0.9785276073619632 0.863496932515337 53.37 0.31 
0 0.038691590688165765 0.0302069226835085 -0.0 0.0 1.0 0.9402985074626864 0.970149253731343 0.2 0.02 
1 -0.0 0.0 -0.0 -0.0 1.0 1.0 1.0 0.0 0.0 
0 0.03946489920438848 0.0197324496021942 0.11 0.13 0.9642105263157896 0.9663157894736842 0.965263157894737 381.03 1.13 
1 0.6846162778013049 0.342308138900652 0.15 0.36 0.8846153846153846 0.8846153846153846 0.884615384615385 26.0 0.82 
0 0.666278442414676 0.485457269881957 -0.2 0.08 1.0 0.42307692307692313 0.711538461538462 3.47 0.41 
1 1.7983316181241153 0.899165809062058 0.0 -0.0 1.0 0.9628099173553722 0.981404958677686 0.0 0.0 
0 0.7418244740179352 0.370912237008968 0.27 0.68 0.4568421052631578 0.7726315789473683 0.614736842105263 470.99 0.99 
1 -0.0 0.0 0.3 0.36 0.8846153846153846 0.8846153846153846 0.884615384615385 26.0 2.14 
0 -0.0 0.0 -0.02 0.0 0.9166666666666664 0.9583333333333331 0.9375 0.09 0.1 
1 0.09165764788996307 0.0699766348366203 -0.0 0.0 1.0 0.9818181818181818 0.990909090909091 0.1 0.01 
0 -0.0 0.0 -0.0 0.0 0.981859410430839 0.9954648526077096 0.988662131519274 0.04 0.0 
1 0.08627855491407438 0.0975485355458968 0.0 0.02 0.7084337349397591 0.9927710843373492 0.850602409638554 81.26 0.09 
0 0.016424701198958662 0.00821235059947933 0.0 0.0 1.0 0.9576837416481068 0.978841870824053 0.0 0.0 
1 -0.0 0.0 -0.0 0.0 1.0 0.7580645161290323 0.879032258064516 0.0 0.0 
0 -0.0 0.0 -0.01 0.01 0.7580645161290323 0.9677419354838708 0.862903225806452 0.75 0.19 
1 0.8547011249697178 0.427350562484859 -0.02 0.0 0.9795918367346939 0.982142857142857 0.980867346938775 1.6 0.02 
0 -0.0 0.0 0.0 -0.0 1.0 0.5555555555555555 0.777777777777778 0.0 0.0 
1 0.6601647680850746 0.591011175434611 0.13 0.3 0.8594470046082949 0.919354838709677 0.889400921658986 970.62 1.21 
0 0.6533741452692534 0.470364090729394 -0.01 0.02 0.9489795918367347 0.9948979591836736 0.971938775510204 15.08 0.09 
1 -0.0 0.0 0.12 0.12 0.9568034557235422 0.9676025917926566 0.962203023758099 343.37 1.04 
0 0.015617095429556123 0.0588625344394027 -0.0 0.0 1.0 0.96 0.98 0.45 0.03 
1 0.02133050528737909 0.0106652526436895 0.1 0.1 0.980392156862745 0.980392156862745 0.980392156862745 459.0 0.82 
0 0.6730116670092564 0.669645054711966 -0.1 0.39 1.0 0.5769230769230769 0.788461538461538 15.25 0.31 
1 -0.0 0.0 -0.06 0.16 0.6774193548387096 0.7580645161290323 0.717741935483871 20.64 1.46 
0 0.015244213031655377 0.00762210651582769 -0.0 -0.0 1.0 1.0 1.0 0.0 0.0 
1 -0.0 0.0 0.0 0.0 1.0 1.0 1.0 0.0 0.0 
0 0.767183707147163 0.600473171572557 -0.1 0.21 0.909090909090909 0.9488636363636364 0.928977272727273 266.1 0.71 
1 0.8156295932307395 0.74694740234885 0.07 0.48 0.7484662576687117 0.8558282208588956 0.802147239263804 285.8 0.83 
0 0.5456891633476865 0.414618528159361 0.06 0.32 0.8870967741935483 0.9838709677419354 0.935483870967742 69.91 1.41 
1 0.09699169411326156 0.0746337112309724 -0.0 0.0 1.0 1.0 1.0 0.05 0.01 
0 0.7453785846192588 0.383104611470491 0.01 0.02 0.7270788912579956 0.9850746268656718 0.856076759061834 21.54 0.13 
1 0.09503011725564632 0.0475150586278232 0.0 -0.0 1.0 1.0 1.0 0.0 0.0 
0 0.6878717657035625 0.343935882851781 0.0 -0.0 1.0 0.997867803837953 0.998933901918976 0.0 0.0 
1 -0.0 0.0 -0.0 0.0 1.0 0.6153846153846154 0.807692307692308 0.0 0.0 
0 0.21168754464631545 0.105843772323158 0.13 0.23 0.6935483870967744 0.8870967741935483 0.790322580645161 26.98 1.71 
1 0.5235346720440665 0.340972621087929 0.32 0.39 0.8666666666666668 0.9 0.883333333333333 30.0 1.75 
0 0.43753675581656654 0.218768377908283 0.0 -0.0 1.0 0.3595041322314049 0.679752066115702 0.0 0.0 
1 -0.0 0.0 0.0 0.0 1.0 1.0 1.0 0.0 0.0 
0 0.6472565428776306 0.85673695678287 0.03 0.26 0.989795918367347 0.9979591836734693 0.993877551020408 300.43 0.12 
1 -0.0 0.0 0.0 0.0 1.0 0.982142857142857 0.991071428571429 0.0 0.0 
0 0.38412048178648794 0.360618341867321 -0.06 0.06 0.6263498920086392 0.937365010799136 0.781857451403888 64.45 0.51 
1 -0.0 0.0 0.3 0.5 0.8008658008658008 0.8008658008658008 0.800865800865801 462.0 2.56 
0 -0.0 0.0 0.33 0.55 0.6774193548387096 0.6935483870967744 0.685483870967742 57.53 2.49 
1 0.8720635602136072 0.444515665699525 -0.01 0.0 0.2385542168674699 0.9975903614457832 0.618072289156626 0.63 0.0 
0 0.01607235879964646 0.00803617939982323 -0.0 0.0 1.0 0.9977324263038548 0.998866213151927 0.0 0.0 
1 -0.0 0.0 0.33 0.55 0.6774193548387096 0.6935483870967744 0.685483870967742 57.53 2.49 
0 -0.0 0.0 -0.06 0.01 0.7580645161290323 0.919354838709677 0.838709677419355 0.74 0.26 
1 -0.0 0.0 0.0 0.0 1.0 1.0 1.0 0.0 0.0 
0 0.3708082825784814 0.185404141289241 -0.0 0.0 1.0 0.9976580796252928 0.998829039812646 0.1 0.01 
1 -0.0 0.0 0.33 0.55 0.6774193548387096 0.6935483870967744 0.685483870967742 57.53 2.39 
0 -0.0 0.0 -0.01 0.0 0.9413265306122448 0.982142857142857 0.961734693877551 0.44 0.04 
1 0.09503011725564632 0.189490815924107 0.0 0.0 1.0 1.0 1.0 0.06 0.04 
0 0.928529239598717 0.464264619799359 -0.02 0.05 0.7114093959731543 0.959731543624161 0.835570469798658 30.82 0.26 
1 0.8127245415610106 0.428086422879458 0.41 0.59 0.3391521197007481 0.3640897755610973 0.351620947630923 772.17 0.33 
0 0.6829081047004717 0.677959885854864 0.16 0.68 1.0 0.7142857142857143 0.857142857142857 7.0 0.7 
1 0.05839899951927197 0.0572755995239375 -0.0 0.0 1.0 0.9972972972972972 0.998648648648649 0.03 0.0 
0 -0.0 0.0 -0.0 0.0 0.9346590909090908 0.9971590909090908 0.965909090909091 0.07 0.01 
1 0.7865364435085352 0.401480572353747 0.08 0.13 0.9728506787330315 0.9728506787330315 0.972850678733032 442.51 0.33 
0 0.1461447460085638 0.0730723730042819 0.0 0.0 1.0 0.9677419354838708 0.983870967741935 0.0 0.0 
1 -0.0 0.0 -0.0 -0.0 1.0 0.9958677685950412 0.997933884297521 0.0 0.0 
0 0.3724807184521906 0.186240359226095 -0.02 0.29 0.6935483870967744 0.919354838709677 0.806451612903226 33.68 1.92 
1 -0.0 0.0 0.0 0.0 1.0 1.0 1.0 0.0 0.0 
0 0.05138862302596046 0.0800618428100563 0.08 0.1 0.968397291196388 0.9729119638826184 0.970654627539503 348.07 0.85 
1 1.6284102630552857 1.62546092371276 -0.02 0.51 0.7700348432055749 0.9895470383275262 0.879790940766551 325.24 0.19 
0 -0.0 0.0 0.0 -0.0 1.0 0.5555555555555555 0.777777777777778 0.0 0.0 
1 0.08958725315521794 0.073993126337245 0.0 0.0 1.0 1.0 1.0 0.04 0.01 
0 -0.0 0.0 -0.0 -0.0 1.0 0.9966442953020132 0.998322147651007 0.0 0.0 
1 -0.0 0.0 0.47 0.64 0.33333333333333326 0.33333333333333326 0.333333333333333 30.0 0.94 
0 -0.0 0.0 -0.06 0.18 0.6935483870967744 0.7580645161290323 0.725806451612903 22.68 1.54 
1 0.08958725315521794 0.0709314907519506 0.0 0.0 1.0 1.0 1.0 0.04 0.01 
0 0.25613114039546225 0.136229059924778 -0.0 0.02 0.6400911161731208 0.9863325740318906 0.813211845102506 49.61 0.01 
1 0.0947607483566568 0.0769695270739669 0.09 0.1 0.9806866952789698 0.982832618025751 0.981759656652361 445.71 0.81 
0 0.36421465730196667 0.182107328650983 -0.05 0.23 0.6935483870967744 0.9516129032258066 0.82258064516129 26.98 1.68 
1 0.43686973210547814 0.270464027731018 0.04 0.05 1.0 0.940936863543788 0.970468431771894 144.91 0.55 
0 -0.0 0.0 -0.04 0.03 0.7580645161290323 0.919354838709677 0.838709677419355 3.8 0.54 
1 0.666278442414676 0.666278442414676 0.25 0.67 1.0 1.0 1.0 26.0 0.9 
0 0.43753675581656654 0.218768377908283 0.0 0.0 0.3595041322314049 0.9958677685950412 0.677685950413223 4.43 0.05 
1 0.022727473318271005 0.022727473318271 -0.0 0.0 1.0 1.0 1.0 0.0 0.0 
0 -0.0 0.0 0.0 0.0 1.0 1.0 1.0 0.0 0.0 
1 -0.0 0.0 0.07 0.08 0.9854771784232365 0.9854771784232365 0.985477178423237 482.0 0.65 
0 0.36421465730196667 0.182107328650983 -0.0 0.0 1.0 0.9516129032258066 0.975806451612903 0.0 0.0 
