1 0.09699169411326156 0.0746337112309724 -0.0 0.0 1.0 1.0 1.0 0.05 0.01 
0 0.9556998911125344 0.819303997906503 -0.13 0.29 1.0 1.0 1.0 2.92 0.07 
1 -0.0 0.0 0.11 0.46 0.5384615384615384 0.6153846153846154 0.576923076923077 18.96 1.68 
0 0.10579937550123852 0.0528996877506193 -0.0 -0.0 1.0 0.9872068230277184 0.993603411513859 0.0 0.0 
1 0.030372534777978206 0.0228364363705995 -0.0 0.0 0.9894067796610168 0.9978813559322034 0.99364406779661 0.04 0.0 
0 0.3512766153414176 0.175638307670709 0.26 0.34 0.8045267489711933 0.837448559670782 0.820987654320988 376.14 1.93 
1 0.08958725315521794 0.0709314907519506 0.0 0.0 1.0 1.0 1.0 0.04 0.01 
0 0.016359415015602636 0.00817970750780132 0.0 0.0 1.0 0.9621380846325168 0.981069042316258 0.0 0.0 
1 -0.0 0.0 0.0 0.0 1.0 0.982142857142857 0.991071428571429 0.0 0.0 
0 0.804637919054263 0.402318959527131 0.0 -0.0 1.0 0.41723356009070284 0.708616780045351 0.0 0.0 
1 -0.0 0.0 0.39 0.62 0.6935483870967744 0.6935483870967744 0.693548387096774 62.0 2.6 
0 0.6791932659915256 0.672735854203101 0.16 0.67 1.0 0.9230769230769232 0.961538461538462 26.0 0.47 
1 0.09908391604753189 0.0495419580237659 0.04 0.04 0.9850746268656718 0.9914712153518124 0.988272921108742 266.27 0.37 
0 0.05577279621184249 0.0434947851236666 0.1 0.12 0.9686746987951808 0.9734939759036146 0.971084337349398 365.65 0.94 
1 0.1725612331626618 0.0862806165813309 -0.07 0.05 0.4568421052631578 0.9578947368421052 0.707368421052632 33.9 0.06 
0 0.5437298474071837 0.333272455471975 -0.1 0.04 0.8835227272727273 0.9602272727272728 0.921875 44.1 0.06 
1 -0.0 0.0 -0.0 -0.0 1.0 0.9958677685950412 0.997933884297521 0.0 0.0 
0 0.666278442414676 0.666278442414676 0.25 0.67 1.0 1.0 1.0 26.0 0.67 
1 -0.0 0.0 0.0 0.0 1.0 1.0 1.0 0.0 0.0 
0 0.25095480435761963 0.682296295151245 0.08 0.22 0.9886363636363636 0.9943181818181815 0.991477272727273 296.78 0.8 
1 0.3269547847215813 0.163477392360791 -0.01 0.01 0.9481865284974093 0.9870466321243522 0.967616580310881 3.79 0.05 
0 0.4343460036066953 0.217173001803348 0.0 -0.0 1.0 1.0 1.0 0.0 0.0 
1 -0.0 0.0 0.33 0.55 0.6774193548387096 0.6935483870967744 0.685483870967742 57.53 2.39 
0 -0.0 0.0 -0.0 -0.0 1.0 0.9966442953020132 0.998322147651007 0.0 0.0 
1 -0.0 0.0 0.0 0.0 1.0 1.0 1.0 0.0 0.0 
0 0.3724807184521906 0.186240359226095 -0.02 0.27 0.6774193548387096 0.919354838709677 0.798387096774194 31.25 1.84 
1 0.08807751896196665 0.451853556096353 -0.01 0.04 0.7484662576687117 0.9846625766871167 0.866564417177914 30.7 0.2 
0 0.3525425103487513 0.176271255174376 -0.01 0.0 1.0 0.9677419354838708 0.983870967741935 0.26 0.1 
1 -0.0 0.0 0.3 0.36 0.8846153846153846 0.8846153846153846 0.884615384615385 26.0 2.14 
0 0.4959171118080685 0.435086021448855 -0.02 0.02 0.9922879177377892 0.9974293059125964 0.994858611825193 9.87 0.37 
1 0.6895519477750732 0.344775973887537 0.0 -0.0 1.0 1.0 1.0 0.0 0.0 
0 -0.0 0.0 -0.0 0.0 1.0 0.6935483870967744 0.846774193548387 0.0 0.0 
1 0.7865364435085352 0.401480572353747 0.08 0.13 0.9728506787330315 0.9728506787330315 0.972850678733032 442.51 0.33 
0 0.08256493803586597 0.264258680174702 -0.0 0.0 1.0 0.919354838709677 0.959677419354839 0.24 0.08 
1 0.020830638321723566 0.0104153191608618 0.04 0.04 0.9850746268656718 0.9914712153518124 0.988272921108742 266.27 0.43 
0 -0.0 0.0 -0.1 0.15 0.6935483870967744 0.8064516129032256 0.75 19.44 1.36 
1 1.7983316181241153 0.899165809062058 0.0 -0.0 1.0 0.9628099173553722 0.981404958677686 0.0 0.0 
0 0.6365141682948128 0.318257084147406 -0.13 0.39 0.3 0.6 0.45 6.43 0.19 
1 -0.0 0.0 0.0 0.0 1.0 1.0 1.0 0.0 0.0 
0 0.666278442414676 0.333139221207338 -0.1 0.06 1.0 0.8846153846153846 0.942307692307692 2.12 0.36 
1 0.6171448282578021 0.580437337832493 0.03 0.32 1.0 0.8835227272727273 0.941761363636364 378.52 1.7 
0 0.01478431915835523 0.0664660629656923 -0.0 0.0 0.9918367346938776 0.9979591836734693 0.994897959183674 0.12 0.01 
1 0.01652368182171168 0.00826184091085584 0.08 0.08 0.9838709677419354 0.9838709677419354 0.983870967741935 434.0 0.72 
0 0.7244657079537894 1.26139866303895 -0.17 0.31 0.3264462809917356 0.9628099173553722 0.644628099173554 283.39 0.11 
1 -0.0 0.0 -0.06 0.16 0.6774193548387096 0.7580645161290323 0.717741935483871 20.64 1.46 
0 0.08256493803586597 0.041282469017933 0.0 0.01 1.0 0.6935483870967744 0.846774193548387 0.45 0.12 
1 0.6822056867479602 0.602052179998817 0.05 0.2 0.9222462203023758 0.9546436285097192 0.938444924406048 472.98 0.93 
0 0.5456891633476865 0.272844581673843 0.03 0.36 0.6935483870967744 0.8870967741935483 0.790322580645161 40.98 2.15 
1 0.43686973210547814 0.270464027731018 0.04 0.05 1.0 0.940936863543788 0.970468431771894 144.91 0.55 
0 0.9242647281309502 0.482673424863059 -0.09 0.03 0.8607954545454547 0.940340909090909 0.900568181818182 93.23 0.21 
1 0.3742549310896416 0.187127465544821 -0.03 0.02 0.7660668380462725 0.9974293059125964 0.881748071979434 15.62 0.69 
0 1.135350514213889 0.567675257106944 -0.0 0.0 1.0 0.9494736842105264 0.974736842105263 0.0 0.0 
1 0.04131357294242817 0.0206567864712141 0.29 0.33 0.886153846153846 0.8892307692307693 0.887692307692308 315.12 2.04 
0 0.014654633616741741 0.00732731680837087 -0.0 -0.0 1.0 1.0 1.0 0.0 0.0 
1 0.05839899951927197 0.0572755995239375 -0.0 0.0 1.0 0.9972972972972972 0.998648648648649 0.03 0.0 
0 0.5982695885852573 0.299134794292629 -0.11 0.12 1.0 0.28571428571428564 0.642857142857143 1.12 0.41 
1 -0.0 0.0 0.0 0.0 1.0 1.0 1.0 0.0 0.0 
0 0.016897794165734926 0.00844889708286746 -0.0 -0.0 1.0 0.97423887587822 0.98711943793911 0.0 0.0 
1 0.09165764788996307 0.0699766348366203 -0.0 0.0 1.0 0.9818181818181818 0.990909090909091 0.1 0.01 
0 0.666278442414676 0.666278442414676 0.25 0.67 1.0 1.0 1.0 26.0 0.84 
1 -0.0 0.0 0.0 0.0 1.0 1.0 1.0 0.0 0.0 
0 -0.0 0.0 0.05 0.14 0.375 0.75 0.5625 1.6 0.69 
1 -0.0 0.0 0.0 0.0 1.0 1.0 1.0 0.0 0.0 
0 0.8645984701429459 0.582037727006189 0.02 0.07 1.0 0.9957356076759059 0.997867803837953 590.25 0.26 
1 0.030372534777978206 0.0658985378330168 -0.0 0.0 0.972457627118644 0.9978813559322034 0.985169491525424 0.13 0.01 
0 0.4319626568589969 0.215981328429498 -0.0 -0.0 1.0 0.9914712153518124 0.995735607675906 0.0 0.0 
1 0.09503011725564632 0.189490815924107 0.0 0.0 1.0 1.0 1.0 0.06 0.04 
0 -0.0 0.0 0.0 0.0 1.0 0.9166666666666664 0.958333333333333 0.0 0.0 
1 0.022727473318271005 0.022727473318271 -0.0 0.0 1.0 1.0 1.0 0.0 0.0 
0 0.3724807184521906 0.370388775599927 0.15 0.54 0.919354838709677 0.9354838709677415 0.92741935483871 110.63 2.46 
1 0.8720635602136072 0.444515665699525 -0.01 0.0 0.2385542168674699 0.9975903614457832 0.618072289156626 0.63 0.0 
0 0.1156185975922761 0.0578092987961381 -0.0 -0.0 1.0 1.0 1.0 0.0 0.0 
1 0.4811067080592432 0.300596867788392 0.04 0.05 0.9954853273137698 0.9954853273137698 0.99548532731377 895.47 0.16 
0 1.2770342594661392 0.63851712973307 -0.05 0.6 1.0 0.28571428571428564 0.642857142857143 7.0 0.17 
1 -0.0 0.0 0.0 0.0 1.0 1.0 1.0 0.0 0.0 
0 -0.0 0.0 -0.0 -0.0 1.0 1.0 1.0 0.0 0.0 
1 0.05602246986522343 0.0541490991069533 0.0 0.0 1.0 1.0 1.0 0.02 0.0 
0 -0.0 0.0 0.0 0.05 0.3076923076923077 0.9615384615384615 0.634615384615385 2.34 0.27 
1 -0.0 0.0 -0.0 -0.0 1.0 1.0 1.0 0.0 0.0 
0 0.36829683274766406 0.366255745024815 0.06 0.42 0.9354838709677415 0.9516129032258066 0.943548387096774 80.71 2.1 
1 1.6284102630552857 1.62546092371276 -0.02 0.51 0.7700348432055749 0.9895470383275262 0.879790940766551 325.24 0.19 
0 0.4959171118080685 0.247958555904034 0.0 -0.0 1.0 0.9922879177377892 0.996143958868895 0.0 0.0 
1 0.02133050528737909 0.0106652526436895 0.1 0.1 0.980392156862745 0.980392156862745 0.980392156862745 459.0 0.82 
0 1.0397207708399179 0.519860385419959 -0.05 0.6 0.28571428571428564 0.5714285714285713 0.428571428571428 7.0 0.83 
1 0.7865364435085352 0.393268221754268 0.09 0.12 0.9728506787330315 0.9728506787330315 0.972850678733032 442.0 0.36 
0 0.09450614728103433 0.145561483504815 -0.01 0.03 0.26636568848758463 0.9909706546275394 0.628668171557562 142.11 0.03 
1 0.02253214392080778 0.0197499575531257 -0.0 0.01 0.7156626506024096 0.9975903614457832 0.856626506024096 5.06 0.1 
0 0.09962338946616205 0.191585641218598 -0.04 0.14 0.7903225806451613 0.9838709677419354 0.887096774193548 20.65 1.13 
1 -0.0 0.0 -0.0 0.0 1.0 0.6153846153846154 0.807692307692308 0.0 0.0 
0 0.36421465730196667 0.182107328650983 -0.09 0.19 0.7580645161290323 0.9516129032258066 0.854838709677419 25.34 1.42 
1 0.666278442414676 0.666278442414676 0.25 0.67 1.0 1.0 1.0 26.0 0.9 
0 0.6730116670092564 0.336505833504628 0.16 0.5 0.3076923076923077 0.5769230769230769 0.442307692307692 21.83 0.68 
1 -0.0 0.0 0.12 0.12 0.9568034557235422 0.9676025917926566 0.962203023758099 343.37 1.04 
0 -0.0 0.0 -0.06 0.16 0.6774193548387096 0.7580645161290323 0.717741935483871 20.64 1.57 
1 -0.0 0.0 -0.1 0.14 0.6774193548387096 0.8064516129032256 0.741935483870968 17.76 1.34 
0 0.06219281179296066 0.111426629866401 -0.08 0.04 0.6703786191536748 0.8040089086859687 0.737193763919822 29.18 0.51 
1 -0.0 0.0 0.0 0.0 1.0 1.0 1.0 0.0 0.0 
0 0.3563409206018685 0.178170460300934 0.06 0.08 0.9838709677419354 0.9838709677419354 0.983870967741935 62.0 0.47 
1 -0.0 0.0 0.39 0.62 0.6935483870967744 0.6935483870967744 0.693548387096774 62.0 2.6 
0 -0.0 0.0 0.06 0.07 0.981859410430839 0.984126984126984 0.982993197278912 384.99 0.69 
1 0.20297324940653716 0.101486624703269 0.0 -0.0 1.0 1.0 1.0 0.0 0.0 
0 0.3805338924281298 0.190266946214065 0.0 -0.0 1.0 0.9922879177377892 0.996143958868895 0.0 0.0 
1 0.09503011725564632 0.0475150586278232 0.0 -0.0 1.0 1.0 1.0 0.0 0.0 
0 0.015529324822425987 0.007764662411213 -0.04 0.01 0.3136842105263158 0.9663157894736842 0.64 5.19 0.08 
1 0.0947607483566568 0.232756230915289 0.02 0.03 0.9678111587982832 0.9806866952789698 0.974248927038627 84.69 0.27 
0 0.3525425103487513 0.176271255174376 -0.08 0.15 1.0 0.6935483870967744 0.846774193548387 17.86 1.21 
1 0.16245281571443987 0.14550577947865 -0.01 0.02 0.916083916083916 0.9976689976689976 0.956876456876457 46.4 0.05 
0 0.06206254514673379 0.0310312725733669 -0.0 -0.0 1.0 0.9402985074626864 0.970149253731343 0.0 0.0 
1 0.10434878616952079 0.0521743930847604 0.01 0.01 0.9979591836734693 0.9979591836734693 0.997959183673469 490.0 0.11 
0 0.019832155766290046 0.00991607788314502 -0.0 0.0 0.9801136363636364 0.9971590909090908 0.988636363636364 0.02 0.0 
1 -0.0 0.0 -0.06 0.16 0.6774193548387096 0.7580645161290323 0.717741935483871 20.64 1.46 
0 0.5456891633476865 0.272844581673843 0.03 0.34 0.6774193548387096 0.8870967741935483 0.782258064516129 38.05 2.05 
1 0.6601647680850746 0.591011175434611 0.13 0.3 0.8594470046082949 0.919354838709677 0.889400921658986 970.62 1.21 
0 -0.0 0.0 0.0 0.0 1.0 1.0 1.0 0.0 0.0 
1 0.8547011249697178 0.427350562484859 -0.02 0.0 0.9795918367346939 0.982142857142857 0.980867346938775 1.6 0.02 
0 -0.0 0.0 -0.0 -0.0 1.0 1.0 1.0 0.0 0.0 
1 -0.0 0.0 0.31 0.55 0.7580645161290323 0.7580645161290323 0.758064516129032 62.0 2.49 
0 0.09187703676356046 0.0747148446466418 -0.01 0.0 0.984126984126984 0.984126984126984 0.984126984126984 0.4 0.04 
1 0.01475818629482802 0.00737909314741401 0.01 0.01 1.0 0.9979466119096508 0.998973305954825 487.0 0.19 
0 0.3742549310896416 0.187127465544821 -0.0 0.0 0.9948586118251928 0.9974293059125964 0.996143958868895 2.64 0.09 
1 0.6846162778013049 0.342308138900652 0.15 0.36 0.8846153846153846 0.8846153846153846 0.884615384615385 26.0 0.82 
0 0.045763284360939335 0.0228816421804697 -0.0 0.0 0.981859410430839 0.9977324263038548 0.989795918367347 0.03 0.0 
1 -0.0 0.0 -0.0 0.0 1.0 0.7580645161290323 0.879032258064516 0.0 0.0 
0 0.015617095429556123 0.015573210125991 0.07 0.09 0.96 0.9663157894736842 0.963157894736842 282.74 0.97 
1 0.0251440699125892 0.0125720349562946 0.53 0.63 0.6761658031088082 0.6761658031088082 0.676165803108808 386.0 2.33 
0 0.36829683274766406 0.184148416373832 -0.03 0.26 0.6935483870967744 0.9354838709677415 0.814516129032258 30.26 1.81 
1 0.05839899951927197 0.0572107346922477 0.0 0.0 1.0 1.0 1.0 0.02 0.0 
0 0.6171448282578021 0.308572414128901 -0.0 0.0 1.0 0.9971590909090908 0.998579545454545 0.22 0.02 
1 0.08958725315521794 0.073993126337245 0.0 0.0 1.0 1.0 1.0 0.04 0.01 
0 0.07155187909197604 0.035775939545988 -0.0 -0.0 1.0 1.0 1.0 0.0 0.0 
1 0.5235346720440665 0.340972621087929 0.32 0.39 0.8666666666666668 0.9 0.883333333333333 30.0 1.75 
0 0.01607235879964646 0.00803617939982323 -0.0 0.0 1.0 0.9977324263038548 0.998866213151927 0.0 0.0 
1 -0.0 0.0 0.47 0.64 0.33333333333333326 0.33333333333333326 0.333333333333333 30.0 0.94 
0 -0.0 0.0 0.05 0.14 0.375 0.75 0.5625 1.6 0.69 
1 0.04915006684960595 0.024575033424803 0.0 0.01 0.868995633187773 0.9956331877729256 0.932314410480349 13.32 0.14 
0 -0.0 0.0 0.0 -0.0 1.0 0.984126984126984 0.992063492063492 0.0 0.0 
1 0.052275728348683194 0.0522757283486832 -0.0 0.0 1.0 1.0 1.0 0.02 0.0 
0 0.016897794165734926 0.00844889708286746 -0.0 -0.0 1.0 0.97423887587822 0.98711943793911 0.0 0.0 
1 -0.0 0.0 0.33 0.55 0.6774193548387096 0.6935483870967744 0.685483870967742 57.53 2.59 
0 -0.0 0.0 -0.0 -0.0 1.0 1.0 1.0 0.0 0.0 
1 0.5297061990576545 0.439269147450343 -0.1 0.03 1.0 1.0 1.0 0.32 0.45 
0 0.07549878542345602 0.037749392711728 -0.0 0.0 0.989795918367347 0.989795918367347 0.989795918367347 0.13 0.01 
1 -0.0 0.0 -0.0 -0.0 1.0 1.0 1.0 0.0 0.0 
0 0.9562538784361096 0.478126939218055 0.0 -0.0 1.0 0.6866359447004609 0.84331797235023 0.0 0.0 
1 -0.0 0.0 0.33 0.55 0.6774193548387096 0.6935483870967744 0.685483870967742 57.53 2.49 
0 0.12281506353676637 0.63359773378555 -0.04 0.08 0.9602272727272728 0.9971590909090908 0.978693181818182 137.43 0.2 
1 -0.0 0.0 0.06 0.41 0.8571428571428571 0.8571428571428571 0.857142857142857 7.0 2.49 
0 0.8519175190106516 1.06220931468923 0.04 0.31 1.0 0.9138461538461538 0.956923076923077 269.56 0.65 
1 0.016424701198958662 0.00821235059947933 0.12 0.12 0.9728506787330315 0.9728506787330315 0.972850678733032 442.0 1.0 
0 -0.0 0.0 0.33 0.55 0.6774193548387096 0.6935483870967744 0.685483870967742 57.53 2.49 
1 -0.0 0.0 0.3 0.5 0.8008658008658008 0.8008658008658008 0.800865800865801 462.0 2.56 
0 -0.0 0.0 -0.0 -0.0 1.0 1.0 1.0 0.0 0.0 
1 0.06894930739780505 0.15777508018186 0.26 0.3 0.9182389937106918 0.9266247379454928 0.922431865828092 1350.0 2.0 
0 0.666278442414676 0.333139221207338 0.25 0.67 1.0 0.6153846153846154 0.807692307692308 26.0 1.33 
1 -0.0 0.0 0.19 0.69 0.5555555555555555 0.5555555555555555 0.555555555555556 9.0 1.98 
0 -0.0 0.0 -0.0 -0.0 1.0 0.9976580796252928 0.998829039812646 0.0 0.0 
1 0.07093518297335139 0.0616054556610173 0.0 0.0 1.0 1.0 1.0 0.03 0.0 
0 0.038691590688165765 0.0332349744303967 -0.0 0.0 1.0 0.9893390191897654 0.994669509594883 0.05 0.0 
1 0.0740225961475812 0.128824279468757 0.41 0.69 0.5590551181102362 0.5748031496062993 0.566929133858268 381.05 2.38 
0 0.6829081047004717 0.674593273557574 0.02 0.57 1.0 0.8076923076923077 0.903846153846154 22.62 0.19 
1 0.8156295932307395 0.74694740234885 0.07 0.48 0.7484662576687117 0.8558282208588956 0.802147239263804 285.8 0.83 
0 0.15377968767542066 0.0768898438377103 -0.0 0.0 1.0 0.9931972789115646 0.996598639455782 0.1 0.01 
1 0.0947607483566568 0.0769695270739669 0.09 0.1 0.9806866952789698 0.982832618025751 0.981759656652361 445.71 0.81 
0 0.3615394778944647 0.180769738947232 -0.04 0.13 1.0 0.7580645161290323 0.879032258064516 17.21 1.07 
1 -0.0 0.0 0.07 0.08 0.9854771784232365 0.9854771784232365 0.985477178423237 482.0 0.65 
0 0.4459524223135379 0.222976211156769 -0.03 0.27 0.6774193548387096 0.919354838709677 0.798387096774194 31.25 1.77 
1 0.022727473318271005 0.0113637366591355 -0.0 -0.0 1.0 1.0 1.0 0.0 0.0 
0 0.8605892830185917 0.430294641509296 -0.01 0.0 0.9765807962529272 0.9953161592505854 0.985948477751756 0.82 0.04 
1 0.05602246986522343 0.0448156896337921 0.0 0.0 1.0 1.0 1.0 0.02 0.0 
0 -0.0 0.0 -0.0 -0.0 1.0 1.0 1.0 0.0 0.0 
1 0.017626642729371575 0.00881332136468579 0.18 0.25 0.9252336448598132 0.9275700934579442 0.926401869158878 413.58 1.81 
0 0.08374922647357731 0.0418746132367886 0.0 0.0 1.0 1.0 1.0 0.0 0.0 
1 0.7244657079537894 0.362232853976895 0.0 -0.0 1.0 0.3264462809917356 0.663223140495868 0.0 0.0 
0 0.09650896073594732 0.0482544803679737 -0.11 0.14 0.6774193548387096 0.8225806451612901 0.75 17.9 1.44 
1 -0.0 0.0 0.31 0.55 0.7580645161290323 0.7580645161290323 0.758064516129032 62.0 2.49 
0 0.3563409206018685 0.178170460300934 -0.1 0.15 0.6774193548387096 0.9838709677419354 0.830645161290323 16.83 1.12 
1 0.8156295932307395 0.487087993037894 -0.0 0.08 0.7484662576687117 0.9785276073619632 0.863496932515337 53.37 0.31 
0 0.3525425103487513 0.176271255174376 -0.02 0.0 1.0 0.9838709677419354 0.991935483870968 0.13 0.06 
1 0.056152199528602974 0.0560873346969132 -0.0 0.0 1.0 0.9972972972972972 0.998648648648649 0.03 0.0 
0 0.01826014291453781 0.0637573715254876 -0.01 0.0 0.5721784776902888 0.9973753280839898 0.784776902887139 1.59 0.05 
1 -0.0 0.0 -0.0 -0.0 1.0 0.9936034115138594 0.99680170575693 0.0 0.0 
0 0.6365141682948128 0.318257084147406 0.14 0.38 0.125 0.375 0.25 8.0 0.04 
1 0.08958725315521794 0.0728697263419105 -0.0 0.0 1.0 0.9972972972972972 0.998648648648649 0.06 0.01 
0 0.6799529039485162 0.671107386798665 0.03 0.27 0.8723404255319149 0.99645390070922 0.934397163120567 316.12 0.98 
1 -0.0 0.0 -0.0 -0.0 1.0 1.0 1.0 0.0 0.0 
0 0.019980547724361777 0.00999027386218089 -0.01 0.0 0.9346590909090908 0.971590909090909 0.953125 0.79 0.07 
1 0.9277980308365658 1.27664305854078 0.26 0.8 0.7871396895787139 0.7871396895787139 0.787139689578714 1253.58 1.13 
0 -0.0 0.0 0.0 -0.0 1.0 0.5555555555555555 0.777777777777778 0.0 0.0 
1 0.08627855491407438 0.0975485355458968 0.0 0.02 0.7084337349397591 0.9927710843373492 0.850602409638554 81.26 0.09 
0 0.9743147528693494 0.487157376434675 0.0 0.22 1.0 0.75 0.875 2.67 0.86 
1 0.042617471413436414 0.0310799043211172 0.0 0.01 0.837708830548926 0.9928400954653938 0.91527446300716 10.42 0.09 
0 -0.0 0.0 -0.0 -0.0 1.0 1.0 1.0 0.0 0.0 
1 0.0707680768797802 0.351225226630238 -0.0 0.0 1.0 0.997695852534562 0.998847926267281 3.17 0.0 
0 0.4514062119967289 0.234652068586726 -0.0 0.0 1.0 0.9922879177377892 0.996143958868895 0.18 0.02 
1 0.09699169411326156 0.0765719468209323 -0.0 0.0 1.0 0.9972972972972972 0.998648648648649 0.07 0.01 
0 0.015529324822425987 0.007764662411213 0.0 0.0 1.0 0.9663157894736842 0.983157894736842 0.0 0.0 
1 0.6171448282578021 0.308572414128901 -0.01 0.0 1.0 0.9886363636363636 0.994318181818182 0.88 0.06 
0 0.015617095429556123 0.0156170954295561 -0.03 0.0 0.96 0.96 0.96 0.0 1.29 
1 0.8127245415610106 0.428086422879458 0.41 0.59 0.3391521197007481 0.3640897755610973 0.351620947630923 772.17 0.33 
0 0.3525425103487513 0.176271255174376 -0.08 0.15 1.0 0.6935483870967744 0.846774193548387 17.86 1.21 
