1.0 0.0 0.0 0.0 -0.01 0.0 0.987394957983193 0.987394957983193 0.987394958 0.0 0.64 
0.0 345.0 0.099623389466162 0.08285148 0.0 0.0 1.0 1.0 1.0 0.06 0.01 
1.0 1.0 0.0506455745968486 0.025322787 0.0 0.0 1.0 1.0 1.0 0.0 0.0 
0.0 131.0 0.0 0.0 0.0 0.0 1.0 0.878787878787878 0.939393939 0.0 0.0 
1.0 3.0 0.0630559729771158 0.337204624 -0.01 0.0 1.0 1.0 1.0 1.74 0.07 
0.0 105.0 0.0220900695991859 0.011045035 0.0 0.0 1.0 0.980645161290322 0.990322581 0.0 0.0 
1.0 3.0 0.0632406878524575 0.266103055 0.01 0.01 1.0 1.0 1.0 79.79 0.08 
0.0 66.0 0.0708149198462115 0.098976826 0.01 0.02 0.878125 0.990624999999999 0.934375 22.77 0.18 
1.0 1.0 0.0194949129943501 0.019494913 0.02 0.02 1.0 1.0 1.0 352.0 0.2 
0.0 4.0 0.860618583456463 0.985313575 0.23 0.72 0.961988304093567 0.991228070175438 0.976608187 417.17 0.15 
1.0 7.0 0.698983527416178 0.413533505 0.04 0.05 1.0 1.0 1.0 103.01 0.41 
0.0 149.0 0.0222144687344339 0.090143041 0.0 0.0 1.0 0.990163934426229 0.995081967 0.12 0.02 
1.0 6.0 0.0 0.0 0.0 0.0 1.0 1.0 1.0 0.0 0.0 
0.0 348.0 0.585579064670683 0.876499987 -0.05 0.11 0.891752577319587 0.994845360824742 0.943298969 165.45 0.17 
1.0 3.0 0.0 0.0 0.0 0.0 1.0 1.0 1.0 0.0 0.0 
0.0 27.0 0.0555380567855558 0.027769028 0.0 0.0 1.0 1.0 1.0 0.0 0.0 
1.0 6.0 0.254840502420078 0.917735524 0.0 0.12 0.986979166666666 0.986979166666666 0.986979167 479.93 0.06 
0.0 67.0 0.499090087585846 0.272169792 0.01 0.01 1.0 1.0 1.0 42.05 0.12 
1.0 3.0 0.850234166136187 0.711380406 0.33 0.58 0.984423676012461 0.984423676012461 0.984423676 621.15 1.61 
0.0 451.0 0.099623389466162 0.135739708 -0.12 0.0 0.900928792569659 0.910216718266253 0.905572755 1.98 0.12 
1.0 4.0 0.555976572448074 0.502432821 0.0 0.05 1.0 0.995780590717299 0.997890295 67.57 0.07 
0.0 170.0 0.0600239093195218 0.279094722 0.0 0.0 1.0 0.996815286624203 0.998407643 0.6 0.05 
1.0 1.0 0.541952602754964 0.322959122 0.06 0.11 0.984177215189873 0.984177215189873 0.984177215 633.43 0.27 
0.0 451.0 0.470106851037801 0.235053426 -0.02 0.0 1.0 0.977198697068403 0.988599349 1.56 0.11 
1.0 2.0 0.654285482253875 0.461201513 -0.02 0.02 1.0 1.0 1.0 11.46 0.1 
0.0 1.0 0.902230540632502 1.207073499 0.38 0.93 0.516574585635359 0.516574585635359 0.516574586 778.27 0.8 
1.0 6.0 0.0277783581726275 0.066402051 0.0 0.0 1.0 1.0 1.0 0.02 0.0 
0.0 14.0 1.58204435782304 1.487538968 -0.04 0.45 0.992932862190812 0.992932862190812 0.992932862 614.77 0.18 
1.0 5.0 1.59890972087256 1.461714237 0.06 0.63 0.992932862190812 0.992932862190812 0.992932862 607.89 0.18 
0.0 141.0 0.853033146507135 0.426516573 0.0 0.0 1.0 0.997032640949554 0.99851632 0.0 0.0 
1.0 6.0 0.0722599480341395 0.100492717 0.0 0.0 1.0 0.969613259668508 0.98480663 0.21 0.02 
0.0 96.0 0.711252800266253 0.3556264 0.0 0.0 1.0 0.995918367346938 0.997959184 0.26 0.03 
1.0 2.0 0.0968506565216047 0.144374399 0.0 0.0 1.0 1.0 1.0 5.52 0.09 
0.0 132.0 0.732079220680377 1.047289644 -0.04 0.19 1.0 0.943298969072164 0.971649485 264.59 0.34 
1.0 4.0 0.420164637173218 0.368932268 0.07 0.09 1.0 1.0 1.0 243.48 0.65 
0.0 89.0 0.0229264710740673 0.02257047 0.0 0.0 1.0 0.963576158940397 0.981788079 0.04 0.01 
1.0 6.0 0.0262556850879242 0.013127843 0.0 0.0 1.0 1.0 1.0 0.0 0.0 
0.0 149.0 0.0337510120778166 0.028939924 0.0 0.0 1.0 0.985401459854014 0.99270073 0.02 0.0 
1.0 7.0 0.995855729993577 0.516853635 0.01 0.02 1.0 0.996894409937888 0.998447205 322.72 0.02 
0.0 194.0 0.898863875971626 0.449431938 0.0 0.0 1.0 0.925696594427244 0.962848297 0.0 0.0 
1.0 7.0 0.675502209830335 0.337751105 0.09 0.17 0.960365853658536 0.960365853658536 0.960365854 328.0 0.45 
0.0 220.0 0.0535433011336311 0.026771651 0.0 0.0 1.0 1.0 1.0 0.0 0.0 
1.0 4.0 0.778124050497512 0.668794871 0.19 0.63 0.881578947368421 0.898026315789473 0.889802632 851.59 2.04 
0.0 141.0 0.909980258250622 0.454990129 0.0 0.0 1.0 0.996996996996996 0.998498498 0.0 0.0 
1.0 7.0 0.0712759023849942 0.045780245 0.0 0.0 1.0 1.0 1.0 0.01 0.0 
0.0 161.0 0.0214316941424852 0.010715847 0.0 0.0 0.962145110410094 0.993690851735015 0.977917981 0.12 0.02 
1.0 3.0 0.203369285524297 0.832134974 0.01 0.08 0.963636363636363 0.987878787878787 0.975757576 189.22 0.13 
0.0 49.0 0.0318815297066109 0.015940765 0.0 0.0 1.0 0.984999999999999 0.9925 0.0 0.0 
1.0 2.0 0.0577147699548351 0.039210263 0.0 0.0 1.0 0.996960486322188 0.998480243 0.02 0.0 
0.0 6.0 0.846299466951633 0.447414061 0.0 0.01 1.0 1.0 1.0 3.73 0.04 
1.0 5.0 0.039827557911359 0.019913779 0.0 0.0 1.0 1.0 1.0 0.0 0.0 
0.0 68.0 0.0588890678472048 0.257022754 0.01 0.02 1.0 0.997134670487106 0.998567335 14.87 0.22 
1.0 6.0 0.0348775115189437 0.086665756 0.07 0.07 0.986072423398328 0.986072423398328 0.986072423 359.07 0.54 
0.0 30.0 0.314903356359905 0.76030684 -0.03 0.04 0.982954545454545 0.985795454545454 0.984375 32.58 0.34 
1.0 3.0 0.0186384181703463 0.009319209 0.03 0.03 0.994623655913978 0.997311827956989 0.995967742 372.0 0.34 
0.0 211.0 1.03997355946109 0.51998678 0.0 0.0 1.0 0.997032640949554 0.99851632 0.0 0.0 
1.0 6.0 0.0939206553876554 0.093338496 0.09 0.12 0.968553459119496 0.977987421383647 0.97327044 507.23 1.05 
0.0 120.0 0.685319188258604 0.37196716 0.0 0.0 1.0 1.0 1.0 1.34 0.07 
1.0 2.0 0.620835068099577 0.952863671 -0.04 0.17 1.0 1.0 1.0 110.55 0.56 
0.0 345.0 0.067026669037874 0.033513335 0.0 0.0 1.0 1.0 1.0 0.0 0.0 
1.0 6.0 0.742709694902273 0.40160978 0.03 0.07 0.990445859872611 0.990445859872611 0.99044586 331.13 0.35 
0.0 2.0 0.0206520864796601 0.08332303 0.0 0.0 1.0 1.0 1.0 0.03 0.0 
1.0 1.0 0.517165350026592 0.258582675 0.02 0.03 0.994845360824742 0.994845360824742 0.994845361 194.0 0.14 
0.0 65.0 0.0 0.0 0.0 0.0 1.0 1.0 1.0 0.0 0.0 
1.0 7.0 0.0 0.0 0.0 0.0 1.0 1.0 1.0 0.0 0.0 
0.0 11.0 0.0 0.0 0.0 0.0 1.0 1.0 1.0 0.0 0.0 
1.0 4.0 0.0419476776352413 0.020973839 0.0 0.0 1.0 1.0 1.0 0.0 0.0 
0.0 12.0 0.606233582079089 0.359826654 -0.02 0.0 1.0 1.0 1.0 1.57 0.09 
1.0 6.0 0.0 0.0 0.11 0.12 0.9609375 0.96875 0.96484375 101.57 1.13 
0.0 28.0 0.0 0.0 0.0 0.0 1.0 1.0 1.0 0.0 0.0 
1.0 2.0 0.501416816953294 0.345893157 0.09 0.15 0.976973684210526 0.976973684210526 0.976973684 474.99 0.71 
0.0 2.0 0.13204071076721 0.119907512 0.3 0.41 0.883280757097791 0.889589905362776 0.886435331 941.32 2.28 
1.0 1.0 0.386977957561368 0.285308551 0.06 0.08 0.985994397759103 0.985994397759103 0.985994398 358.68 0.22 
0.0 127.0 0.904611110601021 0.471133428 0.0 0.0 1.0 1.0 1.0 1.25 0.06 
1.0 4.0 0.0206520864796601 0.085853786 0.03 0.04 0.996969696969696 0.996969696969696 0.996969697 439.33 0.28 
0.0 204.0 0.0223403798434835 0.01117019 0.0 0.0 0.986798679867986 0.99009900990099 0.988448845 0.05 0.01 
1.0 1.0 0.919172254439517 0.638786006 0.03 0.14 0.973760932944606 0.973760932944606 0.973760933 354.67 0.23 
0.0 87.0 0.0 0.0 0.0 0.0 1.0 1.0 1.0 0.0 0.0 
1.0 7.0 0.0577147699548351 0.039183428 0.0 0.0 1.0 1.0 1.0 0.01 0.0 
0.0 41.0 0.0690585676413284 0.034529284 0.0 0.0 1.0 1.0 1.0 0.0 0.0 
1.0 2.0 0.982617329541584 0.582624553 0.05 0.13 0.973118279569892 0.973118279569892 0.97311828 375.17 0.2 
0.0 189.0 0.632842830750061 0.316421415 -0.02 0.01 1.0 0.984375 0.9921875 2.48 0.09 
1.0 7.0 0.735357685902965 1.158930512 0.09 0.79 0.899305555555555 0.930555555555555 0.914930556 498.04 0.39 
0.0 318.0 0.0687438229132367 0.174411284 -0.13 0.01 0.900928792569659 0.922600619195046 0.911764706 6.5 0.02 
1.0 5.0 0.0832846732333399 0.041642337 0.0 0.0 1.0 1.0 1.0 0.0 0.0 
0.0 700.0 0.461097186127269 0.800364864 -0.07 0.24 1.0 0.938775510204081 0.969387755 123.82 0.46 
1.0 7.0 0.452631365743122 0.379294183 0.08 0.1 0.986449864498645 0.989159891598916 0.987804878 437.48 0.59 
0.0 24.0 0.025308475175301 0.063391968 0.02 0.03 1.0 0.996138996138996 0.998069498 259.0 0.2 
1.0 0.0 0.169855635539478 0.169855636 -0.01 0.0 0.994897959183673 0.994897959183673 0.994897959 0.0 1.17 
0.0 67.0 0.0549168777007294 0.0451486 0.02 0.02 1.0 0.997134670487106 0.998567335 349.01 0.18 
1.0 1.0 0.806682219897062 0.967993596 0.0 0.21 1.0 1.0 1.0 374.06 0.81 
0.0 58.0 0.0 0.0 0.0 0.0 1.0 1.0 1.0 0.0 0.0 
1.0 1.0 0.255429986523709 0.239492105 0.17 0.19 1.0 1.0 1.0 1276.97 1.14 
0.0 126.0 0.0358990284409961 0.017949514 0.0 0.0 1.0 0.935672514619882 0.967836257 0.14 0.02 
1.0 6.0 0.265831318884742 0.132915659 0.0 0.0 1.0 1.0 1.0 0.0 0.0 
0.0 29.0 0.624113085137943 0.391465553 0.02 0.08 0.973597359735973 0.976897689768976 0.975247525 194.22 0.24 
1.0 6.0 0.742709694902273 0.40160978 0.03 0.07 0.990445859872611 0.990445859872611 0.99044586 331.13 0.35 
0.0 38.0 0.0422824341559714 0.563108621 -0.01 0.01 1.0 0.996884735202492 0.998442368 2.17 0.07 
1.0 5.0 0.0 0.0 0.0 0.0 1.0 1.0 1.0 0.0 0.0 
0.0 177.0 0.0557409191195386 0.041810395 0.0 0.0 0.995689655172413 0.995689655172413 0.995689655 0.03 0.01 
1.0 1.0 0.907374955335904 1.03906595 0.23 0.61 0.985465116279069 0.985465116279069 0.985465116 1230.74 0.69 
0.0 14.0 0.0621928117929606 0.031096406 0.02 0.02 0.996688741721854 0.996688741721854 0.996688742 302.0 0.19 
1.0 3.0 0.0205987150611097 0.010299358 0.0 0.0 1.0 1.0 1.0 0.0 0.0 
0.0 34.0 0.0620199882194553 0.114560676 0.0 0.0 1.0 1.0 1.0 0.13 0.02 
1.0 0.0 0.667354627932219 0.667354628 -0.12 0.0 0.975342465753424 0.975342465753424 0.975342466 0.0 2.43 
0.0 410.0 0.0863062523442876 0.43180114 -0.12 0.05 0.899484536082474 0.90721649484536 0.903350515 24.83 0.51 
1.0 1.0 0.0 0.0 0.0 0.0 1.0 1.0 1.0 0.0 0.0 
0.0 50.0 0.119492939892984 0.05974647 0.0 0.0 1.0 1.0 1.0 0.0 0.0 
1.0 6.0 0.400304171520388 0.200152086 0.0 0.0 1.0 1.0 1.0 0.0 0.0 
0.0 201.0 0.0533840302767845 0.041678393 0.0 0.0 1.0 1.0 1.0 0.01 0.0 
1.0 1.0 0.16900100832117 0.084500504 0.0 0.0 1.0 1.0 1.0 0.0 0.0 
0.0 13.0 0.0555380567855558 0.027769028 0.0 0.0 1.0 0.987068965517241 0.993534483 0.03 0.01 
1.0 3.0 0.16413686562036 0.082068433 0.43 0.69 0.539893617021276 0.539893617021276 0.539893617 376.0 2.07 
0.0 35.0 0.0278798704683955 0.027829114 0.0 0.0 1.0 0.995689655172413 0.997844828 0.01 0.0 
1.0 5.0 0.0817712794043339 0.196721761 0.03 0.05 0.992094861660079 0.992094861660079 0.992094862 253.35 0.2 
0.0 789.0 0.503817112382778 0.482457149 -0.12 0.05 0.938775510204081 0.959183673469387 0.948979592 13.66 0.61 
1.0 2.0 0.174898303975751 0.152080582 0.26 0.31 0.95045045045045 0.954954954954954 0.952702703 411.36 1.86 
0.0 40.0 0.0 0.0 0.0 0.0 1.0 1.0 1.0 0.0 0.0 
1.0 3.0 1.32663216649186 1.232482033 0.05 0.45 0.941935483870967 0.987096774193548 0.964516129 600.22 0.14 
0.0 149.0 0.389175520567475 0.20527472 0.0 0.0 1.0 0.962025316455696 0.981012658 0.18 0.02 
1.0 1.0 0.915401061231681 0.52550329 0.06 0.1 0.981072555205047 0.981072555205047 0.981072555 320.77 0.16 
0.0 22.0 0.0650626405333832 0.03253132 0.0 0.0 1.0 1.0 1.0 0.0 0.0 
1.0 1.0 0.0 0.0 0.0 0.0 1.0 1.0 1.0 0.0 0.0 
0.0 1.0 0.0391718317362676 0.02938092 0.0 0.0 1.0 1.0 1.0 0.01 0.0 
1.0 7.0 0.874227138616876 0.46680801 -0.01 0.02 0.990654205607476 0.996884735202492 0.99376947 109.52 0.02 
0.0 3.0 0.0402723695891569 0.606271836 0.0 0.03 0.996655518394648 0.996655518394648 0.996655518 302.88 0.05 
1.0 6.0 0.0352109907044965 0.030976483 0.0 0.0 1.0 1.0 1.0 0.01 0.0 
0.0 26.0 0.0712759023849942 0.055319915 0.02 0.02 0.962750716332378 0.997134670487106 0.979942693 52.03 0.22 
1.0 7.0 0.740510656554896 0.39758474 0.0 0.01 1.0 1.0 1.0 2.29 0.04 
0.0 228.0 0.0210341526104483 0.021034153 0.0 0.0 1.0 1.0 1.0 0.0 0.0 
1.0 1.0 0.0202845880542838 0.071834783 0.0 0.0 1.0 1.0 1.0 0.03 0.0 
0.0 5.0 0.0600239093195218 0.040756857 0.0 0.0 1.0 1.0 1.0 0.01 0.0 
1.0 6.0 0.967248227089372 0.571396344 -0.02 0.03 1.0 1.0 1.0 8.39 0.1 
0.0 69.0 0.0 0.0 0.0 0.0 1.0 1.0 1.0 0.0 0.0 
1.0 2.0 0.587290789639407 0.370093481 0.1 0.19 0.849849849849849 0.918918918918918 0.884384384 194.51 1.13 
0.0 171.0 0.834694147442099 0.417347074 0.0 0.0 1.0 1.0 1.0 0.0 0.0 
1.0 1.0 1.61336252461857 0.806681262 0.0 0.0 1.0 1.0 1.0 0.0 0.0 
0.0 39.0 0.0920157819756407 0.046007891 0.0 0.01 0.979057591623036 0.984293193717277 0.981675393 14.54 0.17 
1.0 6.0 0.0212025770039786 0.646036833 0.01 0.03 0.990624999999999 0.996874999999999 0.99375 212.66 0.09 
0.0 99.0 0.0993346278881227 0.080591566 0.0 0.0 1.0 1.0 1.0 0.03 0.01 
1.0 2.0 0.0419175889863189 0.020958794 0.0 0.0 1.0 1.0 1.0 0.0 0.0 
0.0 153.0 0.0 0.0 0.0 0.0 1.0 0.979057591623036 0.989528796 0.0 0.0 
1.0 7.0 0.0710666147950947 0.035533307 0.0 0.0 1.0 1.0 1.0 0.0 0.0 
0.0 14.0 0.0871078226689761 0.043553911 0.0 0.0 1.0 1.0 1.0 0.0 0.0 
1.0 2.0 0.0973782361448659 0.101338343 0.0 0.0 1.0 1.0 1.0 0.09 0.02 
0.0 98.0 0.0 0.0 0.0 0.0 1.0 1.0 1.0 0.0 0.0 
1.0 3.0 0.0 0.0 0.04 0.04 0.993311036789297 0.993311036789297 0.993311037 299.0 0.4 
0.0 90.0 0.0207057550810892 0.020678921 0.0 0.0 1.0 0.996960486322188 0.998480243 0.01 0.0 
1.0 5.0 0.963419204301387 0.71250283 0.03 0.13 0.988636363636363 0.988636363636363 0.988636364 414.95 0.1 
0.0 168.0 0.0863128372055108 0.564985122 -0.02 0.01 1.0 1.0 1.0 6.21 0.01 
1.0 0.0 0.0 0.0 -0.01 0.0 0.969283276450511 0.969283276450511 0.969283276 0.0 1.12 
0.0 319.0 0.461728994921057 0.230864497 0.0 0.0 1.0 0.848837209302325 0.924418605 0.0 0.0 
1.0 1.0 0.0510180467801919 0.15556264 0.36 0.49 0.780141843971631 0.794326241134751 0.787234043 270.44 2.55 
0.0 385.0 0.0870995231917752 0.043549762 -0.11 0.01 0.897832817337461 0.922600619195046 0.910216718 3.61 0.23 
1.0 5.0 0.0722599480341395 0.242269651 0.0 0.01 1.0 0.969613259668508 0.98480663 8.59 0.04 
0.0 216.0 0.0218456969045175 0.021815602 0.0 0.0 1.0 0.996763754045307 0.998381877 0.01 0.0 
1.0 7.0 0.0698935560551578 0.034946778 0.0 0.0 1.0 1.0 1.0 0.0 0.0 
0.0 46.0 0.252101780620975 0.137252846 0.0 0.0 1.0 0.762541806020066 0.881270903 0.37 0.03 
1.0 6.0 0.0599541287844177 0.080714795 0.02 0.02 0.992277992277992 0.996138996138996 0.994208494 129.04 0.18 
0.0 41.0 0.0391718317362676 0.02938092 0.0 0.0 1.0 1.0 1.0 0.01 0.0 
1.0 3.0 0.705975401931455 0.560412974 0.21 0.39 0.855029585798816 0.923076923076923 0.889053254 1027.75 1.93 
0.0 121.0 0.324744404380747 0.240812605 -0.02 0.01 1.0 0.946875 0.9734375 3.9 0.08 
1.0 3.0 1.15374316890217 1.104598029 0.17 0.46 1.0 1.0 1.0 716.21 1.15 
0.0 520.0 0.0 0.0 0.0 0.0 1.0 1.0 1.0 0.0 0.0 
1.0 0.0 0.0 0.0 0.0 0.0 1.0 1.0 1.0 0.0 0.0 
0.0 341.0 0.762458768410407 0.39109665 -0.06 0.01 0.894329896907216 0.956185567010309 0.925257732 6.27 0.09 
1.0 7.0 0.0899462613461481 0.064559047 0.0 0.0 1.0 1.0 1.0 0.03 0.01 
0.0 134.0 0.023546567098459 0.011773284 0.0 0.0 1.0 0.992957746478873 0.996478873 0.0 0.0 
1.0 3.0 0.682325935624429 1.045806261 0.4 0.79 0.815625 0.878125 0.846875 636.62 1.52 
0.0 70.0 0.164012164597201 0.135487367 0.0 0.0 1.0 0.997354497354497 0.998677249 0.25 0.02 
1.0 0.0 0.0 0.0 0.0 0.0 0.996794871794871 0.996794871794871 0.996794872 0.0 0.22 
0.0 55.0 0.836902271913767 1.099701169 0.17 0.29 1.0 0.997422680412371 0.99871134 767.32 0.31 
1.0 7.0 0.0 0.0 0.0 0.0 1.0 1.0 1.0 0.0 0.0 
0.0 91.0 0.0212025770039786 0.010601289 0.0 0.0 1.0 1.0 1.0 0.0 0.0 
1.0 5.0 0.145775003385483 0.072887502 0.08 0.1 0.980582524271844 0.980582524271844 0.980582524 309.0 0.69 
0.0 102.0 0.257436782111026 0.706305708 -0.07 0.13 0.90721649484536 0.963917525773195 0.93556701 166.44 0.02 
1.0 7.0 0.0650626405333832 0.051712025 0.0 0.0 1.0 1.0 1.0 0.01 0.0 
0.0 121.0 0.710658978106077 0.374813981 -0.01 0.01 1.0 0.977917981072555 0.988958991 5.0 0.02 
1.0 7.0 0.0 0.0 0.0 0.0 1.0 1.0 1.0 0.0 0.0 
0.0 272.0 0.862425975002266 0.616835272 -0.02 0.07 1.0 0.913312693498452 0.956656347 43.29 0.02 
1.0 1.0 0.59239407069282 0.583483961 0.36 0.57 1.0 1.0 1.0 371.0 2.17 
0.0 28.0 0.0421702141319927 0.021085107 0.0 0.0 1.0 0.996894409937888 0.998447205 0.0 0.0 
1.0 5.0 0.660982216976904 0.655515741 0.0 0.09 0.952681388012618 0.987381703470031 0.970031546 105.17 0.07 
0.0 204.0 0.0508310715523028 0.025415536 0.0 0.0 0.991150442477876 0.995575221238938 0.993362832 0.03 0.01 
1.0 7.0 0.0 0.0 0.0 0.0 1.0 1.0 1.0 0.0 0.0 
0.0 796.0 0.704433045823142 0.352216523 0.0 0.0 1.0 0.995708154506437 0.997854077 1.41 0.04 
1.0 3.0 0.0678872387735005 0.033943619 0.0 0.0 1.0 0.993710691823899 0.996855346 0.0 0.0 
0.0 523.0 0.682325935624429 0.363754094 -0.03 0.04 0.815625 0.925 0.8703125 19.28 0.45 
1.0 5.0 0.0660783761156329 0.033039188 0.0 0.0 1.0 1.0 1.0 0.0 0.0 
0.0 11.0 0.632300415328356 0.46934778 0.01 0.02 1.0 1.0 1.0 19.66 0.44 
1.0 2.0 0.949534055089709 0.474767028 0.0 0.0 1.0 1.0 1.0 0.0 0.0 
0.0 55.0 0.921285516425012 0.460642758 0.0 0.01 1.0 0.994565217391304 0.997282609 1.84 0.08 
1.0 6.0 0.355757474132766 0.177878737 0.0 0.0 1.0 1.0 1.0 0.0 0.0 
0.0 37.0 0.0597830729153689 0.029891536 0.0 0.0 1.0 1.0 1.0 0.0 0.0 
1.0 1.0 0.0 0.0 0.0 0.0 1.0 1.0 1.0 0.0 0.0 
0.0 239.0 0.0251440699125891 0.012572035 -0.03 0.01 0.237918215613382 0.970260223048327 0.604089219 3.42 0.07 
1.0 5.0 0.313648565456556 0.16671589 0.0 0.0 1.0 1.0 1.0 0.07 0.01 
0.0 90.0 0.929154431708091 1.134170732 0.14 0.52 1.0 0.935567010309278 0.967783505 708.01 0.81 
1.0 1.0 0.0434409002022211 0.041204942 0.19 0.23 0.939393939393939 0.939393939393939 0.939393939 330.01 1.59 
0.0 16.0 0.980116240085836 0.647859673 -0.03 0.03 1.0 0.843373493975903 0.921686747 12.0 0.17 
