1.0 3.0 0.0555380567855558 0.041658207 0.0 0.0 1.0 1.0 1.0 0.01 0.0 
0.0 2.0 0.450929247751232 0.758802766 -0.03 0.08 1.0 1.0 1.0 188.71 0.04 
1.0 6.0 0.0824230054345624 0.56241875 0.04 0.08 0.989473684210526 0.989473684210526 0.989473684 330.76 0.2 
0.0 71.0 0.0233359043466066 0.086188177 0.0 0.0 1.0 0.996491228070175 0.998245614 0.03 0.01 
1.0 3.0 0.255820803499984 0.127910402 0.0 0.0 1.0 1.0 1.0 0.0 0.0 
0.0 345.0 0.324744404380747 0.233912475 -0.01 0.0 1.0 0.96875 0.984375 1.55 0.13 
1.0 5.0 0.0 0.0 0.0 0.0 1.0 1.0 1.0 0.0 0.0 
0.0 7.0 0.712723570894374 0.375537177 0.0 0.0 1.0 1.0 1.0 1.22 0.04 
1.0 7.0 0.244139586266446 0.226050972 0.03 0.04 1.0 1.0 1.0 74.43 0.47 
0.0 15.0 0.0899462613461481 0.082419616 0.0 0.0 1.0 0.991428571428571 0.995714286 0.1 0.01 
1.0 5.0 0.0754150149140886 0.178731614 0.02 0.02 0.787499999999999 0.995833333333333 0.891666667 60.59 0.1 
0.0 273.0 0.0 0.0 0.0 0.0 1.0 1.0 1.0 0.0 0.0 
1.0 4.0 0.291226496128171 0.726881446 0.03 0.17 0.948170731707317 0.966463414634146 0.957317073 251.5 0.72 
0.0 37.0 0.01983215576629 0.009916078 0.0 0.0 1.0 0.994202898550724 0.997101449 0.01 0.0 
1.0 0.0 0.498165535626351 0.498165536 -0.09 0.0 0.996815286624203 0.996815286624203 0.996815287 0.0 3.03 
0.0 1.0 0.0275776979183499 0.027577698 0.0 0.0 1.0 1.0 1.0 0.0 0.0 
1.0 5.0 0.814553554940188 0.416595987 -0.01 0.0 1.0 0.997311827956989 0.998655914 2.5 0.05 
0.0 37.0 0.0277783581726275 0.077265963 0.0 0.0 1.0 1.0 1.0 0.02 0.01 
1.0 3.0 0.891029025526342 1.010166999 0.05 0.34 1.0 1.0 1.0 180.88 0.45 
0.0 119.0 1.51397312695843 1.333858148 0.12 0.42 1.0 0.97680412371134 0.988402062 536.06 0.32 
1.0 2.0 0.0773036079807894 0.052540983 0.0 0.0 1.0 1.0 1.0 0.01 0.0 
0.0 246.0 1.2022982207951 0.60114911 0.0 0.0 1.0 1.0 1.0 0.0 0.0 
1.0 0.0 1.30511164817586 1.305111648 -0.43 0.0 0.992146596858638 0.992146596858638 0.992146597 0.0 0.16 
0.0 263.0 0.099623389466162 0.049811695 0.0 0.0 1.0 0.910216718266253 0.955108359 0.0 0.0 
1.0 7.0 0.936369487461149 0.745240733 -0.03 0.02 1.0 0.996323529411764 0.998161765 7.85 0.22 
0.0 34.0 0.0279821836452784 0.027880271 0.0 0.0 1.0 0.991379310344827 0.995689655 0.01 0.0 
1.0 4.0 0.0516160194702958 0.087233765 0.03 0.03 1.0 1.0 1.0 253.02 0.19 
0.0 216.0 0.0 0.0 0.0 0.0 1.0 1.0 1.0 0.0 0.0 
1.0 2.0 0.297980077655741 0.148990039 0.0 0.0 1.0 1.0 1.0 0.0 0.0 
0.0 6.0 0.0 0.0 0.0 0.0 1.0 1.0 1.0 0.0 0.0 
1.0 5.0 0.0980391132797319 0.049019557 0.0 0.0 1.0 1.0 1.0 0.0 0.0 
0.0 51.0 0.0800824403230776 0.04004122 0.06 0.07 0.98170731707317 0.984756097560975 0.983231707 272.49 0.7 
1.0 5.0 0.681672749448601 0.422348189 0.06 0.14 0.974063400576368 0.974063400576368 0.974063401 359.69 0.59 
0.0 3.0 0.021489805529056 0.010744903 0.0 0.0 1.0 1.0 1.0 0.0 0.0 
1.0 6.0 0.143080545316285 0.136282249 0.17 0.2 0.921875 0.96875 0.9453125 464.29 1.48 
0.0 745.0 0.0859155013346631 0.042957751 -0.02 0.0 0.955102040816326 0.963265306122448 0.959183673 0.65 0.1 
1.0 2.0 0.0217855061668038 0.010892753 0.0 0.0 1.0 1.0 1.0 0.0 0.0 
0.0 356.0 0.323535568963029 0.225337151 0.0 0.0 1.0 0.990624999999999 0.9953125 3.91 0.03 
1.0 7.0 0.68942790900576 0.451263807 0.02 0.07 0.971518987341772 0.984177215189873 0.977848101 177.99 0.16 
0.0 54.0 0.285807549285982 1.122658864 -0.02 0.09 0.945876288659793 0.997422680412371 0.971649485 93.15 0.07 
1.0 2.0 0.830237670572683 0.609404839 0.12 0.29 1.0 1.0 1.0 307.57 1.44 
0.0 16.0 0.0289826220377761 0.014491311 0.0 0.0 1.0 1.0 1.0 0.0 0.0 
1.0 5.0 0.126930545341402 0.063465273 0.08 0.1 0.980544747081712 0.980544747081712 0.980544747 257.0 0.74 
0.0 21.0 0.0274785311922349 0.013739266 0.0 0.0 1.0 1.0 1.0 0.0 0.0 
1.0 3.0 0.0275776979183499 0.013788849 0.0 0.0 1.0 1.0 1.0 0.0 0.0 
0.0 111.0 0.0285821223591092 0.028542768 0.0 0.0 1.0 0.996932515337423 0.998466258 0.01 0.0 
1.0 6.0 0.754464910048866 0.691022424 0.32 0.52 0.973333333333333 0.975999999999999 0.974666667 928.59 2.0 
0.0 9.0 0.0213164757906426 0.021316476 0.0 0.0 1.0 1.0 1.0 0.0 0.0 
1.0 3.0 0.0 0.0 0.05 0.05 0.991111111111111 0.991111111111111 0.991111111 225.0 0.46 
0.0 149.0 0.304846503320781 0.218443607 -0.02 0.02 0.883280757097791 0.996845425867507 0.940063091 27.77 0.07 
1.0 6.0 0.139276471479532 0.594290403 0.27 0.59 0.579365079365079 0.645502645502645 0.612433862 384.4 1.21 
0.0 5.0 0.0557409191195386 0.041810395 0.03 0.03 0.995689655172413 0.995689655172413 0.995689655 232.01 0.25 
1.0 3.0 0.2263212832386 0.113160642 0.0 0.0 1.0 1.0 1.0 0.0 0.0 
0.0 62.0 0.742709694902273 0.382128975 -0.01 0.0 0.990445859872611 0.996815286624203 0.993630573 0.7 0.05 
1.0 1.0 0.394321161959359 0.867851691 0.14 0.23 0.982558139534883 0.982558139534883 0.98255814 537.76 0.75 
0.0 3.0 0.0402723695891569 0.606271836 0.0 0.03 0.996655518394648 0.996655518394648 0.996655518 302.88 0.05 
1.0 6.0 0.604811716417282 0.529411654 0.2 0.29 1.0 0.97452229299363 0.987261146 206.28 1.76 
0.0 9.0 0.0 0.0 0.01 0.02 0.99638989169675 0.99638989169675 0.996389892 277.0 0.28 
1.0 7.0 0.706487332732957 0.58713621 -0.02 0.08 0.997134670487106 0.997134670487106 0.99713467 394.04 0.01 
0.0 3.0 0.0 0.0 0.02 0.02 0.996763754045307 0.996763754045307 0.996763754 309.0 0.22 
1.0 4.0 0.769138972077092 0.422500096 0.05 0.09 0.987654320987654 0.987654320987654 0.987654321 338.65 0.48 
0.0 222.0 0.13717313738071 0.068586569 0.0 0.0 1.0 0.978540772532188 0.989270386 0.0 0.0 
1.0 5.0 0.223944624762729 0.791572403 0.0 0.06 0.997267759562841 0.997267759562841 0.99726776 390.18 0.23 
0.0 21.0 0.387548903664323 0.193774452 0.0 0.0 1.0 1.0 1.0 0.0 0.0 
1.0 4.0 0.164313253538926 0.082156627 0.0 0.0 1.0 1.0 1.0 0.0 0.0 
0.0 36.0 0.0299727550330972 0.014986378 0.0 0.0 1.0 1.0 1.0 0.0 0.0 
1.0 2.0 0.0429694362376849 0.032229621 0.0 0.0 1.0 1.0 1.0 0.01 0.0 
0.0 20.0 0.101475461577786 0.050737731 0.0 0.0 1.0 0.996138996138996 0.998069498 0.0 0.0 
1.0 1.0 0.0 0.0 0.0 0.0 1.0 1.0 1.0 0.0 0.0 
0.0 460.0 0.099623389466162 0.049811695 -0.11 0.0 0.897832817337461 0.910216718266253 0.904024768 1.81 0.11 
1.0 2.0 0.0 0.0 0.03 0.03 0.995708154506437 0.995708154506437 0.995708155 233.0 0.29 
0.0 117.0 0.588127349431181 0.313184011 0.0 0.01 1.0 0.997229916897506 0.998614958 7.78 0.05 
1.0 3.0 0.235649142468084 0.641346659 -0.02 0.03 1.0 1.0 1.0 18.08 0.02 
0.0 139.0 0.454333471311518 0.227166736 0.0 0.0 1.0 0.997032640949554 0.99851632 0.0 0.0 
1.0 4.0 0.0 0.0 0.0 0.0 1.0 1.0 1.0 0.0 0.0 
0.0 117.0 0.834694147442099 0.483192852 -0.01 0.01 1.0 1.0 1.0 9.27 0.07 
1.0 5.0 0.0 0.0 0.0 0.0 1.0 1.0 1.0 0.0 0.0 
0.0 244.0 0.0592323759679665 0.584620471 -0.14 0.08 0.932748538011695 0.961988304093567 0.947368421 62.33 0.36 
1.0 3.0 0.078963077159585 0.062007995 0.09 0.1 0.983443708609271 0.983443708609271 0.983443709 401.99 0.77 
0.0 74.0 0.0764595424535969 0.100522684 0.0 0.0 1.0 0.990536277602523 0.995268139 0.13 0.02 
1.0 1.0 1.28489227407782 0.642446137 0.0 0.0 1.0 1.0 1.0 0.0 0.0 
0.0 55.0 0.0451052184351539 0.035680452 -0.03 0.02 0.513833992094861 0.980237154150197 0.747035573 6.32 0.14 
1.0 4.0 0.0832846732333399 0.307676367 0.0 0.0 1.0 1.0 1.0 0.41 0.06 
0.0 76.0 0.086654186012512 0.043327093 0.0 0.0 1.0 0.984210526315789 0.992105263 0.0 0.0 
1.0 2.0 0.969317912601186 0.584028607 0.04 0.1 0.988888888888888 0.988888888888888 0.988888889 545.12 0.01 
0.0 70.0 0.0 0.0 0.0 0.0 1.0 1.0 1.0 0.0 0.0 
1.0 3.0 0.164012164597201 0.161256949 0.03 0.04 0.997354497354497 0.997354497354497 0.997354497 756.28 0.16 
0.0 47.0 0.0320181596390343 0.01600908 0.01 0.02 0.844827586206896 0.987068965517241 0.915948276 16.55 0.34 
1.0 2.0 0.874227138616876 0.447658557 -0.01 0.0 1.0 0.996884735202492 0.998442368 0.73 0.02 
0.0 213.0 0.904611110601021 0.537375034 -0.06 0.01 1.0 0.91640866873065 0.958204334 6.89 0.34 
1.0 2.0 0.118841019773557 0.05942051 0.06 0.06 0.988505747126436 0.988505747126436 0.988505747 348.0 0.58 
0.0 109.0 0.83443423629989 0.670488667 0.02 0.16 1.0 1.0 1.0 41.8 0.99 
1.0 1.0 0.0553960351055113 0.027698018 0.0 0.0 1.0 1.0 1.0 0.0 0.0 
0.0 66.0 0.0682000566160935 0.044758266 0.0 0.0 1.0 0.974763406940063 0.987381703 0.04 0.01 
1.0 4.0 0.0983515449236965 0.049175772 0.0 0.0 1.0 1.0 1.0 0.0 0.0 
0.0 56.0 0.101196830113798 0.050598415 0.0 0.0 1.0 0.994565217391304 0.997282609 0.02 0.0 
1.0 7.0 0.392394301761928 0.364904963 -0.05 0.01 1.0 1.0 1.0 2.13 0.19 
0.0 82.0 0.0426229687350899 0.138171982 0.0 0.0 0.977987421383647 0.996855345911949 0.987421384 0.24 0.03 
1.0 0.0 0.1052946557876 0.105294656 0.0 0.0 0.994236311239193 0.994236311239193 0.994236311 0.0 0.97 
0.0 7.0 0.588949300486855 0.877194854 0.01 0.17 0.991452991452991 0.994301994301994 0.992877493 438.59 0.64 
1.0 2.0 0.0 0.0 0.0 0.0 1.0 1.0 1.0 0.0 0.0 
0.0 268.0 0.608932620565087 0.315359063 0.0 0.0 1.0 1.0 1.0 2.37 0.08 
1.0 4.0 1.74079535094623 1.444719191 0.23 0.67 0.932944606413994 0.950437317784256 0.941690962 960.03 0.44 
0.0 6.0 0.0682000566160935 0.14244296 0.09 0.11 0.974763406940063 0.977917981072555 0.976340694 492.31 0.78 
1.0 6.0 0.613879902284046 0.306939951 0.0 0.0 1.0 1.0 1.0 0.0 0.0 
0.0 182.0 0.712042783029343 0.916310347 0.04 0.42 1.0 0.899484536082474 0.949742268 301.09 1.27 
1.0 5.0 0.88299012774617 0.479483789 0.0 0.01 1.0 1.0 1.0 2.59 0.1 
0.0 166.0 0.0339945502968456 0.016997275 0.0 0.0 0.983827493261455 0.986522911051212 0.985175202 0.11 0.01 
1.0 0.0 0.0 0.0 0.0 0.0 1.0 1.0 1.0 0.0 0.0 
0.0 33.0 0.0277783581726275 0.013889179 0.0 0.0 1.0 1.0 1.0 0.0 0.0 
1.0 2.0 0.408365256974987 0.204182628 0.0 0.0 1.0 1.0 1.0 0.0 0.0 
0.0 237.0 0.0863062523442876 0.603442082 -0.07 0.05 1.0 0.90721649484536 0.953608247 39.92 0.42 
1.0 2.0 0.0419175889863189 0.020958794 0.0 0.0 1.0 1.0 1.0 0.0 0.0 
0.0 212.0 0.0420406911276813 0.021020346 0.0 0.0 1.0 1.0 1.0 0.0 0.0 
1.0 2.0 0.654804018334906 0.563211251 0.06 0.12 0.991620111731843 0.991620111731843 0.991620112 849.98 0.29 
0.0 23.0 0.663900484476424 0.35343496 0.01 0.02 1.0 1.0 1.0 161.92 0.17 
1.0 1.0 0.0924435952521726 0.046221798 0.0 0.0 1.0 1.0 1.0 0.0 0.0 
0.0 3.0 0.0959114171323825 0.12806549 0.03 0.05 0.992277992277992 0.992277992277992 0.992277992 259.17 0.26 
1.0 2.0 0.370148166807198 0.196027206 0.0 0.0 1.0 1.0 1.0 0.1 0.01 
0.0 106.0 0.921285516425012 0.546636046 0.01 0.02 1.0 1.0 1.0 6.62 0.07 
1.0 5.0 0.223554224045767 0.198652108 -0.01 0.05 1.0 0.595070422535211 0.797535211 107.61 0.49 
0.0 107.0 0.158630767079994 0.131105159 0.0 0.0 1.0 0.989821882951653 0.994910941 0.3 0.03 
1.0 2.0 0.034795202268166 0.611291202 0.03 0.04 0.994397759103641 0.994397759103641 0.994397759 363.73 0.12 
0.0 190.0 0.185198635820187 0.092599318 0.0 0.0 1.0 1.0 1.0 0.0 0.0 
1.0 5.0 0.814553554940188 0.416595987 -0.01 0.0 1.0 0.997311827956989 0.998655914 2.5 0.05 
0.0 25.0 0.0290515971259356 0.028832519 0.0 0.0 0.973451327433628 0.991150442477876 0.982300885 0.1 0.02 
1.0 1.0 0.849195285639652 0.437861346 0.0 0.0 1.0 1.0 1.0 0.51 0.04 
0.0 140.0 0.392291217159676 0.210292622 0.0 0.0 1.0 1.0 1.0 0.12 0.02 
1.0 3.0 0.658905609973488 0.340054093 0.0 0.0 1.0 1.0 1.0 0.59 0.02 
0.0 273.0 0.0557409191195386 0.02787046 0.0 0.0 1.0 0.995689655172413 0.997844828 0.0 0.0 
1.0 6.0 0.322747497288805 0.217489355 0.0 0.0 1.0 1.0 1.0 0.67 0.07 
0.0 11.0 0.568250342771362 0.34997095 0.05 0.06 1.0 1.0 1.0 55.83 0.64 
1.0 5.0 0.22516254850382 0.19719432 0.0 0.0 1.0 1.0 1.0 0.75 0.06 
0.0 198.0 0.0277783581726275 0.027778358 0.0 0.0 1.0 1.0 1.0 0.0 0.0 
1.0 3.0 0.0436808180468584 0.021840409 0.1 0.12 0.924924924924924 0.957957957957957 0.941441441 180.05 1.17 
0.0 390.0 0.042058630469852 0.021029315 0.0 0.0 0.978658536585365 0.98170731707317 0.980182927 0.18 0.03 
1.0 2.0 0.849975284027729 0.424987642 0.0 0.0 1.0 1.0 1.0 0.0 0.0 
0.0 62.0 0.920713936349004 0.460356968 0.0 0.0 1.0 0.976973684210526 0.988486842 0.0 0.0 
1.0 2.0 0.0620199882194553 0.175054504 0.21 0.26 0.929230769230769 0.932307692307692 0.930769231 626.32 1.54 
0.0 88.0 0.594577819662421 0.311704274 0.0 0.0 1.0 0.995495495495495 0.997747748 0.22 0.03 
1.0 4.0 0.131957656052202 0.065978828 0.06 0.07 0.986970684039087 0.986970684039087 0.986970684 307.0 0.53 
0.0 36.0 0.446010920243834 0.22300546 0.0 0.0 1.0 0.993055555555555 0.996527778 0.0 0.0 
1.0 2.0 0.0239803879696605 0.011990194 0.0 0.0 1.0 1.0 1.0 0.0 0.0 
0.0 90.0 0.0712453340151527 0.035622667 0.0 0.0 1.0 1.0 1.0 0.0 0.0 
1.0 2.0 0.893638497319326 0.574156797 0.01 0.09 0.991967871485943 0.991967871485943 0.991967871 264.33 0.03 
0.0 84.0 0.0581557306257277 0.045657061 0.0 0.0 1.0 0.984293193717277 0.992146597 0.04 0.01 
1.0 1.0 0.564863992019785 0.436406779 0.05 0.1 0.987179487179487 0.987179487179487 0.987179487 338.94 0.28 
0.0 23.0 0.27200698739507 0.136003494 0.0 0.0 1.0 1.0 1.0 0.0 0.0 
1.0 5.0 0.373455552031381 0.186727776 0.0 0.0 1.0 1.0 1.0 0.0 0.0 
0.0 77.0 0.118941069537937 0.110525067 0.0 0.0 1.0 0.996855345911949 0.998427673 0.14 0.02 
1.0 5.0 0.0422824341559714 0.035632528 0.0 0.0 1.0 1.0 1.0 0.01 0.0 
0.0 205.0 0.0764127049519044 0.049099106 0.0 0.0 1.0 1.0 1.0 0.01 0.0 
1.0 1.0 0.0 0.0 0.0 0.0 1.0 1.0 1.0 0.0 0.0 
0.0 10.0 0.296885920517031 0.14844296 0.0 0.0 1.0 0.997267759562841 0.99863388 0.0 0.0 
1.0 3.0 0.476305553807032 0.238152777 0.0 0.0 1.0 0.995798319327731 0.99789916 0.0 0.0 
0.0 13.0 0.0600239093195218 0.051496673 0.0 0.0 1.0 1.0 1.0 0.02 0.0 
1.0 1.0 0.0436808180468584 0.076076079 0.01 0.01 1.0 1.0 1.0 43.16 0.15 
0.0 17.0 0.017741822561726 0.062192959 0.0 0.0 1.0 0.997455470737913 0.998727735 0.02 0.0 
1.0 5.0 0.842424443865419 0.737633637 0.13 0.4 1.0 1.0 1.0 216.05 0.46 
0.0 22.0 1.27828831097091 1.249087035 0.13 0.68 1.0 1.0 1.0 563.4 0.08 
1.0 5.0 1.5904609996318 0.856128032 -0.01 0.03 1.0 1.0 1.0 34.61 0.04 
0.0 280.0 0.0557409191195386 0.02787046 0.0 0.0 0.995689655172413 0.995689655172413 0.995689655 0.01 0.0 
1.0 3.0 0.0 0.0 0.11 0.15 0.966244725738396 0.966244725738396 0.966244726 237.0 1.21 
0.0 289.0 0.0 0.0 0.0 0.0 1.0 0.995689655172413 0.997844828 0.0 0.0 
1.0 6.0 0.0376557446286782 0.029317195 0.0 0.0 1.0 1.0 1.0 0.01 0.0 
0.0 109.0 0.040048630190433 0.020024315 0.0 0.0 1.0 1.0 1.0 0.0 0.0 
1.0 6.0 0.117475622962003 0.058737811 0.0 0.0 1.0 1.0 1.0 0.0 0.0 
0.0 38.0 1.56769206087418 0.78384603 0.0 0.0 1.0 1.0 1.0 0.0 0.0 
1.0 6.0 0.0 0.0 0.0 0.0 1.0 1.0 1.0 0.0 0.0 
0.0 110.0 0.917167089052839 0.728753313 0.03 0.21 1.0 1.0 1.0 51.34 1.11 
1.0 2.0 0.0277783581726275 0.013889179 0.0 0.0 1.0 1.0 1.0 0.0 0.0 
0.0 399.0 0.0527032349254074 0.170396128 -0.01 0.0 0.932307692307692 0.993846153846153 0.963076923 0.73 0.06 
1.0 0.0 0.173775787873029 0.173775788 -0.01 0.0 0.994252873563218 0.994252873563218 0.994252874 0.0 1.26 
0.0 2.0 0.0619284306269321 0.183217041 0.01 0.01 1.0 0.996960486322188 0.998480243 18.43 0.1 
1.0 5.0 0.668212651975778 0.361237468 0.15 0.2 0.949061662198391 0.949061662198391 0.949061662 374.22 0.65 
0.0 205.0 0.171924045593234 0.085962023 0.0 0.0 1.0 0.990624999999999 0.9953125 0.0 0.0 
1.0 3.0 0.143739311597779 0.788301719 0.0 0.02 1.0 1.0 1.0 39.76 0.04 
0.0 235.0 0.439517309043323 0.281451144 0.0 0.0 1.0 0.952380952380952 0.976190476 1.77 0.15 
1.0 2.0 0.0286134400889394 0.01430672 0.0 0.0 1.0 1.0 1.0 0.0 0.0 
0.0 39.0 0.666045722146777 0.491872811 -0.05 0.02 1.0 0.909793814432989 0.954896907 15.82 0.05 
1.0 3.0 0.0933195573779641 0.059031234 0.11 0.12 0.974358974358974 0.974358974358974 0.974358974 273.02 0.85 
0.0 8.0 0.83443423629989 0.974947942 0.16 0.51 1.0 1.0 1.0 74.7 2.09 
1.0 2.0 0.27591798285789 0.137958991 0.02 0.02 0.996688741721854 0.996688741721854 0.996688742 302.0 0.14 
0.0 236.0 0.0435605050230868 0.021780253 0.0 0.0 1.0 1.0 1.0 0.0 0.0 
1.0 7.0 0.135793958751593 0.067896979 0.04 0.04 0.993311036789297 0.993311036789297 0.993311037 299.0 0.32 
0.0 58.0 0.263492306488736 0.131746153 0.04 0.05 0.984756097560975 0.984756097560975 0.984756098 208.31 0.45 
1.0 1.0 0.36416639636829 0.182083198 0.0 0.0 1.0 1.0 1.0 0.0 0.0 
0.0 22.0 0.0 0.0 0.0 0.0 1.0 1.0 1.0 0.0 0.0 
1.0 3.0 0.14423448269607 0.140664603 0.53 0.66 0.711864406779661 0.715254237288135 0.713559322 880.13 3.24 
0.0 123.0 0.622670987246137 0.311335494 0.0 0.0 1.0 1.0 1.0 0.0 0.0 
1.0 7.0 0.0445379124397734 0.084505203 0.36 0.68 0.513833992094861 0.521739130434782 0.517786561 498.09 1.73 
0.0 34.0 0.0377533684787965 0.018876684 0.0 0.0 1.0 0.981366459627329 0.99068323 0.02 0.01 
1.0 4.0 0.0285821223591092 0.014291061 0.0 0.0 1.0 0.996932515337423 0.998466258 0.0 0.0 
0.0 167.0 0.749601204475194 0.487347162 -0.01 0.05 1.0 0.997134670487106 0.998567335 377.07 0.16 
1.0 2.0 0.936369487461149 0.480362366 0.01 0.03 0.996323529411764 0.996323529411764 0.996323529 273.52 0.07 
0.0 363.0 0.898863875971626 0.460928757 -0.19 0.02 0.897832817337461 0.925696594427244 0.911764706 10.21 0.31 
1.0 6.0 0.192963516266653 0.698221969 0.01 0.13 0.982608695652173 0.982608695652173 0.982608696 379.34 0.38 
0.0 236.0 0.656420207430103 0.408547263 -0.05 0.05 0.959119496855345 0.962264150943396 0.960691824 28.06 0.05 
1.0 6.0 0.830237670572683 0.686920531 0.03 0.22 1.0 1.0 1.0 243.48 0.87 
0.0 53.0 0.969575955445854 0.484787978 0.0 0.0 1.0 0.996987951807228 0.998493976 0.0 0.0 
