1.0 1.0 0.669740131854434 0.498396879 -0.02 0.03 1.0 1.0 1.0 8.62 0.25 
0.0 145.0 0.0216070477846688 0.072453743 0.0 0.0 1.0 0.961538461538461 0.980769231 0.06 0.01 
1.0 5.0 0.501949907860128 0.250974954 0.0 0.0 1.0 1.0 1.0 0.0 0.0 
0.0 278.0 0.0435605050230868 0.032613345 -0.02 0.0 0.956656346749226 0.962848297213622 0.959752322 0.71 0.07 
1.0 0.0 0.0277783581726275 0.027778358 0.0 0.0 1.0 1.0 1.0 0.0 0.28 
0.0 401.0 0.269761622676472 0.815300808 -0.07 0.04 0.981249999999999 0.990624999999999 0.9859375 21.89 0.3 
1.0 4.0 1.32717063195249 0.663585316 0.0 0.0 1.0 1.0 1.0 0.0 0.0 
0.0 76.0 0.0600239093195218 0.241369807 0.0 0.0 1.0 0.980891719745222 0.99044586 2.8 0.07 
1.0 4.0 0.0 0.0 0.07 0.07 0.986970684039087 0.986970684039087 0.986970684 307.0 0.65 
0.0 55.0 0.830237670572683 0.468440883 -0.02 0.02 1.0 0.997455470737913 0.998727735 25.69 0.18 
1.0 7.0 0.0 0.0 0.0 0.0 1.0 0.984210526315789 0.992105263 0.0 0.0 
0.0 15.0 0.604963910367397 0.824559973 -0.03 0.1 1.0 0.994652406417112 0.997326203 182.6 0.14 
1.0 2.0 0.0 0.0 0.0 0.0 1.0 1.0 1.0 0.0 0.0 
0.0 159.0 0.117193836260767 0.058596918 0.0 0.0 1.0 1.0 1.0 0.0 0.0 
1.0 6.0 0.0829875844334236 0.111999077 0.11 0.11 0.986111111111111 0.986111111111111 0.986111111 344.8 0.83 
0.0 115.0 0.019033872162318 0.018836145 0.0 0.0 0.973118279569892 0.997311827956989 0.985215054 0.06 0.01 
1.0 4.0 0.190941674404933 0.095470837 0.0 0.0 1.0 1.0 1.0 0.0 0.0 
0.0 10.0 0.0385544860430355 0.138892764 0.0 0.0 1.0 1.0 1.0 0.1 0.01 
1.0 2.0 0.881663204354685 0.637728711 0.21 0.44 0.892638036809815 0.892638036809815 0.892638037 389.35 1.08 
0.0 107.0 0.0 0.0 0.0 0.0 1.0 1.0 1.0 0.0 0.0 
1.0 7.0 0.452631365743122 0.379294183 0.08 0.1 0.986449864498645 0.989159891598916 0.987804878 437.48 0.59 
0.0 112.0 0.632842830750061 0.316421415 0.0 0.0 1.0 1.0 1.0 0.0 0.0 
1.0 7.0 0.68942790900576 0.451263807 0.02 0.07 0.971518987341772 0.984177215189873 0.977848101 177.99 0.16 
0.0 455.0 0.0870995231917752 0.086612159 -0.11 0.01 0.897832817337461 0.910216718266253 0.904024768 2.79 0.21 
1.0 2.0 0.151581073140848 0.075790537 0.0 0.0 1.0 0.986348122866894 0.993174061 0.0 0.0 
0.0 169.0 0.680889987266653 0.881013893 0.07 0.24 1.0 1.0 1.0 130.03 0.77 
1.0 5.0 0.0350433959664759 0.10934127 0.05 0.06 0.985994397759103 0.985994397759103 0.985994398 270.14 0.47 
0.0 226.0 1.2022982207951 0.60114911 0.0 0.0 1.0 1.0 1.0 0.0 0.0 
1.0 6.0 0.698586178962421 0.666977167 -0.01 0.05 1.0 0.994366197183098 0.997183099 163.78 0.11 
0.0 74.0 0.929154431708091 0.507730342 0.04 0.2 0.90721649484536 0.935567010309278 0.921391753 265.77 0.49 
1.0 5.0 0.545827844233365 0.807466046 0.03 0.2 0.670391061452513 0.980446927374301 0.825418994 447.56 0.38 
0.0 6.0 0.637493033975271 0.504280818 0.06 0.11 0.957831325301204 0.975903614457831 0.96686747 211.29 0.45 
1.0 0.0 0.0 0.0 0.0 0.0 1.0 1.0 1.0 0.0 0.0 
0.0 90.0 0.215203907053515 0.888654653 0.01 0.07 1.0 0.99195710455764 0.995978552 264.22 0.08 
1.0 4.0 0.921585716572883 0.563454631 0.02 0.04 1.0 0.996874999999999 0.9984375 45.98 0.18 
0.0 55.0 0.685091405159667 0.451809686 -0.07 0.02 1.0 0.838028169014084 0.919014085 7.62 0.05 
1.0 5.0 0.545827844233365 0.332714696 0.01 0.03 1.0 0.670391061452513 0.835195531 16.64 0.31 
0.0 60.0 0.890820064387514 0.626814806 -0.05 0.06 0.997912317327766 0.997912317327766 0.997912317 70.18 0.07 
1.0 2.0 0.312056741818455 0.278098164 0.05 0.07 1.0 1.0 1.0 123.1 0.74 
0.0 216.0 0.0 0.0 0.0 0.0 1.0 1.0 1.0 0.0 0.0 
1.0 6.0 0.0668573928469679 0.033428696 0.0 0.0 1.0 1.0 1.0 0.0 0.0 
0.0 9.0 0.0538017452936875 0.026900873 0.08 0.19 0.865497076023391 0.921052631578947 0.893274854 188.73 1.62 
1.0 2.0 0.0586151312253593 0.039796889 0.0 0.0 1.0 1.0 1.0 0.01 0.0 
0.0 12.0 1.93488201418692 0.967441007 -0.01 0.0 0.986522911051212 0.997304582210242 0.991913747 3.09 0.01 
1.0 3.0 0.673272369552372 0.466894253 -0.01 0.02 1.0 1.0 1.0 12.85 0.01 
0.0 33.0 0.0452494973011154 0.176928436 -0.01 0.0 1.0 0.992277992277992 0.996138996 0.15 0.02 
1.0 1.0 0.0 0.0 0.0 0.0 1.0 1.0 1.0 0.0 0.0 
0.0 164.0 0.890561650446367 0.463214907 0.01 0.01 1.0 0.896907216494845 0.948453608 41.95 0.09 
1.0 3.0 0.0525693263147386 0.254031905 0.0 0.0 1.0 1.0 1.0 0.62 0.05 
0.0 84.0 0.783161823896616 0.403720547 0.0 0.0 1.0 1.0 1.0 0.47 0.03 
1.0 1.0 0.990882265262347 0.495441133 0.07 0.13 0.971518987341772 0.971518987341772 0.971518987 316.0 0.32 
0.0 341.0 0.48927992427504 0.30454039 -0.02 0.02 1.0 0.684782608695652 0.842391304 30.22 0.05 
1.0 0.0 0.0832846732333399 0.083284673 0.0 0.0 1.0 1.0 1.0 0.0 0.74 
0.0 3.0 0.454333471311518 0.373166901 0.05 0.06 0.997032640949554 0.997032640949554 0.997032641 484.43 0.26 
1.0 4.0 0.177111187571085 0.177111188 0.0 0.0 1.0 1.0 1.0 0.56 0.06 
0.0 128.0 0.666045722146777 0.440264288 -0.03 0.02 1.0 0.909793814432989 0.954896907 14.75 0.15 
1.0 1.0 0.0 0.0 0.03 0.03 0.995708154506437 0.995708154506437 0.995708155 233.0 0.29 
0.0 148.0 0.669740131854434 0.334870066 0.0 0.0 1.0 1.0 1.0 0.0 0.0 
1.0 3.0 0.0 0.0 0.05 0.05 0.991150442477876 0.991150442477876 0.991150442 226.0 0.49 
0.0 124.0 0.170138956666946 0.085069478 0.0 0.0 1.0 0.91640866873065 0.958204334 0.0 0.0 
1.0 2.0 0.16059576479143 0.614910471 -0.01 0.04 0.978142076502732 0.997267759562841 0.987704918 380.02 0.05 
0.0 110.0 0.0222772335300707 0.74071231 -0.01 0.01 0.996688741721854 0.996688741721854 0.996688742 4.89 0.01 
1.0 3.0 0.709306925535749 0.354653463 0.03 0.06 0.988847583643122 0.988847583643122 0.988847584 269.0 0.17 
0.0 70.0 0.0212025770039786 0.021202577 0.0 0.0 1.0 1.0 1.0 0.0 0.0 
1.0 2.0 0.0209234528265329 0.068453158 0.15 0.17 0.936416184971098 0.947976878612716 0.942196532 279.68 1.38 
0.0 226.0 0.0279821836452784 0.027880271 0.0 0.0 1.0 0.991379310344827 0.995689655 0.01 0.0 
1.0 7.0 0.01983215576629 0.009916078 0.0 0.0 1.0 1.0 1.0 0.0 0.0 
0.0 113.0 0.0205987150611097 0.740749689 0.0 0.0 1.0 0.963636363636363 0.981818182 2.89 0.01 
1.0 3.0 0.0649157045465794 0.180712985 0.0 0.0 1.0 1.0 1.0 0.29 0.03 
0.0 87.0 0.906379347110516 0.793887543 0.04 0.15 0.973404255319148 0.978723404255319 0.97606383 107.52 0.09 
1.0 5.0 0.171986576106427 0.136591703 0.03 0.03 1.0 1.0 1.0 184.06 0.2 
0.0 219.0 0.808627497424305 0.988024204 -0.14 0.15 0.891752577319587 0.997422680412371 0.944587629 100.89 0.58 
1.0 1.0 0.0 0.0 0.0 0.0 1.0 1.0 1.0 0.0 0.0 
0.0 20.0 0.038060092151583 0.028546982 0.0 0.0 1.0 1.0 1.0 0.01 0.0 
1.0 4.0 0.0 0.0 0.0 0.0 1.0 1.0 1.0 0.0 0.0 
0.0 183.0 0.0217855061668038 0.527762004 0.0 0.0 1.0 1.0 1.0 1.05 0.01 
1.0 5.0 0.944383321007792 1.347067265 0.05 0.46 0.997032640949554 0.997032640949554 0.997032641 595.83 0.4 
0.0 126.0 0.173403925527713 0.682838559 0.06 0.29 0.894329896907216 0.90721649484536 0.900773196 362.03 1.14 
1.0 3.0 0.0 0.0 0.0 0.0 1.0 1.0 1.0 0.0 0.0 
0.0 4.0 0.177111187571085 0.177111188 0.0 0.0 1.0 1.0 1.0 0.56 0.06 
1.0 3.0 1.22433242660739 0.612166213 0.02 0.04 0.994202898550724 0.994202898550724 0.994202899 345.0 0.08 
0.0 142.0 0.167905147612213 0.083952574 0.0 0.0 1.0 0.712389380530973 0.85619469 0.0 0.0 
1.0 2.0 0.0 0.0 0.02 0.02 0.996478873239436 0.996478873239436 0.996478873 284.0 0.24 
0.0 299.0 0.0693153717009414 0.048546865 0.0 0.0 1.0 0.995689655172413 0.997844828 0.02 0.0 
1.0 5.0 0.303011781855131 0.151505891 0.07 0.08 0.982300884955752 0.982300884955752 0.982300885 291.07 0.66 
0.0 196.0 0.09277111711335 0.155941693 0.0 0.0 0.995689655172413 0.995689655172413 0.995689655 0.24 0.04 
1.0 2.0 0.0 0.0 0.0 0.0 1.0 1.0 1.0 0.0 0.0 
0.0 8.0 0.854638851747687 0.427319426 0.0 0.0 1.0 1.0 1.0 0.0 0.0 
1.0 7.0 0.040048630190433 0.140819573 0.0 0.0 1.0 1.0 1.0 0.09 0.01 
0.0 253.0 0.0 0.0 0.0 0.0 1.0 0.989690721649484 0.994845361 0.0 0.0 
1.0 0.0 0.498165535626351 0.498165536 -0.09 0.0 0.996815286624203 0.996815286624203 0.996815287 0.0 3.03 
0.0 6.0 0.0385544860430355 0.115226313 0.0 0.0 1.0 1.0 1.0 0.1 0.01 
1.0 6.0 0.0 0.0 0.0 0.0 1.0 1.0 1.0 0.0 0.0 
0.0 69.0 0.0742339486233062 0.360337528 0.0 0.0 1.0 1.0 1.0 0.89 0.06 
1.0 3.0 0.127245752863894 0.113798195 0.42 0.55 0.75076923076923 0.753846153846153 0.752307692 639.69 2.68 
0.0 215.0 0.197659137366133 0.7248195 -0.03 0.11 0.90721649484536 0.989690721649484 0.948453608 174.29 0.67 
1.0 4.0 0.429546986323036 0.41761161 0.01 0.09 0.986842105263157 0.990131578947368 0.988486842 551.67 0.36 
0.0 6.0 0.0277783581726275 0.066402051 0.0 0.0 1.0 1.0 1.0 0.02 0.0 
1.0 4.0 0.0801933899981968 0.06090597 0.05 0.06 0.972644376899696 0.990881458966565 0.981762918 436.66 0.45 
0.0 29.0 0.0 0.0 0.0 0.0 1.0 1.0 1.0 0.0 0.0 
1.0 5.0 0.0 0.0 0.12 0.14 0.968944099378882 0.968944099378882 0.968944099 161.0 1.14 
0.0 117.0 0.454011591519564 0.346621316 -0.01 0.01 1.0 1.0 1.0 2.98 0.18 
1.0 2.0 1.56337091651893 1.333076231 0.01 0.34 1.0 1.0 1.0 218.11 0.36 
0.0 64.0 1.10972979170143 1.095433795 0.13 0.47 1.0 0.981249999999999 0.990625 454.07 1.1 
1.0 4.0 0.420164637173218 0.368932268 0.07 0.09 1.0 1.0 1.0 243.48 0.65 
0.0 142.0 0.866958696889648 0.433479348 0.0 0.0 1.0 1.0 1.0 0.0 0.0 
1.0 6.0 0.789486677558522 0.470970594 0.0 0.03 1.0 1.0 1.0 96.34 0.04 
0.0 116.0 0.02427927049306 0.012139635 0.0 0.0 1.0 1.0 1.0 0.0 0.0 
1.0 7.0 1.39911715517933 0.699558578 0.01 0.03 0.994609164420485 0.994609164420485 0.994609164 371.0 0.06 
0.0 333.0 0.164313253538926 0.082156627 0.0 0.0 1.0 1.0 1.0 0.0 0.0 
1.0 5.0 0.0207057550810892 0.010352878 0.0 0.0 1.0 1.0 1.0 0.0 0.0 
0.0 33.0 0.498165535626351 0.259856896 0.0 0.01 0.996815286624203 0.996815286624203 0.996815287 5.89 0.08 
1.0 5.0 0.834694147442099 0.676685764 -0.01 0.04 1.0 1.0 1.0 27.8 0.47 
0.0 11.0 0.0422824341559714 0.135925998 0.0 0.0 1.0 1.0 1.0 0.11 0.01 
1.0 6.0 0.305957001220456 0.927434499 0.02 0.14 0.986449864498645 0.989159891598916 0.987804878 586.69 0.0 
0.0 206.0 0.585579064670683 0.477392333 0.01 0.1 0.909793814432989 0.994845360824742 0.952319588 174.66 0.44 
1.0 1.0 0.240038828967687 0.18603977 0.31 0.43 0.883280757097791 0.883280757097791 0.883280757 864.89 2.27 
0.0 84.0 1.1532957369804 0.576647868 0.0 0.0 1.0 1.0 1.0 0.0 0.0 
1.0 1.0 0.0618485037323465 0.030924252 0.0 0.0 1.0 1.0 1.0 0.0 0.0 
0.0 205.0 0.0605098655008392 0.332660791 -0.01 0.01 0.97452229299363 0.990445859872611 0.982484076 13.36 0.04 
1.0 1.0 0.290800378670856 0.21471288 0.04 0.04 1.0 0.997304582210242 0.998652291 350.64 0.24 
0.0 491.0 0.0 0.0 0.0 0.0 1.0 0.996323529411764 0.998161765 0.0 0.0 
1.0 2.0 0.0209786462403052 0.010489323 0.0 0.0 1.0 1.0 1.0 0.0 0.0 
0.0 114.0 0.0557409191195386 0.041759639 0.0 0.0 1.0 0.995689655172413 0.997844828 0.01 0.0 
1.0 2.0 0.0209786462403052 0.010489323 0.02 0.02 0.996913580246913 0.996913580246913 0.99691358 324.0 0.22 
0.0 89.0 0.0 0.0 0.0 0.0 1.0 0.925696594427244 0.962848297 0.0 0.0 
1.0 7.0 0.0676085614974587 0.139863123 -0.01 0.0 1.0 1.0 1.0 0.2 0.02 
0.0 2.0 0.869409850419958 0.953013172 -0.01 0.32 0.994269340974212 0.994269340974212 0.994269341 521.26 0.13 
1.0 3.0 0.2537972504901 0.806498716 -0.03 0.03 0.997267759562841 0.997267759562841 0.99726776 370.91 0.15 
0.0 53.0 0.0842013440645039 0.053207906 0.0 0.0 1.0 1.0 1.0 0.01 0.0 
1.0 1.0 0.0865899536265505 0.062460803 0.0 0.0 1.0 1.0 1.0 0.03 0.0 
0.0 482.0 0.0 0.0 0.0 0.0 1.0 0.971786833855799 0.985893417 0.0 0.0 
1.0 0.0 0.0208139940747914 0.020813994 0.0 0.0 0.996941896024464 0.996941896024464 0.996941896 0.0 0.37 
0.0 185.0 0.378551585190973 0.189275793 0.0 0.0 1.0 0.922360248447204 0.961180124 0.0 0.0 
1.0 7.0 0.0453123921296478 0.079253251 0.0 0.0 1.0 1.0 1.0 0.03 0.01 
0.0 193.0 0.608819744380155 0.823023442 0.0 0.12 0.84020618556701 0.989690721649484 0.914948454 275.4 0.28 
1.0 2.0 0.019033872162318 0.009516936 0.0 0.0 1.0 1.0 1.0 0.0 0.0 
0.0 38.0 0.339359423248505 0.747267029 0.0 0.1 0.963917525773195 0.997422680412371 0.980670103 162.2 0.24 
1.0 7.0 0.0 0.0 0.0 0.0 1.0 0.984210526315789 0.992105263 0.0 0.0 
0.0 103.0 0.02427927049306 0.012139635 0.0 0.0 1.0 1.0 1.0 0.0 0.0 
1.0 1.0 0.343346665727742 0.171673333 0.0 0.0 1.0 1.0 1.0 0.0 0.0 
0.0 4.0 0.0 0.0 0.0 0.0 1.0 1.0 1.0 0.0 0.0 
1.0 6.0 0.371143908717272 0.196116942 0.19 0.26 0.909348441926345 0.91784702549575 0.913597734 317.09 1.55 
0.0 276.0 0.0613389110031691 0.102974184 -0.01 0.0 0.97452229299363 0.990445859872611 0.982484076 0.41 0.04 
1.0 1.0 0.369205600782166 0.283432369 0.21 0.3 0.90721649484536 0.909793814432989 0.908505155 397.67 1.49 
0.0 17.0 0.787007043964788 0.562211334 -0.02 0.08 1.0 1.0 1.0 44.42 0.34 
1.0 4.0 0.968808741745457 0.708373763 -0.01 0.08 0.994152046783625 0.994152046783625 0.994152047 469.2 0.14 
0.0 4.0 0.162718831578242 0.081359416 0.0 0.0 1.0 1.0 1.0 0.0 0.0 
1.0 4.0 0.0613389110031691 0.242027308 0.08 0.1 0.97452229299363 0.980891719745222 0.977707006 274.34 0.56 
0.0 285.0 0.1731597557551 0.086579878 0.0 0.0 0.971786833855799 0.996865203761755 0.984326019 0.06 0.01 
1.0 4.0 0.0285821223591092 0.014291061 0.0 0.0 1.0 0.996932515337423 0.998466258 0.0 0.0 
0.0 23.0 0.105591169639937 0.052795585 0.07 0.08 0.985250737463126 0.985250737463126 0.985250737 339.0 0.58 
1.0 2.0 0.0217855061668038 0.076738531 0.0 0.0 1.0 1.0 1.0 0.03 0.0 
0.0 1.0 0.048641233763665 0.102676593 0.03 0.03 0.994413407821229 0.994413407821229 0.994413408 358.12 0.21 
1.0 4.0 0.0271855751461549 0.013592788 0.0 0.0 1.0 1.0 1.0 0.0 0.0 
0.0 18.0 0.106644096151696 0.105111823 0.0 0.0 1.0 0.997455470737913 0.998727735 0.15 0.02 
1.0 1.0 0.137606416000468 0.068803208 0.07 0.08 0.985422740524781 0.985422740524781 0.985422741 343.0 0.57 
0.0 52.0 0.0553960351055113 0.027698018 0.0 0.0 1.0 1.0 1.0 0.0 0.0 
1.0 6.0 0.0441224477355724 0.022061224 0.0 0.0 1.0 1.0 1.0 0.0 0.0 
0.0 25.0 1.51482611934982 1.478625941 0.04 0.43 1.0 0.997126436781609 0.998563218 444.93 0.42 
1.0 5.0 1.48722557390746 1.32858195 0.13 0.47 0.976439790575916 0.986910994764397 0.981675393 961.53 0.72 
0.0 60.0 0.0666767281676593 0.033338364 0.01 0.02 1.0 0.99638989169675 0.998194946 277.0 0.22 
1.0 1.0 0.431439280559023 0.269849612 -0.01 0.0 1.0 1.0 1.0 0.62 0.05 
0.0 144.0 0.836902271913767 0.61855 0.03 0.13 0.871134020618556 0.997422680412371 0.934278351 454.45 0.67 
1.0 1.0 0.0 0.0 0.0 0.0 1.0 1.0 1.0 0.0 0.0 
0.0 110.0 0.0503190388116789 0.046644238 0.0 0.0 1.0 1.0 1.0 0.01 0.0 
1.0 3.0 0.427798006376749 0.29293481 0.02 0.04 1.0 1.0 1.0 355.55 0.18 
0.0 133.0 0.0557409191195386 0.041759639 0.0 0.0 1.0 0.995689655172413 0.997844828 0.01 0.0 
1.0 2.0 0.0927563371777963 0.046378169 0.09 0.11 0.977987421383647 0.977987421383647 0.977987421 318.0 0.93 
0.0 320.0 0.104221190599473 0.052110595 0.0 0.0 1.0 1.0 1.0 0.0 0.0 
1.0 4.0 0.0200808046632287 0.010040402 0.01 0.01 0.991228070175438 0.994152046783625 0.992690058 55.83 0.16 
0.0 414.0 0.682325935624429 0.455947749 -0.01 0.03 1.0 0.815625 0.9078125 20.02 0.04 
1.0 5.0 0.0 0.0 0.17 0.32 0.900928792569659 0.900928792569659 0.900928793 323.0 2.08 
0.0 2.0 0.0898510923104771 0.059911924 0.03 0.03 1.0 1.0 1.0 212.0 0.24 
1.0 2.0 0.225093120467056 0.11254656 0.0 0.0 1.0 1.0 1.0 0.0 0.0 
0.0 283.0 0.0 0.0 0.0 0.0 1.0 1.0 1.0 0.0 0.0 
1.0 2.0 0.0895595271659474 0.808569985 -0.02 0.06 0.988326848249027 0.992217898832684 0.990272374 182.98 0.0 
0.0 356.0 0.772559187083392 0.690689466 -0.1 0.07 0.891752577319587 0.989690721649484 0.940721649 77.5 0.08 
1.0 3.0 0.0891944327568476 0.149753529 0.07 0.09 0.986013986013986 0.986013986013986 0.986013986 356.56 0.59 
0.0 72.0 0.0204403588084492 0.010220179 0.0 0.0 1.0 0.993993993993994 0.996996997 0.01 0.0 
1.0 3.0 0.866460128427678 1.082771918 0.04 0.17 0.994413407821229 0.994413407821229 0.994413408 488.93 0.05 
0.0 478.0 0.090011247902983 0.045005624 0.0 0.0 1.0 0.98170731707317 0.990853659 0.0 0.0 
1.0 3.0 0.0 0.0 0.0 0.0 1.0 1.0 1.0 0.0 0.0 
0.0 36.0 0.0 0.0 0.44 0.69 0.539893617021276 0.539893617021276 0.539893617 376.0 1.91 
1.0 1.0 0.149583774342253 0.074791887 0.01 0.02 0.994301994301994 0.997150997150997 0.995726496 175.0 0.14 
0.0 66.0 0.0920157819756407 0.091418471 0.0 0.0 1.0 0.984293193717277 0.992146597 0.1 0.02 
1.0 1.0 0.59239407069282 0.583483961 0.36 0.57 1.0 1.0 1.0 371.0 2.17 
0.0 30.0 0.1267535669658 0.063376783 0.0 0.0 1.0 1.0 1.0 0.0 0.0 
1.0 5.0 0.0 0.0 0.03 0.03 0.996078431372549 0.996078431372549 0.996078431 255.0 0.27 
0.0 75.0 0.988530152112064 0.579192894 -0.04 0.02 0.987244897959183 0.994897959183673 0.991071429 20.32 0.02 
1.0 2.0 0.837457844093488 0.746652747 0.11 0.26 0.961988304093567 0.964912280701754 0.963450292 454.45 0.86 
0.0 14.0 0.0217855061668038 0.021785506 0.0 0.0 1.0 1.0 1.0 0.0 0.0 
1.0 3.0 0.190472447016791 0.71564926 0.1 0.25 0.93859649122807 0.944444444444444 0.941520468 344.77 0.41 
0.0 70.0 0.116153082900126 0.058076541 0.0 0.0 1.0 1.0 1.0 0.0 0.0 
1.0 1.0 0.0535433011336311 0.045648335 0.03 0.03 1.0 1.0 1.0 152.9 0.39 
0.0 131.0 0.0288307285595615 0.014415364 0.0 0.0 1.0 1.0 1.0 0.0 0.0 
1.0 3.0 0.206192050633231 0.113086299 0.0 0.0 1.0 1.0 1.0 0.06 0.01 
0.0 13.0 0.224252473115142 0.112126237 0.1 0.12 0.97444089456869 0.97444089456869 0.974440895 313.0 0.9 
1.0 7.0 0.706487332732957 0.58713621 -0.02 0.08 0.997134670487106 0.997134670487106 0.99713467 394.04 0.01 
0.0 1.0 1.43169340170676 1.25644723 0.17 0.7 0.880813953488372 0.880813953488372 0.880813953 802.67 1.32 
