1.0 4.0 0.0955175295989993 0.377812213 0.0 0.01 1.0 1.0 1.0 2.35 0.11 
0.0 169.0 0.0 0.0 0.0 0.0 1.0 0.99236641221374 0.996183206 0.0 0.0 
1.0 5.0 0.0295044445015376 0.014752222 0.0 0.0 1.0 1.0 1.0 0.0 0.0 
0.0 192.0 0.0712759023849942 0.045456917 0.0 0.0 1.0 0.962750716332378 0.981375358 0.05 0.01 
1.0 3.0 0.0262556850879242 0.026255685 0.09 0.1 0.980237154150197 0.980237154150197 0.980237154 253.0 0.74 
0.0 193.0 0.608819744380155 0.823023442 0.0 0.12 0.84020618556701 0.989690721649484 0.914948454 275.4 0.28 
1.0 0.0 0.0222144687344339 0.022214469 0.0 0.0 0.990163934426229 0.990163934426229 0.990163934 0.0 0.63 
0.0 148.0 0.211341355934724 0.661150532 -0.02 0.05 1.0 0.980132450331125 0.990066225 59.15 0.14 
1.0 3.0 0.0827794296820111 0.041389715 0.0 0.0 1.0 1.0 1.0 0.0 0.0 
0.0 169.0 0.0709248051865031 0.609783918 -0.03 0.04 0.932944606413994 0.985422740524781 0.959183673 48.52 0.02 
1.0 1.0 0.0 0.0 0.1 0.11 0.977198697068403 0.977198697068403 0.977198697 307.0 0.96 
0.0 130.0 0.0 0.0 0.0 0.0 1.0 1.0 1.0 0.0 0.0 
1.0 6.0 0.0339166607759742 0.01695833 0.03 0.03 0.994565217391304 0.994565217391304 0.994565217 184.0 0.35 
0.0 192.0 0.77564675994392 0.38782338 0.0 0.0 1.0 1.0 1.0 0.0 0.0 
1.0 2.0 0.189023433691842 0.851330949 0.15 0.34 0.914948453608247 0.914948453608247 0.914948454 612.68 0.39 
0.0 81.0 0.1991955645715 0.618211352 0.15 0.31 0.84020618556701 0.90721649484536 0.87371134 740.39 0.8 
1.0 3.0 0.2263212832386 0.113160642 0.0 0.0 1.0 1.0 1.0 0.0 0.0 
0.0 328.0 0.0280853074773292 0.027931833 0.0 0.0 1.0 0.987068965517241 0.993534483 0.02 0.0 
1.0 4.0 0.0234758940935979 0.011737947 0.0 0.0 1.0 1.0 1.0 0.0 0.0 
0.0 60.0 0.682325935624429 0.404732334 0.03 0.06 0.815625 0.990624999999999 0.903125 162.62 0.22 
1.0 1.0 0.0759774505806457 0.115307452 0.01 0.01 1.0 1.0 1.0 54.1 0.11 
0.0 1096.0 0.976799969132661 0.856078828 -0.04 0.19 1.0 0.899305555555555 0.949652778 119.5 0.82 
1.0 7.0 0.0572136671100258 0.220361457 0.18 0.21 0.929870129870129 0.937662337662337 0.933766234 339.97 1.09 
0.0 50.0 0.0 0.0 0.0 0.0 1.0 0.988130563798219 0.994065282 0.0 0.0 
1.0 3.0 0.0275776979183499 0.013788849 0.0 0.0 1.0 1.0 1.0 0.0 0.0 
0.0 202.0 0.041294906134971 0.030687855 0.0 0.0 0.961988304093567 0.994152046783625 0.978070175 0.14 0.02 
1.0 5.0 0.0353803230759327 0.017690162 0.0 0.0 1.0 0.997134670487106 0.998567335 0.0 0.0 
0.0 98.0 0.850713860611363 0.42535693 0.0 0.0 1.0 1.0 1.0 0.0 0.0 
1.0 4.0 0.0832846732333399 0.307676367 0.0 0.0 1.0 1.0 1.0 0.41 0.06 
0.0 8.0 0.607716097375422 0.362358455 0.0 0.01 1.0 1.0 1.0 5.28 0.03 
1.0 6.0 0.300802356802308 0.150401178 0.0 0.0 1.0 1.0 1.0 0.0 0.0 
0.0 19.0 0.0 0.0 0.0 0.0 1.0 1.0 1.0 0.0 0.0 
1.0 4.0 0.0842013440645039 0.073110666 0.25 0.29 0.929230769230769 0.929230769230769 0.929230769 811.96 1.78 
0.0 4.0 0.0218456969045175 0.010922848 0.02 0.02 0.996763754045307 0.996763754045307 0.996763754 309.0 0.21 
1.0 2.0 0.0426229687350899 0.031969722 0.02 0.02 0.996855345911949 0.996855345911949 0.996855346 318.01 0.2 
0.0 151.0 0.0 0.0 0.0 0.0 1.0 0.996763754045307 0.998381877 0.0 0.0 
1.0 0.0 0.822961039054412 0.822961039 -0.44 0.0 1.0 1.0 1.0 0.0 0.15 
0.0 399.0 0.615613450001113 1.074334167 0.11 0.36 1.0 0.993527508090614 0.996763754 241.25 0.5 
1.0 7.0 0.20337265843033 0.825750514 -0.01 0.04 1.0 0.997319034852546 0.998659517 45.22 0.02 
0.0 44.0 0.0429694362376849 0.139687261 0.01 0.01 1.0 1.0 1.0 23.28 0.12 
1.0 1.0 0.0949822391062234 0.057843997 0.13 0.14 0.973293768545994 0.973293768545994 0.973293769 674.0 0.98 
0.0 41.0 0.0690585676413284 0.034529284 0.0 0.0 1.0 1.0 1.0 0.0 0.0 
1.0 6.0 0.026711938279157 0.013355969 0.03 0.03 0.995901639344262 0.995901639344262 0.995901639 244.0 0.25 
0.0 135.0 0.0205987150611097 0.010299358 0.0 0.01 1.0 0.878787878787878 0.939393939 7.27 0.1 
1.0 0.0 0.0 0.0 0.0 0.0 1.0 1.0 1.0 0.0 0.0 
0.0 2.0 0.464383292171582 0.93994351 -0.01 0.06 1.0 1.0 1.0 28.26 0.27 
1.0 1.0 0.159915955314656 0.079957978 0.15 0.24 0.935672514619882 0.935672514619882 0.935672515 342.0 1.47 
0.0 59.0 0.0237613531260355 0.088759934 0.0 0.0 1.0 1.0 1.0 0.03 0.01 
1.0 1.0 0.0202332278371195 0.010116614 0.08 0.09 0.982507288629737 0.982507288629737 0.982507289 343.0 0.76 
0.0 325.0 0.0209786462403052 0.010489323 0.0 0.0 0.996913580246913 0.996913580246913 0.99691358 0.01 0.0 
1.0 7.0 0.531148512151595 0.285164187 -0.01 0.0 1.0 0.996763754045307 0.998381877 0.81 0.06 
0.0 52.0 1.74761387940299 1.476466069 -0.04 0.53 0.80635838150289 0.985549132947976 0.895953757 510.17 0.37 
1.0 3.0 0.0251440699125891 0.074325965 0.14 0.16 0.963099630996309 0.963099630996309 0.963099631 271.03 1.02 
0.0 108.0 0.0 0.0 0.0 0.0 1.0 0.996904024767801 0.998452012 0.0 0.0 
1.0 7.0 0.0551370545603342 0.027568527 0.0 0.0 1.0 1.0 1.0 0.0 0.0 
0.0 81.0 0.0 0.0 0.0 0.0 1.0 0.993311036789297 0.996655518 0.0 0.0 
1.0 5.0 0.649248659766935 0.524572823 0.02 0.05 1.0 1.0 1.0 180.0 0.04 
0.0 67.0 0.239231041119429 0.171081522 0.0 0.0 1.0 1.0 1.0 0.25 0.03 
1.0 3.0 0.743752066822375 1.228524202 0.33 0.74 0.461942257217847 0.485564304461942 0.473753281 585.29 0.19 
0.0 3.0 0.0 0.0 0.0 0.0 1.0 1.0 1.0 0.0 0.0 
1.0 1.0 1.43169340170676 1.25644723 0.17 0.7 0.880813953488372 0.880813953488372 0.880813953 802.67 1.32 
0.0 40.0 0.0495626500565908 0.024781325 0.15 0.18 0.938775510204081 0.946938775510204 0.942857143 210.51 1.5 
1.0 2.0 0.0222144687344339 0.011107234 0.0 0.0 1.0 1.0 1.0 0.0 0.0 
0.0 239.0 0.0212025770039786 0.021202577 0.0 0.0 1.0 1.0 1.0 0.0 0.0 
1.0 5.0 0.0440460714620383 0.101058843 0.03 0.04 1.0 1.0 1.0 354.99 0.29 
0.0 122.0 0.585579064670683 0.4333886 -0.01 0.02 0.994845360824742 0.997422680412371 0.996134021 35.43 0.18 
1.0 7.0 0.754464910048866 1.112342101 0.06 0.34 0.92 0.975999999999999 0.948 351.6 0.53 
0.0 356.0 0.874442075537194 0.437221038 -0.02 0.0 1.0 0.977198697068403 0.988599349 1.08 0.07 
1.0 4.0 0.0 0.0 0.0 0.0 1.0 1.0 1.0 0.0 0.0 
0.0 112.0 0.0619284306269321 0.0598216 0.0 0.0 1.0 1.0 1.0 0.03 0.01 
1.0 2.0 0.0 0.0 0.0 0.0 1.0 1.0 1.0 0.0 0.0 
0.0 80.0 0.243142923077077 0.121571462 0.0 0.0 1.0 1.0 1.0 0.0 0.0 
1.0 2.0 0.0620199882194553 0.175054504 0.21 0.26 0.929230769230769 0.932307692307692 0.930769231 626.32 1.54 
0.0 33.0 0.0237613531260355 0.023761353 0.0 0.0 1.0 1.0 1.0 0.0 0.0 
1.0 1.0 0.175701765975895 0.156598986 0.01 0.01 1.0 0.984251968503937 0.992125984 27.14 0.09 
0.0 41.0 0.671733581735833 0.982798813 -0.06 0.11 1.0 0.996240601503759 0.998120301 50.67 0.4 
1.0 2.0 0.160721647847239 0.080360824 0.0 0.0 1.0 1.0 1.0 0.0 0.0 
0.0 168.0 0.0863128372055108 0.564985122 -0.02 0.01 1.0 1.0 1.0 6.21 0.01 
1.0 3.0 0.0 0.0 0.0 0.0 1.0 1.0 1.0 0.0 0.0 
0.0 109.0 0.0 0.0 0.0 0.0 1.0 1.0 1.0 0.0 0.0 
1.0 1.0 0.0245862648658319 0.012293132 0.04 0.04 0.992592592592592 0.992592592592592 0.992592593 270.0 0.39 
0.0 97.0 0.0898033804732823 0.400231179 -0.04 0.01 1.0 0.940063091482649 0.970031546 3.9 0.01 
1.0 3.0 0.604811716417282 0.313150761 0.0 0.01 1.0 0.97452229299363 0.987261146 3.84 0.07 
0.0 231.0 0.0209786462403052 0.020978646 0.0 0.0 1.0 1.0 1.0 0.0 0.0 
1.0 3.0 0.657776964838224 0.443096285 0.38 0.62 0.552631578947368 0.593567251461988 0.573099415 340.71 1.26 
0.0 12.0 0.0277783581726275 0.013889179 0.0 0.0 1.0 1.0 1.0 0.0 0.0 
1.0 5.0 0.0416737059285854 0.169091986 0.0 0.0 1.0 1.0 1.0 0.19 0.02 
0.0 124.0 0.0605098655008392 0.057632319 0.0 0.0 1.0 0.990445859872611 0.99522293 0.04 0.01 
1.0 5.0 0.545827844233365 0.807466046 0.03 0.2 0.670391061452513 0.980446927374301 0.825418994 447.56 0.38 
0.0 18.0 0.0486977352912609 0.024348868 0.03 0.03 0.995798319327731 0.995798319327731 0.995798319 238.0 0.23 
1.0 7.0 0.0289826220377758 0.098052112 0.0 0.0 1.0 1.0 1.0 0.03 0.01 
0.0 104.0 0.0577147699548351 0.049558478 0.0 0.0 1.0 0.996960486322188 0.998480243 0.03 0.01 
1.0 2.0 0.464383292171582 0.93994351 -0.01 0.06 1.0 1.0 1.0 28.26 0.27 
0.0 3.0 0.0600239093195218 0.051496673 0.0 0.0 1.0 1.0 1.0 0.02 0.0 
1.0 1.0 0.154603572442691 0.077301786 0.02 0.03 0.995535714285714 0.995535714285714 0.995535714 224.0 0.25 
0.0 101.0 0.28808902035702 0.14404451 0.0 0.0 1.0 0.932307692307692 0.966153846 0.0 0.0 
1.0 1.0 0.0 0.0 0.05 0.05 0.991111111111111 0.991111111111111 0.991111111 225.0 0.47 
0.0 214.0 0.0904388751185517 0.045219438 0.0 0.0 1.0 0.994011976047904 0.997005988 0.0 0.0 
1.0 2.0 0.0781446926518095 0.053115 0.0 0.0 1.0 1.0 1.0 0.01 0.0 
0.0 31.0 0.607716097375422 0.326514245 0.0 0.01 1.0 1.0 1.0 4.13 0.05 
1.0 1.0 0.907374955335904 1.03906595 0.23 0.61 0.985465116279069 0.985465116279069 0.985465116 1230.74 0.69 
0.0 40.0 0.0241288360030556 0.012064418 0.0 0.0 1.0 1.0 1.0 0.0 0.0 
1.0 7.0 0.0892795288691111 0.060512839 0.02 0.03 0.960591133004926 0.975369458128078 0.967980296 42.6 0.49 
0.0 360.0 0.0861247944629312 0.06189027 0.0 0.0 1.0 0.910216718266253 0.955108359 4.15 0.1 
1.0 2.0 0.282001703554971 0.141000852 0.0 0.0 1.0 1.0 1.0 0.0 0.0 
0.0 3.0 0.0525693263147386 0.254031905 0.0 0.0 1.0 1.0 1.0 0.62 0.05 
1.0 1.0 0.564863992019785 0.436406779 0.05 0.1 0.987179487179487 0.987179487179487 0.987179487 338.94 0.28 
0.0 12.0 0.171924045593234 0.150703999 0.04 0.06 0.921875 0.990624999999999 0.95625 75.55 0.72 
1.0 3.0 0.0 0.0 0.0 0.0 1.0 1.0 1.0 0.0 0.0 
0.0 110.0 0.0764595424535969 0.104250127 -0.01 0.0 1.0 0.883280757097791 0.941640379 3.19 0.05 
1.0 2.0 0.237377798339679 0.118688899 0.0 0.0 1.0 1.0 1.0 0.0 0.0 
0.0 39.0 0.87927246018794 0.67864312 0.12 0.23 1.0 1.0 1.0 162.79 1.27 
1.0 7.0 0.698983527416178 0.413533505 0.04 0.05 1.0 1.0 1.0 103.01 0.41 
0.0 157.0 0.0213164757906426 0.076678593 0.0 0.0 1.0 0.883280757097791 0.941640379 0.16 0.02 
1.0 4.0 0.744456670670716 0.372228335 0.02 0.02 0.997050147492625 0.997050147492625 0.997050147 339.0 0.06 
0.0 4.0 0.988530152112064 0.859708317 0.01 0.27 0.987244897959183 0.987244897959183 0.987244898 729.98 0.35 
1.0 4.0 0.77564675994392 0.420430562 0.0 0.01 1.0 1.0 1.0 5.27 0.11 
0.0 282.0 0.563943562333293 0.281971781 0.0 0.0 1.0 1.0 1.0 0.0 0.0 
1.0 6.0 0.041402186659916 0.172953919 0.02 0.02 0.996960486322188 0.996960486322188 0.996960486 329.14 0.1 
0.0 7.0 0.73799737083685 0.400958409 0.01 0.02 1.0 0.996845425867507 0.998422713 107.34 0.06 
1.0 1.0 0.0 0.0 0.0 0.0 1.0 1.0 1.0 0.0 0.0 
0.0 81.0 1.46489640594791 1.275852458 0.13 0.71 0.994910941475826 0.997455470737913 0.996183206 652.22 0.61 
1.0 7.0 0.0220284283205545 0.011014214 0.0 0.0 1.0 1.0 1.0 0.0 0.0 
0.0 360.0 0.117755858481061 0.058877929 0.0 0.0 1.0 1.0 1.0 0.0 0.0 
1.0 5.0 0.885788419652408 0.475743204 -0.02 0.02 0.996969696969696 0.996969696969696 0.996969697 53.12 0.08 
0.0 308.0 0.154512801681532 0.134366656 0.0 0.0 1.0 1.0 1.0 0.21 0.02 
1.0 0.0 0.0794061779909769 0.079406178 0.0 0.0 1.0 1.0 1.0 0.0 0.79 
0.0 172.0 0.239834194409795 0.119917097 0.0 0.0 0.95575221238938 0.997050147492625 0.97640118 0.09 0.01 
1.0 5.0 0.0 0.0 0.17 0.32 0.900928792569659 0.900928792569659 0.900928793 323.0 2.08 
0.0 16.0 0.0 0.0 0.2 0.28 0.91907514450867 0.91907514450867 0.919075145 346.0 1.95 
1.0 7.0 0.834694147442099 0.650079344 0.02 0.06 1.0 1.0 1.0 339.35 0.21 
0.0 7.0 0.0288307285595615 0.014415364 0.0 0.0 1.0 1.0 1.0 0.0 0.0 
1.0 7.0 0.874227138616876 0.46680801 -0.01 0.02 0.990654205607476 0.996884735202492 0.99376947 109.52 0.02 
0.0 35.0 0.0419175889863189 0.020958794 0.0 0.0 1.0 1.0 1.0 0.0 0.0 
1.0 0.0 0.0233359043466066 0.023335904 -0.03 0.0 0.959595959595959 0.959595959595959 0.95959596 0.0 1.39 
0.0 181.0 0.042668116212028 0.021334058 0.0 0.0 0.891025641025641 0.996794871794871 0.943910256 0.13 0.01 
1.0 7.0 0.796058633619711 1.090156926 0.06 0.41 0.997275204359672 0.997275204359672 0.997275204 606.27 0.4 
0.0 133.0 0.551878325578596 0.286831916 0.0 0.0 1.0 1.0 1.0 0.21 0.02 
1.0 5.0 0.131728022046043 0.587692715 -0.03 0.02 1.0 1.0 1.0 8.75 0.01 
0.0 4.0 0.0177805746009777 0.552294542 0.0 0.02 0.997455470737913 0.997455470737913 0.997455471 394.55 0.04 
1.0 4.0 0.0750758662816235 0.201665802 0.01 0.02 0.994236311239193 0.997118155619596 0.995677233 176.75 0.14 
0.0 138.0 0.862425975002266 0.431212988 0.0 0.0 1.0 1.0 1.0 0.0 0.0 
1.0 3.0 0.023546567098459 0.023546567 0.0 0.0 1.0 1.0 1.0 0.0 0.0 
0.0 228.0 0.099623389466162 0.049811695 0.0 0.0 1.0 1.0 1.0 0.0 0.0 
1.0 3.0 0.0220900695991859 0.02209007 0.02 0.02 1.0 1.0 1.0 304.0 0.24 
0.0 7.0 0.834694147442099 0.650079344 0.02 0.06 1.0 1.0 1.0 339.35 0.21 
1.0 2.0 0.568250342771362 0.311454583 0.01 0.02 1.0 1.0 1.0 18.25 0.24 
0.0 240.0 0.210312624703678 0.105156312 0.0 0.0 1.0 0.986013986013986 0.993006993 0.0 0.0 
1.0 1.0 0.235649142468084 0.198623688 0.05 0.06 1.0 1.0 1.0 268.96 0.39 
0.0 409.0 0.0842013440645039 0.23532345 -0.03 0.01 0.929230769230769 0.993846153846153 0.961538462 11.23 0.24 
1.0 2.0 0.0819167052116718 0.570928654 0.0 0.02 1.0 1.0 1.0 44.04 0.02 
0.0 79.0 0.0968506565216047 0.048425328 0.0 0.0 1.0 1.0 1.0 0.0 0.0 
1.0 6.0 0.0226619610938116 0.069831387 0.0 0.0 1.0 1.0 1.0 0.02 0.0 
0.0 97.0 0.711252800266253 0.676660042 0.02 0.07 1.0 0.991836734693877 0.995918367 26.44 0.78 
1.0 1.0 0.0 0.0 0.0 0.0 1.0 1.0 1.0 0.0 0.0 
0.0 164.0 0.13717313738071 0.068586569 0.0 0.0 0.978540772532188 0.995708154506437 0.987124464 0.05 0.01 
1.0 2.0 0.0 0.0 0.0 0.0 1.0 1.0 1.0 0.0 0.0 
0.0 156.0 0.890820064387514 0.452949255 -0.01 0.01 0.991649269311064 0.997912317327766 0.994780793 42.36 0.07 
1.0 5.0 0.403416489626378 0.353961071 0.01 0.03 0.996960486322188 0.996960486322188 0.996960486 349.07 0.01 
0.0 212.0 0.835933402714826 0.417966701 0.0 0.0 1.0 0.99375 0.996875 0.0 0.0 
1.0 7.0 0.874227138616876 0.437113569 0.0 0.0 1.0 0.996884735202492 0.998442368 0.0 0.0 
0.0 254.0 0.0279821836452784 0.066503964 0.0 0.0 1.0 0.991379310344827 0.995689655 0.05 0.01 
1.0 6.0 0.0754569134062313 0.037728457 0.03 0.03 0.995215311004784 0.995215311004784 0.995215311 209.0 0.26 
0.0 4.0 0.994849321286294 0.609971221 0.0 0.06 1.0 1.0 1.0 72.03 0.24 
1.0 7.0 0.0386572159431509 0.019328608 0.23 0.34 0.891737891737891 0.891737891737891 0.891737892 351.0 2.23 
0.0 203.0 0.0555380567855558 0.027769028 0.0 0.0 1.0 0.995689655172413 0.997844828 0.01 0.0 
1.0 0.0 0.0 0.0 0.0 0.0 1.0 1.0 1.0 0.0 0.0 
0.0 240.0 0.0290515971259356 0.014525799 -0.01 0.0 0.973451327433628 0.995575221238938 0.984513274 0.03 0.01 
1.0 3.0 0.0205987150611097 0.010299358 0.0 0.0 1.0 1.0 1.0 0.0 0.0 
0.0 42.0 0.0547547716962164 0.038122289 0.0 0.0 1.0 1.0 1.0 0.01 0.0 
1.0 3.0 0.093386970375234 0.089231651 0.05 0.05 0.99090909090909 0.993939393939393 0.992424242 533.61 0.36 
0.0 198.0 0.0355622440384318 0.017781122 0.0 0.0 0.97286012526096 0.997912317327766 0.985386221 0.03 0.0 
1.0 1.0 0.0 0.0 0.0 0.0 1.0 1.0 1.0 0.0 0.0 
0.0 100.0 0.0557409191195386 0.041861551 0.0 0.0 0.991379310344827 0.995689655172413 0.993534483 0.04 0.01 
1.0 6.0 0.0 0.0 0.0 0.0 1.0 1.0 1.0 0.0 0.0 
0.0 11.0 0.0285821223591092 0.024725346 0.0 0.0 0.996932515337423 0.996932515337423 0.996932515 0.01 0.0 
1.0 3.0 0.0402723695891569 0.606271836 0.0 0.03 0.996655518394648 0.996655518394648 0.996655518 302.88 0.05 
0.0 240.0 0.881981091609838 0.451591834 0.0 0.0 1.0 1.0 1.0 1.09 0.01 
1.0 4.0 0.177111187571085 0.177111188 0.0 0.0 1.0 1.0 1.0 0.56 0.06 
0.0 60.0 0.0817712794043339 0.04088564 0.02 0.02 0.992094861660079 0.996047430830039 0.994071146 126.0 0.19 
1.0 6.0 0.0 0.0 0.0 0.0 1.0 1.0 1.0 0.0 0.0 
0.0 84.0 1.1532957369804 0.576647868 0.0 0.0 1.0 1.0 1.0 0.0 0.0 
1.0 3.0 0.0870995231917752 0.05504658 0.19 0.33 0.897832817337461 0.897832817337461 0.897832817 323.02 2.04 
0.0 213.0 0.021489805529056 0.083049632 0.0 0.0 1.0 0.990445859872611 0.99522293 0.04 0.01 
1.0 4.0 0.0 0.0 0.0 0.0 1.0 1.0 1.0 0.0 0.0 
0.0 694.0 0.740636982546526 0.600867084 0.01 0.11 1.0 0.938775510204081 0.969387755 71.01 0.79 
1.0 2.0 0.323535568963029 0.276552566 -0.01 0.0 1.0 1.0 1.0 1.3 0.11 
0.0 109.0 0.846900754646194 0.964019277 0.06 0.35 1.0 0.946875 0.9734375 218.4 1.38 
1.0 6.0 0.0 0.0 0.0 0.0 1.0 0.984210526315789 0.992105263 0.0 0.0 
0.0 164.0 0.734955557406933 0.53715749 -0.04 0.04 0.886597938144329 0.997422680412371 0.942010309 26.41 0.02 
1.0 5.0 0.0 0.0 0.0 0.0 1.0 1.0 1.0 0.0 0.0 
0.0 96.0 0.742709694902273 0.396514367 -0.01 0.0 1.0 0.990445859872611 0.99522293 0.68 0.04 
1.0 6.0 0.822961039054412 0.511458569 -0.02 0.03 1.0 1.0 1.0 11.75 0.06 
0.0 141.0 0.719329808252669 0.359664904 0.0 0.0 1.0 1.0 1.0 0.0 0.0 
1.0 2.0 0.0581557306257277 0.127798828 0.01 0.01 1.0 1.0 1.0 14.59 0.21 
0.0 9.0 0.024901715029831 0.095326419 0.0 0.0 1.0 0.992481203007518 0.996240602 0.11 0.02 
1.0 1.0 0.0887596340897758 0.055009498 0.02 0.02 1.0 1.0 1.0 318.0 0.19 
0.0 7.0 0.0698935560551578 0.034946778 0.0 0.0 1.0 1.0 1.0 0.0 0.0 
1.0 5.0 0.789486677558522 0.785457269 0.04 0.44 1.0 0.88235294117647 0.941176471 206.61 0.04 
0.0 153.0 0.441370542519562 0.272668092 -0.02 0.01 1.0 0.984177215189873 0.992088608 2.04 0.14 
