1.0 7.0 0.0444179365905639 0.022208968 0.0 0.0 1.0 1.0 1.0 0.0 0.0 
0.0 252.0 0.642067283321906 0.572942198 -0.02 0.05 0.959183673469387 0.991836734693877 0.975510204 19.47 0.22 
1.0 4.0 0.0363439911164057 0.188062728 0.0 0.0 1.0 1.0 1.0 0.17 0.02 
0.0 126.0 0.0429694362376849 0.200611774 0.02 0.02 1.0 1.0 1.0 314.1 0.1 
1.0 6.0 0.608932620565087 0.588591482 -0.01 0.01 1.0 1.0 1.0 4.92 0.2 
0.0 57.0 0.038968982908286 0.131616186 -0.02 0.0 1.0 0.977917981072555 0.988958991 0.49 0.06 
1.0 7.0 0.948524432921163 1.007600358 0.15 0.45 1.0 0.991452991452991 0.995726496 370.22 1.79 
0.0 45.0 0.0 0.0 0.0 0.0 1.0 0.993311036789297 0.996655518 0.0 0.0 
1.0 3.0 0.761409699370972 0.45348731 0.06 0.21 0.953586497890295 0.953586497890295 0.953586498 254.07 0.63 
0.0 58.0 0.660973230691551 0.330486615 0.0 0.0 1.0 1.0 1.0 0.0 0.0 
1.0 3.0 0.0258158521548772 0.074333681 0.03 0.03 1.0 1.0 1.0 253.0 0.2 
0.0 47.0 0.604811716417282 0.323890576 0.0 0.0 1.0 0.97452229299363 0.987261146 0.67 0.04 
1.0 3.0 0.0 0.0 0.0 0.0 1.0 1.0 1.0 0.0 0.0 
0.0 27.0 0.1052946557876 0.052647328 0.0 0.0 1.0 0.994236311239193 0.997118156 0.0 0.0 
1.0 7.0 0.0650626405333832 0.051712025 0.0 0.0 1.0 1.0 1.0 0.01 0.0 
0.0 177.0 0.76170373746072 0.53099425 -0.04 0.02 0.889175257731958 0.997422680412371 0.943298969 19.11 0.05 
1.0 1.0 0.0852058791168139 0.305174259 0.01 0.01 1.0 0.984227129337539 0.992113565 19.29 0.05 
0.0 308.0 0.339359423248505 0.338073753 -0.01 0.03 0.894329896907216 0.997422680412371 0.945876289 127.66 0.13 
1.0 5.0 0.0852840997605255 0.551480397 0.15 0.38 0.891025641025641 0.891025641025641 0.891025641 625.07 0.88 
0.0 188.0 0.229569562073634 0.114784781 0.0 0.0 1.0 1.0 1.0 0.0 0.0 
1.0 5.0 2.01735539792581 1.651766727 0.08 0.54 0.969230769230769 0.974358974358974 0.971794872 1034.41 0.02 
0.0 198.0 0.698983527416178 0.36253068 0.01 0.02 1.0 0.99601593625498 0.998007968 125.34 0.06 
1.0 0.0 0.887495787832807 0.887495788 -0.2 0.0 0.994652406417112 0.994652406417112 0.994652406 0.0 2.28 
0.0 192.0 0.680889987266653 0.361586211 0.0 0.0 1.0 1.0 1.0 1.47 0.04 
1.0 3.0 0.0 0.0 0.0 0.0 1.0 1.0 1.0 0.0 0.0 
0.0 28.0 0.0 0.0 0.0 0.0 1.0 1.0 1.0 0.0 0.0 
1.0 6.0 0.698586178962421 0.666977167 -0.01 0.05 1.0 0.994366197183098 0.997183099 163.78 0.11 
0.0 76.0 0.652858708688342 0.3454594 0.01 0.02 1.0 0.588397790055248 0.794198895 363.43 0.05 
1.0 1.0 0.461097186127269 0.230548593 0.15 0.23 0.938775510204081 0.938775510204081 0.93877551 245.0 1.04 
0.0 461.0 0.0 0.0 0.0 0.0 1.0 1.0 1.0 0.0 0.0 
1.0 2.0 0.0217855061668038 0.076738531 0.0 0.0 1.0 1.0 1.0 0.03 0.0 
0.0 41.0 0.0690585676413284 0.034529284 0.0 0.0 1.0 1.0 1.0 0.0 0.0 
1.0 4.0 0.0 0.0 0.0 0.0 1.0 1.0 1.0 0.0 0.0 
0.0 321.0 0.0527032349254074 0.026351617 0.0 0.0 1.0 0.993846153846153 0.996923077 0.0 0.0 
1.0 5.0 0.284527382163454 0.227393439 0.02 0.03 1.0 1.0 1.0 63.06 0.22 
0.0 133.0 0.551878325578596 0.286831916 0.0 0.0 1.0 1.0 1.0 0.21 0.02 
1.0 5.0 0.129647276765605 0.064823638 0.0 0.0 1.0 1.0 1.0 0.0 0.0 
0.0 121.0 1.39911715517933 0.699558578 -0.03 0.01 0.986522911051212 0.994609164420485 0.990566038 5.93 0.09 
1.0 3.0 0.66792550868965 0.39330595 -0.03 0.01 1.0 0.97752808988764 0.988764045 5.57 0.08 
0.0 51.0 0.751803228872812 0.394827384 0.0 0.01 1.0 0.996884735202492 0.998442368 2.81 0.03 
1.0 4.0 0.038968982908286 0.019484491 0.0 0.0 1.0 1.0 1.0 0.0 0.0 
0.0 29.0 0.742709694902273 0.620437615 -0.08 0.07 0.990445859872611 0.996815286624203 0.993630573 37.39 0.44 
1.0 0.0 2.01024142777587 2.010241428 -0.6 0.0 0.760309278350515 0.760309278350515 0.760309278 0.0 0.33 
0.0 151.0 0.0337510120778166 0.016875506 0.0 0.0 1.0 0.985401459854014 0.99270073 0.0 0.0 
1.0 5.0 0.0 0.0 0.0 0.0 1.0 1.0 1.0 0.0 0.0 
0.0 379.0 0.329911761480464 1.170076595 -0.08 0.1 0.760309278350515 0.932989690721649 0.846649485 77.3 0.33 
1.0 4.0 0.662687929460578 0.516915919 0.12 0.31 0.91784702549575 0.929178470254957 0.923512748 523.95 1.23 
0.0 156.0 0.76170373746072 0.673641401 0.02 0.2 0.889175257731958 0.994845360824742 0.942010309 286.96 0.88 
1.0 1.0 0.0455410717570152 0.035508139 0.04 0.05 0.992277992277992 0.992277992277992 0.992277992 259.01 0.36 
0.0 276.0 0.627437033677109 0.313718517 -0.01 0.03 0.971786833855799 0.996865203761755 0.984326019 19.7 0.31 
1.0 0.0 0.0 0.0 0.0 0.0 1.0 1.0 1.0 0.0 0.0 
0.0 2.0 0.0620199882194553 0.062019988 0.0 0.0 1.0 1.0 1.0 0.03 0.01 
1.0 0.0 0.0 0.0 0.0 0.0 0.996794871794871 0.996794871794871 0.996794872 0.0 0.22 
0.0 162.0 0.0645814363776275 0.173001416 0.0 0.0 0.988130563798219 0.997032640949554 0.992581602 0.42 0.05 
1.0 4.0 1.43873399011048 1.41139872 0.08 0.3 0.997455470737913 0.997455470737913 0.997455471 1001.73 0.18 
0.0 79.0 1.15517463399501 0.577587317 0.0 0.0 1.0 0.963917525773195 0.981958763 0.0 0.0 
1.0 2.0 0.0177805746009777 0.51913283 0.03 0.04 0.997455470737913 0.997455470737913 0.997455471 786.0 0.09 
0.0 225.0 0.339359423248505 0.688293282 0.05 0.13 0.84020618556701 0.997422680412371 0.918814433 511.59 0.09 
1.0 4.0 0.0441224477355724 0.022061224 0.0 0.0 1.0 1.0 1.0 0.0 0.0 
0.0 134.0 0.0280853074773292 0.014042654 0.0 0.0 0.987068965517241 0.987068965517241 0.987068966 0.05 0.01 
1.0 5.0 0.0748929709006422 0.087835181 0.0 0.0 1.0 0.991428571428571 0.995714286 0.12 0.02 
0.0 80.0 0.0599541287844177 0.052601813 0.0 0.0 1.0 0.992277992277992 0.996138996 0.03 0.01 
1.0 1.0 0.0202845880542838 0.071834783 0.0 0.0 1.0 1.0 1.0 0.03 0.0 
0.0 28.0 0.372364144644762 0.316440141 0.01 0.02 1.0 1.0 1.0 20.29 0.04 
1.0 7.0 0.0 0.0 0.0 0.0 1.0 1.0 1.0 0.0 0.0 
0.0 167.0 0.831372799847455 0.791822487 0.16 0.46 1.0 1.0 1.0 263.4 0.75 
1.0 2.0 0.0 0.0 0.02 0.02 0.99715909090909 0.99715909090909 0.997159091 352.0 0.21 
0.0 254.0 0.257436782111026 0.21936458 -0.01 0.01 1.0 0.90721649484536 0.953608247 2.17 0.13 
1.0 7.0 0.0882402034203475 0.080250076 0.02 0.02 1.0 0.969613259668508 0.98480663 362.13 0.09 
0.0 8.0 0.0201313384327796 0.095054362 0.0 0.0 1.0 0.755162241887905 0.877581121 3.09 0.07 
1.0 0.0 0.667354627932219 0.667354628 -0.12 0.0 0.975342465753424 0.975342465753424 0.975342466 0.0 2.43 
0.0 271.0 0.0277783581726275 0.013889179 0.0 0.0 1.0 0.995689655172413 0.997844828 0.0 0.0 
1.0 5.0 0.702480974420889 0.361539845 0.0 0.0 1.0 1.0 1.0 0.55 0.02 
0.0 15.0 0.857913377448543 0.428956689 0.0 0.0 1.0 0.991913746630727 0.995956873 0.0 0.0 
1.0 5.0 0.0411882194605285 0.076303684 0.0 0.0 1.0 1.0 1.0 0.04 0.01 
0.0 267.0 0.336788082190399 0.168394041 0.0 0.0 1.0 0.894329896907216 0.947164948 0.0 0.0 
1.0 2.0 0.106353234763598 0.104966393 0.0 0.0 1.0 1.0 1.0 0.11 0.02 
0.0 30.0 0.314903356359905 0.76030684 -0.03 0.04 0.982954545454545 0.985795454545454 0.984375 32.58 0.34 
1.0 6.0 0.0744486206082655 0.372543663 -0.01 0.0 1.0 0.996655518394648 0.998327759 1.81 0.08 
0.0 60.0 0.312056741818455 0.241017063 0.04 0.08 1.0 0.755162241887905 0.877581121 60.19 0.82 
1.0 7.0 0.795416396299481 0.760423068 -0.03 0.18 1.0 1.0 1.0 99.3 0.35 
0.0 196.0 1.36250006634303 0.681250033 -0.06 0.03 1.0 0.871134020618556 0.93556701 33.74 0.11 
1.0 5.0 0.70505755944942 0.35252878 0.01 0.02 0.996763754045307 0.996763754045307 0.996763754 309.0 0.08 
0.0 2.0 0.764887109287822 0.481273123 0.17 0.37 0.90721649484536 0.90721649484536 0.907216495 686.03 1.32 
1.0 7.0 0.706487332732957 0.58713621 -0.02 0.08 0.997134670487106 0.997134670487106 0.99713467 394.04 0.01 
0.0 12.0 0.478723293498505 0.31784003 0.0 0.01 1.0 0.994252873563218 0.997126437 43.52 0.01 
1.0 5.0 0.740005090693393 0.420980373 -0.01 0.01 1.0 0.997032640949554 0.99851632 6.13 0.06 
0.0 39.0 0.778124050497512 0.424089166 0.03 0.07 1.0 0.881578947368421 0.940789474 265.49 0.24 
1.0 0.0 0.0772428370814577 0.077242837 -0.03 0.0 0.927051671732522 0.927051671732522 0.927051672 0.0 1.99 
0.0 296.0 0.693726792106099 0.36654536 -0.01 0.0 1.0 0.997134670487106 0.998567335 0.89 0.05 
1.0 3.0 0.218527966099352 0.109263983 -0.01 0.03 0.838028169014084 0.957746478873239 0.897887324 23.58 0.48 
0.0 325.0 1.38129844812817 0.690649224 0.0 0.0 1.0 0.971786833855799 0.985893417 0.0 0.0 
1.0 2.0 0.853033146507135 0.458807291 0.02 0.03 0.997032640949554 0.997032640949554 0.997032641 342.62 0.11 
0.0 85.0 0.584550176301356 0.40371083 0.01 0.03 1.0 0.996987951807228 0.998493976 24.88 0.39 
1.0 3.0 0.680889987266653 1.048196858 0.01 0.19 1.0 1.0 1.0 108.23 0.16 
0.0 69.0 0.0435605050230868 0.041370184 0.0 0.0 1.0 0.996763754045307 0.998381877 0.02 0.0 
1.0 3.0 0.71215164216783 0.463711882 0.01 0.03 1.0 1.0 1.0 37.94 0.43 
0.0 204.0 0.0 0.0 0.0 0.0 1.0 1.0 1.0 0.0 0.0 
1.0 0.0 0.0 0.0 0.0 0.0 1.0 1.0 1.0 0.0 0.0 
0.0 158.0 0.0 0.0 0.0 0.0 1.0 0.938775510204081 0.969387755 0.0 0.0 
1.0 4.0 0.0434409002022211 0.02172045 0.0 0.0 1.0 1.0 1.0 0.0 0.0 
0.0 263.0 1.39911715517933 0.699558578 0.0 0.0 1.0 0.994609164420485 0.997304582 0.0 0.0 
1.0 0.0 0.0222144687344339 0.022214469 0.0 0.0 1.0 1.0 1.0 0.0 0.22 
0.0 86.0 0.0475098133127893 0.023754907 0.0 0.0 1.0 0.978947368421052 0.989473684 0.0 0.0 
1.0 1.0 0.841741653418821 0.434088909 0.0 0.0 1.0 1.0 1.0 0.51 0.04 
0.0 305.0 0.0278798704683955 0.027829114 0.0 0.0 1.0 0.995689655172413 0.997844828 0.01 0.0 
1.0 6.0 0.0549168777007294 0.027458439 0.0 0.0 1.0 1.0 1.0 0.0 0.0 
0.0 125.0 0.0581557306257277 0.029077865 0.0 0.0 1.0 0.979057591623036 0.989528796 0.04 0.01 
1.0 4.0 0.0 0.0 0.0 0.0 1.0 1.0 1.0 0.0 0.0 
0.0 73.0 0.0177805746009777 0.521461422 -0.01 0.0 0.98473282442748 0.997455470737913 0.991094148 2.47 0.01 
1.0 7.0 0.0411950173244082 0.020597509 0.0 0.0 1.0 0.966666666666666 0.983333333 0.0 0.0 
0.0 313.0 0.0 0.0 0.0 0.0 1.0 0.971786833855799 0.985893417 0.0 0.0 
1.0 0.0 0.0 0.0 0.0 0.0 1.0 1.0 1.0 0.0 0.0 
0.0 170.0 0.0150784451220806 0.007539223 0.0 0.0 1.0 0.991649269311064 0.995824635 0.0 0.0 
1.0 6.0 0.69029217016548 0.457260662 -0.02 0.04 0.990963855421686 0.996987951807228 0.993975904 121.4 0.08 
0.0 80.0 0.719539595174313 0.971936011 0.07 0.3 0.979710144927536 0.994202898550724 0.986956522 267.04 1.05 
1.0 1.0 0.0 0.0 0.06 0.06 0.978873239436619 0.985915492957746 0.982394366 93.99 0.64 
0.0 12.0 0.0238338863025335 0.011916943 0.0 0.0 1.0 0.996415770609318 0.998207885 0.0 0.0 
1.0 3.0 0.0497396448289763 0.038809758 0.03 0.03 0.995689655172413 0.995689655172413 0.995689655 232.01 0.23 
0.0 119.0 0.218738079392867 0.10936904 0.0 0.0 1.0 0.996710526315789 0.998355263 0.0 0.0 
1.0 0.0 0.192801788466014 0.192801788 0.0 0.0 0.995884773662551 0.995884773662551 0.995884774 0.0 1.35 
0.0 39.0 0.632242804218464 0.316121402 0.0 0.0 1.0 1.0 1.0 0.0 0.0 
1.0 5.0 0.834694147442099 0.676685764 -0.01 0.04 1.0 1.0 1.0 27.8 0.47 
0.0 66.0 0.0419476776352413 0.020973839 0.0 0.0 1.0 1.0 1.0 0.0 0.0 
1.0 5.0 0.0 0.0 0.0 0.0 1.0 1.0 1.0 0.0 0.0 
0.0 179.0 0.0194949129943501 0.009747456 0.0 0.0 1.0 1.0 1.0 0.0 0.0 
1.0 4.0 0.349238670780615 0.301517961 0.02 0.03 0.997267759562841 0.997267759562841 0.99726776 368.61 0.11 
0.0 5.0 0.0908211590772563 0.061770923 0.0 0.0 1.0 1.0 1.0 0.02 0.0 
1.0 7.0 0.173136234770043 0.145988627 0.04 0.04 0.968390804597701 0.988505747126436 0.978448276 124.29 0.37 
0.0 21.0 0.0279821836452784 0.027880271 0.0 0.0 1.0 0.991379310344827 0.995689655 0.01 0.0 
1.0 3.0 0.0 0.0 0.0 0.0 1.0 1.0 1.0 0.0 0.0 
0.0 529.0 0.0868001863622652 0.043400093 0.0 0.0 1.0 1.0 1.0 0.0 0.0 
1.0 7.0 0.230620583898675 0.115310292 0.0 0.0 1.0 1.0 1.0 0.0 0.0 
0.0 37.0 0.0407748840552377 0.020387442 0.0 0.0 1.0 1.0 1.0 0.0 0.0 
1.0 2.0 0.0 0.0 0.0 0.0 1.0 1.0 1.0 0.0 0.0 
0.0 313.0 0.0261664344208699 0.013083217 0.0 0.0 1.0 1.0 1.0 0.0 0.0 
1.0 7.0 0.778860094821956 0.595569724 0.0 0.12 1.0 0.969613259668508 0.98480663 74.85 0.62 
0.0 617.0 0.677876476980397 0.338938238 0.0 0.0 1.0 0.959183673469387 0.979591837 0.0 0.0 
1.0 1.0 0.0789873367431947 0.039493668 0.02 0.03 0.995967741935483 0.995967741935483 0.995967742 248.0 0.21 
0.0 127.0 0.0 0.0 0.0 0.0 1.0 0.995689655172413 0.997844828 0.0 0.0 
1.0 7.0 0.0392624652900559 0.09870104 0.02 0.03 0.995633187772925 0.995633187772925 0.995633188 229.03 0.19 
0.0 4.0 0.0218456969045175 0.010922848 0.02 0.02 0.996763754045307 0.996763754045307 0.996763754 309.0 0.21 
1.0 5.0 0.97256270099789 1.371419896 -0.05 0.38 1.0 1.0 1.0 429.09 0.43 
0.0 1.0 0.0519106893928764 0.098952331 0.0 0.0 1.0 1.0 1.0 0.09 0.01 
1.0 4.0 0.968808741745457 0.708373763 -0.01 0.08 0.994152046783625 0.994152046783625 0.994152047 469.2 0.14 
0.0 0.0 0.735999002523472 0.735999003 -0.31 0.0 0.986928104575163 0.986928104575163 0.986928105 0.0 0.33 
1.0 3.0 0.021089974675165 0.073989737 0.0 0.0 1.0 1.0 1.0 0.02 0.0 
0.0 340.0 0.438313741280604 0.219156871 0.0 0.0 1.0 1.0 1.0 0.0 0.0 
1.0 2.0 0.727231450739409 0.455435298 0.04 0.08 0.985994397759103 0.988795518207282 0.987394958 362.33 0.12 
0.0 29.0 0.0403852550270539 0.165466899 0.2 0.41 0.819718309859154 0.836619718309859 0.828169014 328.3 2.1 
1.0 5.0 0.050158007359891 0.025079004 0.0 0.0 1.0 1.0 1.0 0.0 0.0 
0.0 72.0 0.0773036079807894 0.038651804 0.0 0.0 1.0 1.0 1.0 0.0 0.0 
1.0 2.0 0.160721647847239 0.080360824 0.0 0.0 1.0 1.0 1.0 0.0 0.0 
0.0 28.0 0.834883113465696 0.506264616 -0.01 0.03 0.994252873563218 0.997126436781609 0.995689655 178.49 0.15 
1.0 1.0 0.702812174120952 0.427925226 0.01 0.02 1.0 1.0 1.0 8.95 0.01 
0.0 53.0 0.420164637173218 0.308911887 -0.03 0.01 1.0 0.90721649484536 0.953608247 8.61 0.15 
1.0 7.0 0.0408716724134533 0.116360871 0.05 0.06 0.988130563798219 0.988130563798219 0.988130564 337.07 0.43 
0.0 7.0 0.696576102069622 0.415164025 -0.02 0.03 1.0 0.997084548104956 0.998542274 349.97 0.01 
1.0 6.0 0.609822626234592 1.202240862 0.04 0.19 1.0 0.997175141242937 0.998587571 184.94 0.49 
0.0 0.0 0.0233359043466066 0.023335904 -0.03 0.0 0.959595959595959 0.959595959595959 0.95959596 0.0 1.39 
1.0 5.0 0.817179769477342 0.42895391 -0.01 0.0 0.993243243243243 0.996621621621621 0.994932432 1.4 0.11 
0.0 39.0 0.0527032349254074 0.036840941 0.0 0.0 1.0 1.0 1.0 0.01 0.0 
1.0 2.0 0.575082551404026 0.982196952 0.07 0.32 0.989041095890411 0.994520547945205 0.991780822 950.98 1.02 
0.0 0.0 0.288211390110029 0.28821139 -0.07 0.0 0.996845425867507 0.996845425867507 0.996845426 0.0 1.85 
1.0 4.0 0.369205600782166 0.252678045 0.22 0.31 0.909793814432989 0.909793814432989 0.909793814 388.91 1.46 
0.0 4.0 0.024901715029831 0.65938288 0.02 0.05 0.992481203007518 0.996240601503759 0.994360902 268.65 0.11 
1.0 4.0 0.0934334173253586 0.378045699 0.21 0.44 1.0 0.773291925465838 0.886645963 283.67 1.89 
0.0 180.0 0.071584833692919 0.062208732 0.0 0.0 1.0 0.996632996632996 0.998316498 0.03 0.01 
1.0 3.0 0.0 0.0 0.09 0.09 0.981191222570532 0.981191222570532 0.981191223 319.0 0.82 
0.0 92.0 0.0865030875935369 0.188651733 -0.01 0.0 1.0 0.946091644204851 0.973045822 1.51 0.11 
1.0 5.0 0.0817712794043339 0.053880576 0.04 0.05 0.992094861660079 0.992094861660079 0.992094862 253.02 0.35 
0.0 527.0 0.0851513859728799 0.077983153 -0.02 0.01 0.878125 0.93125 0.9046875 4.28 0.31 
1.0 1.0 0.0557409191195386 0.02787046 0.05 0.05 0.991379310344827 0.995689655172413 0.993534483 232.0 0.44 
0.0 155.0 0.0764127049519044 0.065535764 0.0 0.0 1.0 1.0 1.0 0.04 0.01 
1.0 2.0 0.0605717587767144 0.030285879 0.02 0.03 0.996078431372549 0.996078431372549 0.996078431 255.0 0.23 
0.0 106.0 0.0463832039945849 0.090812456 0.0 0.0 1.0 0.989547038327526 0.994773519 0.07 0.01 
1.0 7.0 0.881981091609838 0.440990546 0.0 0.0 1.0 1.0 1.0 0.0 0.0 
0.0 117.0 0.454011591519564 0.346621316 -0.01 0.01 1.0 1.0 1.0 2.98 0.18 
1.0 5.0 0.518677381410698 0.325184469 0.04 0.05 1.0 1.0 1.0 34.13 0.55 
0.0 8.0 0.0612939134880307 0.030646957 0.0 0.0 1.0 1.0 1.0 0.0 0.0 
1.0 4.0 0.74909820900541 0.374549105 0.05 0.08 0.985221674876847 0.985221674876847 0.985221675 203.0 0.24 
0.0 143.0 0.0842013440645039 0.081582211 0.03 0.04 1.0 0.983443708609271 0.991721854 402.04 0.27 
1.0 6.0 0.0212025770039786 0.646036833 0.01 0.03 0.990624999999999 0.996874999999999 0.99375 212.66 0.09 
0.0 83.0 0.0358681627845499 0.687527598 0.0 0.01 1.0 1.0 1.0 26.43 0.05 
1.0 4.0 0.287459069803765 0.143729535 0.0 0.0 1.0 1.0 1.0 0.0 0.0 
0.0 37.0 0.0299727550330972 0.112312622 0.0 0.0 1.0 1.0 1.0 0.04 0.01 
1.0 0.0 1.24082607371499 1.240826074 -0.75 0.0 0.93859649122807 0.93859649122807 0.938596491 0.0 0.42 
0.0 408.0 0.0276776371425936 0.013838819 0.0 0.0 1.0 1.0 1.0 0.0 0.0 
1.0 5.0 0.475931977304072 0.316314631 0.11 0.13 0.979472140762463 0.979472140762463 0.979472141 480.45 0.65 
0.0 61.0 0.0 0.0 0.0 0.0 1.0 1.0 1.0 0.0 0.0 
1.0 7.0 0.531148512151595 0.265574256 0.0 0.0 1.0 1.0 1.0 0.0 0.0 
0.0 212.0 0.862425975002266 0.431212988 -0.08 0.0 1.0 0.922600619195046 0.96130031 2.36 0.16 
1.0 4.0 0.320456761663141 0.160228381 0.22 0.3 0.871134020618556 0.889175257731958 0.880154639 326.99 1.87 
0.0 9.0 0.581721171605286 0.428042646 0.19 0.25 0.975342465753424 0.975342465753424 0.975342466 736.97 1.18 
1.0 0.0 0.0233359043466066 0.023335904 -0.03 0.0 0.959595959595959 0.959595959595959 0.95959596 0.0 1.39 
0.0 30.0 0.838455913773507 1.045217888 0.06 0.4 0.935567010309278 0.989690721649484 0.962628866 532.88 1.37 
1.0 5.0 0.0469051485823969 0.023452574 0.12 0.14 0.96875 0.96875 0.96875 128.0 1.25 
0.0 93.0 0.0246643208124894 0.01233216 0.0 0.0 1.0 1.0 1.0 0.0 0.0 
1.0 2.0 0.0 0.0 0.0 0.0 1.0 1.0 1.0 0.0 0.0 
0.0 113.0 0.314903356359905 1.034843011 0.04 0.14 0.982954545454545 0.994318181818181 0.988636364 309.77 0.03 
