1.0 4.0 0.0415529100534006 0.020776455 0.0 0.0 1.0 1.0 1.0 0.0 0.0 
0.0 200.0 0.0605098655008392 0.051739651 0.02 0.02 1.0 0.990445859872611 0.99522293 314.02 0.16 
1.0 2.0 0.642422021076254 0.321211011 0.0 0.0 1.0 1.0 1.0 0.0 0.0 
0.0 10.0 0.0 0.0 0.0 0.0 1.0 1.0 1.0 0.0 0.0 
1.0 7.0 0.264573380246879 0.13228669 0.0 0.0 1.0 1.0 1.0 0.0 0.0 
0.0 120.0 0.304846503320781 0.304597745 -0.02 0.02 0.962145110410094 0.996845425867507 0.979495268 17.65 0.09 
1.0 7.0 0.12081409501537 0.060407048 0.0 0.0 1.0 1.0 1.0 0.0 0.0 
0.0 130.0 0.681395739723952 0.393211666 -0.04 0.03 0.944148936170212 0.973404255319148 0.958776596 21.31 0.16 
1.0 1.0 0.0 0.0 0.0 0.0 1.0 1.0 1.0 0.0 0.0 
0.0 54.0 0.0773036079807894 0.038651804 0.0 0.0 1.0 1.0 1.0 0.0 0.0 
1.0 2.0 0.323535568963029 0.276552566 -0.01 0.0 1.0 1.0 1.0 1.3 0.11 
0.0 85.0 0.944729522285407 0.53983701 0.0 0.03 0.914826498422712 0.993690851735015 0.954258675 37.54 0.08 
1.0 4.0 0.349238670780615 0.301517961 0.02 0.03 0.997267759562841 0.997267759562841 0.99726776 368.61 0.11 
0.0 78.0 0.0179374112662487 0.678562222 0.01 0.01 1.0 1.0 1.0 193.5 0.03 
1.0 4.0 0.0 0.0 0.03 0.03 0.994845360824742 0.994845360824742 0.994845361 194.0 0.33 
0.0 1.0 0.129990395955361 0.064995198 0.0 0.0 1.0 1.0 1.0 0.0 0.0 
1.0 3.0 0.122956999336944 0.0614785 0.0 0.0 1.0 1.0 1.0 0.0 0.0 
0.0 23.0 0.663900484476424 0.35343496 0.01 0.02 1.0 1.0 1.0 161.92 0.17 
1.0 3.0 0.0728331885271506 0.202139267 0.0 0.0 1.0 1.0 1.0 0.33 0.04 
0.0 38.0 0.83443423629989 0.497577942 0.01 0.07 1.0 1.0 1.0 13.73 0.49 
1.0 2.0 0.869409850419958 0.953013172 -0.01 0.32 0.994269340974212 0.994269340974212 0.994269341 521.26 0.13 
0.0 200.0 0.0497396448289763 0.038759002 0.0 0.0 1.0 0.995689655172413 0.997844828 0.01 0.0 
1.0 5.0 0.551878325578596 0.303268575 0.02 0.02 1.0 1.0 1.0 18.74 0.25 
0.0 167.0 0.420164637173218 0.787669636 -0.06 0.04 1.0 0.963917525773195 0.981958763 31.86 0.35 
1.0 6.0 0.699468875182557 0.408472333 0.0 0.01 1.0 1.0 1.0 2.18 0.12 
0.0 155.0 0.70505755944942 0.363421533 0.01 0.01 1.0 0.996763754045307 0.998381877 61.0 0.08 
1.0 4.0 0.738710313023037 0.435200935 0.05 0.06 1.0 1.0 1.0 55.83 0.54 
0.0 39.0 0.778124050497512 0.424089166 0.03 0.07 1.0 0.881578947368421 0.940789474 265.49 0.24 
1.0 4.0 0.65905444283165 0.439874851 -0.03 0.01 1.0 1.0 1.0 4.59 0.22 
0.0 234.0 0.0212025770039786 0.010601289 0.0 0.0 1.0 0.971786833855799 0.985893417 0.03 0.0 
1.0 6.0 0.183313441081209 0.155946075 0.01 0.01 1.0 1.0 1.0 44.06 0.1 
0.0 203.0 0.0277783581726275 0.077265963 0.0 0.0 1.0 1.0 1.0 0.02 0.01 
1.0 1.0 0.0759774505806457 0.115307452 0.01 0.01 1.0 1.0 1.0 54.1 0.11 
0.0 42.0 0.0 0.0 0.0 0.0 1.0 1.0 1.0 0.0 0.0 
1.0 5.0 0.039827557911359 0.019913779 0.0 0.0 1.0 1.0 1.0 0.0 0.0 
0.0 132.0 1.51363846409735 1.426412748 0.03 0.47 1.0 0.914948453608247 0.957474227 485.36 0.15 
1.0 5.0 0.990016688534748 0.580537146 0.0 0.02 1.0 0.94535519125683 0.972677596 49.55 0.11 
0.0 65.0 0.0392676281005356 0.032970574 0.0 0.0 1.0 0.994301994301994 0.997150997 0.01 0.0 
1.0 1.0 0.0 0.0 0.0 0.0 1.0 1.0 1.0 0.0 0.0 
0.0 46.0 0.020545638301614 0.077148793 -0.01 0.0 0.965014577259475 0.997084548104956 0.981049563 0.36 0.04 
1.0 3.0 0.232474906645448 0.116237453 0.0 0.0 1.0 1.0 1.0 0.0 0.0 
0.0 61.0 0.568250342771362 0.376354818 0.0 0.0 1.0 1.0 1.0 3.43 0.2 
1.0 0.0 0.514173491909296 0.514173492 -0.13 0.0 0.913432835820895 0.913432835820895 0.913432836 0.0 2.41 
0.0 27.0 0.0367617398647108 0.195696132 0.0 0.0 1.0 0.997354497354497 0.998677249 0.21 0.02 
1.0 4.0 0.687447454454173 0.468563783 -0.06 0.02 1.0 1.0 1.0 7.54 0.06 
0.0 162.0 0.658429890895838 0.346914358 -0.01 0.0 0.988416988416988 0.996138996138996 0.992277992 1.37 0.1 
1.0 3.0 0.0 0.0 0.0 0.0 1.0 1.0 1.0 0.0 0.0 
0.0 104.0 0.890561650446367 0.805401869 0.13 0.3 0.896907216494845 0.909793814432989 0.903350515 341.71 0.03 
1.0 3.0 0.183975428159304 0.149222164 0.0 0.0 1.0 1.0 1.0 0.21 0.02 
0.0 158.0 1.1532957369804 0.576647868 0.0 0.0 1.0 1.0 1.0 0.0 0.0 
1.0 4.0 0.193563831380911 0.149295712 0.2 0.25 0.930851063829787 0.944148936170212 0.9375 434.81 1.83 
0.0 112.0 0.23878845417949 1.086835234 -0.01 0.07 0.986522911051212 0.994609164420485 0.990566038 64.32 0.1 
1.0 6.0 0.0429694362376849 0.040761961 0.0 0.0 1.0 1.0 1.0 0.01 0.0 
0.0 288.0 0.39128385161505 0.347816419 -0.06 0.1 0.867507886435331 0.962145110410094 0.914826498 210.55 0.78 
1.0 5.0 0.0 0.0 0.0 0.0 1.0 1.0 1.0 0.0 0.0 
0.0 46.0 0.0220900695991859 0.011045035 0.0 0.0 1.0 1.0 1.0 0.0 0.0 
1.0 3.0 0.0601849586562254 0.057469865 0.0 0.0 1.0 0.996815286624203 0.998407643 0.02 0.0 
0.0 78.0 0.0 0.0 0.0 0.0 1.0 1.0 1.0 0.0 0.0 
1.0 1.0 0.0434409002022211 0.041204942 0.19 0.23 0.939393939393939 0.939393939393939 0.939393939 330.01 1.59 
0.0 172.0 0.0639617141039829 0.234838145 0.0 0.0 0.991228070175438 0.994152046783625 0.992690058 3.07 0.12 
1.0 7.0 0.0889360779877459 0.10442277 0.0 0.0 1.0 1.0 1.0 0.11 0.01 
0.0 119.0 1.51397312695843 1.333858148 0.12 0.42 1.0 0.97680412371134 0.988402062 536.06 0.32 
1.0 7.0 0.0 0.0 0.0 0.0 1.0 0.996415770609318 0.998207885 0.0 0.0 
0.0 97.0 0.0544417880262697 0.208009847 -0.01 0.0 1.0 0.924107142857142 0.962053571 0.76 0.05 
1.0 5.0 0.0550072650933864 0.204818894 0.03 0.03 1.0 1.0 1.0 471.81 0.18 
0.0 319.0 0.461728994921057 0.230864497 0.0 0.0 1.0 0.848837209302325 0.924418605 0.0 0.0 
1.0 4.0 1.09452662212727 1.071489875 -0.01 0.22 1.0 0.996978851963746 0.998489426 721.35 0.67 
0.0 101.0 0.300284761735227 0.290741448 -0.01 0.0 0.997422680412371 0.997422680412371 0.99742268 1.53 0.12 
1.0 4.0 0.0435530293489536 0.021776515 0.43 0.69 0.539893617021276 0.539893617021276 0.539893617 376.0 1.99 
0.0 15.0 0.531148512151595 0.782443507 0.1 0.28 1.0 1.0 1.0 165.77 0.65 
1.0 3.0 0.0386572159431509 0.109466458 0.0 0.0 1.0 1.0 1.0 0.06 0.01 
0.0 131.0 0.0 0.0 0.0 0.0 1.0 0.878787878787878 0.939393939 0.0 0.0 
1.0 5.0 0.348321547235499 0.258279107 0.56 0.67 0.364485981308411 0.364485981308411 0.364485981 426.65 0.81 
0.0 4.0 0.0387605385156701 0.030183793 0.0 0.0 1.0 1.0 1.0 0.01 0.0 
1.0 4.0 0.572790721532204 0.869115564 -0.06 0.1 0.988603988603988 0.991452991452991 0.99002849 325.23 0.15 
0.0 243.0 0.0212025770039786 0.701250513 0.0 0.0 1.0 0.971786833855799 0.985893417 1.17 0.04 
1.0 6.0 0.918722914685611 0.560058659 0.02 0.06 0.987951807228915 0.993975903614457 0.990963855 181.05 0.09 
0.0 127.0 0.0712759023849942 0.035637951 0.0 0.0 1.0 0.962750716332378 0.981375358 0.0 0.0 
1.0 1.0 0.761160160014868 0.412357927 0.04 0.07 0.992277992277992 0.992277992277992 0.992277992 346.11 0.16 
0.0 46.0 0.0429694362376849 0.042969436 0.0 0.0 1.0 1.0 1.0 0.01 0.0 
1.0 7.0 0.0278798704683955 0.027829114 0.0 0.0 1.0 0.995689655172413 0.997844828 0.01 0.0 
0.0 166.0 0.0620199882194553 0.031009994 0.0 0.0 1.0 1.0 1.0 0.0 0.0 
1.0 6.0 0.0939206553876554 0.093338496 0.09 0.12 0.968553459119496 0.977987421383647 0.97327044 507.23 1.05 
0.0 2.0 0.0736871448813177 0.0611079 0.0 0.0 1.0 1.0 1.0 0.04 0.01 
1.0 1.0 0.758550205750609 0.446041303 0.0 0.02 0.996874999999999 0.996874999999999 0.996875 321.63 0.01 
0.0 98.0 0.673272369552372 0.350180889 0.0 0.0 1.0 0.995833333333333 0.997916667 0.45 0.05 
1.0 1.0 0.446534089378031 0.311581204 0.0 0.01 1.0 1.0 1.0 2.48 0.18 
0.0 68.0 0.680089072238038 0.340044536 0.0 0.0 1.0 1.0 1.0 0.0 0.0 
1.0 1.0 0.0721777615461715 0.047485577 0.0 0.0 1.0 1.0 1.0 0.01 0.0 
0.0 50.0 0.0398883573493911 0.096982231 0.0 0.0 1.0 1.0 1.0 0.04 0.01 
1.0 7.0 0.0425088057567044 0.021254403 0.02 0.02 0.996865203761755 0.996865203761755 0.996865204 319.0 0.21 
0.0 311.0 0.022993637240889 0.021986142 0.0 0.0 1.0 0.897832817337461 0.948916409 0.12 0.01 
1.0 4.0 0.921585716572883 0.563454631 0.02 0.04 1.0 0.996874999999999 0.9984375 45.98 0.18 
0.0 120.0 1.26815775379292 0.69101907 -0.04 0.12 0.966666666666666 0.993333333333333 0.98 281.51 0.19 
1.0 5.0 0.0458410923794206 0.14557801 0.18 0.34 0.900928792569659 0.900928792569659 0.900928793 646.07 2.0 
0.0 2.0 0.0206520864796601 0.020652086 0.0 0.0 1.0 1.0 1.0 0.0 0.0 
1.0 1.0 0.302830033327897 0.151415017 0.0 0.0 1.0 1.0 1.0 0.0 0.0 
0.0 38.0 0.0339945502968456 0.016997275 0.02 0.02 0.983827493261455 0.994609164420485 0.989218329 122.33 0.31 
1.0 6.0 0.26157753948268 0.193637883 0.0 0.0 1.0 1.0 1.0 0.51 0.05 
0.0 60.0 0.0866216601957414 0.06570913 0.0 0.0 1.0 0.976588628762541 0.988294314 0.08 0.01 
1.0 4.0 0.802468461302531 0.425005095 0.0 0.0 1.0 0.994565217391304 0.997282609 0.86 0.02 
0.0 3.0 0.0496297865041388 0.080579691 0.12 0.16 0.963636363636363 0.963636363636363 0.963636364 275.04 1.17 
1.0 6.0 0.355757474132766 0.177878737 0.0 0.0 1.0 1.0 1.0 0.0 0.0 
0.0 32.0 0.0435530293489536 0.021776515 0.43 0.69 0.539893617021276 0.539893617021276 0.539893617 376.0 1.89 
1.0 4.0 0.154603572442691 0.077301786 0.02 0.03 0.995535714285714 0.995535714285714 0.995535714 224.0 0.23 
0.0 70.0 0.0533041793821901 0.049308286 0.0 0.0 1.0 0.996610169491525 0.998305085 0.02 0.0 
1.0 5.0 0.764223250704448 0.382111625 0.0 0.0 1.0 1.0 1.0 0.0 0.0 
0.0 44.0 0.339359423248505 0.276921138 0.0 0.01 1.0 0.997422680412371 0.99871134 21.12 0.0 
1.0 6.0 0.9374723317261 0.468736166 0.0 0.0 1.0 0.987068965517241 0.993534483 0.0 0.0 
0.0 233.0 0.118866691629 0.059433346 0.0 0.0 1.0 1.0 1.0 0.0 0.0 
1.0 2.0 0.0 0.0 0.0 0.0 1.0 1.0 1.0 0.0 0.0 
0.0 10.0 1.36250006634303 1.350843549 0.01 0.26 1.0 1.0 1.0 339.41 0.07 
1.0 3.0 0.0208139940747914 0.010406997 0.02 0.02 0.996941896024464 0.996941896024464 0.996941896 327.0 0.21 
0.0 31.0 0.078963077159585 0.039481539 0.0 0.0 1.0 0.983443708609271 0.991721854 0.0 0.0 
1.0 5.0 0.0 0.0 0.05 0.05 0.980662983425414 0.988950276243093 0.98480663 205.12 0.56 
0.0 4.0 0.562077934175183 0.339066501 0.0 0.01 1.0 1.0 1.0 2.52 0.14 
1.0 5.0 0.782524492577125 0.670477425 0.02 0.24 0.941798941798941 0.955026455026455 0.948412698 336.9 0.2 
0.0 40.0 0.0835830637615662 0.055680711 0.0 0.0 1.0 0.995689655172413 0.997844828 0.02 0.0 
1.0 5.0 0.649253610790155 0.334667208 0.01 0.02 0.991228070175438 0.994152046783625 0.992690058 59.7 0.17 
0.0 268.0 0.836902271913767 1.015224569 0.05 0.18 0.899484536082474 0.997422680412371 0.948453608 394.51 0.02 
1.0 5.0 0.668212651975778 0.361237468 0.15 0.2 0.949061662198391 0.949061662198391 0.949061662 374.22 0.65 
0.0 120.0 0.0205987150611097 0.065624739 0.0 0.0 1.0 0.918181818181818 0.959090909 0.11 0.01 
1.0 2.0 0.946912170978799 1.03118691 0.2 0.6 1.0 1.0 1.0 75.3 1.27 
0.0 146.0 0.0719789336351772 0.097467966 0.02 0.07 1.0 0.979999999999999 0.99 172.11 0.73 
1.0 3.0 0.0550072650933864 0.688782416 0.0 0.02 1.0 1.0 1.0 127.0 0.02 
0.0 132.0 0.0557409191195386 0.02787046 0.0 0.0 1.0 0.995689655172413 0.997844828 0.0 0.0 
1.0 3.0 0.0852840997605255 0.063976108 0.29 0.38 0.891025641025641 0.891025641025641 0.891025641 624.0 2.25 
0.0 30.0 0.1267535669658 0.063376783 0.0 0.0 1.0 1.0 1.0 0.0 0.0 
1.0 2.0 0.0577147699548351 0.039210263 0.0 0.0 1.0 0.996960486322188 0.998480243 0.02 0.0 
0.0 58.0 0.0646970605935975 0.03234853 0.0 0.0 1.0 0.97286012526096 0.986430063 0.0 0.0 
1.0 4.0 0.0 0.0 0.0 0.0 1.0 1.0 1.0 0.0 0.0 
0.0 78.0 0.0 0.0 0.0 0.0 1.0 0.992957746478873 0.996478873 0.0 0.0 
1.0 6.0 0.117475622962003 0.058737811 0.0 0.0 1.0 1.0 1.0 0.0 0.0 
0.0 210.0 0.305126155084017 0.238556366 -0.01 0.0 1.0 0.994565217391304 0.997282609 0.51 0.08 
1.0 3.0 0.0 0.0 0.0 0.0 1.0 1.0 1.0 0.0 0.0 
0.0 139.0 0.0429694362376849 0.021484718 0.0 0.0 1.0 0.990445859872611 0.99522293 0.02 0.0 
1.0 5.0 0.0 0.0 0.0 0.0 1.0 1.0 1.0 0.0 0.0 
0.0 4.0 0.576650295333497 0.384110609 0.0 0.01 1.0 0.997455470737913 0.998727735 7.44 0.08 
1.0 7.0 0.699834449646165 0.372541973 0.1 0.14 0.962825278810408 0.966542750929368 0.964684015 242.25 0.55 
0.0 322.0 0.320456761663141 0.917047613 -0.11 0.17 0.889175257731958 0.914948453608247 0.902061856 701.01 0.04 
1.0 7.0 0.706487332732957 0.58713621 -0.02 0.08 0.997134670487106 0.997134670487106 0.99713467 394.04 0.01 
0.0 49.0 0.0374621215234668 0.018731061 0.0 0.0 1.0 1.0 1.0 0.0 0.0 
1.0 2.0 0.347048052758321 0.173524026 0.07 0.08 0.984567901234567 0.984567901234567 0.984567901 324.0 0.48 
0.0 101.0 0.710658978106077 0.421349844 -0.05 0.01 1.0 0.883280757097791 0.941640379 6.02 0.0 
1.0 1.0 0.0390765344383812 0.029309436 0.0 0.0 1.0 1.0 1.0 0.01 0.0 
0.0 45.0 0.836902271913767 1.088044652 0.01 0.17 1.0 0.997422680412371 0.99871134 266.83 0.01 
1.0 3.0 0.373884329108389 0.186942165 0.02 0.02 0.996774193548387 0.996774193548387 0.996774194 310.0 0.13 
0.0 182.0 0.0822985228585321 0.041149261 0.0 0.0 1.0 1.0 1.0 0.0 0.0 
1.0 1.0 0.099623389466162 0.092874092 0.21 0.3 0.910216718266253 0.910216718266253 0.910216718 323.09 1.91 
0.0 52.0 0.0942049885997985 0.287523215 0.0 0.0 1.0 1.0 1.0 2.02 0.08 
1.0 3.0 0.621940663977472 0.429059932 0.12 0.17 0.975438596491228 0.975438596491228 0.975438596 859.0 0.27 
0.0 187.0 0.0516160194702958 0.02580801 0.0 0.01 1.0 0.521739130434782 0.760869565 2.01 0.0 
1.0 3.0 0.705975401931455 0.560412974 0.21 0.39 0.855029585798816 0.923076923076923 0.889053254 1027.75 1.93 
0.0 124.0 0.0605098655008392 0.057632319 0.0 0.0 1.0 0.990445859872611 0.99522293 0.04 0.01 
1.0 2.0 0.396997003641672 0.283751526 0.27 0.37 0.925423728813559 0.928813559322033 0.927118644 1071.66 1.79 
0.0 317.0 0.712042783029343 0.703162726 -0.06 0.04 0.899484536082474 0.994845360824742 0.947164948 33.57 0.12 
1.0 2.0 0.0452494973011154 0.045249497 0.15 0.16 0.962825278810408 0.962825278810408 0.962825279 269.02 1.13 
0.0 148.0 0.635968934636941 0.37575482 0.01 0.02 1.0 1.0 1.0 10.05 0.15 
1.0 4.0 0.733526728790702 0.556039157 0.15 0.33 0.922360248447204 0.922360248447204 0.922360248 350.03 0.69 
0.0 364.0 0.397689113988211 1.073720162 -0.01 0.12 0.979228486646884 0.997032640949554 0.988130564 180.65 0.13 
1.0 0.0 0.0 0.0 0.0 0.0 1.0 1.0 1.0 0.0 0.0 
0.0 351.0 0.711252800266253 0.3556264 -0.02 0.01 1.0 0.955102040816326 0.97755102 3.03 0.24 
1.0 5.0 0.980116240085836 0.808804637 0.15 0.31 0.843373493975903 0.957831325301204 0.90060241 519.54 0.85 
0.0 21.0 0.0 0.0 0.0 0.0 1.0 1.0 1.0 0.0 0.0 
1.0 1.0 0.0 0.0 0.0 0.0 1.0 1.0 1.0 0.0 0.0 
0.0 76.0 0.260516137375065 0.23415325 0.0 0.0 1.0 1.0 1.0 0.82 0.12 
1.0 4.0 0.0645814363776275 0.259457454 0.02 0.02 0.997032640949554 0.997032640949554 0.997032641 337.38 0.06 
0.0 35.0 0.0 0.0 0.0 0.0 1.0 0.968944099378882 0.98447205 0.0 0.0 
1.0 5.0 0.0283996430953189 0.014199822 0.0 0.0 1.0 0.995575221238938 0.997787611 0.0 0.0 
0.0 51.0 0.0277783581726275 0.027778358 0.0 0.0 1.0 1.0 1.0 0.0 0.0 
1.0 1.0 0.0 0.0 0.0 0.0 1.0 1.0 1.0 0.0 0.0 
0.0 241.0 0.0731281173561999 0.114548976 0.0 0.0 1.0 1.0 1.0 0.11 0.02 
1.0 3.0 0.0243552454938662 0.012177623 0.02 0.02 0.996323529411764 0.996323529411764 0.996323529 272.0 0.22 
0.0 57.0 0.676039487923301 0.358617253 0.0 0.0 1.0 1.0 1.0 1.16 0.04 
1.0 6.0 0.041294906134971 0.030973496 0.0 0.0 1.0 1.0 1.0 0.01 0.0 
0.0 219.0 0.0377533684787965 0.018876684 0.0 0.0 1.0 1.0 1.0 0.0 0.0 
1.0 0.0 2.01024142777587 2.010241428 -0.6 0.0 0.760309278350515 0.760309278350515 0.760309278 0.0 0.33 
0.0 145.0 0.0419175889863189 0.032661632 0.0 0.0 1.0 1.0 1.0 0.01 0.0 
1.0 4.0 0.0434409002022211 0.02172045 0.0 0.0 1.0 1.0 1.0 0.0 0.0 
0.0 34.0 0.343929933197805 0.281334006 -0.02 0.01 1.0 0.996710526315789 0.998355263 1.79 0.13 
1.0 3.0 0.0211461152051303 0.096656988 0.0 0.0 1.0 1.0 1.0 0.04 0.01 
0.0 131.0 0.0557409191195386 0.02787046 0.0 0.0 1.0 0.995689655172413 0.997844828 0.0 0.0 
1.0 0.0 0.192676207660135 0.192676208 -0.05 0.0 0.940721649484536 0.940721649484536 0.940721649 0.0 2.69 
0.0 5.0 0.0895481549283223 0.055976033 0.04 0.04 0.996666666666666 0.996666666666666 0.996666667 600.0 0.35 
1.0 2.0 0.0214316941424852 0.09669534 0.04 0.04 0.993690851735015 0.993690851735015 0.993690852 317.04 0.25 
0.0 166.0 0.0 0.0 0.0 0.0 1.0 0.938775510204081 0.969387755 0.0 0.0 
1.0 4.0 0.0445379124397734 0.078033754 0.1 0.14 0.959999999999999 0.963636363636363 0.961818182 249.1 1.31 
0.0 99.0 0.208114398680702 0.104057199 0.0 0.0 1.0 1.0 1.0 0.0 0.0 
1.0 1.0 0.255429986523709 0.239492105 0.17 0.19 1.0 1.0 1.0 1276.97 1.14 
0.0 294.0 0.0277783581726275 0.027778358 0.0 0.0 1.0 1.0 1.0 0.0 0.0 
1.0 3.0 0.0327206861068792 0.094735216 0.0 0.0 1.0 0.994764397905759 0.997382199 0.03 0.01 
0.0 55.0 0.0967342086908398 0.099377995 -0.01 0.0 1.0 0.925423728813559 0.962711864 0.49 0.05 
1.0 1.0 0.026899250494481 0.124019217 0.03 0.03 1.0 1.0 1.0 241.0 0.2 
0.0 1.0 0.0538017452936875 0.026900873 0.18 0.28 0.921052631578947 0.921052631578947 0.921052632 342.0 1.81 
1.0 4.0 0.0618485037323465 0.030924252 0.0 0.0 1.0 1.0 1.0 0.0 0.0 
0.0 76.0 0.086654186012512 0.043327093 0.0 0.0 1.0 0.984210526315789 0.992105263 0.0 0.0 
1.0 4.0 0.241590515729618 0.120795258 0.0 0.0 1.0 1.0 1.0 0.0 0.0 
0.0 88.0 0.102793072548889 0.051396536 0.0 0.0 1.0 0.96100278551532 0.980501393 0.0 0.0 
1.0 5.0 0.913972938784685 0.793082293 -0.03 0.12 0.986772486772486 0.986772486772486 0.986772487 414.99 0.37 
0.0 2.0 0.0206520864796601 0.08332303 0.0 0.0 1.0 1.0 1.0 0.03 0.0 
