1.0 3.0 0.0 0.0 0.05 0.05 0.991150442477876 0.991150442477876 0.991150442 226.0 0.49 
0.0 11.0 0.632300415328356 0.46934778 0.01 0.02 1.0 1.0 1.0 19.66 0.44 
1.0 0.0 0.0841156071386904 0.084115607 0.0 0.0 0.997912317327766 0.997912317327766 0.997912317 0.0 0.7 
0.0 257.0 0.0835830637615662 0.041791532 0.0 0.0 0.995689655172413 0.995689655172413 0.995689655 0.02 0.0 
1.0 6.0 0.0865030875935369 0.080950733 0.15 0.18 0.935309973045822 0.946091644204851 0.940700809 305.75 1.33 
0.0 251.0 0.0898033804732823 0.070784693 -0.03 0.0 0.940063091482649 0.958990536277602 0.949526814 2.4 0.09 
1.0 7.0 0.0519155778479098 0.025957789 0.31 0.35 0.885964912280701 0.885964912280701 0.885964912 342.0 2.27 
0.0 18.0 0.0390741155048994 0.536406309 0.0 0.01 1.0 1.0 1.0 14.78 0.04 
1.0 2.0 0.0968506565216047 0.144374399 0.0 0.0 1.0 1.0 1.0 5.52 0.09 
0.0 4.0 0.988530152112064 0.859708317 0.01 0.27 0.987244897959183 0.987244897959183 0.987244898 729.98 0.35 
1.0 5.0 0.0612323647247525 0.030616182 0.4 0.52 0.784256559766763 0.784256559766763 0.78425656 343.0 2.46 
0.0 461.0 0.0 0.0 0.0 0.0 1.0 1.0 1.0 0.0 0.0 
1.0 1.0 0.085780172232614 0.042890086 0.0 0.0 1.0 1.0 1.0 0.0 0.0 
0.0 121.0 0.88290815124684 0.954025211 0.05 0.54 0.893129770992366 0.98473282442748 0.938931298 374.6 0.05 
1.0 2.0 0.0810482611891956 0.061893026 0.04 0.04 0.996845425867507 0.996845425867507 0.996845426 634.01 0.33 
0.0 177.0 0.834694147442099 0.417347074 0.0 0.0 1.0 1.0 1.0 0.0 0.0 
1.0 6.0 0.0558624014980071 0.164473505 0.01 0.01 1.0 1.0 1.0 30.28 0.1 
0.0 102.0 0.0549168777007294 0.049238691 -0.01 0.0 0.88034188034188 0.994301994301994 0.937321937 3.18 0.04 
1.0 7.0 0.834694147442099 0.650079344 0.02 0.06 1.0 1.0 1.0 339.35 0.21 
0.0 65.0 0.0572068608923342 0.048547609 0.0 0.0 1.0 1.0 1.0 0.01 0.0 
1.0 6.0 0.0549168777007294 0.027458439 0.0 0.0 1.0 1.0 1.0 0.0 0.0 
0.0 50.0 0.0262556850879242 0.026255685 0.0 0.0 1.0 1.0 1.0 0.0 0.0 
1.0 1.0 0.0557409191195386 0.02787046 0.05 0.05 0.991379310344827 0.995689655172413 0.993534483 232.0 0.44 
0.0 451.0 0.099623389466162 0.135739708 -0.12 0.0 0.900928792569659 0.910216718266253 0.905572755 1.98 0.12 
1.0 1.0 0.0 0.0 0.0 0.0 1.0 1.0 1.0 0.0 0.0 
0.0 80.0 0.0620199882194553 0.031009994 0.0 0.0 1.0 0.929230769230769 0.964615385 0.0 0.0 
1.0 5.0 0.0280853074773292 0.014042654 0.06 0.07 0.987068965517241 0.987068965517241 0.987068966 232.0 0.66 
0.0 430.0 0.026899250494481 0.124019217 0.0 0.0 1.0 1.0 1.0 0.04 0.01 
1.0 4.0 0.725390409428248 0.362695205 0.0 0.0 1.0 1.0 1.0 0.0 0.0 
0.0 162.0 0.0422824341559714 0.021141217 0.0 0.0 1.0 1.0 1.0 0.0 0.0 
1.0 4.0 0.0 0.0 0.0 0.0 1.0 1.0 1.0 0.0 0.0 
0.0 73.0 0.0427377908806097 0.72912076 -0.01 0.02 1.0 0.9875 0.99375 13.4 0.06 
1.0 6.0 0.0 0.0 0.0 0.0 1.0 1.0 1.0 0.0 0.0 
0.0 186.0 0.394322512422639 0.356591822 0.05 0.07 1.0 1.0 1.0 203.03 0.46 
1.0 6.0 0.0839348094016319 0.102497771 0.04 0.04 0.997375328083989 0.997375328083989 0.997375328 607.81 0.34 
0.0 76.0 0.260516137375065 0.23415325 0.0 0.0 1.0 1.0 1.0 0.82 0.12 
1.0 3.0 0.041294906134971 0.109203047 0.0 0.0 1.0 1.0 1.0 0.08 0.01 
0.0 6.0 0.0 0.0 0.01 0.01 0.966244725738396 0.995780590717299 0.981012658 28.75 0.21 
1.0 6.0 0.0 0.0 0.0 0.0 1.0 1.0 1.0 0.0 0.0 
0.0 86.0 0.194857669120318 0.097428835 0.0 0.0 1.0 0.982578397212543 0.991289199 0.0 0.0 
1.0 3.0 0.373884329108389 0.186942165 0.02 0.02 0.996774193548387 0.996774193548387 0.996774194 310.0 0.13 
0.0 350.0 0.568250342771362 0.284125171 0.0 0.0 1.0 0.996763754045307 0.998381877 0.22 0.02 
1.0 5.0 0.0519638107663966 0.025981905 0.0 0.0 1.0 1.0 1.0 0.0 0.0 
0.0 5.0 0.0477930528302912 0.023896526 0.05 0.05 0.991044776119403 0.994029850746268 0.992537313 329.63 0.43 
1.0 6.0 0.0 0.0 0.0 0.0 1.0 1.0 1.0 0.0 0.0 
0.0 86.0 0.0605098655008392 0.126204003 0.0 0.0 1.0 0.990445859872611 0.99522293 5.56 0.09 
1.0 5.0 0.145775003385483 0.072887502 0.08 0.1 0.980582524271844 0.980582524271844 0.980582524 309.0 0.69 
0.0 457.0 0.336788082190399 0.234829061 -0.03 0.07 0.894329896907216 0.90721649484536 0.900773196 191.8 0.0 
1.0 2.0 0.068945074970136 0.292650641 0.03 0.04 1.0 1.0 1.0 434.69 0.16 
0.0 0.0 0.160156230477025 0.16015623 -0.01 0.0 1.0 1.0 1.0 0.0 0.97 
1.0 5.0 0.284527382163454 0.227393439 0.02 0.03 1.0 1.0 1.0 63.06 0.22 
0.0 75.0 1.29993948823274 0.649969744 0.0 0.0 1.0 1.0 1.0 0.0 0.0 
1.0 4.0 0.242442600614606 0.226044972 0.1 0.11 0.993736951983298 0.997912317327766 0.995824635 314.4 1.11 
0.0 77.0 0.0 0.0 0.0 0.0 1.0 1.0 1.0 0.0 0.0 
1.0 2.0 0.56619542798145 0.47873964 0.25 0.62 0.867507886435331 0.867507886435331 0.867507886 701.14 2.78 
0.0 54.0 0.285807549285982 1.122658864 -0.02 0.09 0.945876288659793 0.997422680412371 0.971649485 93.15 0.07 
1.0 7.0 0.0798310822018937 0.050991582 0.0 0.0 1.0 0.993399339933993 0.99669967 0.02 0.0 
0.0 153.0 0.420164637173218 1.215203032 0.12 0.24 1.0 0.760309278350515 0.880154639 577.27 0.17 
1.0 2.0 0.0239803879696605 0.011990194 0.0 0.0 1.0 1.0 1.0 0.0 0.0 
0.0 164.0 0.0771462314252572 0.114974347 0.02 0.02 1.0 1.0 1.0 135.69 0.14 
1.0 4.0 0.053661721482253 0.140488699 0.03 0.04 0.993710691823899 0.993710691823899 0.993710692 318.19 0.19 
0.0 2.0 0.0386572159431509 0.030102736 0.0 0.0 1.0 1.0 1.0 0.01 0.0 
1.0 6.0 0.455892906736437 0.239148409 0.0 0.0 1.0 1.0 1.0 0.11 0.01 
0.0 67.0 0.2284156055828 0.114207803 -0.01 0.0 0.552631578947368 0.985380116959064 0.769005848 1.52 0.08 
1.0 4.0 0.0 0.0 0.0 0.0 1.0 1.0 1.0 0.0 0.0 
0.0 19.0 0.281421396299131 0.140710698 0.0 0.0 1.0 0.988130563798219 0.994065282 0.0 0.0 
1.0 5.0 0.0452494973011154 0.045249497 0.0 0.0 1.0 1.0 1.0 0.02 0.0 
0.0 166.0 0.0806876948307314 0.199768025 -0.01 0.0 1.0 0.987616099071207 0.99380805 0.78 0.07 
1.0 0.0 0.02427927049306 0.02427927 0.0 0.0 1.0 1.0 1.0 0.0 0.25 
0.0 141.0 0.197659137366133 0.098829569 0.0 0.0 1.0 0.90721649484536 0.953608247 0.0 0.0 
1.0 2.0 0.0221520819212152 0.022152082 0.04 0.04 0.996710526315789 0.996710526315789 0.996710526 608.0 0.4 
0.0 62.0 0.0557409191195386 0.02787046 0.0 0.0 1.0 0.995689655172413 0.997844828 0.0 0.0 
1.0 1.0 0.608819744380155 0.930399804 0.08 0.19 0.989690721649484 0.989690721649484 0.989690722 687.48 0.18 
0.0 0.0 0.0337510120778166 0.033751012 -0.01 0.0 0.985401459854014 0.985401459854014 0.98540146 0.0 0.78 
1.0 0.0 0.0 0.0 0.0 0.0 1.0 1.0 1.0 0.0 0.0 
0.0 7.0 0.02427927049306 0.02427927 0.0 0.0 1.0 1.0 1.0 0.0 0.0 
1.0 4.0 0.0 0.0 0.0 0.0 1.0 1.0 1.0 0.0 0.0 
0.0 106.0 0.0 0.0 0.01 0.01 0.987055016181229 0.996763754045307 0.991909385 76.5 0.19 
1.0 1.0 0.0707561028420881 0.176460122 0.0 0.0 1.0 1.0 1.0 0.27 0.04 
0.0 207.0 0.603538490453925 0.301769245 0.0 0.0 1.0 1.0 1.0 0.0 0.0 
1.0 2.0 0.0587454440790017 0.873975489 0.03 0.06 0.994318181818181 0.994318181818181 0.994318182 426.1 0.13 
0.0 43.0 0.478013778900196 0.35155345 0.01 0.04 1.0 1.0 1.0 39.67 0.64 
1.0 2.0 0.0612939134880307 0.092772375 0.0 0.0 1.0 1.0 1.0 0.08 0.01 
0.0 146.0 0.0511036014221082 0.076289531 -0.01 0.0 0.988416988416988 0.996138996138996 0.992277992 0.1 0.02 
1.0 4.0 0.038060092151583 0.191859401 0.01 0.01 1.0 1.0 1.0 89.82 0.09 
0.0 84.0 0.0787435252182342 0.039371763 0.0 0.0 1.0 0.996655518394648 0.998327759 0.0 0.0 
1.0 6.0 0.0 0.0 0.0 0.0 1.0 1.0 1.0 0.0 0.0 
0.0 405.0 0.269761622676472 0.689745707 -0.06 0.04 0.981249999999999 0.990624999999999 0.9859375 19.08 0.29 
1.0 2.0 0.0485286554060802 0.037857115 0.0 0.0 1.0 1.0 1.0 0.01 0.0 
0.0 23.0 0.0698935560551578 0.682470938 -0.01 0.01 1.0 1.0 1.0 3.09 0.01 
1.0 1.0 0.0353803230759327 0.017690162 0.0 0.0 1.0 1.0 1.0 0.0 0.0 
0.0 170.0 0.0557409191195386 0.041759639 0.0 0.0 1.0 0.995689655172413 0.997844828 0.01 0.0 
1.0 5.0 0.541952602754964 0.337783371 0.05 0.11 0.984177215189873 0.984177215189873 0.984177215 402.15 0.46 
0.0 40.0 0.0 0.0 0.0 0.0 1.0 1.0 1.0 0.0 0.0 
1.0 6.0 0.0199308201239254 0.622131623 0.0 0.02 0.994202898550724 0.994202898550724 0.994202899 90.03 0.04 
0.0 174.0 0.0476547865757686 0.147066334 -0.02 0.01 1.0 0.911475409836065 0.955737705 1.77 0.14 
1.0 4.0 0.968808741745457 0.708373763 -0.01 0.08 0.994152046783625 0.994152046783625 0.994152047 469.2 0.14 
0.0 127.0 0.841741653418821 0.434088909 0.0 0.01 1.0 1.0 1.0 12.0 0.08 
1.0 3.0 0.0262556850879242 0.026255685 0.09 0.1 0.980237154150197 0.980237154150197 0.980237154 253.0 0.74 
0.0 7.0 0.0899462613461481 0.064559047 0.0 0.0 1.0 1.0 1.0 0.03 0.01 
1.0 3.0 0.0485286554060802 0.037857115 0.0 0.0 1.0 1.0 1.0 0.01 0.0 
0.0 13.0 0.0457871748209377 0.610663926 -0.01 0.0 1.0 0.997395833333333 0.998697917 1.87 0.01 
1.0 7.0 0.350120925259209 0.271801618 0.01 0.03 1.0 0.913265306122448 0.956632653 18.75 0.18 
0.0 93.0 1.3225575659792 0.714760068 0.0 0.03 1.0 1.0 1.0 388.1 0.08 
1.0 7.0 0.0 0.0 0.0 0.0 1.0 1.0 1.0 0.0 0.0 
0.0 159.0 0.387548903664323 0.193774452 -0.02 0.0 1.0 0.938775510204081 0.969387755 0.68 0.13 
1.0 2.0 0.0215482557268673 0.08983934 0.02 0.02 0.996815286624203 0.996815286624203 0.996815287 314.03 0.14 
0.0 77.0 0.80881431151271 0.432379846 -0.01 0.0 1.0 0.991379310344827 0.995689655 1.3 0.11 
1.0 2.0 0.0707561028420881 0.065253658 0.0 0.0 1.0 1.0 1.0 0.02 0.0 
0.0 243.0 0.0209786462403052 0.010489323 0.0 0.0 1.0 0.900928792569659 0.950464396 0.11 0.01 
1.0 1.0 0.0 0.0 0.0 0.0 1.0 1.0 1.0 0.0 0.0 
0.0 1.0 0.568250342771362 0.303662229 0.0 0.0 1.0 1.0 1.0 0.44 0.04 
1.0 2.0 0.654285482253875 0.461201513 -0.02 0.02 1.0 1.0 1.0 11.46 0.1 
0.0 5.0 0.0600239093195218 0.040756857 0.0 0.0 1.0 1.0 1.0 0.01 0.0 
1.0 5.0 0.0839348094016319 0.051097476 0.02 0.02 0.997375328083989 0.997375328083989 0.997375328 381.01 0.14 
0.0 31.0 0.0478007124750384 0.078597285 0.01 0.02 1.0 1.0 1.0 277.01 0.19 
1.0 3.0 0.994849321286294 0.515114822 -0.01 0.01 1.0 0.997134670487106 0.998567335 4.46 0.01 
0.0 81.0 0.0600239093195218 0.055171474 0.0 0.0 1.0 1.0 1.0 0.02 0.0 
1.0 3.0 0.0211461152051303 0.096656988 0.0 0.0 1.0 1.0 1.0 0.04 0.01 
0.0 154.0 0.0440460714620383 0.03313027 0.0 0.0 1.0 0.990163934426229 0.995081967 0.03 0.0 
1.0 1.0 0.761409699370972 0.48420796 0.05 0.2 0.953586497890295 0.953586497890295 0.953586498 241.32 0.53 
0.0 215.0 0.0900062014636241 0.063311465 0.0 0.0 1.0 1.0 1.0 0.02 0.01 
1.0 3.0 0.849975284027729 0.502972559 0.03 0.08 1.0 1.0 1.0 80.27 0.61 
0.0 0.0 0.0205987150611097 0.020598715 0.0 0.0 1.0 1.0 1.0 0.0 0.22 
1.0 3.0 0.0275776979183499 0.013788849 0.0 0.0 1.0 1.0 1.0 0.0 0.0 
0.0 4.0 0.0363439911164057 0.188062728 0.0 0.0 1.0 1.0 1.0 0.17 0.02 
1.0 5.0 0.0609818462123076 0.111682232 0.02 0.03 1.0 1.0 1.0 166.52 0.27 
0.0 3.0 0.0 0.0 0.0 0.0 1.0 1.0 1.0 0.0 0.0 
1.0 7.0 0.040048630190433 0.140819573 0.0 0.0 1.0 1.0 1.0 0.09 0.01 
0.0 26.0 0.300006577152955 0.16210519 -0.01 0.03 0.820422535211267 0.961267605633802 0.89084507 21.11 0.43 
1.0 1.0 0.0530380851089993 0.050208913 0.06 0.07 0.991902834008097 0.991902834008097 0.991902834 370.0 0.57 
0.0 155.0 0.207962357006846 0.184190601 0.01 0.01 1.0 1.0 1.0 21.72 0.16 
1.0 4.0 0.421074247438225 0.739053987 0.0 0.02 0.0840579710144927 0.855072463768115 0.469565217 8.94 0.03 
0.0 3.0 0.290800378670856 0.24263354 0.01 0.01 1.0 1.0 1.0 42.6 0.12 
1.0 5.0 0.0461365951180433 0.035976224 0.0 0.0 1.0 1.0 1.0 0.01 0.0 
0.0 225.0 0.339359423248505 0.688293282 0.05 0.13 0.84020618556701 0.997422680412371 0.918814433 511.59 0.09 
1.0 3.0 0.436299438199227 0.870705543 0.04 0.15 0.992146596858638 0.994764397905759 0.993455497 513.5 0.04 
0.0 402.0 0.156880806471445 0.078440403 0.0 0.0 1.0 0.946875 0.9734375 0.0 0.0 
1.0 3.0 0.0 0.0 0.0 0.0 1.0 1.0 1.0 0.0 0.0 
0.0 422.0 0.0851513859728799 0.119832094 -0.01 0.0 1.0 0.93125 0.965625 0.82 0.07 
1.0 6.0 0.0863128372055108 0.131712012 0.0 0.0 1.0 1.0 1.0 0.21 0.02 
0.0 1.0 0.298002400934844 0.158540663 0.04 0.05 0.986338797814207 0.989071038251366 0.987704918 292.08 0.38 
1.0 1.0 0.0224039112548652 0.011201956 0.07 0.07 0.986798679867986 0.986798679867986 0.98679868 303.0 0.58 
0.0 404.0 0.0 0.0 0.0 0.0 1.0 0.938775510204081 0.969387755 0.0 0.0 
1.0 3.0 0.0870995231917752 0.05504658 0.19 0.33 0.897832817337461 0.897832817337461 0.897832817 323.02 2.04 
0.0 116.0 0.02427927049306 0.012139635 0.0 0.0 1.0 1.0 1.0 0.0 0.0 
1.0 6.0 0.0 0.0 0.0 0.0 1.0 1.0 1.0 0.0 0.0 
0.0 400.0 0.0435605050230868 0.032703101 0.0 0.0 1.0 0.996763754045307 0.998381877 0.01 0.0 
1.0 2.0 0.740510656554896 0.370255328 0.0 0.0 1.0 1.0 1.0 0.0 0.0 
0.0 320.0 0.0 0.0 0.0 0.0 1.0 1.0 1.0 0.0 0.0 
1.0 7.0 0.531148512151595 0.265574256 0.0 0.0 1.0 1.0 1.0 0.0 0.0 
0.0 103.0 0.0 0.0 0.0 0.0 1.0 1.0 1.0 0.0 0.0 
1.0 3.0 0.829985145084172 0.504471002 0.03 0.05 1.0 1.0 1.0 202.11 0.28 
0.0 205.0 0.0 0.0 0.0 0.0 0.986798679867986 0.99009900990099 0.988448845 0.04 0.01 
1.0 4.0 0.0516160194702958 0.087233765 0.03 0.03 1.0 1.0 1.0 253.02 0.19 
0.0 237.0 0.741718316647122 0.370859158 0.0 0.0 1.0 1.0 1.0 0.0 0.0 
1.0 4.0 0.0207057550810892 0.020705755 0.0 0.0 1.0 1.0 1.0 0.0 0.0 
0.0 43.0 0.412279353607123 0.206139677 0.0 0.0 1.0 0.969613259668508 0.98480663 0.0 0.0 
1.0 4.0 0.0200808046632287 0.010040402 0.01 0.01 0.991228070175438 0.994152046783625 0.992690058 55.83 0.16 
0.0 6.0 0.0 0.0 0.0 0.0 1.0 1.0 1.0 0.0 0.0 
1.0 1.0 0.271221628697345 0.239591993 0.05 0.06 1.0 1.0 1.0 135.77 0.56 
0.0 283.0 0.0212593629087996 0.010629681 0.0 0.0 0.971786833855799 0.996865203761755 0.984326019 0.06 0.01 
1.0 2.0 0.0185104751494431 0.009255238 0.04 0.05 0.992042440318302 0.992042440318302 0.99204244 377.0 0.42 
0.0 263.0 0.0 0.0 0.0 0.0 1.0 1.0 1.0 0.0 0.0 
1.0 0.0 1.30511164817586 1.305111648 -0.43 0.0 0.992146596858638 0.992146596858638 0.992146597 0.0 0.16 
0.0 163.0 0.0150784451220806 0.01502425 0.0 0.0 1.0 0.991649269311064 0.995824635 0.01 0.0 
1.0 1.0 0.678279343086484 0.399847296 0.03 0.08 0.985632183908045 0.985632183908045 0.985632184 351.55 0.12 
0.0 110.0 0.0959114171323825 0.297500752 0.0 0.02 1.0 0.992277992277992 0.996138996 29.96 0.28 
1.0 1.0 0.0758026428676064 0.07219793 0.2 0.2 0.968944099378882 0.968944099378882 0.968944099 644.0 1.35 
0.0 124.0 0.39128385161505 0.206357773 -0.01 0.0 0.867507886435331 0.993690851735015 0.930599369 0.83 0.06 
1.0 3.0 0.0620199882194553 0.059352268 0.0 0.0 1.0 1.0 1.0 0.02 0.0 
0.0 100.0 0.717885385512261 0.369600931 0.0 0.0 1.0 0.958990536277602 0.979495268 1.24 0.01 
1.0 7.0 0.704433045823142 0.667410197 0.01 0.06 1.0 1.0 1.0 30.55 0.3 
0.0 43.0 0.0 0.0 0.0 0.0 1.0 0.99638989169675 0.998194946 0.0 0.0 
1.0 5.0 0.860618583456463 0.450956745 -0.01 0.05 0.961988304093567 0.991228070175438 0.976608187 86.88 0.12 
0.0 2.0 0.0277783581726275 0.027778358 0.0 0.0 1.0 1.0 1.0 0.0 0.0 
1.0 6.0 0.37714652697009 0.25410022 0.31 0.67 0.663043478260869 0.663043478260869 0.663043478 218.47 2.79 
0.0 3.0 0.019542337228798 0.009771169 0.0 0.0 1.0 1.0 1.0 0.0 0.0 
1.0 6.0 0.415431027991573 0.772904389 0.0 0.09 1.0 1.0 1.0 75.69 0.47 
0.0 59.0 0.400197728931149 0.365054745 0.1 0.18 0.871134020618556 0.932989690721649 0.902061856 226.23 1.32 
1.0 2.0 0.946912170978799 1.03118691 0.2 0.6 1.0 1.0 1.0 75.3 1.27 
0.0 61.0 0.0355622440384318 0.025266149 0.0 0.0 1.0 0.97286012526096 0.986430063 0.03 0.0 
1.0 4.0 0.0 0.0 0.07 0.07 0.986970684039087 0.986970684039087 0.986970684 307.0 0.65 
0.0 53.0 0.0842013440645039 0.053207906 0.0 0.0 1.0 1.0 1.0 0.01 0.0 
1.0 1.0 0.0225321439208077 0.095188364 0.02 0.02 0.996644295302013 0.996644295302013 0.996644295 298.04 0.14 
0.0 240.0 0.210312624703678 0.105156312 0.0 0.0 1.0 0.986013986013986 0.993006993 0.0 0.0 
1.0 7.0 0.0 0.0 0.0 0.0 1.0 1.0 1.0 0.0 0.0 
0.0 202.0 0.0756333470998681 0.047958968 -0.01 0.0 0.760233918128654 0.982456140350877 0.871345029 2.61 0.1 
1.0 1.0 0.288211390110029 0.154821542 0.03 0.04 0.993690851735015 0.996845425867507 0.995268139 317.06 0.23 
0.0 89.0 0.232780953709695 0.202934938 -0.01 0.0 1.0 1.0 1.0 0.54 0.05 
1.0 1.0 0.0327206861068792 0.029533139 0.0 0.0 1.0 0.77327935222672 0.886639676 0.3 0.03 
0.0 25.0 0.551878325578596 0.541513419 -0.03 0.03 1.0 1.0 1.0 14.15 0.54 
1.0 3.0 0.038049545793566 0.019024773 0.02 0.02 0.996874999999999 0.996874999999999 0.996875 320.0 0.19 
0.0 102.0 0.0339945502968456 0.116408246 0.0 0.0 1.0 0.983827493261455 0.991913747 0.34 0.03 
1.0 5.0 0.0277783581726275 0.013889179 0.0 0.0 1.0 1.0 1.0 0.0 0.0 
0.0 131.0 0.0902707701242661 0.045135385 0.0 0.0 1.0 0.891025641025641 0.945512821 0.0 0.0 
1.0 2.0 0.0 0.0 0.04 0.04 0.994152046783625 0.994152046783625 0.994152047 342.0 0.36 
0.0 261.0 0.0 0.0 0.0 0.0 1.0 1.0 1.0 0.0 0.0 
1.0 1.0 0.0217855061668038 0.010892753 0.0 0.0 1.0 1.0 1.0 0.0 0.0 
0.0 27.0 0.1052946557876 0.052647328 0.0 0.0 1.0 0.994236311239193 0.997118156 0.0 0.0 
