1.0 1.0 0.382833705683126 0.877579428 0.2 0.47 0.94535519125683 0.94535519125683 0.945355191 804.12 1.03 
0.0 1.0 0.407701828830892 0.875160334 0.35 0.52 0.894329896907216 0.894329896907216 0.894329897 640.22 0.96 
1.0 5.0 0.259289072081916 0.129644536 0.04 0.06 0.98019801980198 0.986798679867986 0.98349835 200.65 0.51 
0.0 12.0 0.0758612201196971 0.03793061 0.0 0.0 1.0 1.0 1.0 0.0 0.0 
1.0 7.0 0.031746149071385 0.116254776 0.08 0.09 0.989999999999999 0.989999999999999 0.99 400.0 0.54 
0.0 155.0 0.742709694902273 0.422820848 -0.03 0.0 1.0 0.990445859872611 0.99522293 1.77 0.1 
1.0 0.0 0.0 0.0 0.0 0.0 1.0 1.0 1.0 0.0 0.0 
0.0 75.0 0.696576102069622 0.348288051 -0.11 0.07 1.0 0.784256559766763 0.89212828 29.17 0.68 
1.0 4.0 0.0352954379540603 0.079585681 0.0 0.0 1.0 1.0 1.0 0.04 0.01 
0.0 87.0 0.0771064198116654 0.03855321 0.0 0.0 1.0 1.0 1.0 0.0 0.0 
1.0 5.0 0.492835397428675 0.360167706 -0.01 0.01 1.0 1.0 1.0 13.51 0.0 
0.0 6.0 0.0754017467854704 0.154561371 0.11 0.12 0.977987421383647 0.987421383647798 0.982704403 453.41 0.81 
1.0 5.0 0.048394137828187 0.03629897 0.02 0.02 0.996350364963503 0.996350364963503 0.996350365 274.01 0.2 
0.0 85.0 0.0234758940935979 0.023440784 0.0 0.0 1.0 0.996478873239436 0.998239437 0.01 0.0 
1.0 7.0 0.0666767281676593 0.054736384 0.01 0.02 1.0 1.0 1.0 138.0 0.2 
0.0 351.0 0.0278798704683955 0.013939935 0.0 0.0 0.987068965517241 0.995689655172413 0.99137931 0.03 0.01 
1.0 0.0 1.39911715517933 1.399117155 -0.57 0.0 0.994609164420485 0.994609164420485 0.994609164 0.0 0.81 
0.0 58.0 0.0429694362376849 0.139687261 0.0 0.0 1.0 1.0 1.0 0.11 0.01 
1.0 1.0 0.0 0.0 0.07 0.07 0.986798679867986 0.986798679867986 0.98679868 303.0 0.65 
0.0 259.0 0.749601204475194 0.404245136 -0.01 0.0 1.0 0.997134670487106 0.998567335 1.3 0.06 
1.0 3.0 0.680889987266653 1.048196858 0.01 0.19 1.0 1.0 1.0 108.23 0.16 
0.0 142.0 0.0959114171323825 0.047955709 0.0 0.0 1.0 0.992277992277992 0.996138996 0.0 0.0 
1.0 2.0 0.94254457835384 0.826184288 0.17 0.45 0.988636363636363 0.988636363636363 0.988636364 693.3 0.32 
0.0 14.0 0.23383732695556 0.208222602 -0.01 0.0 1.0 1.0 1.0 0.65 0.06 
1.0 4.0 0.476305553807032 0.238152777 0.0 0.0 1.0 0.995798319327731 0.99789916 0.0 0.0 
0.0 100.0 1.47021929237855 1.243830926 0.01 0.19 1.0 0.92 0.96 234.83 0.03 
1.0 0.0 0.667354627932219 0.667354628 -0.12 0.0 0.975342465753424 0.975342465753424 0.975342466 0.0 2.43 
0.0 506.0 0.221139184284392 0.110569592 0.0 0.0 1.0 1.0 1.0 0.0 0.0 
1.0 1.0 0.149583774342253 0.074791887 0.01 0.02 0.994301994301994 0.997150997150997 0.995726496 175.0 0.14 
0.0 12.0 0.430391022925244 0.224579646 0.0 0.0 1.0 0.991913746630727 0.995956873 0.46 0.04 
1.0 7.0 0.0967603495281212 0.163406033 0.0 0.0 1.0 1.0 1.0 0.27 0.03 
0.0 80.0 0.0778041344031273 0.038902067 0.0 0.0 1.0 1.0 1.0 0.0 0.0 
1.0 1.0 0.0455750979354825 0.034217411 0.12 0.12 0.966887417218543 0.970198675496688 0.968543046 270.88 1.01 
0.0 19.0 0.9374723317261 0.482625345 0.0 0.0 1.0 0.987068965517241 0.993534483 0.61 0.04 
1.0 5.0 0.0767661839885406 0.354186435 -0.01 0.0 1.0 1.0 1.0 1.24 0.02 
0.0 46.0 0.0649108086393813 0.032455404 0.0 0.0 1.0 1.0 1.0 0.0 0.0 
1.0 6.0 0.0405602919446984 0.03042244 0.09 0.1 0.979591836734693 0.979591836734693 0.979591837 343.01 0.83 
0.0 81.0 0.72161012213659 0.418137702 -0.01 0.02 1.0 0.996960486322188 0.998480243 12.19 0.11 
1.0 7.0 0.0407748840552377 0.03859688 0.0 0.0 1.0 1.0 1.0 0.01 0.0 
0.0 312.0 0.313145524992044 0.224962109 -0.01 0.01 0.914772727272727 0.99715909090909 0.955965909 11.85 0.04 
1.0 2.0 0.0 0.0 0.0 0.0 1.0 1.0 1.0 0.0 0.0 
0.0 144.0 0.0414328681373426 0.156181333 0.02 0.02 1.0 1.0 1.0 143.53 0.12 
1.0 6.0 0.434981809734327 0.217490905 0.0 0.0 1.0 1.0 1.0 0.0 0.0 
0.0 125.0 0.0771425830733485 0.213772563 0.05 0.11 0.954198473282442 0.969465648854961 0.961832061 172.26 0.62 
1.0 3.0 0.708663566526775 0.635499356 0.17 0.51 0.983164983164983 0.983164983164983 0.983164983 540.97 1.88 
0.0 119.0 0.18368853608159 0.824292471 -0.08 0.13 0.893129770992366 0.994910941475826 0.944020356 186.76 0.5 
1.0 4.0 0.145564921210343 0.75910163 0.05 0.23 0.945147679324894 0.953586497890295 0.949367089 464.2 0.79 
0.0 16.0 0.0383614089131149 0.019180704 0.0 0.0 1.0 1.0 1.0 0.0 0.0 
1.0 1.0 1.43169340170676 1.25644723 0.17 0.7 0.880813953488372 0.880813953488372 0.880813953 802.67 1.32 
0.0 26.0 0.576650295333497 0.534742846 -0.02 0.03 1.0 0.997455470737913 0.998727735 18.47 0.14 
1.0 0.0 0.0 0.0 0.0 0.0 1.0 1.0 1.0 0.0 0.0 
0.0 362.0 0.229569562073634 0.186325054 0.03 0.05 1.0 0.96875 0.984375 134.74 0.54 
1.0 5.0 1.31293028096472 0.65646514 0.01 0.01 0.991803278688524 0.997267759562841 0.994535519 121.33 0.03 
0.0 74.0 0.0202845880542838 0.020258908 -0.01 0.0 0.979591836734693 0.982507288629737 0.981049563 0.17 0.02 
1.0 5.0 0.0209234528265329 0.098732267 0.12 0.15 0.936416184971098 0.95664739884393 0.946531792 247.14 1.17 
0.0 50.0 0.0220900695991859 0.064139763 0.0 0.0 1.0 0.996710526315789 0.998355263 0.02 0.0 
1.0 7.0 0.796058633619711 1.090156926 0.06 0.41 0.997275204359672 0.997275204359672 0.997275204 606.27 0.4 
0.0 121.0 0.0 0.0 0.0 0.0 1.0 0.994845360824742 0.99742268 0.0 0.0 
1.0 5.0 0.172184517131063 0.160884095 0.0 0.0 1.0 0.996987951807228 0.998493976 0.33 0.04 
0.0 1.0 0.038060092151583 0.038060092 0.0 0.0 1.0 1.0 1.0 0.01 0.0 
1.0 3.0 1.36083999245676 1.255505042 0.15 0.54 0.981249999999999 0.981249999999999 0.98125 849.54 0.59 
0.0 44.0 0.578528757450903 0.393245557 -0.01 0.01 1.0 0.985250737463126 0.992625369 5.62 0.22 
1.0 1.0 1.2022982207951 0.60114911 0.0 0.0 1.0 1.0 1.0 0.0 0.0 
0.0 58.0 0.607103801952931 0.403149683 0.12 0.22 0.90721649484536 0.943298969072164 0.925257732 298.25 0.95 
1.0 3.0 0.0771462314252572 0.337650506 -0.01 0.0 1.0 1.0 1.0 0.93 0.07 
0.0 88.0 0.0183843972236067 0.009192199 0.0 0.0 1.0 1.0 1.0 0.0 0.0 
1.0 2.0 0.0773036079807894 0.038651804 0.0 0.0 1.0 1.0 1.0 0.0 0.0 
0.0 60.0 0.0213164757906426 0.070128773 0.0 0.0 1.0 0.996855345911949 0.998427673 0.05 0.01 
1.0 7.0 0.838227258499489 0.518711412 0.25 0.39 0.90721649484536 0.90721649484536 0.907216495 643.23 1.41 
0.0 408.0 0.0276776371425936 0.013838819 0.0 0.0 1.0 1.0 1.0 0.0 0.0 
1.0 5.0 0.441370542519562 0.239860663 0.01 0.02 1.0 1.0 1.0 157.59 0.08 
0.0 188.0 0.0712759023849942 0.053328113 0.0 0.0 0.962750716332378 0.997134670487106 0.979942693 0.15 0.02 
1.0 1.0 0.836902271913767 0.524705568 0.14 0.16 0.997422680412371 0.997422680412371 0.99742268 1430.63 0.56 
0.0 105.0 0.0 0.0 0.0 0.0 1.0 1.0 1.0 0.0 0.0 
1.0 4.0 0.0955175295989993 0.377812213 0.0 0.01 1.0 1.0 1.0 2.35 0.11 
0.0 245.0 0.0737168167558234 0.15842987 0.0 0.0 1.0 0.914675767918088 0.957337884 2.32 0.05 
1.0 1.0 0.0276776371425936 0.013838819 0.0 0.0 1.0 1.0 1.0 0.0 0.0 
0.0 173.0 0.477004403110432 0.238502202 0.0 0.0 0.996774193548387 0.996774193548387 0.996774194 0.12 0.01 
1.0 2.0 0.0773036079807894 0.038651804 0.0 0.0 1.0 1.0 1.0 0.0 0.0 
0.0 200.0 0.215679844643088 0.107839922 0.0 0.0 1.0 1.0 1.0 0.0 0.0 
1.0 5.0 0.0440460714620383 0.101058843 0.03 0.04 1.0 1.0 1.0 354.99 0.29 
0.0 5.0 0.0600239093195218 0.040756857 0.0 0.0 1.0 1.0 1.0 0.01 0.0 
1.0 7.0 0.0 0.0 0.0 0.0 1.0 0.996688741721854 0.998344371 0.0 0.0 
0.0 185.0 0.0228597243679244 0.011429862 0.0 0.0 1.0 0.966887417218543 0.983443709 0.0 0.0 
1.0 2.0 0.0690585676413284 0.061987723 0.02 0.02 0.997142857142857 0.997142857142857 0.997142857 350.04 0.17 
0.0 235.0 0.0745300361366993 0.056946982 0.0 0.0 1.0 0.997134670487106 0.998567335 0.04 0.01 
1.0 1.0 0.0263455923390652 0.140510344 0.04 0.05 0.991967871485943 0.991967871485943 0.991967871 249.06 0.27 
0.0 37.0 0.0299727550330972 0.112312622 0.0 0.0 1.0 1.0 1.0 0.04 0.01 
1.0 7.0 0.040048630190433 0.140819573 0.0 0.0 1.0 1.0 1.0 0.09 0.01 
0.0 130.0 0.192676207660135 0.777588137 -0.01 0.09 1.0 0.940721649484536 0.970360825 224.36 0.16 
1.0 4.0 0.419476629126541 0.331808108 -0.01 0.01 1.0 0.988200589970501 0.994100295 21.28 0.01 
0.0 236.0 0.0737168167558234 0.057280267 0.0 0.0 1.0 0.914675767918088 0.957337884 0.21 0.02 
1.0 7.0 0.0600239093195218 0.051496673 0.0 0.0 1.0 1.0 1.0 0.02 0.0 
0.0 10.0 0.0485286554060802 0.041620983 -0.02 0.0 0.332402234636871 0.994413407821229 0.663407821 1.26 0.01 
1.0 3.0 0.779478842749047 1.059332938 0.01 0.14 1.0 1.0 1.0 232.38 0.16 
0.0 68.0 0.0613389110031691 0.333075314 -0.02 0.0 0.97452229299363 0.97452229299363 0.974522293 2.18 0.05 
1.0 6.0 0.131728022046043 0.123196652 0.0 0.0 1.0 0.996960486322188 0.998480243 0.2 0.03 
0.0 30.0 0.759131833481686 0.398491687 -0.01 0.0 1.0 1.0 1.0 1.68 0.05 
1.0 3.0 0.798195478142292 0.527754396 -0.02 0.03 0.976623376623376 0.997402597402597 0.987012987 64.53 0.21 
0.0 185.0 0.339359423248505 0.256381674 -0.02 0.03 0.90721649484536 0.997422680412371 0.952319588 114.92 0.07 
1.0 4.0 0.770381442962398 0.650921951 0.03 0.14 1.0 1.0 1.0 77.58 1.49 
0.0 113.0 0.454011591519564 0.322954866 -0.01 0.01 1.0 1.0 1.0 2.98 0.19 
1.0 6.0 0.524058463354706 0.285084451 0.28 0.33 0.90282131661442 0.905956112852664 0.904388715 705.55 1.72 
0.0 329.0 0.0277783581726275 0.013889179 0.0 0.0 1.0 0.987068965517241 0.993534483 0.01 0.0 
1.0 4.0 0.744456670670716 0.372228335 0.02 0.02 0.997050147492625 0.997050147492625 0.997050147 339.0 0.06 
0.0 164.0 0.742709694902273 0.392839566 0.0 0.01 1.0 0.990445859872611 0.99522293 10.59 0.05 
1.0 1.0 0.255429986523709 0.239492105 0.17 0.19 1.0 1.0 1.0 1276.97 1.14 
0.0 264.0 1.40928658583307 0.757267901 -0.01 0.01 1.0 0.878125 0.9390625 4.21 0.07 
1.0 6.0 0.954786664104014 0.498053653 0.01 0.01 1.0 1.0 1.0 217.42 0.04 
0.0 90.0 0.0904388751185517 0.077667549 0.02 0.02 1.0 0.994011976047904 0.997005988 26.66 0.25 
1.0 3.0 0.0821275116809847 0.051310183 0.02 0.02 1.0 0.996987951807228 0.998493976 332.0 0.19 
0.0 267.0 0.240038828967687 0.120019414 -0.03 0.01 0.883280757097791 0.962145110410094 0.922712934 11.32 0.26 
1.0 5.0 0.219620042330646 0.109810021 0.0 0.0 1.0 1.0 1.0 0.0 0.0 
0.0 112.0 0.050935213239972 0.03820521 0.0 0.0 0.992277992277992 0.992277992277992 0.992277992 0.05 0.01 
1.0 6.0 0.0376557446286782 0.029317195 0.0 0.0 1.0 1.0 1.0 0.01 0.0 
0.0 355.0 0.310274146541635 0.165999908 -0.02 0.0 1.0 0.933734939759036 0.96686747 0.75 0.1 
1.0 7.0 0.0947884450940259 0.066722831 0.0 0.0 1.0 1.0 1.0 0.04 0.01 
0.0 272.0 0.862425975002266 0.616835272 -0.02 0.07 1.0 0.913312693498452 0.956656347 43.29 0.02 
1.0 5.0 0.0531460073072784 0.026573004 0.0 0.0 1.0 1.0 1.0 0.0 0.0 
0.0 37.0 0.0414328681373426 0.032315281 0.0 0.0 1.0 0.996527777777777 0.998263889 0.01 0.0 
1.0 6.0 0.0 0.0 0.0 0.0 1.0 1.0 1.0 0.0 0.0 
0.0 44.0 0.883504949470676 0.441752475 0.0 0.0 1.0 1.0 1.0 0.0 0.0 
1.0 0.0 0.242165520853688 0.242165521 -0.01 0.0 1.0 1.0 1.0 0.0 1.4 
0.0 184.0 0.669740131854434 0.334870066 -0.01 0.0 1.0 0.995689655172413 0.997844828 1.56 0.05 
1.0 3.0 0.0220900695991859 0.02209007 0.02 0.02 1.0 1.0 1.0 304.0 0.24 
0.0 407.0 0.0863062523442876 0.644990952 -0.08 0.06 0.902061855670103 0.90721649484536 0.904639175 38.0 0.03 
1.0 3.0 0.604811716417282 0.313150761 0.0 0.01 1.0 0.97452229299363 0.987261146 3.84 0.07 
0.0 224.0 0.66397689936614 0.568473406 -0.05 0.06 1.0 0.982195845697329 0.991097923 28.81 0.44 
1.0 3.0 0.0583116684022933 0.029155834 0.0 0.0 1.0 0.996932515337423 0.998466258 0.0 0.0 
0.0 131.0 0.898863875971626 0.449431938 0.0 0.0 1.0 0.925696594427244 0.962848297 0.0 0.0 
1.0 5.0 0.0584062649333791 0.040871085 0.14 0.17 0.959595959595959 0.959595959595959 0.95959596 297.01 1.39 
0.0 114.0 0.944729522285407 0.483022999 0.0 0.0 1.0 0.914826498422712 0.957413249 0.9 0.03 
1.0 3.0 0.0496297865041388 0.080579691 0.12 0.16 0.963636363636363 0.963636363636363 0.963636364 275.04 1.17 
0.0 33.0 0.578528757450903 0.499002693 0.07 0.1 0.985250737463126 0.988200589970501 0.986725664 306.37 0.12 
1.0 7.0 0.874227138616876 0.437113569 0.0 0.0 1.0 0.996884735202492 0.998442368 0.0 0.0 
0.0 252.0 0.0278798704683955 0.013939935 0.0 0.0 0.995689655172413 0.995689655172413 0.995689655 0.01 0.0 
1.0 1.0 0.669740131854434 0.498396879 -0.02 0.03 1.0 1.0 1.0 8.62 0.25 
0.0 38.0 0.339359423248505 0.747267029 0.0 0.1 0.963917525773195 0.997422680412371 0.980670103 162.2 0.24 
1.0 3.0 0.0 0.0 0.0 0.0 1.0 1.0 1.0 0.0 0.0 
0.0 4.0 0.778124050497512 0.668794871 0.19 0.63 0.881578947368421 0.898026315789473 0.889802632 851.59 2.04 
1.0 3.0 0.0295044445015376 0.029504445 0.0 0.0 1.0 1.0 1.0 0.0 0.0 
0.0 40.0 0.0267419762938263 0.065390621 0.0 0.0 1.0 1.0 1.0 0.02 0.0 
1.0 3.0 0.933384669133901 0.544464545 0.02 0.03 1.0 1.0 1.0 339.87 0.1 
0.0 191.0 0.264879734006728 0.132439867 -0.01 0.0 1.0 0.925696594427244 0.962848297 0.82 0.02 
1.0 2.0 0.116621400474231 0.0583107 0.0 0.0 1.0 1.0 1.0 0.0 0.0 
0.0 202.0 0.0212025770039786 0.010601289 0.0 0.0 1.0 0.996865203761755 0.998432602 0.0 0.0 
1.0 2.0 0.189023433691842 0.851330949 0.15 0.34 0.914948453608247 0.914948453608247 0.914948454 612.68 0.39 
0.0 14.0 0.018855917943417 0.085687217 0.0 0.0 1.0 0.997267759562841 0.99863388 0.02 0.0 
1.0 2.0 0.729096180970132 0.511752905 -0.02 0.05 1.0 1.0 1.0 37.07 0.47 
0.0 26.0 0.0557409191195386 0.02787046 0.0 0.0 0.995689655172413 0.995689655172413 0.995689655 0.01 0.0 
1.0 5.0 0.0832846732333399 0.041642337 0.0 0.0 1.0 1.0 1.0 0.0 0.0 
0.0 307.0 0.1991955645715 0.194109499 -0.05 0.03 0.90721649484536 0.914948453608247 0.911082474 160.36 0.14 
1.0 1.0 0.0547547716962164 0.048862104 0.0 0.0 1.0 1.0 1.0 0.01 0.0 
0.0 13.0 0.0 0.0 0.0 0.0 1.0 1.0 1.0 0.0 0.0 
1.0 3.0 0.240038828967687 0.173906571 0.28 0.4 0.883280757097791 0.889589905362776 0.886435331 639.77 2.22 
0.0 168.0 0.0349602416425353 0.07147413 0.0 0.0 0.994366197183098 0.997183098591549 0.995774648 0.11 0.01 
1.0 1.0 0.0 0.0 0.0 0.0 1.0 1.0 1.0 0.0 0.0 
0.0 89.0 0.94254457835384 0.699238242 0.03 0.19 0.985795454545454 0.988636363636363 0.987215909 114.75 0.34 
1.0 1.0 0.0 0.0 0.0 0.0 1.0 1.0 1.0 0.0 0.0 
0.0 101.0 0.409339898965347 0.204669949 0.0 0.0 1.0 1.0 1.0 0.0 0.0 
1.0 3.0 0.680889987266653 1.048196858 0.01 0.19 1.0 1.0 1.0 108.23 0.16 
0.0 0.0 1.30511164817586 1.305111648 -0.43 0.0 0.992146596858638 0.992146596858638 0.992146597 0.0 0.16 
1.0 6.0 0.0665854743974204 0.049946293 0.09 0.1 0.979057591623036 0.979057591623036 0.979057592 191.01 0.76 
0.0 35.0 0.256634355441777 0.128317178 0.0 0.0 1.0 1.0 1.0 0.0 0.0 
1.0 4.0 0.846299466951633 0.423149733 0.0 0.0 1.0 1.0 1.0 0.0 0.0 
0.0 56.0 0.0 0.0 0.03 0.13 0.865497076023391 0.935672514619882 0.900584795 135.82 1.36 
1.0 7.0 0.696576102069622 0.415164025 -0.02 0.03 1.0 0.997084548104956 0.998542274 349.97 0.01 
0.0 307.0 0.260263694977619 0.130131847 0.0 0.0 1.0 0.980237154150197 0.990118577 0.0 0.0 
1.0 7.0 1.83577221874529 1.638728617 0.01 0.34 0.93465909090909 0.994318181818181 0.964488636 563.2 0.05 
0.0 46.0 0.323535568963029 0.842187781 -0.04 0.03 1.0 0.981249999999999 0.990625 31.78 0.2 
1.0 5.0 1.59890972087256 1.461714237 0.06 0.63 0.992932862190812 0.992932862190812 0.992932862 607.89 0.18 
0.0 16.0 0.0759774505806457 0.092349575 0.0 0.0 1.0 0.997395833333333 0.998697917 0.11 0.01 
1.0 7.0 0.535515215892509 0.796074208 0.01 0.16 0.922600619195046 0.984520123839009 0.953560372 143.04 0.61 
0.0 13.0 0.814553554940188 0.416595987 0.01 0.02 1.0 0.997311827956989 0.998655914 372.89 0.03 
1.0 1.0 0.0217855061668038 0.010892753 0.0 0.0 1.0 1.0 1.0 0.0 0.0 
0.0 5.0 0.272597785242234 0.148870928 0.0 0.0 1.0 0.963099630996309 0.981549815 0.96 0.09 
1.0 3.0 0.0 0.0 0.0 0.0 1.0 1.0 1.0 0.0 0.0 
0.0 42.0 1.37490869492626 0.75158012 0.02 0.12 0.817708333333333 0.997395833333333 0.907552083 105.18 0.11 
1.0 2.0 0.0199805477243617 0.009990274 0.0 0.0 1.0 1.0 1.0 0.0 0.0 
0.0 3.0 0.87242507144054 0.46972587 0.01 0.02 1.0 1.0 1.0 36.22 0.06 
1.0 2.0 0.909980258250622 0.454990129 0.01 0.04 0.993993993993994 0.996996996996996 0.995495495 333.0 0.12 
0.0 147.0 0.181292378441966 0.716636121 0.0 0.03 1.0 0.989690721649484 0.994845361 35.85 0.2 
1.0 1.0 0.663079958249567 0.331539979 0.16 0.3 0.909375 0.909375 0.909375 320.0 0.84 
0.0 166.0 0.0 0.0 0.0 0.0 1.0 0.938775510204081 0.969387755 0.0 0.0 
1.0 7.0 0.0277783581726275 0.027778358 0.0 0.0 1.0 1.0 1.0 0.0 0.0 
0.0 101.0 0.28808902035702 0.14404451 0.0 0.0 1.0 0.932307692307692 0.966153846 0.0 0.0 
1.0 4.0 0.420164637173218 0.368932268 0.07 0.09 1.0 1.0 1.0 243.48 0.65 
0.0 12.0 0.0234056746645995 0.023405675 0.0 0.0 1.0 1.0 1.0 0.0 0.0 
1.0 3.0 0.101475461577786 0.050737731 0.02 0.03 0.996138996138996 0.996138996138996 0.996138996 259.0 0.2 
0.0 39.0 0.021489805529056 0.010744903 0.0 0.0 1.0 1.0 1.0 0.0 0.0 
1.0 6.0 2.01024142777587 1.60695854 0.36 0.8 0.760309278350515 0.902061855670103 0.831185567 727.48 0.01 
0.0 1.0 0.0 0.0 0.02 0.02 0.996428571428571 0.996428571428571 0.996428571 280.0 0.25 
1.0 5.0 0.201075083833952 0.100537542 0.0 0.0 1.0 1.0 1.0 0.0 0.0 
0.0 138.0 0.904611110601021 0.901737493 0.07 0.2 1.0 0.925696594427244 0.962848297 98.09 1.52 
1.0 5.0 0.0 0.0 0.17 0.32 0.900928792569659 0.900928792569659 0.900928793 323.0 2.08 
0.0 664.0 0.275922579217591 0.151410915 0.0 0.0 1.0 1.0 1.0 0.09 0.01 
1.0 2.0 0.0 0.0 0.0 0.0 1.0 1.0 1.0 0.0 0.0 
0.0 11.0 0.0277783581726275 0.027778358 0.0 0.0 1.0 1.0 1.0 0.0 0.0 
1.0 6.0 0.0 0.0 0.0 0.0 1.0 1.0 1.0 0.0 0.0 
0.0 213.0 0.0737168167558234 0.057280267 0.0 0.0 1.0 0.914675767918088 0.957337884 0.21 0.03 
