1.0 1.0 0.455892906736437 0.248026535 0.0 0.0 1.0 1.0 1.0 0.22 0.03 
0.0 61.0 0.0968506565216047 0.297508096 0.0 0.01 1.0 0.996815286624203 0.998407643 12.32 0.22 
1.0 6.0 0.0676085614974587 0.24185902 0.01 0.02 1.0 0.997206703910614 0.998603352 358.27 0.07 
0.0 5.0 1.2977148224599 0.648857411 0.0 0.0 1.0 1.0 1.0 0.0 0.0 
1.0 3.0 0.768633141907376 0.408213097 0.03 0.05 0.991044776119403 0.994029850746268 0.992537313 331.23 0.17 
0.0 238.0 0.0277783581726275 0.027778358 0.0 0.0 1.0 1.0 1.0 0.0 0.0 
1.0 4.0 0.168321249171228 0.154632452 0.03 0.04 0.997101449275362 0.997101449275362 0.997101449 673.77 0.2 
0.0 54.0 0.0262556850879242 0.013127843 0.0 0.0 1.0 1.0 1.0 0.0 0.0 
1.0 1.0 0.443350525459811 0.318730836 0.01 0.02 1.0 1.0 1.0 267.1 0.02 
0.0 143.0 0.608819744380155 0.313378578 0.0 0.0 1.0 0.989690721649484 0.994845361 0.17 0.01 
1.0 2.0 0.0731281173561998 0.095476481 0.01 0.01 1.0 1.0 1.0 40.18 0.17 
0.0 145.0 0.16159823334924 0.080799117 0.0 0.0 1.0 1.0 1.0 0.0 0.0 
1.0 4.0 0.132870040090655 0.06643502 0.18 0.24 0.871134020618556 0.90721649484536 0.889175258 276.57 1.96 
0.0 48.0 0.607103801952931 0.881139218 0.04 0.25 0.943298969072164 0.963917525773195 0.953608247 947.19 0.21 
1.0 1.0 0.0814830923424272 0.068118932 0.0 0.0 1.0 1.0 1.0 0.02 0.0 
0.0 116.0 0.712042783029343 0.689044253 0.15 0.48 0.899484536082474 0.909793814432989 0.904639175 526.14 1.63 
1.0 5.0 0.940488589087783 1.042743969 0.05 0.51 1.0 1.0 1.0 282.16 0.03 
0.0 235.0 0.046939257774748 0.044428423 0.0 0.0 1.0 0.996478873239436 0.998239437 0.02 0.0 
1.0 4.0 0.349238670780615 0.301517961 0.02 0.03 0.997267759562841 0.997267759562841 0.99726776 368.61 0.11 
0.0 243.0 0.0951158519080739 0.047557926 0.0 0.0 1.0 1.0 1.0 0.0 0.0 
1.0 4.0 0.0220900695991859 0.083377467 0.01 0.01 1.0 1.0 1.0 29.5 0.18 
0.0 185.0 0.0228597243679244 0.011429862 0.0 0.0 1.0 0.966887417218543 0.983443709 0.0 0.0 
1.0 6.0 0.0 0.0 0.0 0.0 1.0 1.0 1.0 0.0 0.0 
0.0 30.0 0.0841156071386904 0.163279104 0.01 0.02 0.997912317327766 0.997912317327766 0.997912317 479.34 0.05 
1.0 4.0 0.739152082396845 0.422670769 0.01 0.03 0.996710526315789 0.996710526315789 0.996710526 314.36 0.06 
0.0 189.0 0.0277783581726275 0.027778358 0.0 0.0 1.0 1.0 1.0 0.0 0.0 
1.0 6.0 0.0 0.0 0.0 0.0 1.0 1.0 1.0 0.0 0.0 
0.0 39.0 0.431439280559023 0.343975409 0.0 0.01 1.0 1.0 1.0 19.9 0.03 
1.0 7.0 0.0 0.0 0.0 0.0 1.0 1.0 1.0 0.0 0.0 
0.0 88.0 0.0222144687344339 0.011107234 0.0 0.0 1.0 0.929230769230769 0.964615385 0.0 0.0 
1.0 3.0 0.0 0.0 0.09 0.09 0.982300884955752 0.982300884955752 0.982300885 226.0 0.79 
0.0 111.0 0.296510265599824 0.209776877 0.0 0.0 1.0 1.0 1.0 0.59 0.06 
1.0 0.0 0.040160163405664 0.040160163 0.0 0.0 1.0 1.0 1.0 0.0 0.39 
0.0 507.0 2.01024142777587 1.523734284 -0.05 0.34 0.760309278350515 0.84020618556701 0.800257732 464.88 0.1 
1.0 0.0 0.0467492277569555 0.046749228 0.0 0.0 1.0 1.0 1.0 0.0 0.45 
0.0 113.0 0.761409699370972 0.38070485 0.0 0.0 1.0 0.953586497890295 0.976793249 0.0 0.0 
1.0 2.0 0.837457844093488 0.746652747 0.11 0.26 0.961988304093567 0.964912280701754 0.963450292 454.45 0.86 
0.0 5.0 0.405714574961642 0.757861571 0.02 0.13 0.961988304093567 0.991228070175438 0.976608187 125.42 0.44 
1.0 4.0 0.0456883890739836 0.045688389 0.0 0.0 1.0 1.0 1.0 0.01 0.0 
0.0 7.0 0.604666495397173 0.312606067 0.09 0.15 0.965014577259475 0.967930029154518 0.966472303 656.49 0.64 
1.0 2.0 0.05943229865313 0.844858159 0.03 0.05 0.992857142857142 0.996428571428571 0.994642857 198.28 0.05 
0.0 113.0 0.0 0.0 0.0 0.0 0.993846153846153 0.996923076923076 0.995384615 0.01 0.0 
1.0 2.0 0.0773036079807894 0.052540983 0.0 0.0 1.0 1.0 1.0 0.01 0.0 
0.0 25.0 0.0367617398647108 0.679659653 -0.01 0.02 1.0 0.997354497354497 0.998677249 18.0 0.09 
1.0 1.0 0.269761622676472 0.198450178 0.06 0.07 0.990624999999999 0.990624999999999 0.990625 374.82 0.46 
0.0 67.0 0.0 0.0 0.0 0.0 1.0 0.980263157894736 0.990131579 0.0 0.0 
1.0 7.0 0.0635053339109771 0.031752667 0.0 0.0 1.0 1.0 1.0 0.0 0.0 
0.0 77.0 0.838455913773507 0.547946348 0.0 0.2 0.90721649484536 0.935567010309278 0.921391753 268.71 0.38 
1.0 2.0 0.0773036079807894 0.052540983 0.0 0.0 1.0 1.0 1.0 0.01 0.0 
0.0 7.0 0.12081409501537 0.060407048 0.0 0.0 1.0 1.0 1.0 0.0 0.0 
1.0 2.0 0.442612612959429 0.241966627 0.0 0.0 1.0 1.0 1.0 0.31 0.03 
0.0 15.0 0.138769385841995 0.069384693 0.0 0.0 1.0 1.0 1.0 0.0 0.0 
1.0 1.0 0.467785087145833 0.253574507 0.01 0.02 0.997134670487106 0.997134670487106 0.99713467 349.25 0.07 
0.0 319.0 0.305126155084017 0.257977315 0.02 0.03 1.0 0.994565217391304 0.997282609 92.04 0.06 
1.0 0.0 0.192676207660135 0.192676208 -0.05 0.0 0.940721649484536 0.940721649484536 0.940721649 0.0 2.69 
0.0 190.0 0.050319038811679 0.236517372 0.0 0.0 1.0 0.980891719745222 0.99044586 0.35 0.04 
1.0 3.0 0.0 0.0 0.02 0.02 0.99628252788104 0.99628252788104 0.996282528 269.0 0.28 
0.0 59.0 0.693726792106099 0.480229356 0.0 0.06 1.0 1.0 1.0 48.62 0.44 
1.0 5.0 0.70505755944942 0.35252878 0.01 0.02 0.996763754045307 0.996763754045307 0.996763754 309.0 0.08 
0.0 125.0 0.0254752063474844 0.025391841 0.0 0.0 1.0 0.992277992277992 0.996138996 0.01 0.0 
1.0 4.0 0.771689812938995 0.411826812 0.0 0.01 1.0 1.0 1.0 5.77 0.15 
0.0 105.0 0.0668573928469679 0.033428696 0.0 0.0 1.0 1.0 1.0 0.0 0.0 
1.0 4.0 0.131957656052202 0.065978828 0.06 0.07 0.986970684039087 0.986970684039087 0.986970684 307.0 0.53 
0.0 219.0 0.0557409191195386 0.055740919 0.0 0.0 0.995689655172413 0.995689655172413 0.995689655 0.04 0.01 
1.0 1.0 0.0520383273589679 0.127784886 0.08 0.09 0.984126984126984 0.984126984126984 0.984126984 411.51 0.59 
0.0 14.0 0.0383614089131149 0.019180704 0.0 0.0 1.0 1.0 1.0 0.0 0.0 
1.0 3.0 0.0480954609920476 0.149999815 0.34 0.43 0.843076923076923 0.846153846153846 0.844615385 642.52 2.42 
0.0 73.0 0.480841441189327 0.240420721 0.0 0.0 1.0 1.0 1.0 0.0 0.0 
1.0 1.0 0.134258729623652 0.128858734 0.38 0.64 0.581761006289308 0.60062893081761 0.591194969 930.06 1.95 
0.0 144.0 0.818914270889944 0.428837405 0.0 0.0 1.0 0.961538461538461 0.980769231 0.81 0.05 
1.0 6.0 0.131691556532417 0.582715029 -0.01 0.03 1.0 1.0 1.0 13.65 0.01 
0.0 88.0 0.776930861034862 0.388465431 -0.02 0.0 0.972677595628415 0.997267759562841 0.984972678 0.67 0.02 
1.0 3.0 0.502425366099554 0.372517111 0.12 0.26 0.997375328083989 0.997375328083989 0.997375328 762.0 1.54 
0.0 207.0 0.123482653679507 0.061741327 0.0 0.0 0.791044776119402 0.996268656716417 0.893656716 0.3 0.03 
1.0 6.0 0.0410771942312423 0.116994643 0.0 0.0 1.0 1.0 1.0 0.1 0.02 
0.0 345.0 0.615613450001113 0.824675976 0.04 0.24 1.0 0.993527508090614 0.996763754 215.52 0.67 
1.0 1.0 0.0619860642827818 0.030993032 0.06 0.06 0.988805970149253 0.988805970149253 0.98880597 268.0 0.5 
0.0 115.0 0.049314561447632 0.024657281 0.0 0.0 1.0 1.0 1.0 0.0 0.0 
1.0 2.0 0.586649090609212 0.366636185 0.01 0.03 1.0 1.0 1.0 224.92 0.01 
0.0 70.0 0.038060092151583 0.57367176 -0.01 0.01 1.0 0.969613259668508 0.98480663 4.06 0.01 
1.0 7.0 0.432554134926898 0.22702197 0.12 0.14 0.969135802469135 0.969135802469135 0.969135802 324.11 0.8 
0.0 51.0 0.219112269696703 0.109556135 0.0 0.0 1.0 0.995689655172413 0.997844828 0.0 0.0 
1.0 2.0 1.98196373032307 1.933017262 0.17 0.81 0.990853658536585 0.990853658536585 0.990853659 1029.39 0.13 
0.0 66.0 0.0527032349254074 0.045082678 0.0 0.0 1.0 0.993846153846153 0.996923077 0.03 0.01 
1.0 0.0 0.264879734006728 0.264879734 0.0 0.0 1.0 1.0 1.0 0.0 1.55 
0.0 113.0 0.0557409191195386 0.041759639 0.0 0.0 1.0 0.995689655172413 0.997844828 0.01 0.0 
1.0 3.0 0.0891944327568476 0.149753529 0.07 0.09 0.986013986013986 0.986013986013986 0.986013986 356.56 0.59 
0.0 176.0 0.720242086623066 0.529800755 -0.02 0.04 0.909793814432989 0.997422680412371 0.953608247 44.71 0.07 
1.0 2.0 0.451330770166906 0.240080749 0.02 0.02 1.0 1.0 1.0 73.33 0.15 
0.0 58.0 0.0745300361366993 0.252984658 0.0 0.0 1.0 1.0 1.0 0.41 0.04 
1.0 7.0 0.840048575283238 0.430218363 0.03 0.06 1.0 0.991097922848664 0.995548961 369.79 0.16 
0.0 27.0 0.693726792106099 0.36654536 -0.02 0.01 1.0 0.997134670487106 0.998567335 5.04 0.03 
1.0 5.0 0.0222144687344339 0.011107234 0.0 0.0 1.0 1.0 1.0 0.0 0.0 
0.0 114.0 0.0202332278371195 0.092717286 0.0 0.0 1.0 1.0 1.0 0.03 0.01 
1.0 4.0 0.959416435265876 1.100646861 0.15 0.71 0.993569131832797 0.996784565916398 0.995176849 710.92 1.39 
0.0 3.0 0.0353803230759327 0.017690162 0.0 0.0 1.0 1.0 1.0 0.0 0.0 
1.0 1.0 0.0 0.0 0.0 0.0 1.0 1.0 1.0 0.0 0.0 
0.0 86.0 0.093386970375234 0.056992843 0.0 0.0 1.0 0.993939393939393 0.996969697 0.02 0.0 
1.0 7.0 0.078308356836447 0.751165694 0.36 0.43 0.845070422535211 0.859154929577464 0.852112676 570.95 0.68 
0.0 19.0 0.324744404380747 0.324139987 -0.01 0.01 1.0 1.0 1.0 2.01 0.15 
1.0 3.0 1.15374316890217 1.104598029 0.17 0.46 1.0 1.0 1.0 716.21 1.15 
0.0 25.0 0.212508864880071 0.683841749 -0.03 0.04 0.963917525773195 0.997422680412371 0.980670103 140.19 0.15 
1.0 7.0 0.0712759023849942 0.045780245 0.0 0.0 1.0 1.0 1.0 0.01 0.0 
0.0 9.0 0.835933402714826 0.797241804 -0.05 0.06 0.99375 0.996874999999999 0.9953125 181.33 0.0 
1.0 4.0 0.0285821223591092 0.014291061 0.0 0.0 1.0 0.996932515337423 0.998466258 0.0 0.0 
0.0 184.0 0.0591785835882164 0.047523373 0.0 0.0 1.0 0.894329896907216 0.947164948 0.26 0.03 
1.0 5.0 1.79869261291822 1.544817914 0.04 0.31 1.0 1.0 1.0 624.76 0.49 
0.0 104.0 0.0577147699548351 0.049558478 0.0 0.0 1.0 0.996960486322188 0.998480243 0.03 0.01 
1.0 1.0 0.0 0.0 0.0 0.0 1.0 1.0 1.0 0.0 0.0 
0.0 104.0 0.0557409191195386 0.041759639 0.0 0.0 1.0 0.995689655172413 0.997844828 0.01 0.0 
1.0 5.0 0.171986576106427 0.136591703 0.03 0.03 1.0 1.0 1.0 184.06 0.2 
0.0 161.0 0.0 0.0 0.0 0.0 1.0 0.776119402985074 0.888059701 0.0 0.0 
1.0 6.0 0.967248227089372 0.571396344 -0.02 0.03 1.0 1.0 1.0 8.39 0.1 
0.0 80.0 0.021489805529056 0.106693973 0.0 0.0 1.0 1.0 1.0 0.05 0.01 
1.0 3.0 0.0764595424535969 0.407228457 0.0 0.01 1.0 0.996845425867507 0.998422713 3.64 0.02 
0.0 96.0 0.972890737843999 0.495764578 0.0 0.0 1.0 1.0 1.0 0.57 0.02 
1.0 2.0 0.0924265213022947 0.07408372 0.05 0.05 1.0 0.995689655172413 0.997844828 441.81 0.48 
0.0 60.0 0.732079220680377 0.713180945 -0.03 0.05 0.943298969072164 0.994845360824742 0.969072165 166.22 0.04 
1.0 6.0 0.0754017467854704 0.154561371 0.11 0.12 0.977987421383647 0.987421383647798 0.982704403 453.41 0.81 
0.0 94.0 0.0647261948575221 0.032363097 0.0 0.0 1.0 1.0 1.0 0.0 0.0 
1.0 2.0 0.0277783581726275 0.027778358 0.0 0.0 1.0 1.0 1.0 0.0 0.0 
0.0 172.0 0.426614121210651 0.213307061 0.0 0.0 1.0 1.0 1.0 0.0 0.0 
1.0 7.0 0.730376373135806 0.441724022 0.01 0.03 1.0 1.0 1.0 19.83 0.28 
0.0 22.0 0.0383614089131149 0.019180704 0.0 0.0 1.0 1.0 1.0 0.0 0.0 
1.0 3.0 0.235649142468084 0.641346659 -0.02 0.03 1.0 1.0 1.0 18.08 0.02 
0.0 4.0 0.173568953521754 0.810535836 0.05 0.11 1.0 1.0 1.0 193.14 0.27 
1.0 1.0 0.159915955314656 0.079957978 0.15 0.24 0.935672514619882 0.935672514619882 0.935672515 342.0 1.47 
0.0 1.0 0.483916643587452 0.241958322 0.0 0.0 1.0 1.0 1.0 0.0 0.0 
1.0 4.0 0.0516160194702958 0.087233765 0.03 0.03 1.0 1.0 1.0 253.02 0.19 
0.0 159.0 0.730738170003502 0.365369085 0.0 0.0 1.0 0.997050147492625 0.998525074 0.0 0.0 
1.0 2.0 0.0 0.0 0.0 0.0 1.0 1.0 1.0 0.0 0.0 
0.0 59.0 0.455892906736437 0.227946453 0.0 0.0 1.0 0.993311036789297 0.996655518 0.22 0.03 
1.0 7.0 0.0887596340897758 0.055009498 0.02 0.02 1.0 1.0 1.0 318.0 0.19 
0.0 32.0 0.0 0.0 0.0 0.0 1.0 1.0 1.0 0.0 0.0 
1.0 2.0 0.0421702141319927 0.040010877 0.02 0.02 0.996894409937888 0.996894409937888 0.99689441 322.01 0.19 
0.0 231.0 0.0258158521548772 0.012907926 0.0 0.0 1.0 0.996047430830039 0.998023715 0.0 0.0 
1.0 6.0 0.0698679499389159 0.045948189 0.0 0.0 1.0 1.0 1.0 0.01 0.0 
0.0 456.0 0.477004403110432 0.249547236 -0.01 0.0 0.980645161290322 0.996774193548387 0.988709677 2.07 0.02 
1.0 2.0 0.869409850419958 0.953013172 -0.01 0.32 0.994269340974212 0.994269340974212 0.994269341 521.26 0.13 
0.0 89.0 0.0229264710740673 0.02257047 0.0 0.0 1.0 0.963576158940397 0.981788079 0.04 0.01 
1.0 4.0 0.021489805529056 0.068515255 0.02 0.02 1.0 1.0 1.0 156.5 0.18 
0.0 1.0 0.846039359308129 0.623430956 0.11 0.22 0.983673469387755 0.983673469387755 0.983673469 921.56 0.7 
1.0 3.0 0.0220900695991859 0.02209007 0.02 0.02 1.0 1.0 1.0 304.0 0.24 
0.0 79.0 0.0968506565216047 0.048425328 0.0 0.0 1.0 1.0 1.0 0.0 0.0 
1.0 5.0 1.59890972087256 1.461714237 0.06 0.63 0.992932862190812 0.992932862190812 0.992932862 607.89 0.18 
0.0 161.0 0.0217855061668038 0.010892753 0.0 0.0 1.0 1.0 1.0 0.0 0.0 
1.0 3.0 0.075467916829079 0.056610643 0.04 0.04 1.0 1.0 1.0 161.0 0.36 
0.0 50.0 0.0239068963031024 0.011953448 0.0 0.0 1.0 1.0 1.0 0.0 0.0 
1.0 4.0 0.838852894635788 1.131437963 0.19 0.46 0.839436619718309 0.859154929577464 0.849295775 888.97 0.43 
0.0 117.0 0.0185529135054495 0.551947348 0.0 0.0 1.0 0.876675603217158 0.938337802 0.65 0.03 
1.0 7.0 0.83443423629989 0.801167858 0.23 0.45 1.0 1.0 1.0 61.03 2.08 
0.0 146.0 0.255820803499984 0.127910402 0.0 0.0 1.0 0.992957746478873 0.996478873 0.06 0.02 
1.0 7.0 0.0300979582577513 0.022588202 0.05 0.05 0.991649269311064 0.993736951983298 0.992693111 479.0 0.42 
0.0 1.0 0.0383316528466879 0.019165826 0.0 0.0 1.0 1.0 1.0 0.0 0.0 
1.0 1.0 0.919172254439517 0.638786006 0.03 0.14 0.973760932944606 0.973760932944606 0.973760933 354.67 0.23 
0.0 293.0 0.0489668561696021 0.024483428 0.0 0.0 1.0 0.994413407821229 0.997206704 0.0 0.0 
1.0 2.0 0.961901135808946 0.633833887 0.2 0.55 0.788844621513944 0.800796812749003 0.794820717 801.51 0.95 
0.0 101.0 0.0277783581726275 0.013889179 0.0 0.0 1.0 1.0 1.0 0.0 0.0 
1.0 6.0 0.358859431630416 0.247050569 0.09 0.11 0.982578397212543 0.989547038327526 0.986062718 809.95 0.74 
0.0 32.0 0.0547547716962164 0.046654629 0.0 0.0 1.0 1.0 1.0 0.01 0.0 
1.0 4.0 0.0 0.0 0.0 0.0 1.0 1.0 1.0 0.0 0.0 
0.0 4.0 0.0183843972236067 0.009192199 0.0 0.0 1.0 1.0 1.0 0.0 0.0 
1.0 5.0 0.0549168777007294 0.027458439 0.0 0.0 1.0 0.994301994301994 0.997150997 0.0 0.0 
0.0 487.0 0.734955557406933 0.951188234 -0.22 0.09 0.886597938144329 0.891752577319587 0.889175258 68.01 0.19 
1.0 1.0 0.887716322145992 0.485683013 0.17 0.66 0.663043478260869 0.663043478260869 0.663043478 198.75 1.43 
0.0 99.0 0.0605098655008391 0.041088025 0.0 0.0 1.0 1.0 1.0 0.01 0.0 
1.0 4.0 0.0533840302767845 0.026692015 0.0 0.0 1.0 1.0 1.0 0.0 0.0 
0.0 789.0 0.503817112382778 0.482457149 -0.12 0.05 0.938775510204081 0.959183673469387 0.948979592 13.66 0.61 
1.0 1.0 0.560245306763885 0.297357708 0.01 0.02 1.0 1.0 1.0 179.09 0.07 
0.0 116.0 0.0222144687344339 0.011107234 0.0 0.0 1.0 0.929230769230769 0.964615385 0.0 0.0 
1.0 3.0 0.0310873835982239 0.015543692 0.42 0.67 0.537234042553191 0.539893617021276 0.53856383 372.0 2.27 
0.0 43.0 0.329911761480464 0.293674272 0.12 0.18 0.90721649484536 0.932989690721649 0.920103093 261.61 1.13 
1.0 1.0 0.935824645391622 0.674125123 0.19 0.3 0.924137931034482 0.924137931034482 0.924137931 300.38 0.38 
0.0 156.0 0.0599541287844177 0.047676477 0.0 0.0 0.988416988416988 0.992277992277992 0.99034749 0.06 0.01 
1.0 4.0 0.419476629126541 0.331808108 -0.01 0.01 1.0 0.988200589970501 0.994100295 21.28 0.01 
0.0 142.0 0.0429694362376849 0.671454462 0.0 0.02 1.0 1.0 1.0 40.58 0.02 
1.0 4.0 0.0 0.0 0.0 0.0 1.0 1.0 1.0 0.0 0.0 
0.0 35.0 0.680089072238038 0.340044536 0.0 0.0 1.0 1.0 1.0 0.0 0.0 
1.0 1.0 0.255429986523709 0.239492105 0.17 0.19 1.0 1.0 1.0 1276.97 1.14 
0.0 38.0 0.0485286554060802 0.024264328 0.0 0.0 1.0 0.99719887955182 0.99859944 0.01 0.0 
1.0 1.0 0.0 0.0 0.0 0.0 1.0 1.0 1.0 0.0 0.0 
0.0 325.0 0.866958696889648 0.669964305 0.08 0.14 1.0 0.982195845697329 0.991097923 86.75 0.63 
1.0 4.0 0.0197345316184079 0.009867266 0.0 0.0 1.0 1.0 1.0 0.0 0.0 
0.0 69.0 0.0736871448813177 0.056101078 0.0 0.0 1.0 1.0 1.0 0.03 0.0 
1.0 3.0 0.0 0.0 0.0 0.0 1.0 1.0 1.0 0.0 0.0 
0.0 9.0 0.517165350026592 0.258582675 0.02 0.03 0.994845360824742 0.994845360824742 0.994845361 194.0 0.13 
1.0 5.0 0.272597785242234 0.148870928 0.0 0.0 1.0 0.963099630996309 0.981549815 0.96 0.09 
0.0 366.0 0.615613450001113 0.307806725 0.0 0.0 1.0 0.993527508090614 0.996763754 0.0 0.0 
1.0 3.0 0.0406130892105974 0.020306545 0.0 0.0 1.0 1.0 1.0 0.0 0.0 
0.0 8.0 0.0217855061668038 0.010892753 0.19 0.31 0.88034188034188 0.891737891737891 0.886039886 313.51 2.17 
1.0 7.0 0.283376231632189 0.221546897 0.0 0.0 1.0 1.0 1.0 0.88 0.08 
0.0 12.0 0.387548903664323 0.193774452 0.0 0.0 1.0 1.0 1.0 0.0 0.0 
1.0 1.0 0.041727642634605 0.039594882 0.0 0.0 1.0 1.0 1.0 0.01 0.0 
0.0 189.0 0.0277783581726275 0.027778358 0.0 0.0 1.0 1.0 1.0 0.0 0.0 
1.0 2.0 0.464383292171582 0.93994351 -0.01 0.06 1.0 1.0 1.0 28.26 0.27 
0.0 24.0 0.263779489296098 0.141061134 0.0 0.0 1.0 0.997354497354497 0.998677249 0.06 0.01 
1.0 7.0 0.0600239093195218 0.051496673 0.0 0.0 1.0 1.0 1.0 0.02 0.0 
0.0 286.0 0.0714626537686691 0.047684775 0.0 0.0 0.992831541218638 0.996415770609318 0.994623656 0.04 0.01 
1.0 6.0 0.248726243769732 0.134852445 0.0 0.0 1.0 1.0 1.0 0.07 0.01 
0.0 177.0 0.834694147442099 0.417347074 0.0 0.0 1.0 1.0 1.0 0.0 0.0 
