1.0 4.0 0.0 0.0 0.05 0.06 0.989690721649484 0.989690721649484 0.989690722 194.0 0.54 
0.0 79.0 0.130580648280348 0.065290324 0.0 0.0 1.0 0.993527508090614 0.996763754 0.0 0.0 
1.0 0.0 0.0 0.0 0.0 0.0 1.0 1.0 1.0 0.0 0.0 
0.0 135.0 0.171856026877275 0.085928013 0.0 0.0 1.0 0.994845360824742 0.99742268 0.04 0.01 
1.0 6.0 0.0599541287844177 0.080714795 0.02 0.02 0.992277992277992 0.996138996138996 0.994208494 129.04 0.18 
0.0 74.0 0.209647343987608 0.112308699 0.0 0.0 1.0 0.993736951983298 0.996868476 0.06 0.01 
1.0 6.0 0.923569233939572 0.526503426 0.04 0.1 0.743859649122806 0.943859649122807 0.843859649 61.97 0.38 
0.0 9.0 0.0475098133127893 0.082519809 0.0 0.0 1.0 1.0 1.0 0.04 0.01 
1.0 2.0 0.0 0.0 0.0 0.0 1.0 1.0 1.0 0.0 0.0 
0.0 175.0 0.415431027991573 0.207715514 -0.01 0.0 1.0 0.97324414715719 0.986622074 0.03 0.01 
1.0 2.0 0.105249215536099 0.052624608 0.0 0.0 1.0 1.0 1.0 0.0 0.0 
0.0 9.0 0.869409850419958 0.708645488 -0.03 0.06 0.902578796561604 0.994269340974212 0.948424069 32.43 0.42 
1.0 4.0 0.193563831380911 0.149295712 0.2 0.25 0.930851063829787 0.944148936170212 0.9375 434.81 1.83 
0.0 97.0 0.887495787832807 0.643821328 -0.02 0.07 0.973262032085561 0.994652406417112 0.983957219 48.01 0.54 
1.0 1.0 0.703466545671197 0.351733273 0.06 0.1 0.978658536585365 0.978658536585365 0.978658537 328.0 0.26 
0.0 75.0 0.0245862648658319 0.012293132 0.0 0.0 1.0 0.996268656716417 0.998134328 0.0 0.0 
1.0 4.0 0.374972427367629 0.187486214 0.11 0.13 0.971786833855799 0.971786833855799 0.971786834 319.0 0.74 
0.0 341.0 0.741718316647122 0.370859158 0.0 0.0 1.0 1.0 1.0 0.0 0.0 
1.0 4.0 0.601394154776991 1.002824603 0.06 0.22 1.0 0.991549295774647 0.995774648 239.06 0.39 
0.0 2.0 0.0266735207925976 0.01333676 0.0 0.0 1.0 1.0 1.0 0.0 0.0 
1.0 1.0 0.0 0.0 0.0 0.0 1.0 1.0 1.0 0.0 0.0 
0.0 35.0 0.227500014573539 0.209535468 0.0 0.0 1.0 1.0 1.0 0.78 0.06 
1.0 6.0 0.311611292540152 0.155805646 0.02 0.02 0.979289940828402 0.994082840236686 0.986686391 95.13 0.24 
0.0 2.0 0.0619284306269321 0.183217041 0.01 0.01 1.0 0.996960486322188 0.998480243 18.43 0.1 
1.0 3.0 0.0553960351055113 0.027698018 0.0 0.0 1.0 1.0 1.0 0.0 0.0 
0.0 3.0 0.0497396448289763 0.038809758 0.03 0.03 0.995689655172413 0.995689655172413 0.995689655 232.01 0.23 
1.0 7.0 0.874227138616876 0.437113569 0.0 0.0 1.0 0.996884735202492 0.998442368 0.0 0.0 
0.0 39.0 0.097861309246028 0.392450425 0.0 0.07 0.929618768328445 0.982404692082111 0.95601173 98.97 0.21 
1.0 3.0 0.0485286554060802 0.117877602 0.0 0.0 1.0 1.0 1.0 0.1 0.02 
0.0 6.0 0.604811716417282 0.529411654 0.2 0.29 1.0 0.97452229299363 0.987261146 206.28 1.76 
1.0 5.0 0.0639194471416606 0.042675571 0.02 0.02 1.0 0.993690851735015 0.996845426 158.01 0.18 
0.0 198.0 0.0277783581726275 0.027778358 0.0 0.0 1.0 1.0 1.0 0.0 0.0 
1.0 3.0 0.198961501502511 0.108757208 0.0 0.0 1.0 0.954423592493297 0.977211796 0.09 0.01 
0.0 187.0 0.0613389110031691 0.126618526 0.0 0.01 1.0 0.97452229299363 0.987261146 7.5 0.16 
1.0 4.0 1.31067987257132 1.2489927 0.23 0.66 0.98050139275766 0.983286908077994 0.98189415 709.4 1.17 
0.0 4.0 0.20139440317369 0.183973249 0.04 0.04 0.990963855421686 0.993975903614457 0.99246988 257.03 0.24 
1.0 6.0 0.0419476776352413 0.153413706 0.0 0.0 1.0 1.0 1.0 0.11 0.01 
0.0 7.0 0.948524432921163 1.007600358 0.15 0.45 1.0 0.991452991452991 0.995726496 370.22 1.79 
1.0 7.0 0.662346471556216 0.415341387 -0.01 0.02 1.0 1.0 1.0 8.18 0.19 
0.0 81.0 0.781234160577425 0.53466159 -0.08 0.09 1.0 0.932307692307692 0.966153846 47.47 0.06 
1.0 1.0 1.2022982207951 0.60114911 0.0 0.0 1.0 1.0 1.0 0.0 0.0 
0.0 116.0 0.663900484476424 0.331950242 0.0 0.0 1.0 1.0 1.0 0.0 0.0 
1.0 0.0 0.0698679499389159 0.06986795 0.0 0.0 1.0 1.0 1.0 0.0 0.61 
0.0 271.0 0.944729522285407 0.538385117 -0.15 0.03 0.883280757097791 0.914826498422712 0.899053628 17.96 0.06 
1.0 4.0 0.0669674042873562 0.042335328 0.03 0.03 1.0 0.994949494949494 0.997474747 396.01 0.32 
0.0 45.0 0.0810482611891956 0.409522816 0.0 0.01 0.996845425867507 0.996845425867507 0.996845426 5.04 0.01 
1.0 6.0 0.332695823156426 0.220708762 0.02 0.03 0.997395833333333 0.997395833333333 0.997395833 415.07 0.11 
0.0 179.0 0.498165535626351 0.259827671 0.0 0.0 1.0 0.996815286624203 0.998407643 0.2 0.02 
1.0 4.0 0.0 0.0 0.0 0.0 1.0 1.0 1.0 0.0 0.0 
0.0 124.0 0.39128385161505 0.206357773 -0.01 0.0 0.867507886435331 0.993690851735015 0.930599369 0.83 0.06 
1.0 4.0 0.0201821453979717 0.091602887 0.1 0.12 0.974063400576368 0.974063400576368 0.974063401 347.04 0.83 
0.0 78.0 0.0 0.0 0.0 0.0 1.0 1.0 1.0 0.0 0.0 
1.0 5.0 0.441370542519562 0.220685271 0.02 0.02 1.0 0.996835443037974 0.998417722 316.0 0.1 
0.0 40.0 0.0 0.0 0.0 0.0 1.0 0.925925925925925 0.962962963 0.0 0.0 
1.0 4.0 0.1355282833517 0.124172922 0.01 0.01 1.0 1.0 1.0 41.13 0.11 
0.0 2.0 0.73799737083685 0.379714532 0.03 0.03 0.993690851735015 0.996845425867507 0.995268139 263.58 0.09 
1.0 6.0 0.0369873274571349 0.677217485 0.02 0.04 0.996978851963746 0.996978851963746 0.996978852 273.98 0.12 
0.0 325.0 0.0391798623289367 0.019589931 0.0 0.0 0.996763754045307 0.996763754045307 0.996763754 0.01 0.0 
1.0 2.0 0.0727003585248474 0.185340218 0.0 0.0 1.0 1.0 1.0 0.42 0.04 
0.0 145.0 0.608819744380155 0.558121747 -0.03 0.02 1.0 0.989690721649484 0.994845361 8.3 0.14 
1.0 5.0 0.136389206537383 0.068194603 0.02 0.02 0.996794871794871 0.996794871794871 0.996794872 312.0 0.16 
0.0 410.0 0.0863062523442876 0.43180114 -0.12 0.05 0.899484536082474 0.90721649484536 0.903350515 24.83 0.51 
1.0 0.0 0.14709604680912 0.147096047 -0.01 0.0 0.991935483870967 0.991935483870967 0.991935484 0.0 1.15 
0.0 190.0 0.0558027308258628 0.039818309 0.0 0.0 1.0 0.996415770609318 0.998207885 0.01 0.0 
1.0 5.0 0.730886481410996 0.594112562 -0.04 0.21 0.515306122448979 0.987244897959183 0.75127551 212.17 0.75 
0.0 7.0 0.0900703892013119 0.045035195 0.0 0.0 1.0 1.0 1.0 0.0 0.0 
1.0 4.0 0.70684738255321 0.353423691 0.01 0.02 0.996845425867507 0.996845425867507 0.996845426 317.0 0.05 
0.0 3.0 0.040843717863401 0.020421859 0.0 0.0 1.0 1.0 1.0 0.0 0.0 
1.0 5.0 0.817179769477342 0.42895391 -0.01 0.0 0.993243243243243 0.996621621621621 0.994932432 1.4 0.11 
0.0 32.0 0.712042783029343 0.952794825 0.1 0.42 0.899484536082474 0.899484536082474 0.899484536 507.32 0.11 
1.0 4.0 0.857560336085041 0.514752012 0.01 0.04 0.994269340974212 0.997134670487106 0.995702006 207.38 0.01 
0.0 469.0 0.76170373746072 0.73687326 -0.09 0.37 0.889175257731958 0.899484536082474 0.894329897 280.36 1.05 
1.0 2.0 0.189023433691842 0.851330949 0.15 0.34 0.914948453608247 0.914948453608247 0.914948454 612.68 0.39 
0.0 212.0 0.131691556532417 0.065845778 0.0 0.0 1.0 0.996763754045307 0.998381877 0.03 0.0 
1.0 4.0 0.0613389110031691 0.242027308 0.08 0.1 0.97452229299363 0.980891719745222 0.977707006 274.34 0.56 
0.0 258.0 0.067494360609112 0.03374718 0.0 0.0 1.0 0.994565217391304 0.997282609 0.01 0.0 
1.0 4.0 0.257436782111026 0.228316173 0.28 0.38 0.90721649484536 0.90721649484536 0.907216495 772.41 1.87 
0.0 382.0 0.503817112382778 1.058589819 -0.03 0.28 1.0 0.959183673469387 0.979591837 197.84 0.32 
1.0 5.0 0.0 0.0 0.0 0.0 1.0 1.0 1.0 0.0 0.0 
0.0 11.0 0.050935213239972 0.076205337 0.04 0.05 0.992277992277992 0.996138996138996 0.994208494 388.01 0.35 
1.0 6.0 0.0815034643274521 0.06501606 0.0 0.0 1.0 1.0 1.0 0.03 0.01 
0.0 3.0 0.101475461577786 0.050737731 0.02 0.03 0.996138996138996 0.996138996138996 0.996138996 259.0 0.2 
1.0 3.0 1.22433242660739 0.612166213 0.02 0.04 0.994202898550724 0.994202898550724 0.994202899 345.0 0.08 
0.0 99.0 0.021089974675165 0.524609167 0.0 0.0 1.0 1.0 1.0 2.61 0.04 
1.0 3.0 0.487931497868867 0.483327396 0.13 0.17 0.994252873563218 0.997126436781609 0.995689655 984.6 0.74 
0.0 317.0 1.45881009406121 0.729405047 -0.1 0.03 0.914772727272727 0.994318181818181 0.954545455 15.54 0.15 
1.0 5.0 0.441370542519562 0.239860663 0.01 0.02 1.0 1.0 1.0 157.59 0.08 
0.0 95.0 0.972890737843999 0.486445369 0.0 0.0 1.0 1.0 1.0 0.0 0.0 
1.0 6.0 0.27200698739507 0.790305992 0.0 0.04 1.0 1.0 1.0 51.48 0.07 
0.0 133.0 0.0959114171323825 0.073423315 0.0 0.0 0.992277992277992 0.992277992277992 0.992277992 0.11 0.02 
1.0 1.0 0.0353803230759327 0.017690162 0.0 0.0 1.0 1.0 1.0 0.0 0.0 
0.0 65.0 0.521035522257514 0.260517761 -0.01 0.0 1.0 0.985380116959064 0.992690058 1.01 0.08 
1.0 3.0 0.640611221974637 0.622089444 0.0 0.08 1.0 1.0 1.0 87.85 0.42 
0.0 129.0 0.0 0.0 0.0 0.0 1.0 0.990445859872611 0.99522293 0.0 0.0 
1.0 4.0 0.221753094779465 0.110876547 0.18 0.22 0.940944881889763 0.940944881889763 0.940944882 254.0 1.66 
0.0 257.0 0.0861247944629312 0.043062397 0.0 0.0 1.0 0.910216718266253 0.955108359 0.0 0.0 
1.0 7.0 0.0 0.0 0.0 0.0 1.0 1.0 1.0 0.0 0.0 
0.0 137.0 1.29993948823274 0.701435745 0.0 0.03 1.0 1.0 1.0 47.28 0.0 
1.0 3.0 0.586137714706872 1.046474697 0.08 0.24 0.982142857142857 0.982142857142857 0.982142857 935.24 0.33 
0.0 9.0 0.0993134043730053 0.075612047 0.0 0.0 1.0 1.0 1.0 0.06 0.01 
1.0 6.0 0.312271477280424 0.156135739 0.0 0.0 1.0 1.0 1.0 0.0 0.0 
0.0 14.0 0.0181782999069074 0.661644974 0.0 0.0 1.0 0.992146596858638 0.996073298 2.75 0.01 
1.0 6.0 1.35255209194157 1.332821441 0.16 0.79 0.930513595166163 0.930513595166163 0.930513595 753.67 0.64 
0.0 233.0 1.4475027189658 0.723751359 -0.01 0.01 1.0 0.986072423398328 0.993036212 5.72 0.03 
1.0 3.0 0.206192050633231 0.113086299 0.0 0.0 1.0 1.0 1.0 0.06 0.01 
0.0 164.0 0.944729522285407 0.841363447 0.31 0.42 0.914826498422712 0.996845425867507 0.955835962 251.36 0.16 
1.0 5.0 0.359970458298742 0.722185453 0.1 0.22 0.955555555555555 0.959999999999999 0.957777778 255.79 0.29 
0.0 213.0 0.836902271913767 0.937064706 0.04 0.18 0.84020618556701 0.997422680412371 0.918814433 745.92 0.41 
1.0 4.0 0.0727003585248474 0.036350179 0.0 0.0 1.0 1.0 1.0 0.0 0.0 
0.0 235.0 0.777296027024072 0.49588944 -0.03 0.04 1.0 0.899484536082474 0.949742268 49.56 0.32 
1.0 1.0 0.134258729623652 0.128858734 0.38 0.64 0.581761006289308 0.60062893081761 0.591194969 930.06 1.95 
0.0 20.0 0.517165350026592 0.258582675 0.02 0.03 0.994845360824742 0.994845360824742 0.994845361 194.0 0.13 
1.0 2.0 0.0586151312253593 0.039796889 0.0 0.0 1.0 1.0 1.0 0.01 0.0 
0.0 114.0 0.0643734162707379 0.045314551 0.0 0.0 1.0 0.980237154150197 0.990118577 0.07 0.01 
1.0 3.0 0.2263212832386 0.113160642 0.0 0.0 1.0 1.0 1.0 0.0 0.0 
0.0 335.0 0.834694147442099 0.428269922 -0.01 0.0 1.0 0.996763754045307 0.998381877 0.63 0.05 
1.0 3.0 0.0 0.0 0.11 0.15 0.966244725738396 0.966244725738396 0.966244726 237.0 1.21 
0.0 365.0 0.099623389466162 0.060301018 0.0 0.0 1.0 0.910216718266253 0.955108359 0.12 0.01 
1.0 4.0 0.0456883890739836 0.045688389 0.0 0.0 1.0 1.0 1.0 0.01 0.0 
0.0 244.0 0.0527032349254074 0.026351617 0.0 0.0 1.0 0.900928792569659 0.950464396 0.33 0.04 
1.0 5.0 0.668212651975778 0.361237468 0.15 0.2 0.949061662198391 0.949061662198391 0.949061662 374.22 0.65 
0.0 132.0 0.0557409191195386 0.02787046 0.0 0.0 1.0 0.995689655172413 0.997844828 0.0 0.0 
1.0 3.0 0.0600239093195218 0.051496673 0.0 0.0 1.0 1.0 1.0 0.02 0.0 
0.0 308.0 0.744555533002076 0.728299158 -0.1 0.04 0.899484536082474 0.997422680412371 0.948453608 41.15 0.35 
1.0 4.0 0.287459069803765 0.143729535 0.0 0.0 1.0 1.0 1.0 0.0 0.0 
0.0 60.0 0.0835830637615662 0.041791532 0.0 0.0 1.0 0.995689655172413 0.997844828 0.0 0.0 
1.0 4.0 0.556756506104003 0.935905005 -0.02 0.11 1.0 1.0 1.0 86.15 0.39 
0.0 25.0 0.929154431708091 0.768987088 0.0 0.16 0.935567010309278 0.989690721649484 0.962628866 450.61 0.08 
1.0 6.0 0.222982785891894 0.111491393 0.0 0.0 1.0 1.0 1.0 0.0 0.0 
0.0 231.0 0.0 0.0 0.0 0.0 1.0 1.0 1.0 0.0 0.0 
1.0 7.0 0.048641233763665 0.024320617 0.0 0.0 1.0 1.0 1.0 0.0 0.0 
0.0 0.0 0.642422021076254 0.642422021 -0.39 0.0 1.0 1.0 1.0 0.0 1.9 
1.0 6.0 0.0 0.0 0.0 0.0 1.0 1.0 1.0 0.0 0.0 
0.0 278.0 0.0209786462403052 0.010489323 0.0 0.0 1.0 0.900928792569659 0.950464396 0.11 0.01 
1.0 1.0 0.216414089193227 0.108207045 0.0 0.0 1.0 1.0 1.0 0.0 0.0 
0.0 5.0 0.0222144687344339 0.077265773 0.0 0.0 1.0 1.0 1.0 0.02 0.0 
1.0 4.0 0.168321249171228 0.154632452 0.03 0.04 0.997101449275362 0.997101449275362 0.997101449 673.77 0.2 
0.0 67.0 0.280078744630632 0.140039372 0.0 0.0 1.0 0.922600619195046 0.96130031 0.0 0.0 
1.0 6.0 0.434981809734327 0.217490905 0.0 0.0 1.0 1.0 1.0 0.0 0.0 
0.0 293.0 0.734955557406933 0.577560097 -0.04 0.04 1.0 0.886597938144329 0.943298969 21.7 0.3 
1.0 5.0 0.075467916829079 0.056709091 0.0 0.0 1.0 0.993788819875776 0.99689441 0.03 0.01 
0.0 1.0 0.607103801952931 0.399890005 0.22 0.29 0.940721649484536 0.943298969072164 0.942010309 708.45 1.31 
1.0 1.0 0.0457871748209377 0.710347935 0.01 0.03 0.997395833333333 0.997395833333333 0.997395833 397.59 0.02 
0.0 371.0 0.909661043781435 0.454830522 0.0 0.0 1.0 0.959183673469387 0.979591837 0.0 0.0 
1.0 3.0 0.761409699370972 0.45348731 0.06 0.21 0.953586497890295 0.953586497890295 0.953586498 254.07 0.63 
0.0 50.0 0.0277783581726275 0.013889179 0.0 0.0 1.0 1.0 1.0 0.0 0.0 
1.0 2.0 0.627134148659682 0.373534355 0.05 0.08 0.985454545454545 0.985454545454545 0.985454545 276.12 0.24 
0.0 37.0 0.711252800266253 0.3556264 0.0 0.0 1.0 1.0 1.0 0.0 0.0 
1.0 7.0 0.807048845039503 1.300878141 0.13 0.51 0.936026936026935 0.939393939393939 0.937710438 486.69 0.41 
0.0 563.0 0.0238338863025335 0.011916943 0.0 0.0 0.992857142857142 0.996428571428571 0.994642857 0.01 0.0 
1.0 1.0 0.244823877604077 0.132764816 0.02 0.02 1.0 1.0 1.0 328.0 0.14 
0.0 221.0 0.021489805529056 0.010744903 0.0 0.0 1.0 1.0 1.0 0.0 0.0 
1.0 2.0 0.0 0.0 0.0 0.0 1.0 1.0 1.0 0.0 0.0 
0.0 85.0 0.0386572159431509 0.030102736 0.0 0.0 1.0 1.0 1.0 0.01 0.0 
1.0 1.0 0.0435605050230868 0.032673006 0.15 0.18 0.956656346749226 0.956656346749226 0.956656347 323.01 1.25 
0.0 240.0 0.0 0.0 0.0 0.0 1.0 1.0 1.0 0.0 0.0 
1.0 2.0 0.545648829490156 0.272824415 0.08 0.1 0.980263157894736 0.980263157894736 0.980263158 304.0 0.45 
0.0 137.0 0.0456883890739836 0.022844195 0.0 0.0 1.0 1.0 1.0 0.0 0.0 
1.0 2.0 0.0819167052116718 0.570928654 0.0 0.02 1.0 1.0 1.0 44.04 0.02 
0.0 44.0 0.038968982908286 0.019484491 0.05 0.06 0.962145110410094 0.977917981072555 0.970031546 131.94 0.73 
1.0 2.0 0.526238123242513 0.263119062 0.0 0.0 1.0 1.0 1.0 0.0 0.0 
0.0 14.0 0.769499878113342 0.384749939 0.05 0.08 0.985250737463126 0.985250737463126 0.985250737 339.0 0.3 
1.0 5.0 0.0617483757261243 0.131165985 0.0 0.0 1.0 1.0 1.0 0.22 0.02 
0.0 413.0 0.0708149198462115 0.092517715 0.0 0.0 1.0 0.878125 0.9390625 2.73 0.12 
1.0 6.0 0.0 0.0 0.0 0.0 1.0 1.0 1.0 0.0 0.0 
0.0 89.0 0.920713936349004 0.460356968 -0.01 0.01 0.976973684210526 0.980263157894736 0.978618421 8.35 0.09 
1.0 2.0 0.73799737083685 0.379714532 0.03 0.03 0.993690851735015 0.996845425867507 0.995268139 263.58 0.09 
0.0 70.0 0.609806572277632 0.381422426 -0.01 0.01 1.0 0.958702064896755 0.979351032 7.7 0.05 
1.0 5.0 0.0204403588084492 0.020440359 0.0 0.0 1.0 1.0 1.0 0.0 0.0 
0.0 45.0 0.131691556532417 0.065845778 0.0 0.0 1.0 1.0 1.0 0.0 0.0 
1.0 5.0 0.043923594672997 0.160311947 -0.01 0.0 1.0 1.0 1.0 0.12 0.02 
0.0 168.0 0.0863128372055108 0.564985122 -0.02 0.01 1.0 1.0 1.0 6.21 0.01 
1.0 7.0 0.0 0.0 0.0 0.0 1.0 0.996688741721854 0.998344371 0.0 0.0 
0.0 2.0 0.464383292171582 0.232191646 0.0 0.0 1.0 1.0 1.0 0.0 0.0 
1.0 3.0 0.0 0.0 0.0 0.0 1.0 1.0 1.0 0.0 0.0 
0.0 231.0 0.0209786462403052 0.020978646 0.0 0.0 1.0 1.0 1.0 0.0 0.0 
1.0 3.0 0.117755858481061 0.600845333 -0.01 0.01 1.0 1.0 1.0 7.37 0.03 
0.0 224.0 0.0234758940935979 0.011737947 0.0 0.0 1.0 0.996478873239436 0.998239437 0.0 0.0 
1.0 7.0 0.031746149071385 0.116254776 0.08 0.09 0.989999999999999 0.989999999999999 0.99 400.0 0.54 
0.0 6.0 0.0385544860430355 0.115226313 0.0 0.0 1.0 1.0 1.0 0.1 0.01 
1.0 4.0 0.943568801537557 0.471784401 0.0 0.0 1.0 1.0 1.0 0.0 0.0 
0.0 385.0 0.126155150654186 0.609095912 -0.02 0.02 1.0 0.996884735202492 0.998442368 35.62 0.01 
1.0 4.0 0.946912170978799 0.473456085 0.0 0.0 1.0 1.0 1.0 0.0 0.0 
0.0 110.0 0.256634355441777 0.139713874 0.0 0.0 1.0 1.0 1.0 0.06 0.01 
1.0 2.0 0.862425975002266 0.431212988 0.0 0.0 1.0 1.0 1.0 0.0 0.0 
0.0 324.0 0.0422824341559714 0.021141217 0.0 0.0 1.0 1.0 1.0 0.0 0.0 
1.0 2.0 0.983710036386117 0.619275269 0.05 0.13 0.986979166666666 0.986979166666666 0.986979167 609.18 0.33 
0.0 279.0 0.099623389466162 0.049811695 0.0 0.0 1.0 0.910216718266253 0.955108359 0.0 0.0 
1.0 4.0 0.0 0.0 0.0 0.0 1.0 1.0 1.0 0.0 0.0 
0.0 99.0 0.0687438229132367 0.05534575 0.0 0.0 1.0 0.900928792569659 0.950464396 0.24 0.03 
1.0 3.0 0.190472447016791 0.71564926 0.1 0.25 0.93859649122807 0.944444444444444 0.941520468 344.77 0.41 
0.0 12.0 0.9374723317261 0.468736166 0.0 0.0 1.0 0.987068965517241 0.993534483 0.0 0.0 
1.0 3.0 0.0416737059285854 0.090022341 0.0 0.0 1.0 1.0 1.0 0.05 0.01 
0.0 113.0 0.0205987150611097 0.740749689 0.0 0.0 1.0 0.963636363636363 0.981818182 2.89 0.01 
1.0 6.0 1.35654115072066 0.678270575 0.01 0.02 0.996428571428571 0.996428571428571 0.996428571 280.0 0.05 
0.0 400.0 0.126155150654186 0.063077575 0.0 0.0 0.993769470404984 0.996884735202492 0.995327103 0.05 0.01 
1.0 6.0 0.0 0.0 0.0 0.0 1.0 1.0 1.0 0.0 0.0 
0.0 58.0 0.119492939892984 0.05974647 0.0 0.0 1.0 1.0 1.0 0.0 0.0 
1.0 7.0 0.754464910048866 1.112342101 0.06 0.34 0.92 0.975999999999999 0.948 351.6 0.53 
0.0 12.0 0.0566776147306308 0.037788843 0.01 0.02 0.997267759562841 0.997267759562841 0.99726776 366.01 0.15 
