1.0 3.0 0.0771462314252572 0.337650506 -0.01 0.0 1.0 1.0 1.0 0.93 0.07 
0.0 74.0 0.0 0.0 0.0 0.0 1.0 1.0 1.0 0.0 0.0 
1.0 0.0 0.0411950173244082 0.041195017 0.0 0.0 1.0 1.0 1.0 0.0 0.4 
0.0 62.0 0.0634089260465911 0.031704463 0.0 0.0 0.996884735202492 0.996884735202492 0.996884735 0.01 0.0 
1.0 0.0 0.235612605972387 0.235612606 0.0 0.0 1.0 1.0 1.0 0.0 1.52 
0.0 134.0 0.100931806734578 0.050465903 0.0 0.0 1.0 1.0 1.0 0.0 0.0 
1.0 3.0 0.12923343913194 0.128979463 0.13 0.15 0.969613259668508 0.969613259668508 0.96961326 542.6 0.97 
0.0 12.0 0.430391022925244 0.224579646 0.0 0.0 1.0 0.991913746630727 0.995956873 0.46 0.04 
1.0 6.0 0.604811716417282 0.529411654 0.2 0.29 1.0 0.97452229299363 0.987261146 206.28 1.76 
0.0 109.0 0.716878876245362 0.60660651 -0.05 0.06 1.0 0.97682119205298 0.988410596 24.1 0.51 
1.0 6.0 0.455156439386743 0.247260183 0.0 0.02 0.997134670487106 0.997134670487106 0.99713467 349.41 0.04 
0.0 39.0 0.778124050497512 0.424089166 0.03 0.07 1.0 0.881578947368421 0.940789474 265.49 0.24 
1.0 2.0 1.48940317755697 1.337316616 0.11 0.31 0.997267759562841 0.997267759562841 0.99726776 559.17 0.41 
0.0 435.0 1.19354686623768 1.181199792 -0.19 0.2 0.889175257731958 0.899484536082474 0.894329897 161.51 0.44 
1.0 1.0 0.461097186127269 0.230548593 0.15 0.23 0.938775510204081 0.938775510204081 0.93877551 245.0 1.04 
0.0 16.0 0.0619860642827818 0.043404052 0.06 0.06 0.988805970149253 0.988805970149253 0.98880597 268.01 0.49 
1.0 1.0 0.773916484522718 0.513009133 0.01 0.2 1.0 0.762541806020066 0.881270903 152.52 0.41 
0.0 99.0 0.84829862308982 0.60050929 0.18 0.23 1.0 0.937086092715231 0.968543046 212.13 1.34 
1.0 2.0 0.0217855061668038 0.010892753 0.0 0.0 1.0 1.0 1.0 0.0 0.0 
0.0 51.0 0.288211390110029 0.154763933 0.0 0.0 1.0 0.996845425867507 0.998422713 0.07 0.01 
1.0 2.0 0.0882701884630966 0.044135094 0.0 0.0 1.0 1.0 1.0 0.0 0.0 
0.0 32.0 1.39735202297502 1.369367121 -0.01 0.29 0.982558139534883 0.997093023255813 0.989825581 257.63 0.42 
1.0 2.0 0.0 0.0 0.02 0.02 0.996478873239436 0.996478873239436 0.996478873 284.0 0.24 
0.0 0.0 0.0 0.0 0.0 0.0 1.0 1.0 1.0 0.0 0.0 
1.0 6.0 0.954786664104014 0.498053653 0.01 0.01 1.0 1.0 1.0 217.42 0.04 
0.0 13.0 0.720242086623066 0.45463276 0.17 0.26 0.909793814432989 0.914948453608247 0.912371134 346.45 0.92 
1.0 2.0 0.909661043781435 0.48229996 0.12 0.18 0.959183673469387 0.959183673469387 0.959183673 253.74 0.41 
0.0 0.0 1.39911715517933 1.399117155 -0.57 0.0 0.994609164420485 0.994609164420485 0.994609164 0.0 0.81 
1.0 6.0 2.45353992833132 1.332700906 0.01 0.12 0.958579881656804 0.997041420118343 0.977810651 376.97 0.04 
0.0 129.0 0.642067283321906 0.321033642 0.0 0.0 1.0 0.991836734693877 0.995918367 0.0 0.0 
1.0 5.0 0.860618583456463 0.450956745 -0.01 0.05 0.961988304093567 0.991228070175438 0.976608187 86.88 0.12 
0.0 30.0 0.0277783581726275 0.013889179 0.0 0.0 1.0 1.0 1.0 0.0 0.0 
1.0 1.0 0.0245862648658319 0.012293132 0.04 0.04 0.992592592592592 0.992592592592592 0.992592593 270.0 0.39 
0.0 194.0 0.898863875971626 0.449431938 0.0 0.0 1.0 0.925696594427244 0.962848297 0.0 0.0 
1.0 5.0 0.0 0.0 0.0 0.0 1.0 1.0 1.0 0.0 0.0 
0.0 134.0 0.0 0.0 0.0 0.0 1.0 1.0 1.0 0.0 0.0 
1.0 7.0 0.0506455745968486 0.025322787 0.0 0.0 1.0 1.0 1.0 0.0 0.0 
0.0 217.0 0.0982620565325183 0.730381061 -0.08 0.03 1.0 0.899484536082474 0.949742268 18.24 0.01 
1.0 3.0 0.0525154696397752 0.045022302 0.12 0.13 0.970976253298153 0.970976253298153 0.970976253 379.02 1.0 
0.0 246.0 1.74975120908321 0.952647815 -0.02 0.02 1.0 0.997032640949554 0.99851632 15.88 0.18 
1.0 1.0 0.686635231636276 0.403408252 0.05 0.07 0.99236641221374 0.99236641221374 0.992366412 525.33 0.15 
0.0 194.0 0.0985399837482738 0.049269992 -0.01 0.0 0.559870550161812 0.996763754045307 0.778317152 0.82 0.04 
1.0 7.0 0.0300979582577513 0.022588202 0.05 0.05 0.991649269311064 0.993736951983298 0.992693111 479.0 0.42 
0.0 51.0 0.604811716417282 0.323890576 -0.01 0.0 1.0 0.97452229299363 0.987261146 0.67 0.04 
1.0 4.0 0.0 0.0 0.35 0.5 0.797872340425531 0.797872340425531 0.79787234 282.0 3.11 
0.0 5.0 1.46207523415388 0.731037617 0.08 0.16 0.963302752293577 0.963302752293577 0.963302752 327.0 0.28 
1.0 1.0 0.0324615439717747 0.016230772 0.0 0.0 1.0 1.0 1.0 0.0 0.0 
0.0 196.0 0.0277783581726275 0.027778358 0.0 0.0 1.0 1.0 1.0 0.0 0.0 
1.0 1.0 0.666706590085228 0.392773805 0.04 0.07 0.988505747126436 0.988505747126436 0.988505747 351.4 0.05 
0.0 4.0 0.0 0.0 0.0 0.0 1.0 1.0 1.0 0.0 0.0 
1.0 2.0 0.478025413547332 0.357015194 0.02 0.03 0.996960486322188 0.996960486322188 0.996960486 332.98 0.22 
0.0 75.0 0.0364344158699368 0.018217208 0.0 0.0 1.0 0.997032640949554 0.99851632 0.0 0.0 
1.0 5.0 0.779478842749047 0.389739421 0.0 0.0 1.0 1.0 1.0 0.0 0.0 
0.0 86.0 0.093386970375234 0.056992843 0.0 0.0 1.0 0.993939393939393 0.996969697 0.02 0.0 
1.0 6.0 0.698586178962421 0.666977167 -0.01 0.05 1.0 0.994366197183098 0.997183099 163.78 0.11 
0.0 108.0 0.0202332278371195 0.010116614 0.0 0.0 1.0 1.0 1.0 0.0 0.0 
1.0 6.0 0.787007043964788 0.393503522 0.0 0.0 1.0 1.0 1.0 0.0 0.0 
0.0 86.0 0.177111187571085 0.16155258 0.0 0.0 1.0 1.0 1.0 0.42 0.04 
1.0 3.0 0.0208139940747914 0.010406997 0.02 0.02 0.996941896024464 0.996941896024464 0.996941896 327.0 0.21 
0.0 1.0 0.581703192544108 0.301098023 0.11 0.15 0.967930029154518 0.967930029154518 0.967930029 359.17 0.73 
1.0 6.0 0.255521028872102 0.127760514 0.0 0.0 1.0 1.0 1.0 0.0 0.0 
0.0 163.0 0.455156439386743 0.237397185 0.0 0.01 1.0 0.997134670487106 0.998567335 4.93 0.09 
1.0 7.0 0.27375861997438 0.146995924 0.0 0.0 1.0 1.0 1.0 0.06 0.01 
0.0 152.0 0.0369873274571349 0.018493664 0.0 0.0 1.0 0.878787878787878 0.939393939 0.28 0.03 
1.0 1.0 0.0 0.0 0.0 0.0 1.0 1.0 1.0 0.0 0.0 
0.0 38.0 0.0 0.0 0.0 0.0 1.0 0.987068965517241 0.993534483 0.0 0.0 
1.0 3.0 0.0840310819174397 0.3865362 0.0 0.01 1.0 1.0 1.0 2.22 0.08 
0.0 70.0 0.0385544860430355 0.077047595 0.0 0.0 1.0 1.0 1.0 0.04 0.01 
1.0 6.0 0.0877050164013859 0.456434039 0.01 0.01 1.0 1.0 1.0 4.53 0.11 
0.0 115.0 0.0233359043466066 0.063206273 -0.03 0.01 1.0 0.757978723404255 0.878989362 4.75 0.04 
1.0 2.0 0.0582288937368788 0.029114447 0.0 0.0 1.0 1.0 1.0 0.0 0.0 
0.0 314.0 0.0 0.0 0.0 0.0 0.987068965517241 0.995689655172413 0.99137931 0.01 0.0 
1.0 3.0 1.07503107524964 0.537515538 0.0 0.0 1.0 1.0 1.0 0.0 0.0 
0.0 20.0 0.0557409191195386 0.043879539 0.01 0.02 0.844827586206896 0.995689655172413 0.920258621 16.55 0.35 
1.0 3.0 0.133836440402353 0.06691822 0.0 0.0 1.0 1.0 1.0 0.0 0.0 
0.0 47.0 0.0777411197866119 0.130858274 0.0 0.0 1.0 1.0 1.0 0.14 0.02 
1.0 6.0 0.139276471479532 0.594290403 0.27 0.59 0.579365079365079 0.645502645502645 0.612433862 384.4 1.21 
0.0 228.0 0.0210341526104483 0.021034153 0.0 0.0 1.0 1.0 1.0 0.0 0.0 
1.0 1.0 0.134258729623652 0.128858734 0.38 0.64 0.581761006289308 0.60062893081761 0.591194969 930.06 1.95 
0.0 3.0 0.0721777615461715 0.164406058 0.0 0.0 1.0 1.0 1.0 0.25 0.03 
1.0 5.0 0.0232665787339596 0.011633289 0.0 0.0 1.0 1.0 1.0 0.0 0.0 
0.0 173.0 0.0276667185843738 0.066824689 0.0 0.01 0.748538011695906 0.985380116959064 0.866959064 2.2 0.11 
1.0 2.0 0.0 0.0 0.19 0.23 0.938775510204081 0.938775510204081 0.93877551 245.0 1.7 
0.0 185.0 0.744555533002076 1.129096999 -0.04 0.12 0.914948453608247 0.997422680412371 0.956185567 195.83 0.11 
1.0 0.0 0.0 0.0 0.0 0.0 0.988338192419825 0.988338192419825 0.988338192 0.0 0.58 
0.0 241.0 0.281198134803726 0.24019685 -0.03 0.01 0.90721649484536 0.997422680412371 0.952319588 3.13 0.19 
1.0 5.0 0.0924435952521726 0.046221798 0.0 0.0 1.0 1.0 1.0 0.0 0.0 
0.0 91.0 1.51363846409735 1.353592665 0.02 0.39 0.899484536082474 0.914948453608247 0.907216495 449.18 0.21 
1.0 2.0 0.0 0.0 0.0 0.0 1.0 1.0 1.0 0.0 0.0 
0.0 464.0 0.734955557406933 0.39706707 -0.12 0.02 0.886597938144329 0.894329896907216 0.890463918 11.61 0.0 
1.0 5.0 0.0866216601957414 0.123546447 0.1 0.11 0.976588628762541 0.976588628762541 0.976588629 299.2 0.67 
0.0 9.0 0.0868001863622652 0.358593767 0.03 0.04 1.0 1.0 1.0 34.61 0.42 
1.0 6.0 0.0 0.0 0.0 0.0 1.0 1.0 1.0 0.0 0.0 
0.0 582.0 0.41646373300315 0.208231867 0.0 0.0 1.0 0.996428571428571 0.998214286 0.17 0.02 
1.0 3.0 1.36083999245676 1.255505042 0.15 0.54 0.981249999999999 0.981249999999999 0.98125 849.54 0.59 
0.0 56.0 0.0968506565216047 0.227552384 0.02 0.03 1.0 1.0 1.0 35.18 0.29 
1.0 7.0 0.627134148659682 0.410928465 0.03 0.05 0.985454545454545 0.996363636363636 0.990909091 91.2 0.21 
0.0 55.0 0.0383614089131149 0.119827654 0.0 0.0 1.0 1.0 1.0 0.04 0.01 
1.0 2.0 0.673191465296606 1.364714719 0.16 0.51 0.987179487179487 0.990384615384615 0.988782051 711.63 0.51 
0.0 212.0 0.214482853675317 0.70401486 -0.02 0.03 1.0 0.899484536082474 0.949742268 44.59 0.03 
1.0 6.0 0.403728606408585 0.220357967 0.02 0.02 0.996978851963746 0.996978851963746 0.996978852 331.18 0.09 
0.0 101.0 0.239231041119429 0.119615521 0.0 0.0 1.0 1.0 1.0 0.0 0.0 
1.0 7.0 0.494444078994312 0.391594544 0.02 0.04 1.0 1.0 1.0 75.71 0.23 
0.0 172.0 0.0429694362376849 0.021484718 0.0 0.0 1.0 0.990445859872611 0.99522293 0.02 0.0 
1.0 1.0 0.0 0.0 0.0 0.0 1.0 1.0 1.0 0.0 0.0 
0.0 109.0 0.0 0.0 0.0 0.0 1.0 1.0 1.0 0.0 0.0 
1.0 4.0 0.0190789241997616 0.074347087 0.03 0.04 0.986338797814207 0.991803278688524 0.989071038 218.43 0.36 
0.0 28.0 0.0 0.0 0.0 0.0 1.0 1.0 1.0 0.0 0.0 
1.0 1.0 0.0714626537686691 0.197915891 0.03 0.04 0.978494623655913 0.996415770609318 0.987455197 324.86 0.2 
0.0 69.0 0.0600239093195218 0.057389341 0.0 0.0 1.0 1.0 1.0 0.02 0.0 
1.0 1.0 0.387548903664323 0.193774452 0.0 0.0 1.0 1.0 1.0 0.0 0.0 
0.0 271.0 0.0420406911276813 0.021020346 0.0 0.0 1.0 1.0 1.0 0.0 0.0 
1.0 2.0 0.526238123242513 0.263119062 0.0 0.0 1.0 1.0 1.0 0.0 0.0 
0.0 55.0 0.246308707869699 0.135331977 0.0 0.0 1.0 1.0 1.0 0.05 0.01 
1.0 1.0 0.0 0.0 0.0 0.0 1.0 1.0 1.0 0.0 0.0 
0.0 17.0 0.050935213239972 0.144722735 0.02 0.03 0.992277992277992 0.996138996138996 0.994208494 259.17 0.11 
1.0 7.0 0.0 0.0 0.0 0.0 1.0 0.996415770609318 0.998207885 0.0 0.0 
0.0 28.0 0.668212651975778 0.343382783 0.0 0.0 1.0 0.949061662198391 0.974530831 0.46 0.02 
1.0 6.0 0.0777411197866119 0.059358864 0.0 0.0 1.0 1.0 1.0 0.02 0.01 
0.0 87.0 0.0490972616360192 0.149466136 -0.01 0.0 0.904225352112676 0.991549295774647 0.947887324 2.64 0.01 
1.0 7.0 0.040048630190433 0.140819573 0.0 0.0 1.0 1.0 1.0 0.09 0.01 
0.0 19.0 0.0 0.0 0.0 0.0 1.0 1.0 1.0 0.0 0.0 
1.0 2.0 0.0727705510930351 0.166316722 0.0 0.0 1.0 1.0 1.0 0.32 0.03 
0.0 210.0 0.124578989368803 0.062289495 0.0 0.0 1.0 0.913312693498452 0.956656347 0.0 0.0 
1.0 3.0 0.307949565400571 0.214081823 0.05 0.07 0.987179487179487 0.987179487179487 0.987179487 312.48 0.32 
0.0 162.0 0.73799737083685 0.521173179 -0.04 0.02 0.962145110410094 0.996845425867507 0.979495268 10.16 0.01 
1.0 6.0 0.181664847230866 0.857849819 0.03 0.11 0.985795454545454 0.988636363636363 0.987215909 412.82 0.3 
0.0 186.0 0.11290779586551 0.056453898 0.0 0.0 1.0 0.97134670487106 0.985673352 0.0 0.0 
1.0 5.0 0.0 0.0 0.0 0.0 1.0 1.0 1.0 0.0 0.0 
0.0 11.0 0.264918488979997 0.132459244 0.01 0.02 0.990624999999999 0.996874999999999 0.99375 106.0 0.14 
1.0 3.0 0.0275776979183499 0.013788849 0.0 0.0 1.0 1.0 1.0 0.0 0.0 
0.0 27.0 0.0955489138209341 0.069172477 0.03 0.04 1.0 1.0 1.0 277.0 0.39 
1.0 4.0 0.0814830923424272 0.443628016 -0.02 0.02 1.0 0.990536277602523 0.995268139 10.03 0.16 
0.0 126.0 0.685319188258604 0.357030054 0.0 0.0 1.0 1.0 1.0 0.42 0.03 
1.0 2.0 0.0617684851168838 0.049377906 0.02 0.02 1.0 1.0 1.0 164.5 0.19 
0.0 274.0 0.164313253538926 0.082156627 0.0 0.0 1.0 1.0 1.0 0.0 0.0 
1.0 6.0 0.0 0.0 0.0 0.0 1.0 1.0 1.0 0.0 0.0 
0.0 155.0 0.622670987246137 0.311335494 0.0 0.0 1.0 1.0 1.0 0.0 0.0 
1.0 6.0 0.0482443033497079 0.045584549 0.0 0.0 1.0 0.992753623188405 0.996376812 0.03 0.01 
0.0 181.0 0.0600239093195218 0.679981699 0.0 0.01 1.0 1.0 1.0 3.65 0.01 
1.0 6.0 0.0212593629087996 0.010629681 0.02 0.02 0.996865203761755 0.996865203761755 0.996865204 319.0 0.22 
0.0 138.0 0.0207057550810892 0.010352878 0.0 0.0 1.0 1.0 1.0 0.0 0.0 
1.0 1.0 0.099623389466162 0.092874092 0.21 0.3 0.910216718266253 0.910216718266253 0.910216718 323.09 1.91 
0.0 87.0 0.339359423248505 0.266017815 -0.01 0.02 0.940721649484536 0.997422680412371 0.969072165 79.3 0.11 
1.0 7.0 0.0869702138539891 0.148803883 0.0 0.0 1.0 1.0 1.0 0.27 0.03 
0.0 5.0 0.040048630190433 0.020024315 0.0 0.0 1.0 1.0 1.0 0.0 0.0 
1.0 7.0 0.0 0.0 0.0 0.0 1.0 1.0 1.0 0.0 0.0 
0.0 32.0 1.30860499709696 0.654302499 0.0 0.0 1.0 1.0 1.0 0.0 0.0 
1.0 7.0 0.779657777840341 0.716283729 -0.08 0.02 1.0 1.0 1.0 11.28 0.03 
0.0 458.0 0.156880806471445 0.14200977 0.01 0.02 0.946875 0.990624999999999 0.96875 160.24 0.02 
1.0 4.0 1.43873399011048 1.41139872 0.08 0.3 0.997455470737913 0.997455470737913 0.997455471 1001.73 0.18 
0.0 272.0 0.0 0.0 0.0 0.0 1.0 0.996428571428571 0.998214286 0.0 0.0 
1.0 4.0 0.0566215782835027 0.27545104 0.08 0.11 0.976897689768976 0.976897689768976 0.97689769 303.44 0.47 
0.0 261.0 0.0 0.0 0.0 0.0 1.0 1.0 1.0 0.0 0.0 
1.0 5.0 0.0283996430953189 0.014199822 0.0 0.0 1.0 0.995575221238938 0.997787611 0.0 0.0 
0.0 11.0 0.0 0.0 0.04 0.04 0.994152046783625 0.994152046783625 0.994152047 342.0 0.39 
1.0 7.0 0.876966006758042 0.649020127 -0.01 0.1 0.591304347826086 0.855072463768115 0.723188406 146.83 0.08 
0.0 3.0 0.599228948735971 0.380413591 0.02 0.03 1.0 1.0 1.0 35.94 0.28 
1.0 4.0 0.0591785835882164 0.700898712 0.21 0.36 0.894329896907216 0.894329896907216 0.894329897 777.85 0.69 
0.0 355.0 0.586649090609212 0.293324545 -0.01 0.01 1.0 0.924107142857142 0.962053571 1.81 0.16 
1.0 2.0 0.821217752493198 0.508920876 0.04 0.08 0.993506493506493 0.993506493506493 0.993506494 393.83 0.08 
0.0 66.0 0.0835830637615662 0.041791532 0.0 0.0 1.0 0.995689655172413 0.997844828 0.0 0.0 
1.0 5.0 0.0429694362376849 0.032229621 0.0 0.0 1.0 1.0 1.0 0.01 0.0 
0.0 72.0 0.165862873314171 0.082931437 -0.01 0.0 1.0 0.900928792569659 0.950464396 2.61 0.0 
1.0 6.0 0.0392676281005356 0.019633814 0.0 0.0 1.0 0.994301994301994 0.997150997 0.0 0.0 
0.0 6.0 0.564349536703467 0.309678401 -0.01 0.0 1.0 0.997354497354497 0.998677249 0.54 0.04 
1.0 1.0 0.134258729623652 0.128858734 0.38 0.64 0.581761006289308 0.60062893081761 0.591194969 930.06 1.95 
0.0 290.0 1.33918703240963 1.253303971 -0.12 0.19 1.0 0.891752577319587 0.945876289 155.18 0.11 
1.0 1.0 0.255429986523709 0.239492105 0.17 0.19 1.0 1.0 1.0 1276.97 1.14 
0.0 99.0 0.136150489851607 0.669913071 0.14 0.28 0.902061855670103 0.909793814432989 0.905927835 360.46 0.48 
1.0 2.0 0.0286134400889394 0.01430672 0.0 0.0 1.0 1.0 1.0 0.0 0.0 
0.0 440.0 0.0660795713776966 0.103295903 -0.01 0.0 1.0 0.963265306122448 0.981632653 0.2 0.03 
1.0 1.0 0.0863128372055108 0.069111763 0.0 0.0 1.0 1.0 1.0 0.05 0.01 
0.0 19.0 0.264918488979997 0.240299167 0.0 0.0 1.0 0.990624999999999 0.9953125 1.05 0.09 
1.0 2.0 0.0 0.0 0.0 0.0 1.0 1.0 1.0 0.0 0.0 
0.0 43.0 0.021489805529056 0.021489806 0.0 0.0 1.0 1.0 1.0 0.0 0.0 
1.0 4.0 0.169034125059796 0.084517063 0.0 0.0 1.0 1.0 1.0 0.0 0.0 
0.0 77.0 0.214482853675317 0.733231358 0.06 0.11 1.0 0.989690721649484 0.994845361 753.02 0.38 
1.0 5.0 0.0342305497175502 0.081654406 0.0 0.0 1.0 1.0 1.0 0.02 0.01 
0.0 24.0 1.16544040662716 1.116058345 0.07 0.48 1.0 0.991452991452991 0.995726496 611.22 1.64 
1.0 5.0 0.498347501879491 0.763064325 -0.02 0.06 1.0 1.0 1.0 51.63 0.11 
0.0 106.0 0.0 0.0 0.01 0.01 0.987055016181229 0.996763754045307 0.991909385 76.5 0.19 
1.0 5.0 0.0411950173244082 0.020597509 0.0 0.0 1.0 0.966666666666666 0.983333333 0.0 0.0 
0.0 421.0 0.0419175889863189 0.020958794 0.0 0.0 1.0 1.0 1.0 0.0 0.0 
1.0 1.0 0.0 0.0 0.02 0.02 0.996794871794871 0.996794871794871 0.996794872 312.0 0.22 
0.0 94.0 0.255429986523709 0.127714993 0.0 0.0 1.0 1.0 1.0 0.0 0.0 
1.0 2.0 0.839248804382156 0.539814394 0.0 0.05 0.992277992277992 0.992277992277992 0.992277992 261.42 0.04 
0.0 5.0 0.578528757450903 0.289264379 0.06 0.08 0.985250737463126 0.985250737463126 0.985250737 339.0 0.28 
1.0 4.0 0.772559187083392 0.464096644 0.15 0.33 0.891752577319587 0.894329896907216 0.893041237 382.22 0.89 
0.0 31.0 0.243142923077077 0.195987814 -0.01 0.0 1.0 0.955631399317406 0.9778157 1.16 0.11 
1.0 5.0 0.814553554940188 0.416595987 -0.01 0.0 1.0 0.997311827956989 0.998655914 2.5 0.05 
0.0 97.0 0.0277783581726275 0.013889179 0.0 0.0 1.0 0.987068965517241 0.993534483 0.01 0.0 
1.0 2.0 0.0426229687350899 0.031969722 0.02 0.02 0.996855345911949 0.996855345911949 0.996855346 318.01 0.2 
0.0 419.0 0.0822985228585321 0.054322058 0.0 0.0 1.0 0.991967871485943 0.995983936 0.05 0.01 
1.0 0.0 0.0896596069085538 0.089659607 0.0 0.0 1.0 1.0 1.0 0.0 0.71 
0.0 95.0 0.0 0.0 0.0 0.0 1.0 1.0 1.0 0.0 0.0 
1.0 5.0 0.0447965993960316 0.126455499 0.0 0.0 1.0 1.0 1.0 0.08 0.01 
0.0 77.0 0.0651064140733245 0.032553207 0.0 0.0 1.0 0.996503496503496 0.998251748 0.0 0.0 
1.0 6.0 0.777401247802084 1.009639267 0.09 0.65 0.993569131832797 0.996784565916398 0.995176849 454.33 0.32 
0.0 97.0 0.0898033804732823 0.400231179 -0.04 0.01 1.0 0.940063091482649 0.970031546 3.9 0.01 
