1.0 2.0 0.092421591393767 0.087315863 0.07 0.08 0.984210526315789 0.984210526315789 0.984210526 190.05 0.58 
0.0 42.0 0.0429694362376849 0.042969436 0.0 0.0 1.0 1.0 1.0 0.01 0.0 
1.0 1.0 0.288211390110029 0.154821542 0.03 0.04 0.993690851735015 0.996845425867507 0.995268139 317.06 0.23 
0.0 7.0 0.36898026885544 0.196517318 0.0 0.0 1.0 1.0 1.0 0.1 0.01 
1.0 3.0 1.22433242660739 0.612166213 0.02 0.04 0.994202898550724 0.994202898550724 0.994202899 345.0 0.08 
0.0 296.0 0.711252800266253 0.3556264 0.0 0.0 1.0 1.0 1.0 0.0 0.0 
1.0 3.0 0.866460128427678 1.082771918 0.04 0.17 0.994413407821229 0.994413407821229 0.994413408 488.93 0.05 
0.0 235.0 0.72369587573823 0.433965179 -0.09 0.02 0.711864406779661 0.966101694915254 0.838983051 7.17 0.15 
1.0 5.0 2.01735539792581 1.651766727 0.08 0.54 0.969230769230769 0.974358974358974 0.971794872 1034.41 0.02 
0.0 65.0 0.874227138616876 0.437113569 0.0 0.0 1.0 0.996884735202492 0.998442368 0.0 0.0 
1.0 6.0 0.0410771942312423 0.116994643 0.0 0.0 1.0 1.0 1.0 0.1 0.02 
0.0 97.0 0.134176652897805 0.714800032 -0.07 0.06 0.976439790575916 0.997382198952879 0.986910995 79.17 0.11 
1.0 1.0 0.0 0.0 0.0 0.0 1.0 1.0 1.0 0.0 0.0 
0.0 340.0 0.0467492277569555 0.150712162 0.0 0.0 1.0 0.991967871485943 0.995983936 0.14 0.02 
1.0 6.0 0.0453123921296478 0.033987177 0.0 0.0 1.0 1.0 1.0 0.01 0.0 
0.0 348.0 0.0414328681373426 0.020716434 0.0 0.0 1.0 0.954861111111111 0.977430556 0.1 0.01 
1.0 2.0 0.0275776979183499 0.027577698 0.0 0.0 1.0 1.0 1.0 0.0 0.0 
0.0 30.0 0.0778041344031273 0.038902067 0.02 0.02 0.996268656716417 0.996268656716417 0.996268657 268.0 0.23 
1.0 1.0 0.0 0.0 0.0 0.0 1.0 1.0 1.0 0.0 0.0 
0.0 30.0 0.0650626405333832 0.051712025 0.0 0.0 1.0 1.0 1.0 0.01 0.0 
1.0 4.0 0.802468461302531 0.425005095 0.0 0.0 1.0 0.994565217391304 0.997282609 0.86 0.02 
0.0 477.0 0.374972427367629 0.187486214 0.0 0.0 1.0 0.971786833855799 0.985893417 0.0 0.0 
1.0 7.0 0.406985846579798 0.214537958 0.0 0.0 1.0 1.0 1.0 0.11 0.01 
0.0 407.0 0.682325935624429 0.398273223 -0.01 0.01 1.0 0.815625 0.9078125 2.35 0.03 
1.0 2.0 0.0 0.0 0.0 0.0 1.0 1.0 1.0 0.0 0.0 
0.0 131.0 0.0773036079807894 0.066522264 0.0 0.0 1.0 0.995689655172413 0.997844828 0.04 0.01 
1.0 7.0 0.230620583898675 0.115310292 0.0 0.0 1.0 1.0 1.0 0.0 0.0 
0.0 155.0 0.740636982546526 0.370318491 0.0 0.0 1.0 1.0 1.0 0.0 0.0 
1.0 7.0 0.0 0.0 0.0 0.0 1.0 1.0 1.0 0.0 0.0 
0.0 15.0 0.0238338863025335 0.011916943 0.0 0.0 1.0 1.0 1.0 0.0 0.0 
1.0 5.0 0.0804987438688252 0.350671767 0.04 0.05 1.0 1.0 1.0 371.45 0.16 
0.0 13.0 0.0333071125195308 0.016653556 0.09 0.1 0.979057591623036 0.979057591623036 0.979057592 191.0 0.85 
1.0 7.0 0.340789061758102 0.170394531 0.0 0.0 1.0 1.0 1.0 0.0 0.0 
0.0 5.0 0.112234947943701 0.056117474 0.0 0.0 1.0 1.0 1.0 0.0 0.0 
1.0 6.0 0.307255770792754 0.26514545 0.13 0.16 1.0 1.0 1.0 146.68 1.45 
0.0 157.0 1.65612572964162 0.828062865 -0.03 0.02 1.0 0.977198697068403 0.988599349 9.13 0.16 
1.0 5.0 0.129647276765605 0.064823638 0.0 0.0 1.0 1.0 1.0 0.0 0.0 
0.0 61.0 0.0546588236180275 0.09317519 0.0 0.0 1.0 1.0 1.0 0.09 0.01 
1.0 3.0 0.0817070545395808 0.220880306 0.2 0.27 0.9 0.913513513513513 0.906756757 500.07 1.45 
0.0 117.0 2.01024142777587 1.761939946 0.2 0.82 0.760309278350515 0.914948453608247 0.837628866 1245.7 0.0 
1.0 7.0 0.846299466951633 0.595615322 -0.03 0.04 1.0 1.0 1.0 34.32 0.22 
0.0 4.0 0.531148512151595 0.498306527 -0.03 0.01 1.0 1.0 1.0 5.93 0.03 
1.0 2.0 0.853033146507135 0.458807291 0.02 0.03 0.997032640949554 0.997032640949554 0.997032641 342.62 0.11 
0.0 33.0 0.0277783581726275 0.013889179 0.0 0.0 1.0 1.0 1.0 0.0 0.0 
1.0 1.0 0.0 0.0 0.02 0.02 0.997109826589595 0.997109826589595 0.997109827 346.0 0.25 
0.0 17.0 0.0237613531260355 0.023761353 0.0 0.0 1.0 1.0 1.0 0.0 0.0 
1.0 5.0 0.668212651975778 0.361237468 0.15 0.2 0.949061662198391 0.949061662198391 0.949061662 374.22 0.65 
0.0 70.0 0.0237613531260355 0.023761353 0.0 0.0 1.0 1.0 1.0 0.0 0.0 
1.0 1.0 0.0 0.0 0.0 0.0 1.0 1.0 1.0 0.0 0.0 
0.0 206.0 0.0924435952521726 0.046221798 0.0 0.0 1.0 0.91640866873065 0.958204334 0.56 0.05 
1.0 4.0 0.164313253538926 0.082156627 0.0 0.0 1.0 1.0 1.0 0.0 0.0 
0.0 88.0 0.984873556522693 0.610639321 -0.03 0.01 1.0 0.996815286624203 0.998407643 3.74 0.02 
1.0 5.0 0.203678007939334 0.111158213 0.0 0.0 1.0 1.0 1.0 0.04 0.0 
0.0 228.0 0.0898033804732823 0.079001719 -0.03 0.0 0.940063091482649 0.974763406940063 0.957413249 0.93 0.02 
1.0 6.0 0.02427927049306 0.012139635 0.0 0.0 1.0 1.0 1.0 0.0 0.0 
0.0 123.0 0.256511536846493 0.128255768 0.02 0.02 1.0 0.997134670487106 0.998567335 349.0 0.14 
1.0 1.0 1.23477523246694 1.23207922 0.06 0.34 0.969788519637462 0.972809667673716 0.971299094 530.48 0.35 
0.0 240.0 0.194652488504509 0.097326244 0.0 0.0 1.0 1.0 1.0 0.0 0.0 
1.0 6.0 0.0 0.0 0.0 0.0 1.0 1.0 1.0 0.0 0.0 
0.0 45.0 0.0894533065620487 0.144884235 0.05 0.05 0.993690851735015 0.993690851735015 0.993690852 346.13 0.44 
1.0 5.0 0.0207057550810892 0.010352878 0.0 0.0 1.0 1.0 1.0 0.0 0.0 
0.0 105.0 0.0 0.0 0.0 0.0 1.0 0.988023952095808 0.994011976 0.0 0.0 
1.0 5.0 1.31293028096472 0.65646514 0.01 0.01 0.991803278688524 0.997267759562841 0.994535519 121.33 0.03 
0.0 86.0 0.093386970375234 0.056992843 0.0 0.0 1.0 0.993939393939393 0.996969697 0.02 0.0 
1.0 7.0 0.305431896321273 0.232348519 0.52 0.59 0.82394366197183 0.845070422535211 0.834507042 1346.16 2.78 
0.0 98.0 0.0277783581726275 0.123445314 0.0 0.0 1.0 0.995689655172413 0.997844828 0.06 0.01 
1.0 4.0 0.0327206861068792 0.016360343 0.0 0.0 1.0 1.0 1.0 0.0 0.0 
0.0 32.0 0.0427377908806097 0.088841144 0.0 0.0 0.993690851735015 0.996845425867507 0.995268139 0.09 0.01 
1.0 7.0 0.0 0.0 0.0 0.0 1.0 1.0 1.0 0.0 0.0 
0.0 158.0 0.0277783581726275 0.013889179 0.0 0.0 1.0 1.0 1.0 0.0 0.0 
1.0 5.0 0.779478842749047 0.389739421 0.0 0.0 1.0 1.0 1.0 0.0 0.0 
0.0 17.0 0.871253545707312 0.446228061 0.01 0.02 1.0 0.996865203761755 0.998432602 319.0 0.07 
1.0 2.0 0.019033872162318 0.009516936 0.0 0.0 1.0 1.0 1.0 0.0 0.0 
0.0 305.0 0.0278798704683955 0.027829114 0.0 0.0 1.0 0.995689655172413 0.997844828 0.01 0.0 
1.0 1.0 0.165405421610654 0.15091959 0.56 0.75 0.616541353383458 0.616541353383458 0.616541353 532.0 2.32 
0.0 138.0 0.0433219971907989 0.032464522 0.0 0.0 1.0 0.996794871794871 0.998397436 0.01 0.0 
1.0 6.0 0.358487542694941 0.233915795 0.01 0.03 0.997395833333333 0.997395833333333 0.997395833 410.59 0.12 
0.0 13.0 0.0241288360030556 0.012064418 0.0 0.0 1.0 1.0 1.0 0.0 0.0 
1.0 3.0 0.0650018938097876 0.032500947 0.0 0.0 1.0 1.0 1.0 0.0 0.0 
0.0 123.0 0.317699898946662 0.755623383 0.01 0.08 1.0 0.899484536082474 0.949742268 123.31 0.15 
1.0 7.0 0.0403852550270539 0.020192628 0.04 0.04 0.993311036789297 0.993311036789297 0.993311037 299.0 0.36 
0.0 30.0 0.091634859723266 0.072064952 0.0 0.0 1.0 1.0 1.0 0.03 0.01 
1.0 5.0 0.0 0.0 0.03 0.03 0.996078431372549 0.996078431372549 0.996078431 255.0 0.27 
0.0 4.0 0.0842013440645039 0.073110666 0.25 0.29 0.929230769230769 0.929230769230769 0.929230769 811.96 1.78 
1.0 1.0 0.159915955314656 0.079957978 0.15 0.24 0.935672514619882 0.935672514619882 0.935672515 342.0 1.47 
0.0 99.0 0.0705774216877336 0.035288711 0.0 0.01 0.865497076023391 0.994152046783625 0.929824561 7.8 0.1 
1.0 4.0 0.038968982908286 0.019484491 0.0 0.0 1.0 1.0 1.0 0.0 0.0 
0.0 63.0 0.191898140493131 0.147415071 0.0 0.01 1.0 1.0 1.0 9.18 0.09 
1.0 2.0 0.0 0.0 0.0 0.0 1.0 1.0 1.0 0.0 0.0 
0.0 24.0 0.645275020545481 0.494602477 0.03 0.12 1.0 0.996710526315789 0.998355263 63.42 0.85 
1.0 5.0 0.046939257774748 0.035207576 0.02 0.02 0.996478873239436 0.996478873239436 0.996478873 284.01 0.2 
0.0 501.0 0.76170373746072 0.45866892 -0.15 0.03 0.889175257731958 0.894329896907216 0.891752577 17.69 0.07 
1.0 7.0 0.0194949129943501 0.009747456 0.02 0.02 1.0 0.99715909090909 0.998579545 352.0 0.2 
0.0 46.0 0.0863062523442876 0.14865597 0.13 0.18 0.90721649484536 0.943298969072164 0.925257732 244.34 1.41 
1.0 7.0 0.114119533252228 0.057059767 0.0 0.0 1.0 1.0 1.0 0.0 0.0 
0.0 38.0 0.0592323759679665 0.029616188 0.03 0.13 0.865497076023391 0.932748538011695 0.899122807 143.28 1.35 
1.0 3.0 0.0764595424535969 0.407228457 0.0 0.01 1.0 0.996845425867507 0.998422713 3.64 0.02 
0.0 46.0 0.171986576106427 0.155687555 0.0 0.0 1.0 0.994565217391304 0.997282609 0.17 0.03 
1.0 0.0 0.887495787832807 0.887495788 -0.2 0.0 0.994652406417112 0.994652406417112 0.994652406 0.0 2.28 
0.0 109.0 0.83443423629989 0.670488667 0.02 0.16 1.0 1.0 1.0 41.8 0.99 
1.0 5.0 0.725446257432056 0.673365344 0.01 0.17 1.0 1.0 1.0 93.55 0.93 
0.0 353.0 0.0 0.0 0.0 0.0 1.0 1.0 1.0 0.0 0.0 
1.0 5.0 0.419476629126541 0.262533899 0.05 0.07 0.985250737463126 0.988200589970501 0.986725664 312.01 0.31 
0.0 19.0 0.929154431708091 1.042164533 0.22 0.7 0.935567010309278 0.963917525773195 0.949742268 740.74 1.97 
1.0 6.0 0.117193836260767 0.058596918 0.0 0.0 1.0 1.0 1.0 0.0 0.0 
0.0 1.0 0.0225321439208077 0.095188364 0.02 0.02 0.996644295302013 0.996644295302013 0.996644295 298.04 0.14 
1.0 2.0 2.01024142777587 1.556230325 0.09 0.51 0.760309278350515 0.899484536082474 0.829896907 851.03 0.1 
0.0 21.0 0.175095603007068 0.087547802 0.01 0.01 0.988338192419825 0.997084548104956 0.99271137 85.07 0.11 
1.0 1.0 0.0457871748209377 0.710347935 0.01 0.03 0.997395833333333 0.997395833333333 0.997395833 397.59 0.02 
0.0 19.0 0.330862899159724 0.799348044 0.0 0.09 0.989090909090909 0.989090909090909 0.989090909 317.39 0.04 
1.0 1.0 0.0 0.0 0.03 0.03 0.994845360824742 0.994845360824742 0.994845361 194.0 0.33 
0.0 389.0 1.95951017862725 1.575891686 -0.14 0.52 0.894329896907216 0.945876288659793 0.920103093 672.63 0.25 
1.0 5.0 0.0 0.0 0.17 0.32 0.900928792569659 0.900928792569659 0.900928793 323.0 2.08 
0.0 78.0 0.0 0.0 0.0 0.0 1.0 0.992957746478873 0.996478873 0.0 0.0 
1.0 3.0 0.171057602655322 0.771691376 0.03 0.06 1.0 0.94535519125683 0.972677596 81.87 0.35 
0.0 238.0 0.0277783581726275 0.027778358 0.0 0.0 1.0 1.0 1.0 0.0 0.0 
1.0 2.0 0.0973782361448659 0.101338343 0.0 0.0 1.0 1.0 1.0 0.09 0.02 
0.0 115.0 0.890561650446367 1.202100057 0.19 0.53 0.896907216494845 0.914948453608247 0.905927835 746.93 0.75 
1.0 3.0 0.691837793385848 0.88811912 0.13 0.26 0.955555555555555 0.955555555555555 0.955555556 261.02 0.06 
0.0 151.0 0.0337510120778166 0.016875506 0.0 0.0 1.0 0.985401459854014 0.99270073 0.0 0.0 
1.0 2.0 0.727231450739409 0.455435298 0.04 0.08 0.985994397759103 0.988795518207282 0.987394958 362.33 0.12 
0.0 209.0 0.02279339310465 0.087187233 0.0 0.0 1.0 0.986348122866894 0.993174061 0.04 0.01 
1.0 2.0 0.0 0.0 0.0 0.0 1.0 1.0 1.0 0.0 0.0 
0.0 11.0 0.0347133105978842 0.084217744 -0.01 0.0 0.332402234636871 0.994413407821229 0.663407821 1.29 0.01 
1.0 6.0 0.0385544860430355 0.115226313 0.0 0.0 1.0 1.0 1.0 0.1 0.01 
0.0 318.0 0.0687438229132367 0.174411284 -0.13 0.01 0.900928792569659 0.922600619195046 0.911764706 6.5 0.02 
1.0 6.0 0.0252259849379112 0.012612992 0.04 0.04 0.99236641221374 0.99236641221374 0.992366412 262.0 0.46 
0.0 269.0 1.39911715517933 1.291036223 0.05 0.35 1.0 0.994609164420485 0.997304582 241.88 0.24 
1.0 1.0 0.0 0.0 0.0 0.0 1.0 1.0 1.0 0.0 0.0 
0.0 79.0 0.0 0.0 0.0 0.0 0.987068965517241 0.995689655172413 0.99137931 0.01 0.0 
1.0 3.0 0.888137848945064 0.494534828 0.0 0.01 1.0 1.0 1.0 2.73 0.16 
0.0 70.0 0.388572007136366 0.281023781 -0.03 0.01 1.0 0.98473282442748 0.992366412 2.33 0.1 
1.0 3.0 0.0826659191126461 0.128853456 0.1 0.14 0.959459459459459 0.963963963963963 0.961711712 196.55 1.1 
0.0 147.0 0.0891944327568476 0.257082156 0.0 0.01 1.0 0.986013986013986 0.993006993 15.58 0.02 
1.0 1.0 0.0 0.0 0.0 0.0 1.0 1.0 1.0 0.0 0.0 
0.0 14.0 0.510688668859979 0.266002572 -0.01 0.0 1.0 0.996855345911949 0.998427673 0.53 0.04 
1.0 3.0 0.627437033677109 0.324348198 0.01 0.02 0.996865203761755 0.996865203761755 0.996865204 319.48 0.03 
0.0 361.0 0.0 0.0 0.0 0.0 1.0 1.0 1.0 0.0 0.0 
1.0 6.0 0.248726243769732 0.134852445 0.0 0.0 1.0 1.0 1.0 0.07 0.01 
0.0 7.0 0.0528378851271109 0.026418943 0.02 0.02 0.996904024767801 0.996904024767801 0.996904025 323.0 0.18 
1.0 1.0 0.137606416000468 0.068803208 0.07 0.08 0.985422740524781 0.985422740524781 0.985422741 343.0 0.57 
0.0 156.0 0.0393639275619094 0.019681964 0.0 0.0 1.0 0.997134670487106 0.998567335 0.0 0.0 
1.0 4.0 0.0429694362376849 0.079255071 0.0 0.0 1.0 1.0 1.0 0.04 0.01 
0.0 10.0 0.149921449720777 0.129090697 0.0 0.0 1.0 0.997134670487106 0.998567335 0.22 0.02 
1.0 3.0 0.0406130892105974 0.020306545 0.0 0.0 1.0 1.0 1.0 0.0 0.0 
0.0 6.0 0.499090087585846 0.368800172 0.01 0.03 1.0 0.996138996138996 0.998069498 104.14 0.15 
1.0 2.0 0.0215482557268673 0.08983934 0.02 0.02 0.996815286624203 0.996815286624203 0.996815287 314.03 0.14 
0.0 229.0 0.021489805529056 0.010744903 0.0 0.0 1.0 1.0 1.0 0.0 0.0 
1.0 5.0 0.0416737059285854 0.169091986 0.0 0.0 1.0 1.0 1.0 0.19 0.02 
0.0 83.0 0.455257987380865 0.240241986 0.0 0.0 1.0 0.99236641221374 0.996183206 0.38 0.05 
1.0 3.0 0.0601849586562254 0.057469865 0.0 0.0 1.0 0.996815286624203 0.998407643 0.02 0.0 
0.0 2.0 0.608932620565087 0.30446631 0.0 0.0 1.0 1.0 1.0 0.0 0.0 
1.0 3.0 0.570590975416156 0.285295488 0.0 0.0 1.0 1.0 1.0 0.0 0.0 
0.0 78.0 0.0 0.0 0.0 0.0 1.0 1.0 1.0 0.0 0.0 
1.0 6.0 0.0558624014980071 0.164473505 0.01 0.01 1.0 1.0 1.0 30.28 0.1 
0.0 78.0 0.184459293937031 0.609098898 -0.01 0.01 1.0 1.0 1.0 5.53 0.07 
1.0 0.0 1.35255209194157 1.352552092 -0.74 0.0 0.930513595166163 0.930513595166163 0.930513595 0.0 1.3 
0.0 81.0 0.0200808046632287 0.010040402 0.0 0.0 1.0 0.994152046783625 0.997076023 0.0 0.0 
1.0 4.0 0.0 0.0 0.35 0.5 0.797872340425531 0.797872340425531 0.79787234 282.0 3.11 
0.0 16.0 1.46925521874245 1.258854173 0.06 0.39 0.981873111782477 0.996978851963746 0.989425982 469.18 1.0 
1.0 6.0 0.299831019525306 0.201243565 0.02 0.03 0.990566037735849 0.993710691823899 0.992138365 211.68 0.16 
0.0 231.0 0.478013778900196 0.295460787 -0.02 0.02 1.0 0.97134670487106 0.985673352 11.8 0.0 
1.0 6.0 0.0508310715523028 0.025415536 0.02 0.03 0.995575221238938 0.995575221238938 0.995575221 226.0 0.25 
0.0 104.0 0.229569562073634 0.193225184 0.01 0.02 1.0 0.946875 0.9734375 84.48 0.07 
1.0 6.0 0.312271477280424 0.156135739 0.0 0.0 1.0 1.0 1.0 0.0 0.0 
0.0 205.0 0.021489805529056 0.083049632 0.0 0.0 1.0 0.990445859872611 0.99522293 0.04 0.01 
1.0 2.0 0.0612939134880307 0.092772375 0.0 0.0 1.0 1.0 1.0 0.08 0.01 
0.0 170.0 0.0 0.0 -0.01 0.0 0.885964912280701 0.985380116959064 0.935672515 0.65 0.06 
1.0 5.0 0.0 0.0 0.0 0.0 1.0 1.0 1.0 0.0 0.0 
0.0 19.0 0.9374723317261 0.482625345 0.0 0.0 1.0 0.987068965517241 0.993534483 0.61 0.04 
1.0 2.0 0.0758612201196971 0.048503668 0.0 0.0 1.0 1.0 1.0 0.01 0.0 
0.0 58.0 0.119492939892984 0.05974647 0.0 0.0 1.0 1.0 1.0 0.0 0.0 
1.0 3.0 0.023546567098459 0.023546567 0.0 0.0 1.0 1.0 1.0 0.0 0.0 
0.0 8.0 0.0758612201196971 0.745682474 -0.01 0.01 1.0 1.0 1.0 10.33 0.02 
1.0 3.0 0.190472447016791 0.71564926 0.1 0.25 0.93859649122807 0.944444444444444 0.941520468 344.77 0.41 
0.0 150.0 0.0924435952521726 0.056711121 0.0 0.0 1.0 1.0 1.0 0.02 0.0 
1.0 7.0 0.0 0.0 0.0 0.0 1.0 1.0 1.0 0.0 0.0 
0.0 77.0 0.0279821836452784 0.013991092 0.0 0.0 0.987068965517241 0.991379310344827 0.989224138 0.04 0.01 
1.0 3.0 0.235649142468084 0.641346659 -0.02 0.03 1.0 1.0 1.0 18.08 0.02 
0.0 393.0 0.373561247301554 0.186780624 0.0 0.0 1.0 1.0 1.0 0.0 0.0 
1.0 4.0 0.0285821223591092 0.014291061 0.0 0.0 1.0 0.996932515337423 0.998466258 0.0 0.0 
0.0 5.0 0.0832790147097544 0.055528686 0.0 0.0 1.0 1.0 1.0 0.01 0.0 
1.0 1.0 0.0222144687344339 0.011107234 0.0 0.0 1.0 1.0 1.0 0.0 0.0 
0.0 89.0 0.45211655551566 0.226058278 0.0 0.0 1.0 0.986301369863013 0.993150685 0.0 0.0 
1.0 4.0 0.0708978862864638 0.035448943 0.0 0.0 1.0 1.0 1.0 0.0 0.0 
0.0 5.0 0.227315676154747 0.193735953 0.0 0.0 1.0 0.993710691823899 0.996855346 0.58 0.06 
1.0 1.0 0.255429986523709 0.239492105 0.17 0.19 1.0 1.0 1.0 1276.97 1.14 
0.0 133.0 0.551878325578596 0.286831916 0.0 0.0 1.0 1.0 1.0 0.21 0.02 
1.0 3.0 1.22433242660739 0.612166213 0.02 0.04 0.994202898550724 0.994202898550724 0.994202899 345.0 0.08 
0.0 139.0 0.203614267704588 0.111923748 0.0 0.0 1.0 1.0 1.0 0.05 0.01 
1.0 4.0 0.0 0.0 0.0 0.0 1.0 1.0 1.0 0.0 0.0 
0.0 57.0 0.546851992234262 0.273425996 0.0 0.0 1.0 1.0 1.0 0.0 0.0 
1.0 1.0 0.0 0.0 0.0 0.0 1.0 1.0 1.0 0.0 0.0 
0.0 30.0 0.834883113465696 0.49591994 0.0 0.03 1.0 0.994252873563218 0.997126437 72.86 0.08 
1.0 1.0 0.695823444713384 0.359341585 0.06 0.11 0.976588628762541 0.976588628762541 0.976588629 299.59 0.27 
0.0 59.0 0.829958229134821 0.719388987 -0.02 0.11 0.943298969072164 0.989690721649484 0.966494845 286.83 0.01 
1.0 3.0 0.107319245674504 0.053659623 0.05 0.05 0.991111111111111 0.991111111111111 0.991111111 225.0 0.39 
0.0 26.0 0.239231041119429 0.130389648 0.0 0.0 1.0 0.996815286624203 0.998407643 0.1 0.01 
1.0 2.0 0.921285516425012 0.520543186 0.0 0.01 1.0 1.0 1.0 3.01 0.19 
0.0 7.0 0.0862286309517237 0.043114315 0.0 0.0 1.0 1.0 1.0 0.0 0.0 
