1.0 3.0 0.0896596069085538 0.113806188 0.0 0.0 1.0 1.0 1.0 0.1 0.02 
0.0 104.0 0.0279821836452784 0.013991092 0.0 0.0 0.991379310344827 0.995689655172413 0.993534483 0.01 0.0 
1.0 1.0 0.134258729623652 0.128858734 0.38 0.64 0.581761006289308 0.60062893081761 0.591194969 930.06 1.95 
0.0 35.0 0.680089072238038 0.340044536 0.0 0.0 1.0 1.0 1.0 0.0 0.0 
1.0 1.0 1.43169340170676 1.25644723 0.17 0.7 0.880813953488372 0.880813953488372 0.880813953 802.67 1.32 
0.0 101.0 0.0 0.0 0.0 0.0 1.0 1.0 1.0 0.0 0.0 
1.0 5.0 0.218505786089039 0.674101566 0.02 0.07 0.996515679442508 0.996515679442508 0.996515679 455.02 0.35 
0.0 66.0 0.0968506565216047 0.078437283 0.0 0.0 1.0 1.0 1.0 0.05 0.01 
1.0 1.0 0.0 0.0 0.0 0.0 1.0 1.0 1.0 0.0 0.0 
0.0 43.0 0.838455913773507 0.791505723 -0.02 0.13 0.935567010309278 0.997422680412371 0.966494845 188.6 0.48 
1.0 3.0 0.0646970605935975 0.050129652 0.12 0.12 0.97286012526096 0.97286012526096 0.972860125 479.02 0.94 
0.0 7.0 0.416933677171838 0.220998201 0.27 0.33 0.9 0.903448275862068 0.901724138 290.0 2.08 
1.0 4.0 0.105184313005493 0.052592157 0.0 0.0 1.0 1.0 1.0 0.0 0.0 
0.0 123.0 0.343354467802449 0.183310523 0.0 0.0 1.0 1.0 1.0 0.11 0.02 
1.0 2.0 0.0453123921296478 0.097151998 0.0 0.0 1.0 1.0 1.0 0.05 0.01 
0.0 275.0 0.172167861264803 0.164524334 -0.01 0.0 1.0 0.946875 0.9734375 0.97 0.09 
1.0 3.0 0.276700299378803 0.13835015 0.0 0.0 1.0 1.0 1.0 0.0 0.0 
0.0 13.0 0.778124050497512 0.400138066 0.0 0.01 0.881578947368421 0.996710526315789 0.939144737 7.86 0.04 
1.0 3.0 0.0275776979183499 0.013788849 0.0 0.0 1.0 1.0 1.0 0.0 0.0 
0.0 1.0 0.060680014902986 0.195771457 0.08 0.09 0.989090909090909 0.989090909090909 0.989090909 305.3 0.58 
1.0 3.0 0.888137848945064 0.494534828 0.0 0.01 1.0 1.0 1.0 2.73 0.16 
0.0 396.0 0.355631253599752 0.177815627 -0.04 0.01 1.0 0.938775510204081 0.969387755 1.9 0.18 
1.0 6.0 0.0 0.0 0.0 0.0 1.0 1.0 1.0 0.0 0.0 
0.0 181.0 0.2338222085409 0.983942052 -0.03 0.08 0.890459363957597 0.992932862190812 0.941696113 81.65 0.18 
1.0 2.0 0.702239380528821 0.375167421 -0.01 0.0 1.0 1.0 1.0 1.21 0.05 
0.0 249.0 0.033762029511268 0.016881015 -0.01 0.0 1.0 0.663043478260869 0.831521739 0.51 0.05 
1.0 3.0 0.0445433928425128 0.022271696 0.02 0.02 0.996688741721854 0.996688741721854 0.996688742 302.0 0.2 
0.0 89.0 0.814553554940188 0.44761657 -0.01 0.02 1.0 0.994623655913978 0.997311828 42.82 0.16 
1.0 6.0 0.0593244878383097 0.292084382 0.03 0.06 0.994252873563218 0.994252873563218 0.994252874 696.34 0.19 
0.0 171.0 0.834694147442099 0.417347074 0.0 0.0 1.0 1.0 1.0 0.0 0.0 
1.0 6.0 0.026711938279157 0.013355969 0.03 0.03 0.995901639344262 0.995901639344262 0.995901639 244.0 0.25 
0.0 282.0 1.35360633815685 0.676803169 -0.01 0.0 1.0 0.994609164420485 0.997304582 1.41 0.01 
1.0 2.0 0.874227138616876 0.447658557 -0.01 0.0 1.0 0.996884735202492 0.998442368 0.73 0.02 
0.0 129.0 0.0365253272739986 0.133165165 0.0 0.0 1.0 0.997014925373134 0.998507463 0.09 0.01 
1.0 5.0 0.0422824341559714 0.035632528 0.0 0.0 1.0 1.0 1.0 0.01 0.0 
0.0 90.0 0.0968506565216047 0.419780176 -0.01 0.01 1.0 0.990445859872611 0.99522293 13.2 0.06 
1.0 7.0 0.0899462613461481 0.064559047 0.0 0.0 1.0 1.0 1.0 0.03 0.01 
0.0 144.0 0.0217855061668038 0.010892753 0.0 0.0 1.0 1.0 1.0 0.0 0.0 
1.0 3.0 0.0649157045465794 0.180712985 0.0 0.0 1.0 1.0 1.0 0.29 0.03 
0.0 178.0 0.021489805529056 0.010744903 0.0 0.0 1.0 1.0 1.0 0.0 0.0 
1.0 2.0 0.754730588799507 0.387966583 0.0 0.0 1.0 1.0 1.0 0.64 0.02 
0.0 65.0 0.0572068608923342 0.048547609 0.0 0.0 1.0 1.0 1.0 0.01 0.0 
1.0 7.0 0.662346471556216 0.415341387 -0.01 0.02 1.0 1.0 1.0 8.18 0.19 
0.0 4.0 0.0383507834087113 0.103380393 0.0 0.0 1.0 1.0 1.0 0.06 0.01 
1.0 7.0 0.769499878113342 0.437545524 0.04 0.09 0.985250737463126 0.985250737463126 0.985250737 349.9 0.31 
0.0 262.0 0.764887109287822 1.362198644 -0.17 0.43 0.90721649484536 0.945876288659793 0.926546392 358.21 0.27 
1.0 3.0 0.0821275116809847 0.051310183 0.02 0.02 1.0 0.996987951807228 0.998493976 332.0 0.19 
0.0 233.0 0.0497396448289763 0.024869822 0.0 0.0 1.0 0.995689655172413 0.997844828 0.0 0.0 
1.0 3.0 0.0406130892105974 0.020306545 0.0 0.0 1.0 1.0 1.0 0.0 0.0 
0.0 117.0 0.0403852550270539 0.031394583 0.0 0.0 1.0 0.993311036789297 0.996655518 0.01 0.0 
1.0 5.0 0.0 0.0 0.0 0.0 1.0 1.0 1.0 0.0 0.0 
0.0 13.0 0.0186384181703463 0.009319209 0.0 0.0 1.0 0.994609164420485 0.997304582 0.01 0.0 
1.0 4.0 0.184280723719605 0.092140362 0.03 0.03 0.995495495495495 0.995495495495495 0.995495495 222.0 0.24 
0.0 24.0 1.16544040662716 1.116058345 0.07 0.48 1.0 0.991452991452991 0.995726496 611.22 1.64 
1.0 1.0 0.741506869798187 0.370753435 0.0 0.0 1.0 1.0 1.0 0.0 0.0 
0.0 237.0 0.223554224045767 0.111777112 0.0 0.0 1.0 1.0 1.0 0.0 0.0 
1.0 3.0 0.0611859185488578 0.05926765 0.05 0.05 0.99171270718232 0.994475138121546 0.993093923 362.02 0.37 
0.0 138.0 0.0646970605935975 0.137172202 0.0 0.01 0.97286012526096 0.993736951983298 0.983298539 39.37 0.0 
1.0 1.0 0.369205600782166 0.283432369 0.21 0.3 0.90721649484536 0.909793814432989 0.908505155 397.67 1.49 
0.0 45.0 0.0278798704683955 0.013939935 0.0 0.0 1.0 0.995689655172413 0.997844828 0.0 0.0 
1.0 6.0 0.0 0.0 0.0 0.0 1.0 1.0 1.0 0.0 0.0 
0.0 66.0 0.040048630190433 0.020024315 0.0 0.0 1.0 1.0 1.0 0.0 0.0 
1.0 0.0 0.0 0.0 0.0 0.0 1.0 1.0 1.0 0.0 0.0 
0.0 125.0 0.0546588236180275 0.027329412 0.0 0.0 1.0 1.0 1.0 0.0 0.0 
1.0 3.0 0.0 0.0 0.09 0.09 0.982300884955752 0.982300884955752 0.982300885 226.0 0.79 
0.0 1.0 0.773614721470839 1.055033063 0.12 0.4 0.922459893048128 0.927807486631016 0.92513369 892.34 0.3 
1.0 0.0 2.01024142777587 2.010241428 -0.6 0.0 0.760309278350515 0.760309278350515 0.760309278 0.0 0.33 
0.0 211.0 0.0 0.0 0.0 0.0 1.0 0.989690721649484 0.994845361 0.0 0.0 
1.0 7.0 0.222982785891894 0.111491393 0.0 0.0 1.0 1.0 1.0 0.0 0.0 
0.0 241.0 0.39128385161505 0.215126417 -0.04 0.01 0.867507886435331 0.977917981072555 0.922712934 4.61 0.09 
1.0 3.0 0.0287409193078362 0.024859783 0.0 0.0 1.0 1.0 1.0 0.0 0.0 
0.0 248.0 0.1731597557551 0.086579878 0.0 0.0 1.0 0.971786833855799 0.985893417 0.0 0.0 
1.0 7.0 0.990669641469538 0.495334821 -0.03 0.19 0.865497076023391 0.921052631578947 0.893274854 188.63 0.53 
0.0 237.0 0.0212025770039786 0.010601289 0.0 0.0 1.0 1.0 1.0 0.0 0.0 
1.0 7.0 0.807048845039503 1.300878141 0.13 0.51 0.936026936026935 0.939393939393939 0.937710438 486.69 0.41 
0.0 323.0 0.0217855061668038 0.1031224 0.0 0.0 1.0 1.0 1.0 0.05 0.01 
1.0 2.0 0.0208685696629229 0.02086857 0.02 0.02 0.996932515337423 0.996932515337423 0.996932515 326.0 0.18 
0.0 16.0 0.144609457581733 0.072304729 0.0 0.0 1.0 0.990445859872611 0.99522293 0.0 0.0 
1.0 5.0 0.0817712794043339 0.196721761 0.03 0.05 0.992094861660079 0.992094861660079 0.992094862 253.35 0.2 
0.0 78.0 0.502425366099554 0.274205753 -0.01 0.0 1.0 0.997375328083989 0.998687664 0.38 0.03 
1.0 1.0 0.0434409002022211 0.566077873 0.01 0.02 0.996784565916398 0.996784565916398 0.996784566 312.19 0.01 
0.0 333.0 0.046939257774748 0.110344625 -0.02 0.01 0.595070422535211 0.996478873239436 0.795774648 3.68 0.07 
1.0 4.0 0.0230612269388944 0.023027432 0.0 0.0 1.0 0.996551724137931 0.998275862 0.01 0.0 
0.0 164.0 0.742709694902273 0.392839566 0.0 0.01 1.0 0.990445859872611 0.99522293 10.59 0.05 
1.0 4.0 0.946912170978799 0.473456085 0.0 0.0 1.0 1.0 1.0 0.0 0.0 
0.0 45.0 0.0882402034203475 0.044120102 0.0 0.0 1.0 0.969613259668508 0.98480663 0.0 0.0 
1.0 2.0 0.796275561074849 1.165155176 0.2 0.73 0.985795454545454 0.988636363636363 0.987215909 629.39 0.7 
0.0 3.0 0.11980085607378 0.059900428 0.0 0.0 1.0 1.0 1.0 0.0 0.0 
1.0 7.0 0.0 0.0 0.0 0.0 1.0 0.984210526315789 0.992105263 0.0 0.0 
0.0 523.0 0.682325935624429 0.363754094 -0.03 0.04 0.815625 0.925 0.8703125 19.28 0.45 
1.0 5.0 0.9835044019081 0.929048383 0.19 0.48 0.905714285714285 0.905714285714285 0.905714286 485.66 0.79 
0.0 115.0 0.019033872162318 0.018836145 0.0 0.0 0.973118279569892 0.997311827956989 0.985215054 0.06 0.01 
1.0 4.0 0.834694147442099 0.436937005 0.01 0.02 1.0 0.996763754045307 0.998381877 309.63 0.03 
0.0 287.0 0.0277783581726275 0.013889179 0.0 0.0 1.0 1.0 1.0 0.0 0.0 
1.0 5.0 0.0778783556377343 0.050015219 0.0 0.0 1.0 0.996699669966996 0.998349835 0.02 0.0 
0.0 51.0 0.0617684851168838 0.824770349 -0.01 0.01 1.0 0.927272727272727 0.963636364 6.25 0.04 
1.0 3.0 0.761870743506642 0.380935372 0.0 0.08 1.0 0.237918215613382 0.618959108 33.16 0.36 
0.0 10.0 0.0 0.0 0.0 0.0 1.0 1.0 1.0 0.0 0.0 
1.0 2.0 0.0553960351055113 0.038743052 0.0 0.0 1.0 1.0 1.0 0.01 0.0 
0.0 89.0 0.09277111711335 0.060274738 0.0 0.0 1.0 0.995689655172413 0.997844828 0.02 0.0 
1.0 4.0 0.0707274255828398 0.070727426 0.0 0.0 1.0 1.0 1.0 0.02 0.01 
0.0 8.0 0.1267535669658 0.063376783 0.0 0.0 1.0 1.0 1.0 0.0 0.0 
1.0 7.0 0.432554134926898 0.22702197 0.12 0.14 0.969135802469135 0.969135802469135 0.969135802 324.11 0.8 
0.0 13.0 0.67063870562648 0.346521308 0.0 0.0 1.0 1.0 1.0 0.45 0.03 
1.0 7.0 0.019542337228798 0.529291923 0.0 0.0 1.0 1.0 1.0 0.57 0.03 
0.0 171.0 0.834694147442099 0.417347074 0.0 0.0 1.0 1.0 1.0 0.0 0.0 
1.0 4.0 0.0 0.0 0.07 0.07 0.986798679867986 0.986798679867986 0.98679868 303.0 0.68 
0.0 26.0 0.0946457533196538 0.08185216 0.0 0.0 1.0 1.0 1.0 0.07 0.01 
1.0 4.0 0.0239068963031024 0.011953448 0.01 0.02 1.0 0.99638989169675 0.998194946 277.0 0.28 
0.0 77.0 0.0618485037323465 0.044052094 0.0 0.0 1.0 1.0 1.0 0.01 0.0 
1.0 4.0 0.610844790689611 1.028247394 0.07 0.36 0.975138121546961 0.975138121546961 0.975138122 1220.06 0.61 
0.0 43.0 0.0 0.0 0.03 0.13 0.865497076023391 0.935672514619882 0.900584795 135.82 1.24 
1.0 3.0 0.0 0.0 0.0 0.0 1.0 1.0 1.0 0.0 0.0 
0.0 28.0 0.668212651975778 0.343382783 0.0 0.0 1.0 0.949061662198391 0.974530831 0.46 0.02 
1.0 6.0 1.33918703240963 1.204864762 0.0 0.11 1.0 1.0 1.0 89.65 0.12 
0.0 0.0 0.13204071076721 0.132040711 -0.12 0.0 0.883280757097791 0.883280757097791 0.883280757 0.0 2.41 
1.0 1.0 0.042058630469852 0.152775468 0.11 0.13 0.98170731707317 0.984756097560975 0.983231707 885.66 0.85 
0.0 140.0 0.662346471556216 0.331173236 0.0 0.0 1.0 0.996913580246913 0.99845679 0.61 0.02 
1.0 6.0 0.0676085614974587 0.24185902 0.01 0.02 1.0 0.997206703910614 0.998603352 358.27 0.07 
0.0 273.0 0.0557409191195386 0.02787046 0.0 0.0 1.0 0.995689655172413 0.997844828 0.0 0.0 
1.0 7.0 0.0 0.0 0.0 0.0 1.0 1.0 1.0 0.0 0.0 
0.0 195.0 0.898863875971626 0.581871805 0.05 0.07 1.0 0.925696594427244 0.962848297 128.75 0.21 
1.0 5.0 0.0 0.0 0.0 0.0 1.0 1.0 1.0 0.0 0.0 
0.0 639.0 0.099623389466162 0.504642217 -0.02 0.01 1.0 0.959183673469387 0.979591837 3.13 0.05 
1.0 3.0 0.307949565400571 0.214081823 0.05 0.07 0.987179487179487 0.987179487179487 0.987179487 312.48 0.32 
0.0 19.0 0.2242633883807 0.174424607 -0.01 0.0 1.0 0.990536277602523 0.995268139 0.55 0.06 
1.0 5.0 0.0832846732333399 0.041642337 0.0 0.0 1.0 1.0 1.0 0.0 0.0 
0.0 52.0 0.0209786462403052 0.010489323 0.0 0.0 1.0 0.900928792569659 0.950464396 0.11 0.01 
1.0 6.0 0.406985846579798 0.275825355 0.0 0.0 1.0 1.0 1.0 0.35 0.0 
0.0 158.0 0.681208146406281 0.368946347 0.0 0.01 1.0 1.0 1.0 3.75 0.1 
1.0 4.0 0.0200808046632287 0.010040402 0.01 0.01 0.991228070175438 0.994152046783625 0.992690058 55.83 0.16 
0.0 10.0 0.915656028022533 0.554493383 0.0 0.03 0.997237569060773 0.997237569060773 0.997237569 369.26 0.1 
1.0 7.0 0.846299466951633 0.595615322 -0.03 0.04 1.0 1.0 1.0 34.32 0.22 
0.0 224.0 0.0355622440384318 0.025320345 0.0 0.0 0.97286012526096 0.991649269311064 0.982254697 7.63 0.08 
1.0 1.0 0.288211390110029 0.154821542 0.03 0.04 0.993690851735015 0.996845425867507 0.995268139 317.06 0.23 
0.0 70.0 0.038060092151583 0.083646766 0.0 0.0 1.0 0.969613259668508 0.98480663 0.11 0.01 
1.0 7.0 0.097861309246028 0.069262414 0.1 0.11 0.982404692082111 0.982404692082111 0.982404692 682.02 0.78 
0.0 54.0 0.0355622440384318 0.017781122 0.0 0.0 1.0 0.97286012526096 0.986430063 0.0 0.0 
1.0 4.0 0.531148512151595 0.498306527 -0.03 0.01 1.0 1.0 1.0 5.93 0.03 
0.0 131.0 1.82132069437081 0.976506125 -0.01 0.03 1.0 1.0 1.0 16.38 0.06 
1.0 0.0 0.021906245315443 0.021906245 -0.03 0.0 0.921921921921921 0.921921921921921 0.921921922 0.0 2.51 
0.0 5.0 0.720242086623066 0.544723844 0.23 0.36 0.909793814432989 0.909793814432989 0.909793814 608.7 0.99 
1.0 6.0 0.0 0.0 0.0 0.0 1.0 1.0 1.0 0.0 0.0 
0.0 25.0 0.0402723695891569 0.03133814 0.0 0.0 1.0 0.996655518394648 0.998327759 0.01 0.0 
1.0 1.0 0.0 0.0 0.0 0.0 1.0 1.0 1.0 0.0 0.0 
0.0 48.0 0.138370975387123 0.069185488 0.0 0.0 1.0 1.0 1.0 0.0 0.0 
1.0 4.0 0.0220900695991859 0.083377467 0.01 0.01 1.0 1.0 1.0 29.5 0.18 
0.0 146.0 0.123300437793424 0.061650219 0.0 0.0 0.961538461538461 0.996794871794871 0.979166667 0.06 0.01 
1.0 4.0 0.0352954379540603 0.079585681 0.0 0.0 1.0 1.0 1.0 0.04 0.01 
0.0 11.0 0.0267419762938263 0.109851182 0.0 0.0 1.0 1.0 1.0 0.03 0.01 
1.0 7.0 0.699834449646165 0.372541973 0.1 0.14 0.962825278810408 0.966542750929368 0.964684015 242.25 0.55 
0.0 315.0 0.300284761735227 0.746278977 -0.03 0.05 0.894329896907216 0.997422680412371 0.945876289 72.73 0.0 
1.0 5.0 0.940488589087783 1.042743969 0.05 0.51 1.0 1.0 1.0 282.16 0.03 
0.0 345.0 0.838455913773507 1.424348671 -0.16 0.4 0.760309278350515 0.935567010309278 0.847938144 489.97 0.23 
1.0 2.0 0.0586151312253593 0.039796889 0.0 0.0 1.0 1.0 1.0 0.01 0.0 
0.0 283.0 0.0451822529809104 0.033164184 0.0 0.0 1.0 0.925 0.9625 0.09 0.01 
1.0 2.0 0.936369487461149 0.480362366 0.01 0.03 0.996323529411764 0.996323529411764 0.996323529 273.52 0.07 
0.0 130.0 0.255429986523709 0.127714993 0.0 0.0 1.0 1.0 1.0 0.0 0.0 
1.0 5.0 0.0841156071386904 0.042057804 0.01 0.01 0.997912317327766 0.997912317327766 0.997912317 479.0 0.13 
0.0 95.0 0.156671153032737 0.714880059 -0.02 0.01 1.0 0.993957703927492 0.996978852 5.27 0.13 
1.0 5.0 0.0206520864796601 0.082568621 0.0 0.0 1.0 0.996960486322188 0.998480243 0.03 0.01 
0.0 122.0 0.0776652632327369 0.038832632 0.0 0.0 1.0 0.99009900990099 0.995049505 0.04 0.01 
1.0 2.0 0.0422824341559714 0.203315513 0.02 0.02 1.0 1.0 1.0 320.08 0.1 
0.0 50.0 0.545648829490156 0.382193454 -0.01 0.03 0.980263157894736 0.996710526315789 0.988486842 31.68 0.25 
1.0 1.0 0.0650626405333832 0.051712025 0.02 0.02 1.0 1.0 1.0 200.47 0.23 
0.0 232.0 0.451330770166906 0.421862536 -0.03 0.02 1.0 1.0 1.0 16.79 0.13 
1.0 2.0 0.0 0.0 0.0 0.0 1.0 1.0 1.0 0.0 0.0 
0.0 8.0 0.608819744380155 0.447313647 0.09 0.12 0.989690721649484 0.997422680412371 0.993556701 456.09 0.72 
1.0 4.0 0.0 0.0 0.0 0.0 1.0 1.0 1.0 0.0 0.0 
0.0 43.0 0.176628318531536 0.088314159 0.0 0.0 1.0 0.993421052631578 0.996710526 0.09 0.01 
1.0 5.0 0.983455261219971 0.576340676 -0.01 0.0 1.0 1.0 1.0 2.84 0.07 
0.0 60.0 0.0592323759679665 0.029616188 -0.01 0.0 0.932748538011695 0.994152046783625 0.963450292 0.17 0.02 
1.0 5.0 0.990016688534748 0.580537146 0.0 0.02 1.0 0.94535519125683 0.972677596 49.55 0.11 
0.0 59.0 0.838227258499489 1.398868719 0.02 0.36 0.90721649484536 0.945876288659793 0.926546392 609.92 0.05 
1.0 6.0 0.0392676281005356 0.019633814 0.0 0.0 1.0 0.994301994301994 0.997150997 0.0 0.0 
0.0 173.0 0.604005691068479 0.302002846 0.0 0.0 1.0 0.981424148606811 0.990712074 0.0 0.0 
1.0 4.0 0.943568801537557 0.471784401 0.0 0.0 1.0 1.0 1.0 0.0 0.0 
0.0 79.0 0.0600239093195218 0.049289198 0.0 0.0 1.0 1.0 1.0 0.02 0.0 
1.0 2.0 0.0427377908806097 0.072682088 0.06 0.07 0.9875 0.9875 0.9875 320.04 0.57 
0.0 80.0 0.021489805529056 0.106693973 0.0 0.0 1.0 1.0 1.0 0.05 0.01 
1.0 4.0 0.0727003585248474 0.036350179 0.0 0.0 1.0 1.0 1.0 0.0 0.0 
0.0 5.0 0.050158007359891 0.025079004 0.0 0.0 1.0 1.0 1.0 0.0 0.0 
1.0 0.0 0.173568953521754 0.173568954 0.0 0.0 1.0 1.0 1.0 0.0 1.7 
0.0 81.0 0.0265274065792525 0.013263703 0.0 0.0 1.0 1.0 1.0 0.0 0.0 
1.0 7.0 0.764887109287822 0.4505188 0.14 0.31 0.90721649484536 0.909793814432989 0.908505155 390.83 1.02 
0.0 1.0 0.0 0.0 0.0 0.0 1.0 1.0 1.0 0.0 0.0 
1.0 3.0 0.774700117308857 0.413534982 0.01 0.02 0.993355481727574 0.996677740863787 0.995016611 150.49 0.04 
0.0 65.0 0.702812174120952 0.381100528 0.0 0.01 1.0 0.938053097345132 0.969026549 7.48 0.21 
1.0 1.0 0.0 0.0 0.0 0.0 1.0 1.0 1.0 0.0 0.0 
0.0 117.0 0.250762010576678 0.13642604 0.0 0.0 1.0 0.993421052631578 0.996710526 0.06 0.01 
1.0 1.0 0.0627602166108864 0.031380108 0.0 0.0 1.0 1.0 1.0 0.0 0.0 
0.0 4.0 0.0 0.0 0.0 0.0 1.0 1.0 1.0 0.0 0.0 
1.0 7.0 0.0 0.0 0.0 0.0 1.0 1.0 1.0 0.0 0.0 
0.0 91.0 0.042668116212028 0.175987814 -0.06 0.01 1.0 0.891025641025641 0.945512821 4.17 0.25 
1.0 1.0 0.0620199882194553 0.031009994 0.0 0.0 1.0 1.0 1.0 0.0 0.0 
0.0 4.0 0.0429694362376849 0.079255071 0.0 0.0 1.0 1.0 1.0 0.04 0.01 
1.0 3.0 0.691837793385848 0.88811912 0.13 0.26 0.955555555555555 0.955555555555555 0.955555556 261.02 0.06 
0.0 82.0 0.0383507834087113 0.019175392 0.0 0.0 1.0 0.996835443037974 0.998417722 0.01 0.0 
1.0 3.0 0.0817070545395808 0.220880306 0.2 0.27 0.9 0.913513513513513 0.906756757 500.07 1.45 
0.0 95.0 0.0835830637615662 0.041791532 0.0 0.0 1.0 0.995689655172413 0.997844828 0.0 0.0 
