1.0 5.0 0.0 0.0 0.05 0.05 0.980662983425414 0.988950276243093 0.98480663 205.12 0.56 
0.0 138.0 0.12425083738963 0.062125419 0.0 0.0 1.0 0.993993993993994 0.996996997 0.06 0.01 
1.0 6.0 0.0737168167558234 0.036858408 0.0 0.01 0.914675767918088 0.996587030716723 0.955631399 10.76 0.14 
0.0 49.0 0.0639617141039829 0.031980857 -0.01 0.0 0.935672514619882 0.994152046783625 0.964912281 2.45 0.07 
1.0 2.0 0.191126049679829 0.729641902 -0.01 0.06 0.993333333333333 0.993333333333333 0.993333333 311.9 0.05 
0.0 238.0 0.0212025770039786 0.021202577 0.0 0.0 1.0 1.0 1.0 0.0 0.0 
1.0 2.0 0.923442133739234 0.546243283 0.04 0.08 0.997267759562841 0.997267759562841 0.99726776 492.65 0.46 
0.0 411.0 0.0262556850879242 0.013127843 0.0 0.0 1.0 0.995983935742971 0.997991968 0.0 0.0 
1.0 2.0 0.034795202268166 0.611291202 0.03 0.04 0.994397759103641 0.994397759103641 0.994397759 363.73 0.12 
0.0 112.0 0.021489805529056 0.089810114 0.0 0.0 1.0 0.996815286624203 0.998407643 0.03 0.01 
1.0 3.0 0.680889987266653 1.048196858 0.01 0.19 1.0 1.0 1.0 108.23 0.16 
0.0 121.0 0.0429247950234865 0.209976189 0.0 0.0 1.0 0.909420289855072 0.954710145 0.37 0.04 
1.0 3.0 0.0519757477187856 0.040569575 0.0 0.0 1.0 1.0 1.0 0.01 0.0 
0.0 113.0 0.0889360779877459 0.566296743 -0.01 0.01 1.0 1.0 1.0 6.21 0.01 
1.0 6.0 0.848952015449364 0.544082177 0.09 0.18 0.962264150943396 0.962264150943396 0.962264151 333.39 0.89 
0.0 148.0 0.772559187083392 0.746400637 0.06 0.33 0.891752577319587 0.909793814432989 0.900773196 364.51 0.17 
1.0 6.0 0.742709694902273 0.40160978 0.03 0.07 0.990445859872611 0.990445859872611 0.99044586 331.13 0.35 
0.0 72.0 0.0773036079807894 0.038651804 0.0 0.0 1.0 1.0 1.0 0.0 0.0 
1.0 3.0 0.0 0.0 0.2 0.28 0.91907514450867 0.91907514450867 0.919075145 346.0 1.9 
0.0 120.0 1.25197986296574 0.625989931 -0.08 0.02 0.871134020618556 0.989690721649484 0.930412371 13.52 0.31 
1.0 2.0 0.0924265213022947 0.07408372 0.05 0.05 1.0 0.995689655172413 0.997844828 441.81 0.48 
0.0 437.0 0.0549388772045494 0.027469439 0.0 0.0 0.959183673469387 0.995918367346938 0.97755102 0.05 0.01 
1.0 5.0 0.139904778149245 0.069952389 0.03 0.03 0.981770833333333 0.9921875 0.986979167 162.92 0.29 
0.0 164.0 0.13717313738071 0.068586569 0.0 0.0 0.978540772532188 0.995708154506437 0.987124464 0.05 0.01 
1.0 3.0 0.0211461152051303 0.096656988 0.0 0.0 1.0 1.0 1.0 0.04 0.01 
0.0 243.0 0.0209786462403052 0.010489323 0.0 0.0 1.0 0.900928792569659 0.950464396 0.11 0.01 
1.0 6.0 0.040048630190433 0.020024315 0.0 0.0 1.0 1.0 1.0 0.0 0.0 
0.0 367.0 0.154512801681532 0.632121297 -0.04 0.01 1.0 0.981249999999999 0.990625 5.56 0.18 
1.0 1.0 0.0547547716962164 0.048862104 0.0 0.0 1.0 1.0 1.0 0.01 0.0 
0.0 7.0 0.706487332732957 0.58713621 -0.02 0.08 0.997134670487106 0.997134670487106 0.99713467 394.04 0.01 
1.0 5.0 0.541952602754964 0.337783371 0.05 0.11 0.984177215189873 0.984177215189873 0.984177215 402.15 0.46 
0.0 14.0 0.229569562073634 0.199269327 0.01 0.01 1.0 0.996874999999999 0.9984375 26.77 0.15 
1.0 4.0 0.0648962222687569 0.032448111 0.0 0.0 1.0 1.0 1.0 0.0 0.0 
0.0 107.0 0.0 0.0 0.0 0.0 1.0 1.0 1.0 0.0 0.0 
1.0 2.0 0.257889384212362 0.128944692 0.0 0.0 1.0 1.0 1.0 0.0 0.0 
0.0 210.0 0.026899250494481 0.063915529 0.0 0.0 1.0 1.0 1.0 0.02 0.0 
1.0 1.0 0.0771425830733485 0.403245449 0.06 0.16 0.969465648854961 0.969465648854961 0.969465649 283.09 0.65 
0.0 182.0 0.0620199882194553 0.042439856 0.0 0.0 1.0 0.966887417218543 0.983443709 0.11 0.02 
1.0 1.0 0.758550205750609 0.446041303 0.0 0.02 0.996874999999999 0.996874999999999 0.996875 321.63 0.01 
0.0 7.0 0.478025413547332 0.239012707 0.0 0.0 0.996960486322188 0.996960486322188 0.996960486 0.19 0.02 
1.0 4.0 0.0429694362376849 0.079255071 0.0 0.0 1.0 1.0 1.0 0.04 0.01 
0.0 400.0 1.2022982207951 0.60114911 -0.03 0.01 1.0 0.955102040816326 0.97755102 4.43 0.24 
1.0 5.0 0.0223403798434835 0.01117019 0.1 0.11 0.977198697068403 0.977198697068403 0.977198697 307.0 0.93 
0.0 79.0 0.0262556850879242 0.013127843 0.0 0.0 1.0 1.0 1.0 0.0 0.0 
1.0 3.0 0.681208146406281 0.351711308 0.0 0.0 1.0 1.0 1.0 1.97 0.06 
0.0 242.0 0.021089974675165 0.02103431 0.0 0.0 1.0 0.993808049535603 0.996904025 0.01 0.0 
1.0 7.0 0.771974955297372 0.748897805 0.11 0.51 1.0 1.0 1.0 705.61 1.92 
0.0 20.0 0.246477880509855 0.202274747 -0.01 0.0 1.0 1.0 1.0 0.51 0.06 
1.0 5.0 0.910728669886619 1.185695684 0.19 0.56 1.0 1.0 1.0 430.82 1.12 
0.0 5.0 0.0920663106155869 0.074572475 0.06 0.07 0.986338797814207 0.989071038251366 0.987704918 366.03 0.52 
1.0 4.0 0.857913377448543 0.438319074 0.04 0.05 0.991913746630727 0.994609164420485 0.993261456 371.0 0.15 
0.0 269.0 0.0605098655008392 0.241612785 -0.01 0.0 0.980891719745222 0.990445859872611 0.98566879 1.08 0.1 
1.0 7.0 0.1731597557551 0.777229102 0.01 0.16 0.971786833855799 0.971786833855799 0.971786834 339.3 0.08 
0.0 78.0 0.0 0.0 0.0 0.0 1.0 0.982300884955752 0.991150442 0.0 0.0 
1.0 1.0 0.0714626537686691 0.197915891 0.03 0.04 0.978494623655913 0.996415770609318 0.987455197 324.86 0.2 
0.0 112.0 0.0205987150611097 0.804185464 -0.01 0.0 1.0 0.927272727272727 0.963636364 1.26 0.03 
1.0 6.0 0.0900604750842983 0.069391793 0.02 0.02 1.0 1.0 1.0 80.25 0.3 
0.0 162.0 0.0620199882194553 0.042117228 0.0 0.0 1.0 1.0 1.0 0.01 0.0 
1.0 6.0 0.0234056746645995 0.011702837 0.0 0.0 1.0 1.0 1.0 0.0 0.0 
0.0 143.0 0.171856026877275 0.085928013 0.0 0.0 1.0 0.994845360824742 0.99742268 0.04 0.01 
1.0 4.0 0.0 0.0 0.05 0.06 0.989690721649484 0.989690721649484 0.989690722 194.0 0.54 
0.0 4.0 0.0 0.0 0.0 0.0 1.0 1.0 1.0 0.0 0.0 
1.0 7.0 0.666045722146777 1.089842093 0.06 0.45 0.909793814432989 0.914948453608247 0.912371134 509.83 0.46 
0.0 198.0 0.0355622440384318 0.017781122 0.0 0.0 0.97286012526096 0.997912317327766 0.985386221 0.03 0.0 
1.0 4.0 0.739152082396845 0.422670769 0.01 0.03 0.996710526315789 0.996710526315789 0.996710526 314.36 0.06 
0.0 56.0 0.0764595424535969 0.048888009 0.0 0.0 1.0 1.0 1.0 0.01 0.0 
1.0 7.0 0.888137848945064 0.444068924 0.0 0.0 1.0 1.0 1.0 0.0 0.0 
0.0 10.0 0.019542337228798 0.009771169 0.0 0.0 1.0 1.0 1.0 0.0 0.0 
1.0 1.0 1.31740533536969 1.261361796 0.15 0.67 0.985549132947976 0.985549132947976 0.985549133 758.25 0.66 
0.0 232.0 0.0 0.0 0.0 0.0 1.0 1.0 1.0 0.0 0.0 
1.0 3.0 0.0 0.0 0.0 0.0 1.0 1.0 1.0 0.0 0.0 
0.0 9.0 0.211895245428436 0.172125763 0.0 0.0 1.0 1.0 1.0 0.38 0.04 
1.0 4.0 0.23878845417949 0.818952805 0.0 0.08 0.994609164420485 0.994609164420485 0.994609164 766.39 0.12 
0.0 7.0 0.577038493029405 0.51398387 -0.06 0.03 1.0 0.994301994301994 0.997150997 43.17 0.09 
1.0 4.0 0.971780853322099 0.496058541 0.0 0.0 1.0 1.0 1.0 1.19 0.01 
0.0 139.0 0.223554224045767 0.111777112 0.0 0.0 1.0 1.0 1.0 0.0 0.0 
1.0 3.0 0.0496297865041388 0.080579691 0.12 0.16 0.963636363636363 0.963636363636363 0.963636364 275.04 1.17 
0.0 255.0 0.0517660061328564 0.091903358 -0.03 0.01 0.883280757097791 0.958990536277602 0.921135647 16.36 0.24 
1.0 7.0 2.29030920104353 2.100092648 0.11 0.84 0.803809523809523 0.923809523809523 0.863809524 1299.27 0.06 
0.0 51.0 0.604811716417282 0.323890576 -0.01 0.0 1.0 0.97452229299363 0.987261146 0.67 0.04 
1.0 3.0 0.0605098655008392 0.102559662 0.05 0.05 0.990445859872611 0.990445859872611 0.99044586 314.08 0.35 
0.0 15.0 0.0742260696704329 0.672548579 0.0 0.02 1.0 0.990624999999999 0.9953125 108.25 0.05 
1.0 7.0 0.0516522109782609 0.025826105 0.0 0.0 1.0 1.0 1.0 0.0 0.0 
0.0 172.0 0.0516160194702958 0.02580801 0.0 0.0 1.0 1.0 1.0 0.0 0.0 
1.0 6.0 0.0262556850879242 0.013127843 0.0 0.0 1.0 1.0 1.0 0.0 0.0 
0.0 118.0 0.15280246281535 0.137922976 0.01 0.01 1.0 1.0 1.0 56.51 0.12 
1.0 0.0 0.0377533684787965 0.037753368 0.0 0.0 1.0 1.0 1.0 0.0 0.44 
0.0 73.0 0.0558933800032125 0.02794669 0.0 0.0 1.0 0.986522911051212 0.993261456 0.04 0.01 
1.0 4.0 1.33980092966125 1.178709752 0.01 0.28 0.992146596858638 0.992146596858638 0.992146597 1002.38 0.18 
0.0 19.0 0.929154431708091 1.042164533 0.22 0.7 0.935567010309278 0.963917525773195 0.949742268 740.74 1.97 
1.0 4.0 0.042058630469852 0.021029315 0.0 0.0 1.0 1.0 1.0 0.0 0.0 
0.0 270.0 0.0279821836452784 0.027880271 0.0 0.0 1.0 0.991379310344827 0.995689655 0.01 0.0 
1.0 1.0 0.740636982546526 0.681653985 0.1 0.16 1.0 1.0 1.0 153.71 1.21 
0.0 355.0 0.608819744380155 0.888120327 0.0 0.13 0.891752577319587 0.989690721649484 0.940721649 146.88 0.04 
1.0 5.0 0.0 0.0 0.0 0.0 1.0 1.0 1.0 0.0 0.0 
0.0 259.0 0.184459293937031 0.092229647 0.0 0.0 1.0 1.0 1.0 0.0 0.0 
1.0 3.0 0.846299466951633 0.423149733 0.0 0.0 1.0 1.0 1.0 0.0 0.0 
0.0 2.0 0.355757474132766 0.286085782 0.0 0.0 1.0 1.0 1.0 0.21 0.12 
1.0 4.0 0.20139440317369 0.183973249 0.04 0.04 0.990963855421686 0.993975903614457 0.99246988 257.03 0.24 
0.0 222.0 0.0238338863025335 0.023833886 0.02 0.02 0.996415770609318 0.996415770609318 0.996415771 279.0 0.23 
1.0 7.0 0.59239407069282 0.305516244 0.0 0.0 1.0 1.0 1.0 0.36 0.02 
0.0 9.0 0.0665854743974204 0.033292737 0.09 0.1 0.979057591623036 0.979057591623036 0.979057592 191.0 0.75 
1.0 4.0 0.053661721482253 0.140488699 0.03 0.04 0.993710691823899 0.993710691823899 0.993710692 318.19 0.19 
0.0 10.0 2.01415351399358 1.728289639 0.06 0.89 1.0 1.0 1.0 879.03 0.44 
1.0 1.0 0.0 0.0 0.0 0.0 1.0 1.0 1.0 0.0 0.0 
0.0 421.0 0.0263455923390652 0.013172796 0.0 0.0 1.0 0.991967871485943 0.995983936 0.0 0.0 
1.0 1.0 0.041727642634605 0.039594882 0.0 0.0 1.0 1.0 1.0 0.01 0.0 
0.0 19.0 0.933384669133901 0.636583067 0.01 0.04 1.0 1.0 1.0 123.76 0.22 
1.0 5.0 0.0232665787339596 0.011633289 0.0 0.0 1.0 1.0 1.0 0.0 0.0 
0.0 70.0 0.324369127323274 0.162184564 0.0 0.0 1.0 0.978494623655913 0.989247312 0.0 0.0 
1.0 5.0 0.0451052184351539 0.197618409 0.32 0.65 0.513833992094861 0.521739130434782 0.517786561 245.31 1.8 
0.0 184.0 0.0530380851089993 0.05294691 0.0 0.0 0.991902834008097 0.995951417004048 0.993927126 0.05 0.01 
1.0 7.0 0.874227138616876 0.437113569 0.0 0.0 1.0 0.996884735202492 0.998442368 0.0 0.0 
0.0 325.0 0.0591785835882164 0.322378824 -0.03 0.03 0.894329896907216 0.994845360824742 0.944587629 86.63 0.01 
1.0 7.0 0.94254457835384 0.910477711 0.28 0.72 0.988636363636363 0.988636363636363 0.988636364 922.32 0.22 
0.0 7.0 0.838227258499489 0.518711412 0.25 0.39 0.90721649484536 0.90721649484536 0.907216495 643.23 1.41 
1.0 3.0 0.232474906645448 0.116237453 0.0 0.0 1.0 1.0 1.0 0.0 0.0 
0.0 326.0 0.136150489851607 0.134510265 -0.05 0.02 0.90721649484536 0.909793814432989 0.908505155 11.17 0.17 
1.0 7.0 0.0 0.0 0.0 0.0 1.0 1.0 1.0 0.0 0.0 
0.0 103.0 0.0452494973011154 0.035278986 0.0 0.0 1.0 1.0 1.0 0.01 0.0 
1.0 4.0 0.159885819577868 0.159030422 -0.01 0.0 1.0 0.991452991452991 0.995726496 0.51 0.05 
0.0 136.0 0.498165535626351 0.259827671 0.0 0.0 1.0 0.996815286624203 0.998407643 0.2 0.02 
1.0 2.0 0.323535568963029 0.276552566 -0.01 0.0 1.0 1.0 1.0 1.3 0.11 
0.0 222.0 0.13717313738071 0.068586569 0.0 0.0 1.0 0.978540772532188 0.989270386 0.0 0.0 
1.0 2.0 0.0663550962706155 0.047468609 0.02 0.02 0.996932515337423 0.996932515337423 0.996932515 326.01 0.16 
0.0 7.0 0.789486677558522 0.469358684 -0.02 0.01 1.0 1.0 1.0 2.87 0.01 
1.0 6.0 0.87927246018794 0.43963623 0.0 0.0 1.0 1.0 1.0 0.0 0.0 
0.0 39.0 0.0 0.0 0.0 0.0 1.0 1.0 1.0 0.0 0.0 
1.0 2.0 0.673191465296606 1.364714719 0.16 0.51 0.987179487179487 0.990384615384615 0.988782051 711.63 0.51 
0.0 1.0 0.0 0.0 0.03 0.03 0.994845360824742 0.994845360824742 0.994845361 194.0 0.33 
1.0 6.0 0.079784043801653 0.823738052 0.01 0.04 1.0 1.0 1.0 216.87 0.04 
0.0 155.0 0.740636982546526 0.370318491 0.0 0.0 1.0 1.0 1.0 0.0 0.0 
1.0 4.0 0.769138972077092 0.422500096 0.05 0.09 0.987654320987654 0.987654320987654 0.987654321 338.65 0.48 
0.0 212.0 0.131691556532417 0.065845778 0.0 0.0 1.0 0.996763754045307 0.998381877 0.03 0.0 
1.0 7.0 0.990669641469538 0.495334821 -0.03 0.19 0.865497076023391 0.921052631578947 0.893274854 188.63 0.53 
0.0 224.0 0.0 0.0 0.0 0.0 0.776119402985074 0.996268656716417 0.88619403 0.29 0.03 
1.0 7.0 0.0577147699548351 0.039183428 0.0 0.0 1.0 1.0 1.0 0.01 0.0 
0.0 133.0 0.0280853074773292 0.028085307 0.0 0.0 0.987068965517241 0.987068965517241 0.987068966 0.07 0.01 
1.0 0.0 0.090011247902983 0.090011248 0.0 0.0 0.98170731707317 0.98170731707317 0.981707317 0.0 1.05 
0.0 2.0 0.478025413547332 0.357015194 0.02 0.03 0.996960486322188 0.996960486322188 0.996960486 332.98 0.22 
1.0 5.0 0.518677381410698 0.325184469 0.04 0.05 1.0 1.0 1.0 34.13 0.55 
0.0 342.0 0.0497396448289763 0.024869822 0.0 0.0 0.987068965517241 0.995689655172413 0.99137931 0.04 0.01 
1.0 3.0 0.632842830750061 0.412356997 -0.01 0.0 1.0 1.0 1.0 0.24 0.04 
0.0 55.0 0.627579937116749 0.456455822 0.01 0.05 1.0 0.973333333333333 0.986666667 383.07 0.22 
1.0 1.0 0.0 0.0 0.0 0.0 1.0 1.0 1.0 0.0 0.0 
0.0 7.0 0.36898026885544 0.196517318 0.0 0.0 1.0 1.0 1.0 0.1 0.01 
1.0 6.0 0.0593888809210752 0.055078978 0.0 0.01 0.938053097345132 0.997050147492625 0.967551622 15.4 0.08 
0.0 53.0 0.0707274255828398 0.066743821 0.0 0.0 1.0 1.0 1.0 0.02 0.01 
1.0 2.0 0.0 0.0 0.09 0.09 0.982300884955752 0.982300884955752 0.982300885 226.0 0.81 
0.0 6.0 0.0863062523442876 0.462266755 0.22 0.31 0.90721649484536 0.90721649484536 0.907216495 391.17 1.09 
1.0 7.0 0.097861309246028 0.069262414 0.1 0.11 0.982404692082111 0.982404692082111 0.982404692 682.02 0.78 
0.0 3.0 0.570709670831186 0.506661142 0.08 0.15 1.0 1.0 1.0 187.32 1.26 
1.0 3.0 0.0709248051865031 0.104265611 0.11 0.13 0.985422740524781 0.985422740524781 0.985422741 686.02 0.9 
0.0 193.0 1.46090066198157 0.787047386 -0.16 0.1 0.893939393939393 0.963636363636363 0.928787879 56.98 0.49 
1.0 1.0 0.666706590085228 0.392773805 0.04 0.07 0.988505747126436 0.988505747126436 0.988505747 351.4 0.05 
0.0 124.0 0.0216661847883997 0.021159136 0.0 0.0 1.0 0.945288753799392 0.972644377 0.06 0.01 
1.0 2.0 0.223259254333485 0.111629627 0.0 0.0 1.0 1.0 1.0 0.0 0.0 
0.0 247.0 0.39128385161505 0.378894591 -0.01 0.21 0.867507886435331 0.974763406940063 0.921135647 362.78 1.08 
1.0 3.0 0.0427377908806097 0.032027133 0.0 0.0 1.0 0.996845425867507 0.998422713 0.01 0.0 
0.0 535.0 0.0859155013346631 0.056221454 0.0 0.0 1.0 0.963265306122448 0.981632653 0.06 0.01 
1.0 4.0 0.773614721470839 1.05828695 -0.06 0.22 0.927807486631016 0.994652406417112 0.961229947 377.15 0.24 
0.0 468.0 0.374972427367629 0.198087502 0.0 0.0 1.0 0.971786833855799 0.985893417 0.12 0.01 
1.0 1.0 0.0232665787339596 0.023266579 0.0 0.0 1.0 1.0 1.0 0.0 0.0 
0.0 201.0 0.127138732791637 0.116193974 0.0 0.0 1.0 0.990624999999999 0.9953125 0.23 0.03 
1.0 2.0 0.0620199882194553 0.175054504 0.21 0.26 0.929230769230769 0.932307692307692 0.930769231 626.32 1.54 
0.0 66.0 0.0527032349254074 0.045082678 0.0 0.0 1.0 0.993846153846153 0.996923077 0.03 0.01 
1.0 6.0 0.524058463354706 0.285084451 0.28 0.33 0.90282131661442 0.905956112852664 0.904388715 705.55 1.72 
0.0 23.0 0.764223250704448 0.382111625 0.0 0.0 1.0 1.0 1.0 0.0 0.0 
1.0 5.0 0.0374621215234668 0.029165346 0.0 0.0 1.0 1.0 1.0 0.01 0.0 
0.0 104.0 0.0429694362376849 0.10054993 0.0 0.0 1.0 0.996815286624203 0.998407643 0.07 0.01 
1.0 2.0 0.0619284306269321 0.183217041 0.01 0.01 1.0 0.996960486322188 0.998480243 18.43 0.1 
0.0 47.0 0.0369873274571349 0.748943995 0.01 0.01 1.0 0.963636363636363 0.981818182 32.62 0.0 
1.0 3.0 0.2263212832386 0.113160642 0.0 0.0 1.0 1.0 1.0 0.0 0.0 
0.0 222.0 0.929154431708091 1.221396448 -0.11 0.43 0.914948453608247 0.935567010309278 0.925257732 465.87 0.47 
1.0 0.0 0.609022072926269 0.609022073 -0.24 0.0 0.986754966887417 0.986754966887417 0.986754967 0.0 2.66 
0.0 498.0 0.0 0.0 0.0 0.0 0.992857142857142 0.996428571428571 0.994642857 0.01 0.0 
1.0 1.0 0.240435918100591 0.120217959 0.28 0.34 0.895209580838323 0.895209580838323 0.895209581 334.0 1.86 
0.0 92.0 0.0559453810900975 0.027972691 0.0 0.0 1.0 0.991379310344827 0.995689655 0.0 0.0 
1.0 2.0 0.890820064387514 0.45290853 0.01 0.02 0.997912317327766 0.997912317327766 0.997912317 480.38 0.04 
0.0 179.0 0.498165535626351 0.259827671 0.0 0.0 1.0 0.996815286624203 0.998407643 0.2 0.02 
1.0 5.0 0.88299012774617 0.479483789 0.0 0.01 1.0 1.0 1.0 2.59 0.1 
0.0 387.0 0.0863062523442876 0.639926559 -0.06 0.05 0.899484536082474 0.90721649484536 0.903350515 35.31 0.29 
1.0 6.0 0.962501570244481 1.015130686 -0.03 0.44 0.909348441926345 0.91784702549575 0.913597734 809.13 0.23 
0.0 102.0 1.00352150911565 0.501760755 -0.01 0.0 0.991549295774647 0.997183098591549 0.994366197 2.19 0.05 
1.0 3.0 0.0576228878985421 0.117260695 0.06 0.13 0.972677595628415 0.978142076502732 0.975409836 366.03 0.85 
0.0 81.0 0.227398635110816 0.113699318 0.0 0.0 1.0 0.378881987577639 0.689440994 0.0 0.0 
1.0 1.0 0.0570786387117044 0.038078781 0.07 0.07 0.986338797814207 0.989071038251366 0.987704918 366.01 0.62 
0.0 213.0 0.02279339310465 0.011396697 0.0 0.0 1.0 0.996587030716723 0.998293515 0.0 0.0 
1.0 2.0 0.119995850054068 0.11999585 0.03 0.04 0.994152046783625 0.994152046783625 0.994152047 342.15 0.21 
0.0 25.0 0.513099301118502 0.272729021 0.0 0.0 1.0 0.360424028268551 0.680212014 1.98 0.04 
1.0 2.0 0.0 0.0 0.0 0.0 1.0 1.0 1.0 0.0 0.0 
0.0 141.0 0.189023433691842 0.765821137 0.12 0.26 0.894329896907216 0.914948453608247 0.904639175 393.99 0.56 
1.0 2.0 0.0 0.0 0.0 0.0 1.0 1.0 1.0 0.0 0.0 
0.0 116.0 0.11972735798888 0.059863679 0.0 0.0 1.0 1.0 1.0 0.0 0.0 
1.0 7.0 0.0551370545603342 0.027568527 0.0 0.0 1.0 1.0 1.0 0.0 0.0 
0.0 174.0 0.0376557446286782 0.029317195 0.0 0.0 1.0 1.0 1.0 0.01 0.0 
1.0 6.0 0.796301381203357 0.430757872 0.06 0.08 0.988095238095238 0.991071428571428 0.989583333 376.0 0.23 
0.0 17.0 0.0376557446286782 0.029317195 0.0 0.0 1.0 1.0 1.0 0.01 0.0 
1.0 4.0 0.419476629126541 0.331808108 -0.01 0.01 1.0 0.988200589970501 0.994100295 21.28 0.01 
0.0 279.0 0.021089974675165 0.010544987 0.0 0.0 1.0 0.993769470404984 0.996884735 0.01 0.0 
