1.0 6.0 0.0993134043730053 0.099936594 0.0 0.0 0.981818181818181 0.996969696969696 0.989393939 0.27 0.03 
0.0 66.0 0.0968506565216047 0.078437283 0.0 0.0 1.0 1.0 1.0 0.05 0.01 
1.0 0.0 0.021906245315443 0.021906245 -0.03 0.0 0.921921921921921 0.921921921921921 0.921921922 0.0 2.51 
0.0 332.0 0.608819744380155 0.333999164 -0.04 0.02 0.894329896907216 0.989690721649484 0.942010309 135.38 0.14 
1.0 3.0 0.66792550868965 0.39330595 -0.03 0.01 1.0 0.97752808988764 0.988764045 5.57 0.08 
0.0 504.0 0.0800824403230776 0.04004122 -0.01 0.0 0.978658536585365 0.98170731707317 0.980182927 0.25 0.03 
1.0 1.0 0.720628848655806 0.563807348 0.0 0.03 1.0 1.0 1.0 63.35 0.04 
0.0 261.0 0.0 0.0 0.0 0.0 1.0 1.0 1.0 0.0 0.0 
1.0 2.0 0.0968506565216047 0.144374399 0.0 0.0 1.0 1.0 1.0 5.52 0.09 
0.0 103.0 0.0616067104727896 0.030803355 0.0 0.0 1.0 1.0 1.0 0.0 0.0 
1.0 4.0 0.460448111633332 0.901012045 0.05 0.18 0.97682119205298 0.97682119205298 0.976821192 361.58 0.55 
0.0 26.0 0.0493560892110924 0.024678045 0.0 0.0 1.0 0.996894409937888 0.998447205 0.0 0.0 
1.0 6.0 0.0212593629087996 0.010629681 0.02 0.02 0.996865203761755 0.996865203761755 0.996865204 319.0 0.22 
0.0 66.0 0.0 0.0 0.0 0.0 1.0 0.994152046783625 0.997076023 0.0 0.0 
1.0 7.0 0.02427927049306 0.02427927 0.0 0.0 1.0 1.0 1.0 0.0 0.0 
0.0 131.0 0.143031953799905 0.071515977 0.0 0.0 0.895622895622895 0.996632996632996 0.946127946 0.14 0.02 
1.0 4.0 0.662687929460578 0.516915919 0.12 0.31 0.91784702549575 0.929178470254957 0.923512748 523.95 1.23 
0.0 99.0 0.0605098655008391 0.041088025 0.0 0.0 1.0 1.0 1.0 0.01 0.0 
1.0 2.0 0.0202845880542838 0.010142294 0.0 0.0 1.0 1.0 1.0 0.0 0.0 
0.0 25.0 0.0402723695891569 0.03133814 0.0 0.0 1.0 0.996655518394648 0.998327759 0.01 0.0 
1.0 0.0 0.0 0.0 0.0 0.0 1.0 1.0 1.0 0.0 0.0 
0.0 32.0 0.0 0.0 0.17 0.31 0.897832817337461 0.900928792569659 0.899380805 312.14 2.13 
1.0 5.0 0.0350433959664759 0.10934127 0.05 0.06 0.985994397759103 0.985994397759103 0.985994398 270.14 0.47 
0.0 0.0 0.160156230477025 0.16015623 -0.01 0.0 1.0 1.0 1.0 0.0 0.97 
1.0 5.0 0.652909680422881 0.344273661 0.0 0.0 1.0 1.0 1.0 0.53 0.05 
0.0 55.0 1.2977148224599 1.290241945 0.14 0.62 1.0 1.0 1.0 489.39 0.26 
1.0 7.0 0.95106222617477 1.095087575 0.17 0.53 0.982758620689655 0.982758620689655 0.982758621 626.32 0.21 
0.0 469.0 0.155634101835094 0.144252071 -0.05 0.03 0.894329896907216 0.90721649484536 0.900773196 200.35 0.21 
1.0 6.0 0.0419476776352413 0.153413706 0.0 0.0 1.0 1.0 1.0 0.11 0.01 
0.0 86.0 0.1731597557551 0.086579878 0.0 0.0 0.971786833855799 0.996865203761755 0.984326019 0.06 0.01 
1.0 3.0 0.65978364372292 0.397694581 0.08 0.1 0.981072555205047 0.981072555205047 0.981072555 320.17 0.27 
0.0 9.0 0.0 0.0 0.02 0.02 0.99715909090909 0.99715909090909 0.997159091 352.0 0.21 
1.0 2.0 0.0 0.0 0.0 0.0 1.0 1.0 1.0 0.0 0.0 
0.0 21.0 0.0932449525967212 0.055941685 0.0 0.0 1.0 0.997304582210242 0.998652291 0.02 0.0 
1.0 1.0 0.0457871748209377 0.710347935 0.01 0.03 0.997395833333333 0.997395833333333 0.997395833 397.59 0.02 
0.0 26.0 0.587290789639407 0.304598517 0.11 0.18 0.849849849849849 0.921921921921921 0.885885886 166.3 1.41 
1.0 6.0 0.0 0.0 0.0 0.0 1.0 1.0 1.0 0.0 0.0 
0.0 193.0 0.738518464852227 1.027482657 0.06 0.31 1.0 0.989417989417989 0.994708995 197.68 0.0 
1.0 7.0 0.244139586266446 0.226050972 0.03 0.04 1.0 1.0 1.0 74.43 0.47 
0.0 168.0 0.0557409191195386 0.02787046 0.0 0.0 0.987068965517241 0.995689655172413 0.99137931 0.04 0.01 
1.0 6.0 0.332695823156426 0.220708762 0.02 0.03 0.997395833333333 0.997395833333333 0.997395833 415.07 0.11 
0.0 139.0 0.0429694362376849 0.021484718 0.0 0.0 1.0 0.990445859872611 0.99522293 0.02 0.0 
1.0 2.0 0.237377798339679 0.118688899 0.0 0.0 1.0 1.0 1.0 0.0 0.0 
0.0 143.0 0.0 0.0 0.0 0.0 1.0 1.0 1.0 0.0 0.0 
1.0 4.0 0.163023629494365 0.769352892 0.07 0.21 0.974063400576368 0.974063400576368 0.974063401 520.94 0.41 
0.0 66.0 0.0193076542683994 0.009653827 0.0 0.0 1.0 0.972677595628415 0.986338798 0.0 0.0 
1.0 5.0 0.272597785242234 0.148870928 0.0 0.0 1.0 0.963099630996309 0.981549815 0.96 0.09 
0.0 1.0 0.0 0.0 0.0 0.0 1.0 1.0 1.0 0.0 0.0 
1.0 1.0 0.517165350026592 0.258582675 0.02 0.03 0.994845360824742 0.994845360824742 0.994845361 194.0 0.14 
0.0 79.0 0.0262556850879242 0.013127843 0.0 0.0 1.0 1.0 1.0 0.0 0.0 
1.0 7.0 0.0641154300769788 0.117046407 0.0 0.0 1.0 0.755162241887905 0.877581121 1.48 0.09 
0.0 177.0 0.0557409191195386 0.041810395 0.0 0.0 0.995689655172413 0.995689655172413 0.995689655 0.03 0.01 
1.0 2.0 0.0486918268375366 0.034780198 0.02 0.02 1.0 0.996932515337423 0.998466258 294.08 0.18 
0.0 220.0 0.208802937498891 0.185592778 0.0 0.0 1.0 1.0 1.0 0.48 0.05 
1.0 4.0 0.545827844233365 1.279282445 0.21 0.55 0.628491620111731 0.670391061452513 0.649441341 331.06 0.44 
0.0 4.0 0.0 0.0 0.05 0.06 0.989690721649484 0.989690721649484 0.989690722 194.0 0.54 
1.0 6.0 0.328255737696058 0.248861492 0.0 0.0 1.0 1.0 1.0 1.28 0.1 
0.0 146.0 0.777296027024072 0.547497963 -0.05 0.05 1.0 0.899484536082474 0.949742268 50.39 0.05 
1.0 5.0 0.0223403798434835 0.090011867 0.0 0.0 1.0 1.0 1.0 0.03 0.0 
0.0 20.0 0.750381900032074 0.37519095 0.0 0.0 1.0 1.0 1.0 0.0 0.0 
1.0 6.0 0.0651064140733245 0.044221159 0.04 0.04 0.996503496503496 0.996503496503496 0.996503497 428.5 0.35 
0.0 73.0 0.060680014902986 0.042367191 0.0 0.0 1.0 0.989090909090909 0.994545455 0.02 0.0 
1.0 7.0 0.0252259849379112 0.012612992 0.0 0.0 1.0 1.0 1.0 0.0 0.0 
0.0 54.0 0.0980391132797319 0.064960321 0.0 0.0 1.0 0.984999999999999 0.9925 0.08 0.02 
1.0 7.0 0.12081409501537 0.060407048 0.0 0.0 1.0 1.0 1.0 0.0 0.0 
0.0 35.0 0.124585826445068 0.062292913 0.0 0.01 0.977917981072555 0.990536277602523 0.984227129 13.71 0.1 
1.0 3.0 0.214482853675317 0.107241427 0.0 0.0 1.0 1.0 1.0 0.0 0.0 
0.0 6.0 0.0754569134062313 0.037728457 0.03 0.03 0.995215311004784 0.995215311004784 0.995215311 209.0 0.26 
1.0 7.0 0.769499878113342 0.437545524 0.04 0.09 0.985250737463126 0.985250737463126 0.985250737 349.9 0.31 
0.0 32.0 0.312056741818455 0.156028371 -0.01 0.0 1.0 0.985250737463126 0.992625369 0.42 0.04 
1.0 2.0 0.225093120467056 0.11254656 0.0 0.0 1.0 1.0 1.0 0.0 0.0 
0.0 33.0 0.0524361530026488 0.246249638 -0.01 0.0 0.984848484848484 0.996969696969696 0.990909091 1.15 0.0 
1.0 6.0 0.698586178962421 0.666977167 -0.01 0.05 1.0 0.994366197183098 0.997183099 163.78 0.11 
0.0 74.0 0.0 0.0 0.0 0.0 1.0 1.0 1.0 0.0 0.0 
1.0 2.0 0.0 0.0 0.03 0.03 0.995575221238938 0.995575221238938 0.995575221 226.0 0.29 
0.0 44.0 0.866958696889648 0.953466128 0.05 0.26 1.0 0.997032640949554 0.99851632 137.35 0.17 
1.0 4.0 0.0248220402102694 0.01241102 0.0 0.0 1.0 1.0 1.0 0.0 0.0 
0.0 1.0 0.752596561076529 1.014227086 0.2 0.39 1.0 1.0 1.0 220.7 0.25 
1.0 0.0 0.022993637240889 0.022993637 0.0 0.0 1.0 1.0 1.0 0.0 0.24 
0.0 4.0 0.489516673518453 0.255275413 0.0 0.0 1.0 0.378881987577639 0.689440994 2.02 0.04 
1.0 3.0 0.0697628876274181 0.298512327 -0.01 0.0 1.0 1.0 1.0 0.86 0.07 
0.0 44.0 0.155634101835094 0.679654877 0.17 0.32 0.894329896907216 0.902061855670103 0.898195876 390.89 0.47 
1.0 3.0 0.844108960810132 0.42205448 0.01 0.02 0.997237569060773 0.997237569060773 0.997237569 362.0 0.04 
0.0 222.0 0.764887109287822 0.960030872 0.03 0.53 0.90721649484536 0.963917525773195 0.93556701 524.57 1.45 
1.0 2.0 0.706487332732957 0.580821886 -0.06 0.11 0.997134670487106 0.997134670487106 0.99713467 389.94 0.57 
0.0 110.0 0.0589220138302771 0.029461007 0.0 0.0 1.0 1.0 1.0 0.0 0.0 
1.0 3.0 0.117529803717087 0.058764902 0.0 0.0 1.0 1.0 1.0 0.0 0.0 
0.0 42.0 0.0920157819756407 0.124195482 0.0 0.01 0.979057591623036 0.984293193717277 0.981675393 14.7 0.13 
1.0 1.0 0.0 0.0 0.0 0.0 1.0 1.0 1.0 0.0 0.0 
0.0 31.0 0.0557409191195386 0.02787046 0.02 0.02 0.987068965517241 0.995689655172413 0.99137931 76.68 0.23 
1.0 3.0 0.038049545793566 0.019024773 0.02 0.02 0.996874999999999 0.996874999999999 0.996875 320.0 0.19 
0.0 202.0 0.607103801952931 0.321485982 0.0 0.01 1.0 0.943298969072164 0.971649485 5.9 0.04 
1.0 6.0 0.203468130324756 0.184214883 0.01 0.01 1.0 1.0 1.0 21.46 0.02 
0.0 197.0 0.0835830637615662 0.069661991 0.0 0.0 0.995689655172413 0.995689655172413 0.995689655 0.05 0.01 
1.0 2.0 0.821217752493198 0.508920876 0.04 0.08 0.993506493506493 0.993506493506493 0.993506494 393.83 0.08 
0.0 358.0 0.0748759732320604 0.058645353 0.0 0.0 1.0 1.0 1.0 0.03 0.01 
1.0 1.0 0.669740131854434 0.498396879 -0.02 0.03 1.0 1.0 1.0 8.62 0.25 
0.0 29.0 0.900559505827091 1.000201697 -0.1 0.1 1.0 0.992932862190812 0.996466431 91.81 0.09 
1.0 3.0 0.164012164597201 0.161256949 0.03 0.04 0.997354497354497 0.997354497354497 0.997354497 756.28 0.16 
0.0 526.0 0.038049545793566 0.019024773 0.0 0.0 0.984567901234567 0.996913580246913 0.990740741 0.02 0.0 
1.0 4.0 0.0215482557268673 0.021548256 0.0 0.0 1.0 1.0 1.0 0.0 0.0 
0.0 15.0 0.0221520819212152 0.011076041 0.0 0.0 1.0 0.996710526315789 0.998355263 0.0 0.0 
1.0 2.0 0.085780172232614 0.042890086 0.0 0.0 1.0 1.0 1.0 0.0 0.0 
0.0 3.0 0.0429247950234865 0.021462398 0.01 0.02 0.99638989169675 0.99638989169675 0.996389892 277.0 0.25 
1.0 3.0 1.22433242660739 0.612166213 0.02 0.04 0.994202898550724 0.994202898550724 0.994202899 345.0 0.08 
0.0 193.0 0.738518464852227 1.027482657 0.06 0.31 1.0 0.989417989417989 0.994708995 197.68 0.0 
1.0 7.0 0.0209786462403052 0.020978646 0.02 0.02 1.0 1.0 1.0 323.0 0.23 
0.0 25.0 0.0238338863025335 0.02379762 0.0 0.0 1.0 0.996415770609318 0.998207885 0.01 0.0 
1.0 6.0 0.0 0.0 0.0 0.0 1.0 1.0 1.0 0.0 0.0 
0.0 127.0 0.0600239093195218 0.279094722 0.0 0.01 1.0 0.996815286624203 0.998407643 11.62 0.17 
1.0 6.0 0.0226619610938116 0.069831387 0.0 0.0 1.0 1.0 1.0 0.02 0.0 
0.0 7.0 0.0 0.0 0.0 0.0 1.0 1.0 1.0 0.0 0.0 
1.0 7.0 0.0 0.0 0.0 0.0 1.0 0.984210526315789 0.992105263 0.0 0.0 
0.0 198.0 0.129647276765605 0.064823638 0.0 0.0 1.0 0.994011976047904 0.997005988 0.02 0.01 
1.0 3.0 0.0211461152051303 0.096656988 0.0 0.0 1.0 1.0 1.0 0.04 0.01 
0.0 20.0 0.568237555072452 0.848842163 -0.05 0.08 0.994318181818181 0.99715909090909 0.995738636 570.72 0.06 
1.0 6.0 0.0282940270164837 0.014147014 0.0 0.0 1.0 1.0 1.0 0.0 0.0 
0.0 7.0 0.0 0.0 0.03 0.03 0.994845360824742 0.994845360824742 0.994845361 194.0 0.34 
1.0 4.0 0.846299466951633 0.423149733 0.0 0.0 1.0 1.0 1.0 0.0 0.0 
0.0 57.0 0.0220284283205545 0.065655184 0.0 0.0 1.0 1.0 1.0 0.02 0.0 
1.0 1.0 0.343139337552586 0.171569669 0.0 0.0 1.0 1.0 1.0 0.0 0.0 
0.0 113.0 0.0889360779877459 0.566296743 -0.01 0.01 1.0 1.0 1.0 6.21 0.01 
1.0 0.0 0.0 0.0 0.0 0.0 0.995575221238938 0.995575221238938 0.995575221 0.0 0.3 
0.0 207.0 0.0 0.0 0.0 0.0 0.991150442477876 0.995575221238938 0.993362832 0.01 0.0 
1.0 3.0 0.0402723695891569 0.606271836 0.0 0.03 0.996655518394648 0.996655518394648 0.996655518 302.88 0.05 
0.0 121.0 0.0429247950234865 0.209976189 0.0 0.0 1.0 0.909420289855072 0.954710145 0.37 0.04 
1.0 2.0 0.0584062649333791 0.052532859 0.14 0.17 0.959595959595959 0.959595959595959 0.95959596 297.02 1.33 
0.0 126.0 0.0456883890739836 0.022844195 0.0 0.0 1.0 1.0 1.0 0.0 0.0 
1.0 7.0 0.01983215576629 0.009916078 0.0 0.0 1.0 1.0 1.0 0.0 0.0 
0.0 323.0 0.836902271913767 1.014587732 -0.1 0.13 0.894329896907216 0.997422680412371 0.945876289 185.87 0.56 
1.0 2.0 0.0 0.0 0.0 0.0 1.0 1.0 1.0 0.0 0.0 
0.0 74.0 0.74297596708513 0.381840861 0.0 0.0 1.0 1.0 1.0 1.15 0.0 
1.0 5.0 0.681208146406281 0.340604073 0.0 0.0 1.0 1.0 1.0 0.0 0.0 
0.0 44.0 0.0407748840552377 0.020387442 0.0 0.0 1.0 1.0 1.0 0.0 0.0 
1.0 2.0 0.724094770979972 0.982460422 0.15 0.67 0.93859649122807 0.93859649122807 0.938596491 597.48 0.21 
0.0 119.0 0.734955557406933 0.922023432 0.04 0.39 0.886597938144329 0.956185567010309 0.921391753 358.67 0.87 
1.0 2.0 0.282001703554971 0.141000852 0.0 0.0 1.0 1.0 1.0 0.0 0.0 
0.0 159.0 1.77740680385617 1.438625346 0.07 0.73 1.0 0.918727915194346 0.959363958 501.46 0.16 
1.0 6.0 0.609822626234592 1.202240862 0.04 0.19 1.0 0.997175141242937 0.998587571 184.94 0.49 
0.0 355.0 0.608819744380155 0.888120327 0.0 0.13 0.891752577319587 0.989690721649484 0.940721649 146.88 0.04 
1.0 7.0 0.680889987266653 0.340444994 0.0 0.0 1.0 1.0 1.0 0.0 0.0 
0.0 133.0 0.0280853074773292 0.028085307 0.0 0.0 0.987068965517241 0.987068965517241 0.987068966 0.07 0.01 
1.0 1.0 0.216414089193227 0.108207045 0.0 0.0 1.0 1.0 1.0 0.0 0.0 
0.0 92.0 0.527261766070646 0.435200552 0.0 0.03 1.0 1.0 1.0 9.82 0.47 
1.0 3.0 0.850234166136187 0.711380406 0.33 0.58 0.984423676012461 0.984423676012461 0.984423676 621.15 1.61 
0.0 44.0 0.0383614089131149 0.019180704 0.0 0.0 1.0 1.0 1.0 0.0 0.0 
1.0 3.0 0.205859221252761 0.157601634 0.01 0.02 0.997395833333333 0.997395833333333 0.997395833 384.38 0.06 
0.0 67.0 0.0243552454938662 0.024317258 0.0 0.0 1.0 0.996323529411764 0.998161765 0.01 0.0 
1.0 5.0 0.0 0.0 0.0 0.0 1.0 1.0 1.0 0.0 0.0 
0.0 9.0 0.0 0.0 0.02 0.02 0.996268656716417 0.996268656716417 0.996268657 268.0 0.28 
1.0 1.0 0.0791839572688488 0.119000989 0.1 0.11 0.976897689768976 0.976897689768976 0.97689769 303.16 0.69 
0.0 65.0 0.0 0.0 0.0 0.0 1.0 1.0 1.0 0.0 0.0 
1.0 2.0 0.0523698464111632 0.256380733 0.02 0.02 0.996677740863787 0.996677740863787 0.996677741 301.29 0.07 
0.0 80.0 0.0616067104727896 0.055460636 0.0 0.0 1.0 1.0 1.0 0.02 0.0 
1.0 2.0 0.0422824341559714 0.203315513 0.02 0.02 1.0 1.0 1.0 320.08 0.1 
0.0 1.0 0.0516160194702958 0.051616019 0.03 0.03 1.0 1.0 1.0 253.0 0.23 
1.0 6.0 0.604811716417282 0.529411654 0.2 0.29 1.0 0.97452229299363 0.987261146 206.28 1.76 
0.0 2.0 0.0645814363776275 0.239112251 0.16 0.19 0.954545454545454 0.954545454545454 0.954545455 352.67 0.85 
1.0 6.0 0.942622708034918 0.568089466 0.05 0.13 0.98501872659176 0.98876404494382 0.986891386 434.9 0.47 
0.0 189.0 0.632842830750061 0.316421415 -0.02 0.01 1.0 0.984375 0.9921875 2.48 0.09 
1.0 4.0 0.0200808046632287 0.010040402 0.01 0.01 0.991228070175438 0.994152046783625 0.992690058 55.83 0.16 
0.0 388.0 0.0485449746431988 0.03645011 0.0 0.0 1.0 0.996323529411764 0.998161765 0.01 0.0 
1.0 5.0 0.0282940270164837 0.014147014 0.0 0.0 1.0 1.0 1.0 0.0 0.0 
0.0 43.0 0.0771462314252572 0.143729428 0.01 0.02 1.0 0.986013986013986 0.993006993 135.73 0.13 
1.0 1.0 0.0865899536265505 0.062460803 0.0 0.0 1.0 1.0 1.0 0.03 0.0 
0.0 149.0 0.0863128372055108 0.282169125 0.0 0.0 1.0 0.996960486322188 0.998480243 0.97 0.07 
1.0 2.0 0.0927563371777963 0.046378169 0.09 0.11 0.977987421383647 0.977987421383647 0.977987421 318.0 0.93 
0.0 5.0 0.0895481549283223 0.055976033 0.04 0.04 0.996666666666666 0.996666666666666 0.996666667 600.0 0.35 
1.0 3.0 0.218527966099352 0.109263983 -0.01 0.03 0.838028169014084 0.957746478873239 0.897887324 23.58 0.48 
0.0 20.0 0.0 0.0 0.03 0.03 0.988023952095808 0.994011976047904 0.991017964 83.0 0.33 
1.0 3.0 0.276700299378803 0.13835015 0.0 0.0 1.0 1.0 1.0 0.0 0.0 
0.0 2.0 0.0842013440645039 0.042100672 0.0 0.0 1.0 1.0 1.0 0.0 0.0 
1.0 1.0 0.302830033327897 0.151415017 0.0 0.0 1.0 1.0 1.0 0.0 0.0 
0.0 432.0 0.171856026877275 0.170997492 -0.11 0.02 0.900928792569659 0.91640866873065 0.908668731 12.08 0.15 
1.0 6.0 0.0 0.0 0.02 0.02 0.99628252788104 0.99628252788104 0.996282528 269.0 0.26 
0.0 20.0 0.034151491787468 0.166065785 0.0 0.0 1.0 1.0 1.0 0.17 0.02 
1.0 5.0 0.972890737843999 0.70164088 0.0 0.04 1.0 1.0 1.0 73.04 0.16 
0.0 148.0 0.0215482557268673 0.010774128 0.0 0.0 1.0 0.97444089456869 0.987220447 0.03 0.0 
1.0 5.0 0.0 0.0 0.12 0.14 0.968944099378882 0.968944099378882 0.968944099 161.0 1.14 
0.0 6.0 0.480841441189327 0.759941475 0.03 0.09 1.0 1.0 1.0 41.24 0.75 
1.0 0.0 0.0 0.0 0.0 0.0 1.0 1.0 1.0 0.0 0.0 
0.0 4.0 0.994849321286294 0.609971221 0.0 0.06 1.0 1.0 1.0 72.03 0.24 
1.0 7.0 0.807048845039503 1.300878141 0.13 0.51 0.936026936026935 0.939393939393939 0.937710438 486.69 0.41 
0.0 121.0 0.706953342436472 0.353476671 0.0 0.0 1.0 0.978947368421052 0.989473684 0.0 0.0 
1.0 7.0 0.743750789585327 1.288807715 0.19 0.74 0.511173184357541 0.533519553072625 0.522346369 473.19 0.53 
0.0 0.0 0.0 0.0 0.0 0.0 1.0 1.0 1.0 0.0 0.0 
1.0 3.0 0.846299466951633 0.423149733 0.0 0.0 1.0 1.0 1.0 0.0 0.0 
0.0 40.0 0.741718316647122 0.370859158 0.0 0.0 1.0 1.0 1.0 0.0 0.0 
1.0 3.0 0.157733743907194 0.82475682 0.08 0.18 0.946875 0.974999999999999 0.9609375 676.34 0.22 
0.0 9.0 0.610844790689611 1.061380624 -0.04 0.22 0.516574585635359 0.975138121546961 0.745856354 595.99 0.45 
1.0 6.0 0.822961039054412 0.511458569 -0.02 0.03 1.0 1.0 1.0 11.75 0.06 
0.0 119.0 0.152511427692563 0.076255714 0.0 0.0 1.0 1.0 1.0 0.0 0.0 
1.0 7.0 0.0234758940935979 0.011737947 0.0 0.0 1.0 1.0 1.0 0.0 0.0 
0.0 48.0 0.0707274255828398 0.035363713 0.0 0.0 1.0 1.0 1.0 0.0 0.0 
1.0 4.0 0.0528557352350406 0.039645949 0.0 0.0 1.0 1.0 1.0 0.01 0.0 
0.0 63.0 0.0441224477355724 0.022061224 0.0 0.0 1.0 1.0 1.0 0.0 0.0 
1.0 2.0 0.0 0.0 0.0 0.0 1.0 1.0 1.0 0.0 0.0 
0.0 36.0 0.0889360779877459 0.070423384 0.0 0.0 1.0 1.0 1.0 0.05 0.01 
1.0 1.0 0.0 0.0 0.0 0.0 1.0 1.0 1.0 0.0 0.0 
0.0 104.0 0.0411950173244082 0.020597509 0.0 0.0 1.0 0.966666666666666 0.983333333 0.0 0.0 
