1.0 2.0 0.88735670630784 1.180732035 0.06 0.35 0.968421052631578 0.968421052631578 0.968421053 464.45 0.27 
0.0 167.0 0.831372799847455 0.791822487 0.16 0.46 1.0 1.0 1.0 263.4 0.75 
1.0 3.0 0.87740625145043 0.521303797 -0.01 0.01 1.0 1.0 1.0 3.26 0.05 
0.0 1.0 0.507423749189171 0.344358064 0.01 0.02 1.0 1.0 1.0 40.9 0.15 
1.0 4.0 0.038968982908286 0.019484491 0.0 0.0 1.0 1.0 1.0 0.0 0.0 
0.0 78.0 0.0968506565216047 0.106195681 0.01 0.01 1.0 1.0 1.0 51.21 0.13 
1.0 2.0 0.693108022714661 0.367201464 -0.01 0.06 0.961988304093567 0.991228070175438 0.976608187 87.0 0.19 
0.0 103.0 0.0452494973011154 0.035278986 0.0 0.0 1.0 1.0 1.0 0.01 0.0 
1.0 7.0 0.0882402034203475 0.080250076 0.02 0.02 1.0 0.969613259668508 0.98480663 362.13 0.09 
0.0 40.0 0.890561650446367 0.523097876 0.17 0.29 0.894329896907216 0.896907216494845 0.895618557 342.03 0.76 
1.0 3.0 0.138769385841995 0.069384693 0.0 0.0 1.0 1.0 1.0 0.0 0.0 
0.0 43.0 0.0 0.0 0.0 0.0 1.0 1.0 1.0 0.0 0.0 
1.0 6.0 0.328255737696058 0.248861492 0.0 0.0 1.0 1.0 1.0 1.28 0.1 
0.0 6.0 0.0199308201239254 0.622131623 0.0 0.02 0.994202898550724 0.994202898550724 0.994202899 90.03 0.04 
1.0 3.0 0.292900619731146 0.14645031 0.02 0.02 0.996874999999999 0.996874999999999 0.996875 320.0 0.15 
0.0 139.0 0.0 0.0 0.0 0.0 1.0 0.971786833855799 0.985893417 0.0 0.0 
1.0 0.0 0.0690585676413284 0.069058568 0.0 0.0 1.0 1.0 1.0 0.0 0.58 
0.0 214.0 0.235649142468084 0.117824571 0.0 0.0 1.0 1.0 1.0 0.0 0.0 
1.0 0.0 0.038968982908286 0.038968983 -0.04 0.0 0.939393939393939 0.939393939393939 0.939393939 0.0 1.86 
0.0 19.0 0.574573852189215 0.502482438 -0.03 0.0 1.0 1.0 1.0 2.23 0.04 
1.0 1.0 0.446534089378031 0.311581204 0.0 0.01 1.0 1.0 1.0 2.48 0.18 
0.0 16.0 0.948524432921163 0.762781463 0.14 0.38 0.991452991452991 0.994301994301994 0.992877493 283.72 1.8 
1.0 4.0 0.088451266649678 0.325422892 0.06 0.09 0.977653631284916 0.980446927374301 0.979050279 314.01 0.26 
0.0 19.0 0.1731597557551 0.086579878 0.11 0.13 0.971786833855799 0.971786833855799 0.971786834 319.0 0.92 
1.0 4.0 0.0528326312225924 0.026416316 0.0 0.0 1.0 1.0 1.0 0.0 0.0 
0.0 29.0 0.300284761735227 0.776132312 0.01 0.05 0.989690721649484 0.997422680412371 0.993556701 81.66 0.18 
1.0 7.0 0.031746149071385 0.116254776 0.08 0.09 0.989999999999999 0.989999999999999 0.99 400.0 0.54 
0.0 167.0 0.0211461152051303 0.067683313 0.0 0.0 1.0 1.0 1.0 0.02 0.0 
1.0 7.0 0.207198284095683 0.103599142 0.0 0.04 0.508417508417508 0.946127946127946 0.727272727 17.49 0.54 
0.0 3.0 0.681208146406281 0.351711308 0.0 0.0 1.0 1.0 1.0 1.97 0.06 
1.0 3.0 0.0764595424535969 0.407228457 0.0 0.01 1.0 0.996845425867507 0.998422713 3.64 0.02 
0.0 58.0 0.101143044690802 0.050571522 0.0 0.0 1.0 0.996655518394648 0.998327759 0.0 0.0 
1.0 7.0 0.0 0.0 0.0 0.0 1.0 1.0 1.0 0.0 0.0 
0.0 66.0 0.0968506565216047 0.078437283 0.0 0.0 1.0 1.0 1.0 0.05 0.01 
1.0 4.0 0.572790721532204 0.869115564 -0.06 0.1 0.988603988603988 0.991452991452991 0.99002849 325.23 0.15 
0.0 230.0 1.82132069437081 0.910660347 0.0 0.0 1.0 1.0 1.0 0.0 0.0 
1.0 2.0 0.0727003585248474 0.185340218 0.0 0.0 1.0 1.0 1.0 0.42 0.04 
0.0 111.0 0.0814830923424272 0.69071129 0.0 0.02 1.0 1.0 1.0 9.32 0.02 
1.0 4.0 0.602088852611363 0.301044426 0.0 0.0 1.0 1.0 1.0 0.0 0.0 
0.0 14.0 0.184280723719605 0.146618201 0.02 0.03 1.0 0.995495495495495 0.997747748 222.14 0.15 
1.0 2.0 0.0222144687344339 0.011107234 0.0 0.0 1.0 1.0 1.0 0.0 0.0 
0.0 142.0 0.866958696889648 0.433479348 0.0 0.0 1.0 1.0 1.0 0.0 0.0 
1.0 3.0 0.933384669133901 0.544464545 0.02 0.03 1.0 1.0 1.0 339.87 0.1 
0.0 180.0 1.73406189568888 1.529290324 -0.05 0.59 0.890459363957597 0.992932862190812 0.941696113 377.88 0.07 
1.0 6.0 0.0382498004034814 0.16904041 0.03 0.03 0.993710691823899 0.996855345911949 0.995283019 238.03 0.23 
0.0 5.0 0.461728994921057 0.242361316 0.33 0.42 0.843023255813953 0.848837209302325 0.845930233 343.91 1.88 
1.0 7.0 0.0 0.0 0.0 0.0 1.0 1.0 1.0 0.0 0.0 
0.0 70.0 0.0212025770039786 0.021202577 0.0 0.0 1.0 1.0 1.0 0.0 0.0 
1.0 6.0 0.079784043801653 0.823738052 0.01 0.04 1.0 1.0 1.0 216.87 0.04 
0.0 78.0 0.0217855061668038 0.010892753 0.0 0.0 1.0 1.0 1.0 0.0 0.0 
1.0 5.0 0.364348592082322 0.266658842 0.02 0.03 1.0 0.996874999999999 0.9984375 351.31 0.11 
0.0 166.0 0.0516160194702958 0.048876307 0.02 0.02 1.0 1.0 1.0 126.0 0.23 
1.0 3.0 0.307949565400571 0.214081823 0.05 0.07 0.987179487179487 0.987179487179487 0.987179487 312.48 0.32 
0.0 229.0 1.40928658583307 0.704643293 0.0 0.0 1.0 0.878125 0.9390625 0.0 0.0 
1.0 2.0 0.191126049679829 0.729641902 -0.01 0.06 0.993333333333333 0.993333333333333 0.993333333 311.9 0.05 
0.0 16.0 0.501949907860128 0.250974954 0.0 0.0 1.0 1.0 1.0 0.0 0.0 
1.0 5.0 0.33095312557948 0.230042168 0.02 0.02 1.0 1.0 1.0 59.06 0.26 
0.0 32.0 0.216238840727577 1.005473139 0.05 0.24 0.915824915824915 0.936026936026935 0.925925926 243.72 0.19 
1.0 3.0 0.0649157045465794 0.180712985 0.0 0.0 1.0 1.0 1.0 0.29 0.03 
0.0 197.0 0.0690585676413284 0.054211248 0.0 0.0 1.0 0.997134670487106 0.998567335 0.04 0.01 
1.0 7.0 0.531148512151595 0.265574256 0.0 0.0 1.0 1.0 1.0 0.0 0.0 
0.0 31.0 0.0478007124750384 0.078597285 0.01 0.02 1.0 1.0 1.0 277.01 0.19 
1.0 7.0 0.634868788780462 0.37728683 -0.01 0.01 1.0 1.0 1.0 2.19 0.12 
0.0 105.0 0.0947884450940259 0.088578217 0.0 0.0 1.0 0.990415335463258 0.995207668 0.14 0.02 
1.0 1.0 1.2022982207951 0.60114911 0.0 0.0 1.0 1.0 1.0 0.0 0.0 
0.0 126.0 0.0690585676413284 0.054211248 0.02 0.02 1.0 0.997134670487106 0.998567335 349.02 0.15 
1.0 6.0 0.0993134043730053 0.099936594 0.0 0.0 0.981818181818181 0.996969696969696 0.989393939 0.27 0.03 
0.0 95.0 0.158130423394943 0.130531213 -0.01 0.0 1.0 0.996815286624203 0.998407643 0.17 0.02 
1.0 1.0 0.269761622676472 0.198450178 0.06 0.07 0.990624999999999 0.990624999999999 0.990625 374.82 0.46 
0.0 101.0 0.0277783581726275 0.013889179 0.0 0.0 1.0 1.0 1.0 0.0 0.0 
1.0 2.0 0.484197727718717 0.814242602 0.05 0.2 1.0 0.99390243902439 0.99695122 368.83 0.84 
0.0 148.0 0.439492862939544 0.288333 -0.01 0.01 1.0 0.978540772532188 0.989270386 1.39 0.14 
1.0 3.0 0.658905609973488 0.340054093 0.0 0.0 1.0 1.0 1.0 0.59 0.02 
0.0 228.0 0.0 0.0 0.0 0.0 1.0 0.993846153846153 0.996923077 0.0 0.0 
1.0 5.0 0.223554224045767 0.198652108 -0.01 0.05 1.0 0.595070422535211 0.797535211 107.61 0.49 
0.0 107.0 0.669740131854434 0.348810001 -0.01 0.01 1.0 0.995689655172413 0.997844828 3.13 0.08 
1.0 5.0 0.0924435952521726 0.046221798 0.0 0.0 1.0 1.0 1.0 0.0 0.0 
0.0 166.0 0.944729522285407 0.483080608 0.01 0.02 0.914826498422712 0.993690851735015 0.954258675 109.29 0.08 
1.0 3.0 0.0 0.0 0.0 0.0 1.0 1.0 1.0 0.0 0.0 
0.0 8.0 0.407701828830892 0.21371818 0.27 0.34 0.894329896907216 0.894329896907216 0.894329897 388.16 1.57 
1.0 2.0 1.48940317755697 1.337316616 0.11 0.31 0.997267759562841 0.997267759562841 0.99726776 559.17 0.41 
0.0 36.0 0.0 0.0 0.0 0.0 1.0 0.996904024767801 0.998452012 0.0 0.0 
1.0 6.0 0.0364344158699368 0.018217208 0.02 0.02 0.997032640949554 0.997032640949554 0.997032641 337.0 0.18 
0.0 27.0 0.822961039054412 0.41148052 0.0 0.0 1.0 1.0 1.0 0.0 0.0 
1.0 6.0 0.0352109907044965 0.030976483 0.0 0.0 1.0 1.0 1.0 0.01 0.0 
0.0 122.0 0.430911324492768 0.285408051 -0.01 0.01 1.0 0.9921875 0.99609375 2.23 0.14 
1.0 4.0 1.09452662212727 1.071489875 -0.01 0.22 1.0 0.996978851963746 0.998489426 721.35 0.67 
0.0 101.0 0.0277783581726275 0.013889179 0.0 0.0 1.0 1.0 1.0 0.0 0.0 
1.0 6.0 0.0778041344031273 0.069705422 0.0 0.0 1.0 1.0 1.0 0.05 0.01 
0.0 67.0 0.439492862939544 0.278800133 -0.01 0.0 1.0 1.0 1.0 0.56 0.07 
1.0 4.0 0.77564675994392 0.420430562 0.0 0.01 1.0 1.0 1.0 5.27 0.11 
0.0 83.0 0.800821822824396 1.318297021 -0.05 0.18 0.917613636363636 0.93465909090909 0.926136364 250.49 0.16 
1.0 4.0 0.0511036014221082 0.043251214 0.06 0.06 0.988416988416988 0.988416988416988 0.988416988 259.01 0.48 
0.0 246.0 0.876515805988902 0.438257903 0.0 0.0 1.0 1.0 1.0 0.0 0.0 
1.0 7.0 0.0587439797867209 0.02937199 0.0 0.0 1.0 1.0 1.0 0.0 0.0 
0.0 76.0 0.740005090693393 0.889989325 0.05 0.36 1.0 0.997032640949554 0.99851632 213.2 0.72 
1.0 5.0 0.0 0.0 0.0 0.0 1.0 1.0 1.0 0.0 0.0 
0.0 15.0 0.269761622676472 0.199622788 0.02 0.05 0.921875 0.990624999999999 0.95625 62.1 0.59 
1.0 5.0 0.0600239093195218 0.040756857 0.0 0.0 1.0 1.0 1.0 0.01 0.0 
0.0 436.0 0.0863062523442876 0.247004041 -0.05 0.02 0.894329896907216 0.90721649484536 0.900773196 15.48 0.16 
1.0 2.0 0.407038893908591 0.932924494 0.07 0.17 0.994318181818181 0.994318181818181 0.994318182 599.62 0.06 
0.0 6.0 0.0185104751494431 0.531333255 0.0 0.0 1.0 1.0 1.0 1.09 0.0 
1.0 4.0 0.0197345316184079 0.009867266 0.0 0.0 1.0 1.0 1.0 0.0 0.0 
0.0 14.0 0.963419204301387 0.525259364 0.04 0.07 0.988636363636363 0.988636363636363 0.988636364 353.26 0.09 
1.0 6.0 0.265831318884742 0.132915659 0.0 0.0 1.0 1.0 1.0 0.0 0.0 
0.0 131.0 0.283271941237828 0.203872365 -0.01 0.0 0.960339943342776 0.983002832861189 0.971671388 1.53 0.1 
1.0 2.0 0.580080450801157 0.318643656 0.05 0.09 0.986784140969163 0.986784140969163 0.986784141 250.29 0.52 
0.0 274.0 0.264879734006728 0.194729362 0.01 0.03 1.0 0.913312693498452 0.956656347 46.16 0.25 
1.0 6.0 0.0841527801232866 0.189585547 0.0 0.0 1.0 1.0 1.0 4.66 0.11 
0.0 44.0 0.588127349431181 0.794994875 -0.04 0.06 1.0 0.99168975069252 0.995844875 52.27 0.36 
1.0 4.0 0.100987141924181 0.050493571 0.04 0.05 0.969283276450511 0.986348122866894 0.9778157 128.03 0.45 
0.0 147.0 0.890561650446367 0.604130775 0.03 0.09 1.0 0.896907216494845 0.948453608 332.49 0.03 
1.0 5.0 0.0430862714099876 0.587169792 0.01 0.03 0.996815286624203 0.996815286624203 0.996815287 323.42 0.07 
0.0 116.0 0.0771064198116654 0.03855321 0.0 0.0 1.0 1.0 1.0 0.0 0.0 
1.0 4.0 0.0285821223591092 0.014291061 0.0 0.0 1.0 0.996932515337423 0.998466258 0.0 0.0 
0.0 293.0 0.740005090693393 0.606487502 -0.05 0.04 1.0 0.982195845697329 0.991097923 18.07 0.58 
1.0 5.0 0.0924435952521726 0.046221798 0.0 0.0 1.0 1.0 1.0 0.0 0.0 
0.0 33.0 0.0679512537556222 0.062444239 0.0 0.0 1.0 0.996610169491525 0.998305085 0.04 0.01 
1.0 6.0 0.0 0.0 0.12 0.14 0.968944099378882 0.968944099378882 0.968944099 161.0 1.15 
0.0 46.0 0.309307511198443 0.154653756 0.0 0.0 1.0 1.0 1.0 0.0 0.0 
1.0 1.0 0.271221628697345 0.239591993 0.05 0.06 1.0 1.0 1.0 135.77 0.56 
0.0 32.0 0.0682483659324245 0.839708636 0.01 0.02 1.0 0.994910941475826 0.997455471 15.13 0.1 
1.0 0.0 0.0214316941424852 0.021431694 0.0 0.0 0.993690851735015 0.993690851735015 0.993690852 0.0 0.5 
0.0 116.0 1.61116890548717 1.497616178 0.08 0.36 0.994910941475826 0.997455470737913 0.996183206 505.95 0.22 
1.0 4.0 0.662687929460578 0.516915919 0.12 0.31 0.91784702549575 0.929178470254957 0.923512748 523.95 1.23 
0.0 8.0 0.043923594672997 0.021961797 0.0 0.0 1.0 1.0 1.0 0.0 0.0 
1.0 2.0 0.370148166807198 0.196027206 0.0 0.0 1.0 1.0 1.0 0.1 0.01 
0.0 152.0 0.788362224835953 0.529791927 -0.02 0.05 1.0 1.0 1.0 199.06 0.19 
1.0 5.0 0.0455410717570152 0.177074223 0.03 0.05 0.992277992277992 0.992277992277992 0.992277992 259.13 0.23 
0.0 384.0 0.0197345316184079 0.10620537 -0.04 0.01 0.894329896907216 0.940721649484536 0.917525773 4.82 0.27 
1.0 1.0 0.702568290441557 0.382380551 0.0 0.0 1.0 1.0 1.0 1.15 0.07 
0.0 52.0 0.16606092360647 0.083030462 0.42 0.69 0.539893617021276 0.539893617021276 0.539893617 376.0 1.91 
1.0 2.0 0.864112947349194 0.491566166 0.13 0.21 0.9533527696793 0.967930029154518 0.960641399 868.05 0.71 
0.0 128.0 0.304846503320781 0.152423252 0.0 0.01 0.876971608832807 0.996845425867507 0.936908517 8.82 0.05 
1.0 3.0 0.829985145084172 0.504471002 0.03 0.05 1.0 1.0 1.0 202.11 0.28 
0.0 19.0 0.0383614089131149 0.019180704 0.0 0.0 1.0 1.0 1.0 0.0 0.0 
1.0 1.0 0.0 0.0 0.02 0.02 0.997109826589595 0.997109826589595 0.997109827 346.0 0.25 
0.0 43.0 0.0600239093195218 0.060023909 0.0 0.0 1.0 1.0 1.0 0.03 0.0 
1.0 2.0 0.909980258250622 0.454990129 0.01 0.04 0.993993993993994 0.996996996996996 0.995495495 333.0 0.12 
0.0 355.0 0.586649090609212 0.293324545 -0.01 0.01 1.0 0.924107142857142 0.962053571 1.81 0.16 
1.0 2.0 0.749601204475194 0.394482566 0.03 0.05 0.997134670487106 0.997134670487106 0.99713467 719.0 0.18 
0.0 180.0 0.0211461152051303 0.074142424 0.0 0.0 1.0 0.990624999999999 0.9953125 0.03 0.01 
1.0 3.0 0.0 0.0 0.04 0.04 0.993311036789297 0.993311036789297 0.993311037 299.0 0.4 
0.0 19.0 0.9374723317261 0.482625345 0.0 0.0 1.0 0.987068965517241 0.993534483 0.61 0.04 
1.0 3.0 1.22433242660739 0.612166213 0.02 0.04 0.994202898550724 0.994202898550724 0.994202899 345.0 0.08 
0.0 69.0 0.0835830637615662 0.06956056 0.0 0.0 1.0 0.995689655172413 0.997844828 0.04 0.01 
1.0 7.0 0.0572136671100258 0.220361457 0.18 0.21 0.929870129870129 0.937662337662337 0.933766234 339.97 1.09 
0.0 76.0 0.260516137375065 0.23415325 0.0 0.0 1.0 1.0 1.0 0.82 0.12 
1.0 2.0 0.740510656554896 0.370255328 0.0 0.0 1.0 1.0 1.0 0.0 0.0 
0.0 106.0 0.0 0.0 0.0 0.0 1.0 1.0 1.0 0.0 0.0 
1.0 6.0 0.0680622479296921 0.779921072 0.02 0.07 0.946875 0.984375 0.965625 137.37 0.13 
0.0 59.0 0.838227258499489 1.398868719 0.02 0.36 0.90721649484536 0.945876288659793 0.926546392 609.92 0.05 
1.0 3.0 0.23878845417949 0.128756612 0.05 0.05 0.994609164420485 0.994609164420485 0.994609164 742.0 0.38 
0.0 76.0 0.0538017452936875 0.026900873 -0.01 0.0 0.921052631578947 0.991228070175438 0.956140351 0.29 0.03 
1.0 2.0 0.0 0.0 0.0 0.0 1.0 1.0 1.0 0.0 0.0 
0.0 102.0 0.0566845483932398 0.583822128 0.0 0.0 1.0 1.0 1.0 1.3 0.06 
1.0 7.0 0.244139586266446 0.226050972 0.03 0.04 1.0 1.0 1.0 74.43 0.47 
0.0 1.0 0.693108022714661 0.901558295 0.24 0.7 0.961988304093567 0.991228070175438 0.976608187 410.17 0.37 
1.0 0.0 0.0337510120778166 0.033751012 -0.01 0.0 0.985401459854014 0.985401459854014 0.98540146 0.0 0.78 
0.0 397.0 0.0982620565325183 0.468244658 -0.07 0.02 0.899484536082474 0.90721649484536 0.903350515 11.1 0.23 
1.0 7.0 0.099623389466162 0.14655285 0.0 0.0 1.0 1.0 1.0 0.17 0.03 
0.0 7.0 0.36898026885544 0.196517318 0.0 0.0 1.0 1.0 1.0 0.1 0.01 
1.0 2.0 0.431439280559023 0.84351015 0.0 0.13 1.0 1.0 1.0 249.79 0.27 
0.0 7.0 0.0486918268375366 0.038636975 0.0 0.0 1.0 0.996932515337423 0.998466258 0.01 0.0 
1.0 2.0 1.35255209194157 0.730511715 0.16 0.27 0.930513595166163 0.930513595166163 0.930513595 350.92 0.51 
0.0 162.0 0.681208146406281 0.340604073 0.0 0.0 1.0 1.0 1.0 0.0 0.0 
1.0 2.0 0.068945074970136 0.292650641 0.03 0.04 1.0 1.0 1.0 434.69 0.16 
0.0 20.0 0.0773036079807894 0.066624495 0.0 0.0 1.0 0.991379310344827 0.995689655 0.05 0.01 
1.0 6.0 0.37714652697009 0.25410022 0.31 0.67 0.663043478260869 0.663043478260869 0.663043478 218.47 2.79 
0.0 75.0 0.0924435952521726 0.046221798 0.0 0.0 1.0 1.0 1.0 0.0 0.0 
1.0 0.0 0.173568953521754 0.173568954 0.0 0.0 1.0 1.0 1.0 0.0 1.7 
0.0 16.0 1.61336252461857 1.407830373 0.13 0.45 1.0 1.0 1.0 333.77 0.76 
1.0 6.0 0.248726243769732 0.134852445 0.0 0.0 1.0 1.0 1.0 0.07 0.01 
0.0 5.0 0.0376557446286782 0.076855406 0.0 0.0 1.0 1.0 1.0 0.05 0.01 
1.0 2.0 0.09277111711335 0.381255624 0.0 0.01 1.0 0.995689655172413 0.997844828 5.05 0.09 
0.0 3.0 0.478325331062958 0.445375465 0.23 0.28 0.924137931034482 0.924137931034482 0.924137931 299.47 0.88 
1.0 3.0 0.0525693263147386 0.254031905 0.0 0.0 1.0 1.0 1.0 0.62 0.05 
0.0 127.0 0.904611110601021 0.471133428 0.0 0.0 1.0 1.0 1.0 1.25 0.06 
1.0 2.0 0.0618481957470582 0.053070716 0.09 0.1 0.980582524271844 0.980582524271844 0.980582524 309.02 0.8 
0.0 136.0 0.744555533002076 0.390211848 0.0 0.01 1.0 0.997422680412371 0.99871134 12.2 0.05 
1.0 7.0 0.0 0.0 0.0 0.0 1.0 1.0 1.0 0.0 0.0 
0.0 175.0 0.777631201102303 0.388815601 0.0 0.0 1.0 0.996688741721854 0.998344371 0.0 0.0 
1.0 2.0 0.323535568963029 0.276552566 -0.01 0.0 1.0 1.0 1.0 1.3 0.11 
0.0 317.0 1.45881009406121 0.729405047 -0.1 0.03 0.914772727272727 0.994318181818181 0.954545455 15.54 0.15 
1.0 4.0 0.343929933197805 0.171964967 0.0 0.0 1.0 1.0 1.0 0.0 0.0 
0.0 325.0 0.454333471311518 0.747153515 -0.04 0.06 0.997032640949554 0.997032640949554 0.997032641 34.44 0.11 
1.0 5.0 0.649248659766935 0.524572823 0.02 0.05 1.0 1.0 1.0 180.0 0.04 
0.0 27.0 0.0 0.0 0.0 0.0 1.0 0.996268656716417 0.998134328 0.0 0.0 
1.0 7.0 0.881745750568006 0.47470058 0.02 0.03 0.99581589958159 0.99581589958159 0.9958159 239.18 0.04 
0.0 143.0 0.0 0.0 0.0 0.0 1.0 0.997912317327766 0.998956159 0.0 0.0 
1.0 5.0 0.725446257432056 0.673365344 0.01 0.17 1.0 1.0 1.0 93.55 0.93 
0.0 311.0 0.0870995231917752 0.043549762 0.0 0.0 1.0 0.897832817337461 0.948916409 0.0 0.0 
1.0 4.0 0.0591785835882164 0.700898712 0.21 0.36 0.894329896907216 0.894329896907216 0.894329897 777.85 0.69 
0.0 93.0 0.80881431151271 0.418449809 0.0 0.02 1.0 0.987068965517241 0.993534483 23.24 0.0 
1.0 1.0 1.45914738572003 0.729573693 0.01 0.02 0.996688741721854 0.996688741721854 0.996688742 302.0 0.04 
0.0 12.0 0.0707274255828398 0.035363713 0.0 0.0 1.0 1.0 1.0 0.0 0.0 
1.0 3.0 0.710386353607636 0.365109255 0.02 0.02 1.0 1.0 1.0 345.0 0.08 
0.0 326.0 0.751803228872812 0.375901614 0.0 0.0 1.0 0.996884735202492 0.998442368 0.0 0.0 
1.0 1.0 0.0419175889863189 0.020958794 0.0 0.0 1.0 1.0 1.0 0.0 0.0 
0.0 3.0 0.0310873835982239 0.015543692 0.42 0.67 0.537234042553191 0.539893617021276 0.53856383 372.0 2.27 
