1.0 0.0 0.0411950173244082 0.041195017 0.0 0.0 1.0 1.0 1.0 0.0 0.4 
0.0 144.0 0.601189142476233 0.375010924 -0.04 0.07 1.0 0.955631399317406 0.9778157 39.52 0.48 
1.0 2.0 0.620835068099577 0.952863671 -0.04 0.17 1.0 1.0 1.0 110.55 0.56 
0.0 101.0 0.0277783581726275 0.013889179 0.0 0.0 1.0 1.0 1.0 0.0 0.0 
1.0 1.0 0.175701765975895 0.156598986 0.01 0.01 1.0 0.984251968503937 0.992125984 27.14 0.09 
0.0 96.0 0.0662883388371011 0.049504512 0.0 0.0 1.0 0.984293193717277 0.992146597 0.03 0.01 
1.0 6.0 0.0369873274571349 0.677217485 0.02 0.04 0.996978851963746 0.996978851963746 0.996978852 273.98 0.12 
0.0 0.0 0.0 0.0 0.0 0.0 1.0 1.0 1.0 0.0 0.0 
1.0 3.0 0.0821275116809847 0.051310183 0.02 0.02 1.0 0.996987951807228 0.998493976 332.0 0.19 
0.0 14.0 0.0277783581726275 0.541703691 0.01 0.02 1.0 1.0 1.0 76.66 0.06 
1.0 2.0 0.983710036386117 0.619275269 0.05 0.13 0.986979166666666 0.986979166666666 0.986979167 609.18 0.33 
0.0 248.0 0.0491585546305135 0.196148946 -0.01 0.0 1.0 0.937062937062937 0.968531469 0.82 0.1 
1.0 5.0 0.303011781855131 0.151505891 0.07 0.08 0.982300884955752 0.982300884955752 0.982300885 291.07 0.66 
0.0 42.0 0.405226822409176 0.266182778 0.01 0.02 1.0 0.990624999999999 0.9953125 63.49 0.1 
1.0 3.0 0.109726683189582 0.054863342 0.11 0.12 0.97324414715719 0.97324414715719 0.973244147 299.0 0.95 
0.0 26.0 0.0442932355773176 0.022146618 0.0 0.0 0.980582524271844 0.996763754045307 0.988673139 0.03 0.0 
1.0 1.0 0.381976812551026 0.304657507 0.15 0.22 0.96595744680851 0.96595744680851 0.965957447 321.48 1.3 
0.0 40.0 0.687039541479689 0.396184772 0.01 0.06 0.929618768328445 0.982404692082111 0.95601173 97.09 0.22 
1.0 1.0 0.256970524112975 0.21375019 0.0 0.0 1.0 1.0 1.0 0.63 0.07 
0.0 349.0 0.438313741280604 0.219156871 0.0 0.0 1.0 1.0 1.0 0.0 0.0 
1.0 7.0 0.0 0.0 0.0 0.0 1.0 1.0 1.0 0.0 0.0 
0.0 12.0 0.950489204295871 0.554559986 0.01 0.08 0.989821882951653 0.99236641221374 0.991094148 327.4 0.38 
1.0 3.0 0.0 0.0 0.0 0.0 1.0 1.0 1.0 0.0 0.0 
0.0 87.0 0.0 0.0 0.0 0.0 1.0 1.0 1.0 0.0 0.0 
1.0 4.0 0.818914270889944 0.475468635 0.11 0.15 0.961538461538461 0.987179487179487 0.974358974 288.01 0.56 
0.0 15.0 0.269761622676472 0.199622788 0.02 0.05 0.921875 0.990624999999999 0.95625 62.1 0.59 
1.0 2.0 0.0663550962706155 0.047468609 0.02 0.02 0.996932515337423 0.996932515337423 0.996932515 326.01 0.16 
0.0 234.0 0.0277783581726275 0.066402051 0.0 0.0 1.0 1.0 1.0 0.02 0.0 
1.0 4.0 0.0 0.0 0.03 0.03 0.994845360824742 0.994845360824742 0.994845361 194.0 0.33 
0.0 192.0 0.0533840302767845 0.136811551 0.0 0.0 1.0 1.0 1.0 0.1 0.02 
1.0 7.0 0.662346471556216 0.415341387 -0.01 0.02 1.0 1.0 1.0 8.18 0.19 
0.0 203.0 0.0 0.0 0.0 0.0 1.0 0.916363636363636 0.958181818 0.0 0.0 
1.0 3.0 0.0209786462403052 0.010489323 0.0 0.0 1.0 1.0 1.0 0.0 0.0 
0.0 125.0 0.0581557306257277 0.029077865 0.0 0.0 1.0 0.979057591623036 0.989528796 0.04 0.01 
1.0 7.0 0.0 0.0 0.0 0.0 1.0 1.0 1.0 0.0 0.0 
0.0 20.0 0.127620475367279 0.125331982 0.0 0.0 1.0 1.0 1.0 0.18 0.02 
1.0 2.0 0.729096180970132 0.511752905 -0.02 0.05 1.0 1.0 1.0 37.07 0.47 
0.0 1.0 0.0450529128086024 0.087721386 0.02 0.02 0.996644295302013 0.996644295302013 0.996644295 298.05 0.14 
1.0 1.0 0.0 0.0 0.0 0.0 1.0 1.0 1.0 0.0 0.0 
0.0 51.0 0.87242507144054 0.499290111 0.04 0.07 1.0 0.996884735202492 0.998442368 183.79 0.26 
1.0 7.0 0.207198284095683 0.103599142 0.0 0.04 0.508417508417508 0.946127946127946 0.727272727 17.49 0.54 
0.0 122.0 0.0721777615461715 0.036088881 0.0 0.0 1.0 0.996587030716723 0.998293515 0.01 0.0 
1.0 7.0 0.0403852550270539 0.020192628 0.04 0.04 0.993311036789297 0.993311036789297 0.993311037 299.0 0.36 
0.0 131.0 0.498165535626351 0.270567486 0.0 0.01 1.0 0.996815286624203 0.998407643 5.89 0.08 
1.0 2.0 0.0773036079807894 0.038651804 0.0 0.0 1.0 1.0 1.0 0.0 0.0 
0.0 184.0 0.594577819662421 0.29728891 0.0 0.0 1.0 0.995495495495495 0.997747748 0.0 0.0 
1.0 7.0 0.019542337228798 0.529291923 0.0 0.0 1.0 1.0 1.0 0.57 0.03 
0.0 154.0 0.0233359043466066 0.110285047 0.0 0.0 1.0 0.996503496503496 0.998251748 0.1 0.01 
1.0 5.0 0.0262556850879242 0.013127843 0.0 0.0 1.0 1.0 1.0 0.0 0.0 
0.0 126.0 0.0358990284409961 0.017949514 0.0 0.0 1.0 0.935672514619882 0.967836257 0.14 0.02 
1.0 3.0 0.147227905583166 0.124351684 0.06 0.07 0.992277992277992 0.996138996138996 0.994208494 517.02 0.48 
0.0 78.0 0.802468461302531 0.451832646 0.0 0.01 1.0 0.994565217391304 0.997282609 2.74 0.04 
1.0 7.0 0.038968982908286 0.030347326 0.19 0.23 0.939393939393939 0.939393939393939 0.939393939 330.01 1.78 
0.0 423.0 0.099623389466162 0.049811695 -0.11 0.0 0.900928792569659 0.910216718266253 0.905572755 1.75 0.1 
1.0 6.0 0.967248227089372 0.571396344 -0.02 0.03 1.0 1.0 1.0 8.39 0.1 
0.0 199.0 0.742709694902273 0.401366802 -0.01 0.0 1.0 0.990445859872611 0.99522293 1.05 0.06 
1.0 3.0 0.0277783581726275 0.013889179 0.0 0.0 1.0 1.0 1.0 0.0 0.0 
0.0 7.0 0.110934366880473 0.055467183 0.05 0.06 0.985422740524781 0.988338192419825 0.986880466 273.59 0.53 
1.0 3.0 0.0 0.0 0.0 0.0 1.0 1.0 1.0 0.0 0.0 
0.0 4.0 0.164313253538926 0.082156627 0.0 0.0 1.0 1.0 1.0 0.0 0.0 
1.0 7.0 0.0 0.0 0.0 0.0 1.0 1.0 1.0 0.0 0.0 
0.0 58.0 0.0217855061668038 0.010892753 0.0 0.0 1.0 1.0 1.0 0.0 0.0 
1.0 0.0 0.192676207660135 0.192676208 -0.05 0.0 0.940721649484536 0.940721649484536 0.940721649 0.0 2.69 
0.0 334.0 0.615613450001113 0.540538996 -0.03 0.01 1.0 0.993527508090614 0.996763754 6.79 0.0 
1.0 1.0 0.0396091040103975 0.019804552 0.0 0.0 1.0 1.0 1.0 0.0 0.0 
0.0 2.0 0.78452226878971 0.480033365 -0.01 0.03 1.0 1.0 1.0 7.66 0.04 
1.0 6.0 0.0352109907044965 0.030976483 0.0 0.0 1.0 1.0 1.0 0.01 0.0 
0.0 130.0 0.255429986523709 0.127714993 0.0 0.0 1.0 1.0 1.0 0.0 0.0 
1.0 2.0 0.0781446926518095 0.053115 0.0 0.0 1.0 1.0 1.0 0.01 0.0 
0.0 335.0 0.836902271913767 1.002161591 -0.01 0.16 0.891752577319587 0.997422680412371 0.944587629 259.96 0.11 
1.0 4.0 0.0 0.0 0.0 0.0 1.0 1.0 1.0 0.0 0.0 
0.0 85.0 0.0333071125195308 0.033013899 0.0 0.0 1.0 0.979057591623036 0.989528796 0.03 0.01 
1.0 3.0 0.117529803717087 0.058764902 0.0 0.0 1.0 1.0 1.0 0.0 0.0 
0.0 66.0 0.046939257774748 0.035242912 0.0 0.0 0.992957746478873 0.996478873239436 0.99471831 0.03 0.01 
1.0 6.0 0.725390409428248 0.362695205 0.0 0.0 1.0 1.0 1.0 0.0 0.0 
0.0 33.0 0.373455552031381 0.265978643 -0.02 0.0 1.0 0.997354497354497 0.998677249 1.3 0.09 
1.0 1.0 0.669740131854434 0.498396879 -0.02 0.03 1.0 1.0 1.0 8.62 0.25 
0.0 237.0 0.758550205750609 0.462835904 0.0 0.02 1.0 0.996874999999999 0.9984375 10.38 0.01 
1.0 6.0 0.300802356802308 0.150401178 0.0 0.0 1.0 1.0 1.0 0.0 0.0 
0.0 67.0 0.282001703554971 0.276611666 0.0 0.02 1.0 1.0 1.0 67.84 0.01 
1.0 7.0 0.0392862289344921 0.030596237 0.0 0.0 1.0 1.0 1.0 0.01 0.0 
0.0 101.0 1.30511164817586 0.652555824 -0.03 0.05 0.955497382198952 0.992146596858638 0.97382199 55.81 0.04 
1.0 4.0 0.0708978862864638 0.035448943 0.0 0.0 1.0 1.0 1.0 0.0 0.0 
0.0 103.0 0.890561650446367 0.51335607 0.15 0.26 0.896907216494845 0.909793814432989 0.903350515 317.9 0.87 
1.0 2.0 0.297980077655741 0.148990039 0.0 0.0 1.0 1.0 1.0 0.0 0.0 
0.0 209.0 0.16159823334924 0.158571327 0.0 0.0 1.0 1.0 1.0 0.28 0.03 
1.0 4.0 0.82415316873979 1.184320205 0.13 0.67 0.904191616766467 0.967065868263473 0.935628743 907.77 0.29 
0.0 230.0 0.216770258116325 0.108385129 0.0 0.0 1.0 0.993006993006993 0.996503497 0.0 0.0 
1.0 3.0 0.0 0.0 0.0 0.0 1.0 1.0 1.0 0.0 0.0 
0.0 22.0 0.467785087145833 0.308853268 0.0 0.02 0.997134670487106 0.997134670487106 0.99713467 350.4 0.03 
1.0 7.0 0.0771830516089681 0.057895224 0.04 0.04 1.0 1.0 1.0 712.0 0.33 
0.0 21.0 0.843328823481828 0.625183859 0.05 0.11 0.982954545454545 0.994318181818181 0.988636364 130.85 0.86 
1.0 7.0 0.680889987266653 0.340444994 0.0 0.0 1.0 1.0 1.0 0.0 0.0 
0.0 62.0 0.829958229134821 0.414979115 0.03 0.16 0.871134020618556 0.943298969072164 0.907216495 179.76 0.64 
1.0 5.0 0.778815694507565 0.389407847 0.0 0.0 1.0 0.98076923076923 0.990384615 0.0 0.0 
0.0 42.0 0.0262556850879242 0.013127843 0.0 0.0 1.0 1.0 1.0 0.0 0.0 
1.0 7.0 0.531148512151595 0.265574256 0.0 0.0 1.0 1.0 1.0 0.0 0.0 
0.0 556.0 1.13963254220456 0.569816271 0.0 0.0 1.0 1.0 1.0 0.0 0.0 
1.0 4.0 0.0 0.0 0.0 0.0 1.0 1.0 1.0 0.0 0.0 
0.0 8.0 0.0201313384327796 0.095054362 0.0 0.0 1.0 0.755162241887905 0.877581121 3.09 0.07 
1.0 5.0 0.812045541980583 0.41670973 0.01 0.04 0.996845425867507 0.996845425867507 0.996845426 422.0 0.09 
0.0 324.0 0.467785087145833 0.253574507 0.0 0.01 0.997134670487106 0.997134670487106 0.99713467 13.82 0.07 
1.0 4.0 0.0649157045465794 0.108859084 0.0 0.0 1.0 1.0 1.0 0.09 0.01 
0.0 27.0 0.475931977304072 0.299616232 0.0 0.04 0.932551319648093 0.979472140762463 0.95601173 124.42 0.28 
1.0 4.0 0.994849321286294 0.609971221 0.0 0.06 1.0 1.0 1.0 72.03 0.24 
0.0 169.0 0.0150784451220806 0.007539223 0.0 0.0 1.0 0.991649269311064 0.995824635 0.0 0.0 
1.0 6.0 0.328255737696058 0.248861492 0.0 0.0 1.0 1.0 1.0 1.28 0.1 
0.0 62.0 0.0 0.0 0.0 0.0 1.0 1.0 1.0 0.0 0.0 
1.0 0.0 0.0212025770039786 0.021202577 0.0 0.0 1.0 1.0 1.0 0.0 0.22 
0.0 191.0 0.0 0.0 0.0 0.0 1.0 0.969040247678018 0.984520124 0.0 0.0 
1.0 7.0 0.06475291319563 0.307271214 0.0 0.01 0.928571428571428 0.997354497354497 0.962962963 8.18 0.01 
0.0 9.0 0.761160160014868 0.534883768 -0.01 0.08 0.992277992277992 0.992277992277992 0.992277992 333.22 0.14 
1.0 2.0 0.892943840927671 0.645682025 0.0 0.11 1.0 0.996721311475409 0.998360656 345.4 0.06 
0.0 196.0 0.203369285524297 0.101684643 -0.03 0.01 0.878787878787878 0.987878787878787 0.933333333 2.47 0.16 
1.0 2.0 0.0 0.0 0.0 0.0 1.0 1.0 1.0 0.0 0.0 
0.0 335.0 0.313145524992044 0.166343931 -0.01 0.01 0.914772727272727 0.99715909090909 0.955965909 10.93 0.07 
1.0 3.0 0.0 0.0 0.05 0.05 0.991111111111111 0.991111111111111 0.991111111 225.0 0.46 
0.0 167.0 0.0557409191195386 0.041913113 0.0 0.0 0.987068965517241 0.995689655172413 0.99137931 0.05 0.01 
1.0 6.0 0.235649142468084 0.117824571 0.0 0.0 1.0 1.0 1.0 0.0 0.0 
0.0 106.0 0.0215482557268673 0.06854448 0.0 0.0 1.0 0.996815286624203 0.998407643 0.04 0.01 
1.0 7.0 2.29030920104353 2.100092648 0.11 0.84 0.803809523809523 0.923809523809523 0.863809524 1299.27 0.06 
0.0 7.0 0.0 0.0 0.0 0.0 1.0 1.0 1.0 0.0 0.0 
1.0 5.0 1.31542818210934 1.228770721 -0.06 0.35 1.0 1.0 1.0 496.13 1.12 
0.0 107.0 0.669740131854434 0.348810001 -0.01 0.01 1.0 0.995689655172413 0.997844828 3.13 0.08 
1.0 2.0 0.0605717587767144 0.030285879 0.02 0.03 0.996078431372549 0.996078431372549 0.996078431 255.0 0.23 
0.0 242.0 0.0 0.0 0.0 0.0 1.0 1.0 1.0 0.0 0.0 
1.0 3.0 0.0 0.0 0.04 0.04 0.993846153846153 0.993846153846153 0.993846154 325.0 0.36 
0.0 7.0 0.06475291319563 0.307271214 0.0 0.01 0.928571428571428 0.997354497354497 0.962962963 8.18 0.01 
1.0 7.0 0.876966006758042 0.649020127 -0.01 0.1 0.591304347826086 0.855072463768115 0.723188406 146.83 0.08 
0.0 74.0 0.06475291319563 0.569891994 -0.01 0.0 1.0 0.997354497354497 0.998677249 1.9 0.06 
1.0 7.0 0.079684406685737 0.05030393 0.0 0.0 1.0 1.0 1.0 0.02 0.0 
0.0 14.0 0.1052946557876 0.052647328 0.02 0.02 0.994236311239193 0.997118155619596 0.995677233 173.0 0.16 
1.0 3.0 0.0 0.0 0.0 0.0 1.0 1.0 1.0 0.0 0.0 
0.0 37.0 0.954897821492102 0.511573094 0.0 0.01 1.0 0.99236641221374 0.996183206 3.17 0.1 
1.0 5.0 0.227315676154747 0.193735953 0.0 0.0 1.0 0.993710691823899 0.996855346 0.58 0.06 
0.0 38.0 0.232674497346797 0.116337249 0.0 0.0 1.0 1.0 1.0 0.0 0.0 
1.0 4.0 0.857913377448543 0.438319074 0.04 0.05 0.991913746630727 0.994609164420485 0.993261456 371.0 0.15 
0.0 34.0 0.0 0.0 0.0 0.0 1.0 1.0 1.0 0.0 0.0 
1.0 7.0 0.990669641469538 0.495334821 -0.03 0.19 0.865497076023391 0.921052631578947 0.893274854 188.63 0.53 
0.0 164.0 0.749601204475194 0.384619568 0.0 0.0 1.0 0.997134670487106 0.998567335 0.43 0.03 
1.0 2.0 0.0810482611891956 0.061893026 0.04 0.04 0.996845425867507 0.996845425867507 0.996845426 634.01 0.33 
0.0 45.0 0.0217855061668038 0.010892753 0.0 0.0 1.0 1.0 1.0 0.0 0.0 
1.0 7.0 0.0 0.0 0.0 0.0 1.0 0.995689655172413 0.997844828 0.0 0.0 
0.0 76.0 0.732079220680377 0.472294043 -0.04 0.01 0.943298969072164 0.997422680412371 0.970360825 7.76 0.14 
1.0 2.0 0.347048052758321 0.173524026 0.07 0.08 0.984567901234567 0.984567901234567 0.984567901 324.0 0.48 
0.0 100.0 0.717885385512261 0.369600931 0.0 0.0 1.0 0.958990536277602 0.979495268 1.24 0.01 
1.0 4.0 0.570709670831186 0.285354835 0.0 0.0 1.0 1.0 1.0 0.0 0.0 
0.0 25.0 0.694282668498343 0.497283715 0.0 0.01 0.994845360824742 0.997422680412371 0.996134021 6.84 0.18 
1.0 7.0 0.494444078994312 0.391594544 0.02 0.04 1.0 1.0 1.0 75.71 0.23 
0.0 91.0 0.517165350026592 0.258582675 0.0 0.0 1.0 0.994845360824742 0.99742268 0.0 0.0 
1.0 6.0 0.355757474132766 0.177878737 0.0 0.0 1.0 1.0 1.0 0.0 0.0 
0.0 316.0 0.666045722146777 0.432620643 -0.1 0.06 0.90721649484536 0.909793814432989 0.908505155 35.31 0.46 
1.0 4.0 0.100987141924181 0.050493571 0.04 0.05 0.969283276450511 0.986348122866894 0.9778157 128.03 0.45 
0.0 19.0 0.0682483659324245 0.228410187 0.0 0.0 1.0 1.0 1.0 0.57 0.05 
1.0 3.0 0.63175395502762 0.884222569 0.0 0.08 1.0 1.0 1.0 32.8 0.46 
0.0 189.0 0.210312624703678 0.185819665 0.0 0.01 1.0 0.986013986013986 0.993006993 19.41 0.07 
1.0 2.0 0.0620199882194553 0.062019988 0.0 0.0 1.0 1.0 1.0 0.03 0.01 
0.0 253.0 0.0475417280017853 0.023770864 0.0 0.0 1.0 0.994565217391304 0.997282609 0.01 0.0 
1.0 1.0 0.154603572442691 0.077301786 0.02 0.03 0.995535714285714 0.995535714285714 0.995535714 224.0 0.25 
0.0 241.0 0.132151794675943 0.600348111 -0.01 0.02 1.0 1.0 1.0 18.34 0.03 
1.0 6.0 0.396300389472186 0.724400571 -0.01 0.06 1.0 0.99724517906336 0.99862259 60.0 0.33 
0.0 200.0 0.0605098655008392 0.051739651 0.02 0.02 1.0 0.990445859872611 0.99522293 314.02 0.16 
1.0 5.0 0.0374621215234668 0.029165346 0.0 0.0 1.0 1.0 1.0 0.01 0.0 
0.0 219.0 0.0 0.0 0.0 0.0 1.0 0.909375 0.9546875 0.0 0.0 
1.0 1.0 0.0791839572688488 0.119000989 0.1 0.11 0.976897689768976 0.976897689768976 0.97689769 303.16 0.69 
0.0 109.0 0.83443423629989 0.670488667 0.02 0.16 1.0 1.0 1.0 41.8 0.99 
1.0 3.0 1.08958039144791 0.595783487 -0.01 0.01 1.0 1.0 1.0 3.72 0.15 
0.0 1.0 0.0 0.0 0.0 0.0 1.0 1.0 1.0 0.0 0.0 
1.0 1.0 1.61336252461857 0.806681262 0.0 0.0 1.0 1.0 1.0 0.0 0.0 
0.0 11.0 0.592824334480825 0.296412167 0.09 0.15 0.960526315789473 0.963815789473684 0.962171053 277.95 0.71 
1.0 2.0 0.160721647847239 0.080360824 0.0 0.0 1.0 1.0 1.0 0.0 0.0 
0.0 79.0 0.955491897288429 1.249641175 0.02 0.59 0.989795918367346 0.989795918367346 0.989795918 363.53 0.02 
1.0 6.0 0.0506455745968486 0.167003832 0.0 0.0 1.0 1.0 1.0 0.17 0.02 
0.0 12.0 0.400197728931149 0.299696647 0.23 0.35 0.871134020618556 0.90721649484536 0.889175258 784.36 1.89 
1.0 6.0 0.0806876948307314 0.684178319 0.02 0.07 0.984520123839009 0.987616099071207 0.986068111 262.26 0.09 
0.0 185.0 0.0968506565216047 0.259783181 -0.01 0.0 1.0 0.980891719745222 0.99044586 0.89 0.09 
1.0 5.0 0.0451052184351539 0.197618409 0.32 0.65 0.513833992094861 0.521739130434782 0.517786561 245.31 1.8 
0.0 388.0 0.0 0.0 0.0 0.0 1.0 0.995708154506437 0.997854077 0.0 0.0 
1.0 5.0 0.0416737059285854 0.169091986 0.0 0.0 1.0 1.0 1.0 0.19 0.02 
0.0 491.0 0.0 0.0 0.0 0.0 1.0 0.996913580246913 0.99845679 0.0 0.0 
1.0 4.0 0.988530152112064 0.859708317 0.01 0.27 0.987244897959183 0.987244897959183 0.987244898 729.98 0.35 
0.0 32.0 0.446534089378031 0.234343086 0.0 0.0 1.0 0.996710526315789 0.998355263 0.37 0.04 
1.0 5.0 0.313648565456556 0.16671589 0.0 0.0 1.0 1.0 1.0 0.07 0.01 
0.0 92.0 0.527261766070646 0.435200552 0.0 0.03 1.0 1.0 1.0 9.82 0.47 
1.0 7.0 0.0 0.0 0.0 0.0 1.0 1.0 1.0 0.0 0.0 
0.0 23.0 0.9374723317261 0.468736166 0.0 0.0 1.0 0.987068965517241 0.993534483 0.0 0.0 
1.0 5.0 0.0600239093195218 0.040756857 0.0 0.0 1.0 1.0 1.0 0.01 0.0 
0.0 6.0 0.480841441189327 0.759941475 0.03 0.09 1.0 1.0 1.0 41.24 0.75 
1.0 3.0 0.101475461577786 0.050737731 0.02 0.03 0.996138996138996 0.996138996138996 0.996138996 259.0 0.2 
0.0 59.0 0.0557409191195386 0.02787046 0.0 0.0 1.0 0.995689655172413 0.997844828 0.0 0.0 
1.0 5.0 0.130389858578722 0.115766452 0.0 0.0 1.0 0.996644295302013 0.998322148 0.14 0.02 
0.0 57.0 0.0650626405333832 0.046320169 0.0 0.0 1.0 1.0 1.0 0.01 0.0 
1.0 3.0 0.0647261948575221 0.280989655 0.0 0.0 1.0 1.0 1.0 0.42 0.04 
0.0 343.0 0.551878325578596 0.275939163 0.0 0.0 1.0 0.996763754045307 0.998381877 0.21 0.02 
1.0 6.0 0.449345896855252 0.324563607 0.38 0.63 0.47769028871391 0.503937007874015 0.490813648 731.68 1.35 
0.0 132.0 0.0599601521247647 0.029980076 0.0 0.0 1.0 1.0 1.0 0.0 0.0 
1.0 7.0 0.105982658672697 0.052991329 0.13 0.18 0.748538011695906 0.885964912280701 0.817251462 131.04 1.49 
0.0 4.0 0.0387605385156701 0.030183793 0.0 0.0 1.0 1.0 1.0 0.01 0.0 
1.0 5.0 0.0595497485258183 0.029774874 0.0 0.0 1.0 1.0 1.0 0.0 0.0 
0.0 262.0 0.0898033804732823 0.04490169 -0.03 0.0 0.940063091482649 0.962145110410094 0.951104101 0.27 0.01 
