1.0 6.0 0.358859431630416 0.247050569 0.09 0.11 0.982578397212543 0.989547038327526 0.986062718 809.95 0.74 
0.0 191.0 0.311735854536451 0.165984541 0.0 0.0 1.0 1.0 1.0 0.09 0.01 
1.0 2.0 0.673191465296606 1.364714719 0.16 0.51 0.987179487179487 0.990384615384615 0.988782051 711.63 0.51 
0.0 239.0 0.0 0.0 0.0 0.0 1.0 0.989690721649484 0.994845361 0.0 0.0 
1.0 5.0 0.0452494973011154 0.045249497 0.0 0.0 1.0 1.0 1.0 0.02 0.0 
0.0 218.0 0.681152565159923 0.670468104 -0.01 0.24 1.0 0.981072555205047 0.990536278 137.46 0.46 
1.0 0.0 0.0698679499389159 0.06986795 0.0 0.0 1.0 1.0 1.0 0.0 0.61 
0.0 195.0 0.0 0.0 0.0 0.0 1.0 1.0 1.0 0.0 0.0 
1.0 4.0 0.769138972077092 0.422500096 0.05 0.09 0.987654320987654 0.987654320987654 0.987654321 338.65 0.48 
0.0 215.0 0.26744998484642 0.133724992 0.0 0.0 1.0 0.996323529411764 0.998161765 0.0 0.0 
1.0 4.0 0.252551178148966 0.194350834 0.25 0.34 0.909793814432989 0.909793814432989 0.909793814 776.3 1.84 
0.0 156.0 0.76170373746072 0.673641401 0.02 0.2 0.889175257731958 0.994845360824742 0.942010309 286.96 0.88 
1.0 5.0 0.45211655551566 0.226058278 0.08 0.13 0.972602739726027 0.986301369863013 0.979452055 365.0 0.65 
0.0 272.0 0.0 0.0 0.0 0.0 1.0 0.996428571428571 0.998214286 0.0 0.0 
1.0 3.0 0.043923594672997 0.160311947 0.04 0.04 1.0 1.0 1.0 612.0 0.36 
0.0 53.0 0.830237670572683 1.220703288 0.09 0.49 1.0 0.994910941475826 0.997455471 567.48 1.09 
1.0 7.0 0.887495787832807 1.111973596 -0.04 0.31 0.922459893048128 0.994652406417112 0.95855615 226.19 0.04 
0.0 140.0 0.0358681627845499 0.614707515 0.0 0.01 1.0 0.899484536082474 0.949742268 64.48 0.01 
1.0 7.0 0.404856897855844 0.329797614 0.15 0.26 0.94017094017094 0.944444444444444 0.942307692 509.94 1.37 
0.0 95.0 0.0 0.0 0.0 0.0 1.0 1.0 1.0 0.0 0.0 
1.0 3.0 0.0185104751494431 0.009255238 0.04 0.05 0.992042440318302 0.992042440318302 0.99204244 377.0 0.44 
0.0 123.0 0.0696126878610854 0.086916939 0.0 0.0 1.0 0.993827160493827 0.99691358 0.11 0.02 
1.0 7.0 0.0239068963031024 0.011953448 0.0 0.0 1.0 1.0 1.0 0.0 0.0 
0.0 391.0 0.0485449746431988 0.087004257 0.0 0.0 1.0 0.996323529411764 0.998161765 0.05 0.01 
1.0 3.0 0.117755858481061 0.600845333 -0.01 0.01 1.0 1.0 1.0 7.37 0.03 
0.0 316.0 0.666045722146777 0.432620643 -0.1 0.06 0.90721649484536 0.909793814432989 0.908505155 35.31 0.46 
1.0 2.0 0.0608385728247732 0.321354196 0.02 0.02 0.996774193548387 0.996774193548387 0.996774194 311.12 0.0 
0.0 58.0 0.0422824341559714 0.040066987 0.0 0.0 1.0 0.996884735202492 0.998442368 0.02 0.0 
1.0 2.0 0.0364188753405764 0.03133728 0.0 0.0 1.0 1.0 1.0 0.0 0.0 
0.0 129.0 0.0233359043466066 0.011667952 0.0 0.0 1.0 1.0 1.0 0.0 0.0 
1.0 7.0 0.881745750568006 0.47470058 0.02 0.03 0.99581589958159 0.99581589958159 0.9958159 239.18 0.04 
0.0 73.0 0.608932620565087 0.331795722 0.0 0.0 1.0 1.0 1.0 0.02 0.01 
1.0 3.0 0.0 0.0 0.0 0.0 1.0 1.0 1.0 0.0 0.0 
0.0 14.0 0.1052946557876 0.052647328 0.02 0.02 0.994236311239193 0.997118155619596 0.995677233 173.0 0.16 
1.0 3.0 0.0402723695891569 0.606271836 0.0 0.03 0.996655518394648 0.996655518394648 0.996655518 302.88 0.05 
0.0 40.0 0.0679512537556222 0.060627717 0.0 0.0 1.0 0.996610169491525 0.998305085 0.03 0.01 
1.0 2.0 0.0773036079807894 0.052540983 0.0 0.0 1.0 1.0 1.0 0.01 0.0 
0.0 33.0 0.663900484476424 0.342695145 0.0 0.01 1.0 1.0 1.0 5.43 0.09 
1.0 3.0 0.0186384181703463 0.009319209 0.03 0.03 0.994623655913978 0.997311827956989 0.995967742 372.0 0.34 
0.0 219.0 0.173568953521754 0.086784477 0.0 0.0 1.0 0.997214484679665 0.998607242 0.04 0.01 
1.0 5.0 0.0715909862919427 0.55038611 0.01 0.02 1.0 1.0 1.0 369.02 0.02 
0.0 279.0 0.214482853675317 0.690951882 0.02 0.07 1.0 0.891752577319587 0.945876289 237.58 0.1 
1.0 3.0 0.888137848945064 0.494534828 0.0 0.01 1.0 1.0 1.0 2.73 0.16 
0.0 381.0 0.126155150654186 0.580222463 -0.03 0.02 1.0 0.996884735202492 0.998442368 16.64 0.01 
1.0 5.0 0.203678007939334 0.111158213 0.0 0.0 1.0 1.0 1.0 0.04 0.0 
0.0 43.0 0.304846503320781 0.296528947 -0.02 0.01 0.996845425867507 0.996845425867507 0.996845426 28.28 0.06 
1.0 1.0 0.568250342771362 0.303662229 0.0 0.0 1.0 1.0 1.0 0.44 0.04 
0.0 432.0 0.171856026877275 0.170997492 -0.11 0.02 0.900928792569659 0.91640866873065 0.908668731 12.08 0.15 
1.0 5.0 0.0232665787339596 0.011633289 0.0 0.0 1.0 1.0 1.0 0.0 0.0 
0.0 127.0 0.042668116212028 0.021334058 0.0 0.0 1.0 0.891025641025641 0.945512821 0.0 0.0 
1.0 2.0 0.0252259849379112 0.708597753 0.03 0.13 0.97378277153558 0.97378277153558 0.973782772 283.84 0.26 
0.0 164.0 0.0507690758753218 0.025384538 0.0 0.0 0.997050147492625 0.997050147492625 0.997050147 0.01 0.0 
1.0 5.0 1.02147820060607 1.017103893 -0.06 0.23 1.0 1.0 1.0 89.04 0.06 
0.0 398.0 0.604474956703898 0.302237478 0.0 0.0 1.0 0.990624999999999 0.9953125 0.0 0.0 
1.0 2.0 0.0486918268375366 0.034780198 0.02 0.02 1.0 0.996932515337423 0.998466258 294.08 0.18 
0.0 67.0 0.0262556850879242 0.026255685 0.0 0.0 1.0 1.0 1.0 0.0 0.0 
1.0 6.0 0.0 0.0 0.0 0.0 1.0 1.0 1.0 0.0 0.0 
0.0 155.0 0.0390741155048994 0.030429811 0.0 0.0 1.0 1.0 1.0 0.01 0.0 
1.0 2.0 0.73799737083685 0.379714532 0.03 0.03 0.993690851735015 0.996845425867507 0.995268139 263.58 0.09 
0.0 201.0 1.58777221342909 0.859623418 -0.16 0.12 0.89090909090909 0.927272727272727 0.909090909 110.33 0.62 
1.0 2.0 0.106353234763598 0.104966393 0.0 0.0 1.0 1.0 1.0 0.11 0.02 
0.0 22.0 0.0409766075551223 0.030734731 0.0 0.0 1.0 1.0 1.0 0.01 0.0 
1.0 0.0 0.038968982908286 0.038968983 -0.04 0.0 0.939393939393939 0.939393939393939 0.939393939 0.0 1.86 
0.0 42.0 0.853033146507135 0.66300153 0.0 0.1 0.982195845697329 0.997032640949554 0.989614243 376.43 0.47 
1.0 4.0 0.0257297762781325 0.025729776 0.35 0.39 0.881944444444444 0.881944444444444 0.881944444 576.0 2.89 
0.0 45.0 0.854638851747687 0.446485252 0.0 0.0 1.0 1.0 1.0 2.42 0.0 
1.0 4.0 0.0618481957470582 0.042000139 0.09 0.1 0.980582524271844 0.980582524271844 0.980582524 309.01 0.89 
0.0 130.0 0.681395739723952 0.393211666 -0.04 0.03 0.944148936170212 0.973404255319148 0.958776596 21.31 0.16 
1.0 2.0 0.0620199882194553 0.175054504 0.21 0.26 0.929230769230769 0.932307692307692 0.930769231 626.32 1.54 
0.0 464.0 0.0 0.0 0.0 0.0 1.0 1.0 1.0 0.0 0.0 
1.0 1.0 0.0390765344383812 0.029309436 0.0 0.0 1.0 1.0 1.0 0.01 0.0 
0.0 405.0 0.211005687877705 0.183319895 -0.04 0.01 0.894329896907216 0.943298969072164 0.918814433 6.14 0.29 
1.0 0.0 0.0896596069085538 0.089659607 0.0 0.0 1.0 1.0 1.0 0.0 0.71 
0.0 322.0 0.281198134803726 0.659212637 0.06 0.11 0.84020618556701 0.997422680412371 0.918814433 477.49 0.22 
1.0 3.0 1.50309023931923 0.75154512 0.01 0.02 0.997267759562841 0.997267759562841 0.99726776 366.0 0.02 
0.0 60.0 0.0390741155048994 0.111766705 0.0 0.0 1.0 1.0 1.0 0.1 0.01 
1.0 5.0 0.0665854743974204 0.033292737 0.09 0.1 0.979057591623036 0.979057591623036 0.979057592 191.0 0.76 
0.0 6.0 0.312056741818455 0.291639185 0.03 0.05 1.0 1.0 1.0 92.81 0.49 
1.0 2.0 0.0 0.0 0.04 0.04 0.994152046783625 0.994152046783625 0.994152047 342.0 0.36 
0.0 13.0 0.046939257774748 0.023469629 0.02 0.02 0.996478873239436 0.996478873239436 0.996478873 284.0 0.22 
1.0 5.0 0.0283996430953189 0.014199822 0.0 0.0 1.0 0.995575221238938 0.997787611 0.0 0.0 
0.0 182.0 0.604811716417282 0.551488626 -0.02 0.08 0.97452229299363 0.996815286624203 0.98566879 65.53 0.18 
1.0 2.0 0.0436808180468584 0.043680818 0.0 0.0 1.0 1.0 1.0 0.01 0.0 
0.0 37.0 0.0652983351897185 0.032649168 0.0 0.0 1.0 1.0 1.0 0.0 0.0 
1.0 4.0 0.834883113465696 0.532404364 -0.02 0.05 0.994252873563218 0.994252873563218 0.994252874 358.85 0.09 
0.0 54.0 0.545718595678117 0.272859298 0.0 0.0 1.0 1.0 1.0 0.0 0.0 
1.0 0.0 1.30511164817586 1.305111648 -0.43 0.0 0.992146596858638 0.992146596858638 0.992146597 0.0 0.16 
0.0 79.0 0.0555380567855558 0.027769028 0.0 0.0 1.0 1.0 1.0 0.0 0.0 
1.0 3.0 0.0616067104727896 0.320125196 0.0 0.0 1.0 0.99250936329588 0.996254682 0.37 0.04 
0.0 0.0 0.0337510120778166 0.033751012 -0.01 0.0 0.985401459854014 0.985401459854014 0.98540146 0.0 0.78 
1.0 3.0 0.0527032349254074 0.026351617 0.0 0.0 1.0 1.0 1.0 0.0 0.0 
0.0 98.0 1.30511164817586 0.652555824 -0.04 0.03 0.971204188481675 0.992146596858638 0.981675393 24.02 0.06 
1.0 1.0 0.0237613531260355 0.011880677 0.0 0.0 1.0 1.0 1.0 0.0 0.0 
0.0 365.0 0.0422824341559714 0.084710583 0.0 0.0 1.0 0.990624999999999 0.9953125 0.06 0.01 
1.0 4.0 1.46489640594791 1.245019338 0.14 0.61 0.98473282442748 0.994910941475826 0.989821883 421.03 0.09 
0.0 7.0 0.422615274913311 0.278943822 0.0 0.01 1.0 1.0 1.0 14.45 0.01 
1.0 4.0 0.241590515729618 0.120795258 0.0 0.0 1.0 1.0 1.0 0.0 0.0 
0.0 5.0 0.0665854743974204 0.033292737 0.09 0.1 0.979057591623036 0.979057591623036 0.979057592 191.0 0.76 
1.0 0.0 0.02427927049306 0.02427927 0.0 0.0 1.0 1.0 1.0 0.0 0.25 
0.0 3.0 0.0524361530026488 0.109485626 0.04 0.05 0.957575757575757 0.984848484848484 0.971212121 114.74 0.52 
1.0 6.0 0.265831318884742 0.132915659 0.0 0.0 1.0 1.0 1.0 0.0 0.0 
0.0 53.0 0.0842013440645039 0.053207906 0.0 0.0 1.0 1.0 1.0 0.01 0.0 
1.0 6.0 0.698586178962421 0.666977167 -0.01 0.05 1.0 0.994366197183098 0.997183099 163.78 0.11 
0.0 221.0 0.0896596069085538 0.060977423 0.0 0.0 1.0 1.0 1.0 0.02 0.0 
1.0 7.0 0.0 0.0 0.0 0.0 1.0 1.0 1.0 0.0 0.0 
0.0 169.0 0.021489805529056 0.083049632 0.0 0.0 1.0 0.990445859872611 0.99522293 0.04 0.01 
1.0 6.0 0.355757474132766 0.177878737 0.0 0.0 1.0 1.0 1.0 0.0 0.0 
0.0 81.0 0.0924265213022947 0.06010244 0.0 0.0 1.0 1.0 1.0 0.01 0.0 
1.0 7.0 0.0869702138539891 0.148803883 0.0 0.0 1.0 1.0 1.0 0.27 0.03 
0.0 207.0 0.0277783581726275 0.013889179 0.0 0.0 1.0 0.987068965517241 0.993534483 0.01 0.0 
1.0 4.0 0.70684738255321 0.353423691 0.01 0.02 0.996845425867507 0.996845425867507 0.996845426 317.0 0.05 
0.0 109.0 0.308372704296377 0.163570487 0.0 0.0 1.0 0.991913746630727 0.995956873 0.28 0.03 
1.0 6.0 0.0226619610938116 0.069831387 0.0 0.0 1.0 1.0 1.0 0.02 0.0 
0.0 134.0 0.0197345316184079 0.104378983 0.14 0.2 0.894329896907216 0.914948453608247 0.904639175 265.42 1.55 
1.0 5.0 0.814553554940188 0.416595987 -0.01 0.0 1.0 0.997311827956989 0.998655914 2.5 0.05 
0.0 102.0 0.699834449646165 0.349917225 -0.01 0.0 0.966542750929368 0.99628252788104 0.981412639 0.33 0.03 
1.0 5.0 0.185392676130014 0.759785768 -0.01 0.01 1.0 1.0 1.0 8.85 0.09 
0.0 91.0 0.0210341526104483 0.010517076 0.0 0.0 1.0 1.0 1.0 0.0 0.0 
1.0 3.0 0.874442075537194 0.793296859 0.04 0.12 1.0 1.0 1.0 100.76 0.9 
0.0 133.0 0.0 0.0 0.0 0.0 1.0 0.99236641221374 0.996183206 0.0 0.0 
1.0 6.0 0.0524950451998158 0.252056871 0.02 0.02 1.0 1.0 1.0 27.4 0.26 
0.0 72.0 0.0887596340897758 0.459838266 0.03 0.05 1.0 1.0 1.0 120.68 0.36 
1.0 1.0 0.613812903874723 0.333598467 0.02 0.03 0.996865203761755 0.996865203761755 0.996865204 328.35 0.24 
0.0 4.0 0.625253046682726 0.32436447 0.0 0.0 1.0 1.0 1.0 0.2 0.02 
1.0 3.0 0.0406130892105974 0.020306545 0.0 0.0 1.0 1.0 1.0 0.0 0.0 
0.0 959.0 0.0 0.0 0.0 0.0 1.0 0.978873239436619 0.98943662 0.0 0.0 
1.0 5.0 0.039827557911359 0.019913779 0.0 0.0 1.0 1.0 1.0 0.0 0.0 
0.0 32.0 0.265831318884742 0.132915659 0.0 0.0 1.0 1.0 1.0 0.0 0.0 
1.0 2.0 0.578598858769541 0.523698225 0.0 0.07 0.997422680412371 0.997422680412371 0.99742268 415.09 0.62 
0.0 192.0 0.0533840302767845 0.136811551 0.0 0.0 1.0 1.0 1.0 0.1 0.02 
1.0 7.0 0.244139586266446 0.226050972 0.03 0.04 1.0 1.0 1.0 74.43 0.47 
0.0 361.0 0.0 0.0 0.0 0.0 1.0 1.0 1.0 0.0 0.0 
1.0 3.0 0.0 0.0 0.04 0.04 0.993311036789297 0.993311036789297 0.993311037 299.0 0.4 
0.0 47.0 0.0533041793821901 0.085152496 0.01 0.01 1.0 0.996610169491525 0.998305085 69.47 0.14 
1.0 2.0 0.0 0.0 0.0 0.0 1.0 1.0 1.0 0.0 0.0 
0.0 73.0 0.181292378441966 0.090646189 0.0 0.0 1.0 1.0 1.0 0.0 0.0 
1.0 5.0 0.610844790689611 0.922731482 0.04 0.32 0.958563535911602 0.975138121546961 0.966850829 983.03 0.45 
0.0 34.0 0.296510265599824 0.210135208 -0.01 0.0 1.0 0.993006993006993 0.996503497 0.79 0.08 
1.0 6.0 0.604811716417282 0.529411654 0.2 0.29 1.0 0.97452229299363 0.987261146 206.28 1.76 
0.0 1.0 0.191898140493131 0.09594907 0.0 0.0 1.0 1.0 1.0 0.0 0.0 
1.0 6.0 0.0863128372055108 0.131712012 0.0 0.0 1.0 1.0 1.0 0.21 0.02 
0.0 9.0 0.0 0.0 0.0 0.0 1.0 1.0 1.0 0.0 0.0 
1.0 3.0 0.0 0.0 0.0 0.0 1.0 1.0 1.0 0.0 0.0 
0.0 8.0 0.0600239093195218 0.051496673 0.0 0.0 1.0 1.0 1.0 0.02 0.0 
1.0 6.0 0.571341741057937 0.305863498 0.24 0.48 0.836619718309859 0.836619718309859 0.836619718 710.0 1.66 
0.0 5.0 0.0416737059285854 0.169091986 0.0 0.0 1.0 1.0 1.0 0.19 0.02 
1.0 4.0 0.710368202388891 0.485315949 0.08 0.15 0.980237154150197 0.980237154150197 0.980237154 278.93 0.68 
0.0 176.0 0.451330770166906 0.225665385 0.0 0.0 1.0 1.0 1.0 0.0 0.0 
1.0 3.0 0.0868001863622652 0.043400093 0.0 0.0 1.0 1.0 1.0 0.0 0.0 
0.0 64.0 0.0 0.0 0.0 0.0 1.0 1.0 1.0 0.0 0.0 
1.0 2.0 0.0214316941424852 0.09669534 0.04 0.04 0.993690851735015 0.993690851735015 0.993690852 317.04 0.25 
0.0 210.0 0.0277783581726275 0.013889179 0.0 0.0 1.0 1.0 1.0 0.0 0.0 
1.0 5.0 0.666045722146777 0.401098106 0.2 0.32 0.909793814432989 0.909793814432989 0.909793814 777.3 0.95 
0.0 8.0 0.734955557406933 0.567576643 0.11 0.3 0.871134020618556 0.886597938144329 0.878865979 326.14 0.68 
1.0 0.0 0.0399377637358022 0.039937764 0.0 0.0 1.0 1.0 1.0 0.0 0.39 
0.0 163.0 0.0836497046105892 0.041824852 0.0 0.0 1.0 0.994565217391304 0.997282609 0.0 0.0 
1.0 2.0 0.318848354510056 0.159424177 0.0 0.0 1.0 1.0 1.0 0.0 0.0 
0.0 10.0 0.16059576479143 0.59490388 0.0 0.05 0.978142076502732 0.997267759562841 0.987704918 50.26 0.03 
1.0 4.0 0.0248220402102694 0.01241102 0.0 0.0 1.0 1.0 1.0 0.0 0.0 
0.0 20.0 0.630250606498865 0.39437617 -0.01 0.02 1.0 0.997354497354497 0.998677249 77.0 0.08 
1.0 1.0 0.0 0.0 0.03 0.03 0.994845360824742 0.994845360824742 0.994845361 194.0 0.33 
0.0 158.0 0.206192050633231 0.103096025 0.0 0.0 0.978540772532188 0.995708154506437 0.987124464 0.08 0.01 
1.0 3.0 0.0 0.0 0.48 0.55 0.237918215613382 0.237918215613382 0.237918216 269.0 0.48 
0.0 76.0 0.0452494973011154 0.022624749 0.0 0.0 1.0 0.996138996138996 0.998069498 0.01 0.0 
1.0 7.0 0.0551370545603342 0.027568527 0.0 0.0 1.0 1.0 1.0 0.0 0.0 
0.0 214.0 0.0456883890739836 0.022844195 0.0 0.0 1.0 1.0 1.0 0.0 0.0 
1.0 7.0 0.175292382493856 0.154633229 0.0 0.0 1.0 1.0 1.0 0.22 0.03 
0.0 61.0 0.0 0.0 0.0 0.0 1.0 0.996794871794871 0.998397436 0.0 0.0 
1.0 7.0 0.0771830516089681 0.057895224 0.04 0.04 1.0 1.0 1.0 712.0 0.33 
0.0 307.0 0.1991955645715 0.194109499 -0.05 0.03 0.90721649484536 0.914948453608247 0.911082474 160.36 0.14 
1.0 7.0 0.494444078994312 0.391594544 0.02 0.04 1.0 1.0 1.0 75.71 0.23 
0.0 369.0 0.890561650446367 0.811320436 -0.1 0.13 0.896907216494845 0.943298969072164 0.920103093 231.29 0.55 
1.0 1.0 0.0557409191195386 0.02787046 0.05 0.05 0.991379310344827 0.995689655172413 0.993534483 232.0 0.44 
0.0 98.0 0.862425975002266 0.431212988 0.0 0.03 1.0 0.969040247678018 0.984520124 18.23 0.33 
1.0 6.0 0.314903356359905 0.924469074 0.06 0.18 0.982954545454545 0.985795454545454 0.984375 479.22 0.29 
0.0 39.0 0.660963566576371 0.472569328 -0.05 0.01 0.993808049535603 0.996904024767801 0.995356037 3.65 0.02 
1.0 7.0 0.0392862289344921 0.030596237 0.0 0.0 1.0 1.0 1.0 0.01 0.0 
0.0 7.0 0.846900754646194 0.501890781 0.14 0.23 0.946875 0.946875 0.946875 332.11 0.61 
1.0 3.0 0.0620199882194553 0.059352268 0.0 0.0 1.0 1.0 1.0 0.02 0.0 
0.0 6.0 0.0660795713776966 0.155558711 0.0 0.0 1.0 1.0 1.0 0.16 0.02 
1.0 6.0 0.0 0.0 0.0 0.0 1.0 1.0 1.0 0.0 0.0 
0.0 233.0 0.118866691629 0.059433346 0.0 0.0 1.0 1.0 1.0 0.0 0.0 
1.0 2.0 0.0731281173561998 0.095476481 0.01 0.01 1.0 1.0 1.0 40.18 0.17 
0.0 2.0 0.450929247751232 0.758802766 -0.03 0.08 1.0 1.0 1.0 188.71 0.04 
1.0 1.0 0.0 0.0 0.03 0.03 0.995708154506437 0.995708154506437 0.995708155 233.0 0.29 
0.0 122.0 0.241074666879092 0.120537333 0.0 0.0 1.0 1.0 1.0 0.0 0.0 
1.0 1.0 0.564863992019785 0.436406779 0.05 0.1 0.987179487179487 0.987179487179487 0.987179487 338.94 0.28 
0.0 17.0 0.017741822561726 0.062192959 0.0 0.0 1.0 0.997455470737913 0.998727735 0.02 0.0 
1.0 7.0 0.874227138616876 0.46680801 -0.01 0.02 0.990654205607476 0.996884735202492 0.99376947 109.52 0.02 
0.0 49.0 0.119492939892984 0.05974647 0.0 0.0 1.0 1.0 1.0 0.0 0.0 
1.0 3.0 0.994849321286294 0.515114822 -0.01 0.01 1.0 0.997134670487106 0.998567335 4.46 0.01 
0.0 109.0 0.716878876245362 0.60660651 -0.05 0.06 1.0 0.97682119205298 0.988410596 24.1 0.51 
1.0 1.0 0.773614721470839 1.055033063 0.12 0.4 0.922459893048128 0.927807486631016 0.92513369 892.34 0.3 
0.0 2.0 0.102725617970787 0.051362809 0.0 0.0 1.0 1.0 1.0 0.0 0.0 
1.0 7.0 1.27828831097091 1.176659693 0.23 0.71 1.0 1.0 1.0 620.95 0.15 
0.0 72.0 0.0 0.0 0.0 0.0 1.0 0.996865203761755 0.998432602 0.0 0.0 
1.0 3.0 0.0 0.0 0.0 0.0 1.0 1.0 1.0 0.0 0.0 
0.0 112.0 0.838227258499489 0.711903162 0.01 0.11 0.90721649484536 0.994845360824742 0.951030928 182.91 0.58 
1.0 6.0 0.0754569134062313 0.037728457 0.03 0.03 0.995215311004784 0.995215311004784 0.995215311 209.0 0.26 
0.0 234.0 0.0449619309192444 0.022480965 -0.03 0.01 0.237918215613382 0.970260223048327 0.604089219 3.71 0.07 
