1.0 5.0 0.0 0.0 0.0 0.0 1.0 1.0 1.0 0.0 0.0 
0.0 119.0 0.719329808252669 0.359664904 0.0 0.0 1.0 1.0 1.0 0.0 0.0 
1.0 1.0 0.883504949470676 0.661498906 0.0 0.09 1.0 1.0 1.0 71.79 0.29 
0.0 37.0 0.0555380567855558 0.041658207 0.0 0.0 1.0 1.0 1.0 0.01 0.0 
1.0 6.0 0.87927246018794 0.43963623 0.0 0.0 1.0 1.0 1.0 0.0 0.0 
0.0 54.0 0.139904778149245 0.124313239 0.01 0.01 0.9921875 0.997395833333333 0.994791667 127.59 0.06 
1.0 1.0 0.0 0.0 0.0 0.0 1.0 1.0 1.0 0.0 0.0 
0.0 10.0 0.831372799847455 0.55256571 -0.03 0.02 1.0 1.0 1.0 9.03 0.2 
1.0 3.0 0.489516673518453 0.255275413 0.01 0.02 1.0 0.378881987577639 0.689440994 322.0 0.02 
0.0 18.0 0.345658709023978 0.172829355 0.0 0.0 1.0 1.0 1.0 0.0 0.0 
1.0 3.0 0.0676554102686104 0.047420493 0.0 0.0 1.0 1.0 1.0 0.01 0.0 
0.0 14.0 0.0277783581726275 0.541703691 0.01 0.02 1.0 1.0 1.0 76.66 0.06 
1.0 3.0 0.101475461577786 0.050737731 0.02 0.03 0.996138996138996 0.996138996138996 0.996138996 259.0 0.2 
0.0 195.0 0.041294906134971 0.038729746 0.0 0.0 0.961988304093567 0.991228070175438 0.976608187 0.23 0.03 
1.0 2.0 0.0206520864796601 0.08332303 0.0 0.0 1.0 1.0 1.0 0.03 0.0 
0.0 6.0 0.312056741818455 0.291639185 0.03 0.05 1.0 1.0 1.0 92.81 0.49 
1.0 7.0 0.0252259849379112 0.012612992 0.0 0.0 1.0 1.0 1.0 0.0 0.0 
0.0 11.0 0.0612323647247525 0.145313587 0.16 0.27 0.784256559766763 0.862973760932944 0.82361516 212.36 1.94 
1.0 1.0 0.264879734006728 0.132439867 0.0 0.0 1.0 1.0 1.0 0.0 0.0 
0.0 52.0 1.15017009093265 0.6321953 0.0 0.02 1.0 0.981249999999999 0.990625 10.49 0.11 
1.0 6.0 0.742709694902273 0.40160978 0.03 0.07 0.990445859872611 0.990445859872611 0.99044586 331.13 0.35 
0.0 140.0 0.65548853629439 0.327744268 0.0 0.0 1.0 0.663043478260869 0.831521739 0.0 0.0 
1.0 4.0 0.0719894857357552 0.051925781 0.2 0.26 0.927170868347338 0.929971988795518 0.928571429 699.24 1.77 
0.0 348.0 0.585579064670683 0.876499987 -0.05 0.11 0.891752577319587 0.994845360824742 0.943298969 165.45 0.17 
1.0 5.0 0.0416737059285854 0.169091986 0.0 0.0 1.0 1.0 1.0 0.19 0.02 
0.0 9.0 0.02427927049306 0.012139635 0.0 0.0 1.0 1.0 1.0 0.0 0.0 
1.0 4.0 0.0436808180468584 0.032793532 0.26 0.29 0.921921921921921 0.924924924924924 0.923423423 666.0 2.15 
0.0 329.0 0.0 0.0 0.0 0.0 1.0 1.0 1.0 0.0 0.0 
1.0 0.0 0.021906245315443 0.021906245 -0.03 0.0 0.921921921921921 0.921921921921921 0.921921922 0.0 2.51 
0.0 255.0 0.1991955645715 0.108566488 0.0 0.0 1.0 0.90721649484536 0.953608247 0.14 0.01 
1.0 6.0 0.358487542694941 0.233915795 0.01 0.03 0.997395833333333 0.997395833333333 0.997395833 410.59 0.12 
0.0 4.0 0.0900604750842984 0.069513666 0.05 0.05 1.0 0.994413407821229 0.997206704 165.66 0.56 
1.0 4.0 0.709823998265026 0.585705227 0.03 0.1 0.988636363636363 0.988636363636363 0.988636364 374.62 0.06 
0.0 124.0 0.22646919983721 0.1132346 0.0 0.0 1.0 1.0 1.0 0.0 0.0 
1.0 1.0 0.761160160014868 0.412357927 0.04 0.07 0.992277992277992 0.992277992277992 0.992277992 346.11 0.16 
0.0 190.0 0.0265274065792525 0.614412814 0.0 0.01 1.0 1.0 1.0 3.24 0.05 
1.0 2.0 0.580080450801157 0.318643656 0.05 0.09 0.986784140969163 0.986784140969163 0.986784141 250.29 0.52 
0.0 201.0 0.189023433691842 0.672099034 -0.11 0.06 0.914948453608247 0.963917525773195 0.93943299 85.28 0.27 
1.0 2.0 0.0736871448813177 0.0611079 0.0 0.0 1.0 1.0 1.0 0.04 0.01 
0.0 10.0 0.0247429107127183 0.080588335 0.0 0.0 1.0 0.616541353383458 0.808270677 0.68 0.04 
1.0 3.0 0.689205203318527 1.046730127 -0.07 0.09 1.0 1.0 1.0 95.87 0.11 
0.0 85.0 0.0426229687350899 0.083040854 0.0 0.01 0.60062893081761 0.996855345911949 0.798742138 2.91 0.02 
1.0 7.0 0.078308356836447 0.751165694 0.36 0.43 0.845070422535211 0.859154929577464 0.852112676 570.95 0.68 
0.0 157.0 0.0414328681373426 0.020716434 0.0 0.0 1.0 1.0 1.0 0.0 0.0 
1.0 0.0 0.330862899159724 0.330862899 -0.01 0.0 0.989090909090909 0.989090909090909 0.989090909 0.0 2.19 
0.0 121.0 0.216685864377608 0.119058779 0.0 0.0 0.977917981072555 0.993690851735015 0.985804416 0.19 0.02 
1.0 5.0 0.692781905987647 0.356611132 -0.01 0.0 1.0 1.0 1.0 1.06 0.0 
0.0 716.0 0.282048213176155 0.154568811 0.02 0.02 0.787499999999999 0.995833333333333 0.891666667 79.67 0.07 
1.0 3.0 0.0 0.0 0.04 0.04 0.993311036789297 0.993311036789297 0.993311037 299.0 0.4 
0.0 38.0 0.0649157045465794 0.204027521 0.0 0.0 1.0 1.0 1.0 0.37 0.04 
1.0 6.0 0.0376557446286782 0.029317195 0.0 0.0 1.0 1.0 1.0 0.01 0.0 
0.0 5.0 0.0600239093195218 0.040756857 0.0 0.0 1.0 1.0 1.0 0.01 0.0 
1.0 7.0 0.0 0.0 0.0 0.0 1.0 0.984210526315789 0.992105263 0.0 0.0 
0.0 265.0 0.0857109375213726 0.583455998 0.02 0.03 1.0 0.880813953488372 0.940406977 88.22 0.15 
1.0 4.0 0.710658978106077 0.366045336 0.02 0.02 1.0 0.993690851735015 0.996845426 159.35 0.04 
0.0 49.0 0.94254457835384 0.86941007 0.23 0.66 0.988636363636363 0.988636363636363 0.988636364 678.12 0.21 
1.0 4.0 0.0 0.0 0.35 0.5 0.797872340425531 0.797872340425531 0.79787234 282.0 3.11 
0.0 77.0 0.0649157045465794 0.244942792 0.0 0.01 1.0 1.0 1.0 6.6 0.09 
1.0 0.0 0.0 0.0 0.0 0.0 1.0 1.0 1.0 0.0 0.0 
0.0 177.0 0.0429694362376849 0.021484718 0.0 0.0 1.0 1.0 1.0 0.0 0.0 
1.0 1.0 0.026899250494481 0.124019217 0.03 0.03 1.0 1.0 1.0 241.0 0.2 
0.0 22.0 0.0456883890739836 0.045688389 0.0 0.0 1.0 1.0 1.0 0.01 0.0 
1.0 1.0 1.23477523246694 1.23207922 0.06 0.34 0.969788519637462 0.972809667673716 0.971299094 530.48 0.35 
0.0 99.0 1.37490869492626 0.741815198 0.0 0.03 0.997395833333333 0.997395833333333 0.997395833 131.47 0.0 
1.0 4.0 0.0842013440645039 0.073110666 0.25 0.29 0.929230769230769 0.929230769230769 0.929230769 811.96 1.78 
0.0 176.0 0.354051139344926 0.17702557 0.0 0.0 1.0 0.985074626865671 0.992537313 0.0 0.0 
1.0 3.0 0.87681682268112 0.438408411 0.02 0.03 0.995918367346938 0.995918367346938 0.995918367 245.0 0.07 
0.0 1.0 0.990463026172509 1.267126739 0.0 0.39 0.989795918367346 0.989795918367346 0.989795918 724.3 0.1 
1.0 5.0 0.386445555263882 0.193222778 0.03 0.04 0.993846153846153 0.993846153846153 0.993846154 325.0 0.19 
0.0 118.0 0.28808902035702 0.154478795 0.0 0.0 1.0 0.932307692307692 0.966153846 0.14 0.02 
1.0 3.0 0.0696126878610854 0.377791906 0.06 0.07 0.99074074074074 0.993827160493827 0.992283951 617.06 0.24 
0.0 134.0 0.921585716572883 0.525534835 -0.05 0.02 1.0 0.921875 0.9609375 6.23 0.22 
1.0 4.0 0.0934334173253586 0.378045699 0.21 0.44 1.0 0.773291925465838 0.886645963 283.67 1.89 
0.0 79.0 0.0181782999069074 0.076177476 0.0 0.0 1.0 0.976439790575916 0.988219895 0.05 0.01 
1.0 5.0 0.0 0.0 0.0 0.0 1.0 1.0 1.0 0.0 0.0 
0.0 401.0 0.720242086623066 0.878734613 -0.09 0.1 0.84020618556701 0.909793814432989 0.875 92.24 0.39 
1.0 4.0 0.0 0.0 0.0 0.0 1.0 1.0 1.0 0.0 0.0 
0.0 229.0 0.099623389466162 0.049811695 0.0 0.0 1.0 0.910216718266253 0.955108359 0.0 0.0 
1.0 3.0 0.218527966099352 0.109263983 -0.01 0.03 0.838028169014084 0.957746478873239 0.897887324 23.58 0.48 
0.0 274.0 0.0742339486233062 0.037116974 0.0 0.0 1.0 1.0 1.0 0.0 0.0 
1.0 4.0 0.0800824403230776 0.04004122 0.0 0.0 1.0 1.0 1.0 0.0 0.0 
0.0 102.0 0.311735854536451 0.296578625 -0.01 0.01 1.0 0.988130563798219 0.994065282 2.55 0.2 
1.0 6.0 0.663969904184248 0.331984952 0.0 0.0 1.0 1.0 1.0 0.0 0.0 
0.0 30.0 0.0547547716962164 0.048862104 0.0 0.0 1.0 1.0 1.0 0.01 0.0 
1.0 0.0 0.0690585676413284 0.069058568 0.0 0.0 1.0 1.0 1.0 0.0 0.58 
0.0 53.0 0.0 0.0 0.0 0.0 1.0 0.996794871794871 0.998397436 0.0 0.0 
1.0 5.0 0.0 0.0 0.0 0.0 1.0 1.0 1.0 0.0 0.0 
0.0 148.0 0.0 0.0 0.0 0.0 1.0 1.0 1.0 0.0 0.0 
1.0 7.0 0.0895780266675439 0.25302088 0.0 0.0 1.0 1.0 1.0 0.87 0.07 
0.0 53.0 0.87740625145043 0.814839213 0.12 0.42 1.0 1.0 1.0 245.07 0.59 
1.0 2.0 0.73799737083685 0.379714532 0.03 0.03 0.993690851735015 0.996845425867507 0.995268139 263.58 0.09 
0.0 355.0 0.608819744380155 0.888120327 0.0 0.13 0.891752577319587 0.989690721649484 0.940721649 146.88 0.04 
1.0 5.0 0.814553554940188 0.416595987 -0.01 0.0 1.0 0.997311827956989 0.998655914 2.5 0.05 
0.0 71.0 0.0844969049232089 0.57976399 0.0 0.02 1.0 0.997354497354497 0.998677249 99.34 0.01 
1.0 3.0 0.20139440317369 0.192001141 0.02 0.03 1.0 0.993975903614457 0.996987952 358.66 0.16 
0.0 4.0 0.300006577152955 0.22963586 0.48 0.55 0.820422535211267 0.82394366197183 0.822183099 907.85 2.4 
1.0 2.0 0.869409850419958 0.953013172 -0.01 0.32 0.994269340974212 0.994269340974212 0.994269341 521.26 0.13 
0.0 208.0 0.039460734195219 0.019730367 0.0 0.0 1.0 0.994269340974212 0.99713467 0.0 0.0 
1.0 5.0 0.972890737843999 0.70164088 0.0 0.04 1.0 1.0 1.0 73.04 0.16 
0.0 31.0 0.184072874532057 0.626568255 0.03 0.06 0.996996996996996 0.996996996996996 0.996996997 116.23 0.21 
1.0 2.0 0.191126049679829 0.729641902 -0.01 0.06 0.993333333333333 0.993333333333333 0.993333333 311.9 0.05 
0.0 222.0 0.0654283491913432 0.601059766 0.0 0.0 1.0 1.0 1.0 0.63 0.04 
1.0 7.0 0.0 0.0 0.0 0.0 1.0 1.0 1.0 0.0 0.0 
0.0 29.0 0.0246643208124894 0.01233216 0.0 0.0 1.0 1.0 1.0 0.0 0.0 
1.0 1.0 0.0 0.0 0.0 0.0 1.0 1.0 1.0 0.0 0.0 
0.0 3.0 0.132022998428635 0.127661718 0.13 0.15 0.961538461538461 0.987179487179487 0.974358974 287.97 1.14 
1.0 4.0 0.831696082680391 0.426477723 0.01 0.02 0.996865203761755 0.996865203761755 0.996865204 320.14 0.07 
0.0 7.0 0.478025413547332 0.239012707 0.0 0.0 0.996960486322188 0.996960486322188 0.996960486 0.19 0.02 
1.0 3.0 0.0741708587858657 0.046856598 0.03 0.04 0.99715909090909 0.99715909090909 0.997159091 527.5 0.31 
0.0 267.0 0.807200669368473 0.531315328 -0.06 0.01 1.0 0.992957746478873 0.996478873 5.58 0.11 
1.0 7.0 0.706487332732957 0.58713621 -0.02 0.08 0.997134670487106 0.997134670487106 0.99713467 394.04 0.01 
0.0 40.0 0.0413206420085713 0.020660321 0.0 0.0 1.0 1.0 1.0 0.0 0.0 
1.0 2.0 0.0436808180468584 0.043680818 0.0 0.0 1.0 1.0 1.0 0.01 0.0 
0.0 334.0 0.615613450001113 0.540538996 -0.03 0.01 1.0 0.993527508090614 0.996763754 6.79 0.0 
1.0 0.0 0.631299900908491 0.631299901 -0.1 0.0 1.0 1.0 1.0 0.0 2.56 
0.0 38.0 0.681728782484079 1.071902008 0.0 0.2 0.963302752293577 0.987767584097859 0.975535168 209.99 0.45 
1.0 5.0 0.0350433959664759 0.10934127 0.05 0.06 0.985994397759103 0.985994397759103 0.985994398 270.14 0.47 
0.0 87.0 0.460391620286963 0.245550866 0.0 0.0 0.996677740863787 0.996677740863787 0.996677741 0.3 0.03 
1.0 3.0 0.680889987266653 1.048196858 0.01 0.19 1.0 1.0 1.0 108.23 0.16 
0.0 306.0 0.285807549285982 1.148024489 0.04 0.14 0.760309278350515 0.997422680412371 0.878865979 287.08 0.09 
1.0 2.0 0.034795202268166 0.611291202 0.03 0.04 0.994397759103641 0.994397759103641 0.994397759 363.73 0.12 
0.0 19.0 0.0415529100534006 0.130029348 0.0 0.0 1.0 0.996515679442508 0.99825784 0.12 0.02 
1.0 0.0 0.173568953521754 0.173568954 0.0 0.0 1.0 1.0 1.0 0.0 1.7 
0.0 51.0 0.577354049143257 0.31536904 0.0 0.0 1.0 1.0 1.0 0.72 0.06 
1.0 4.0 0.710658978106077 0.366045336 0.02 0.02 1.0 0.993690851735015 0.996845426 159.35 0.04 
0.0 40.0 0.0405602919446984 0.020280146 0.0 0.0 0.979591836734693 0.988338192419825 0.983965015 0.11 0.01 
1.0 4.0 0.053661721482253 0.140488699 0.03 0.04 0.993710691823899 0.993710691823899 0.993710692 318.19 0.19 
0.0 138.0 0.608819744380155 0.864698828 -0.04 0.09 1.0 0.989690721649484 0.994845361 85.3 0.24 
1.0 1.0 0.0356324585337657 0.035632459 0.04 0.04 0.99238578680203 0.99238578680203 0.992385787 394.01 0.42 
0.0 18.0 0.0618485037323463 0.044052094 0.0 0.0 1.0 1.0 1.0 0.01 0.0 
1.0 5.0 0.0 0.0 0.0 0.0 1.0 1.0 1.0 0.0 0.0 
0.0 67.0 0.963419204301387 1.359100935 0.17 0.57 0.988636363636363 0.994318181818181 0.991477273 419.07 0.57 
1.0 2.0 0.0618485037323465 0.030924252 0.0 0.0 1.0 1.0 1.0 0.0 0.0 
0.0 7.0 0.948524432921163 1.007600358 0.15 0.45 1.0 0.991452991452991 0.995726496 370.22 1.79 
1.0 7.0 0.0461365951180433 0.023068298 0.0 0.0 1.0 1.0 1.0 0.0 0.0 
0.0 131.0 0.0 0.0 0.0 0.0 1.0 0.878787878787878 0.939393939 0.0 0.0 
1.0 6.0 0.0352109907044965 0.030976483 0.0 0.0 1.0 1.0 1.0 0.01 0.0 
0.0 288.0 0.0603177511895181 0.229631518 -0.01 0.0 0.982078853046595 0.989247311827956 0.985663082 0.92 0.09 
1.0 5.0 0.0550072650933864 0.204818894 0.03 0.03 1.0 1.0 1.0 471.81 0.18 
0.0 341.0 0.48927992427504 0.30454039 -0.02 0.02 1.0 0.684782608695652 0.842391304 30.22 0.05 
1.0 4.0 0.0 0.0 0.0 0.0 1.0 1.0 1.0 0.0 0.0 
0.0 151.0 0.174578022784615 0.144937039 0.0 0.0 1.0 1.0 1.0 0.32 0.04 
1.0 3.0 0.0933195573779641 0.059031234 0.11 0.12 0.974358974358974 0.974358974358974 0.974358974 273.02 0.85 
0.0 1.0 0.102278454262749 0.051139227 0.0 0.0 1.0 1.0 1.0 0.0 0.0 
1.0 0.0 0.0772428370814577 0.077242837 -0.03 0.0 0.927051671732522 0.927051671732522 0.927051672 0.0 1.99 
0.0 87.0 0.498165535626351 0.367285311 -0.02 0.01 1.0 0.996815286624203 0.998407643 6.53 0.2 
1.0 3.0 0.604811716417282 0.313150761 0.0 0.01 1.0 0.97452229299363 0.987261146 3.84 0.07 
0.0 314.0 0.608819744380155 1.309530586 0.03 0.22 0.760309278350515 0.989690721649484 0.875 396.7 0.11 
1.0 4.0 0.0618481957470582 0.042000139 0.09 0.1 0.980582524271844 0.980582524271844 0.980582524 309.01 0.89 
0.0 51.0 0.0277783581726275 0.027778358 0.0 0.0 1.0 1.0 1.0 0.0 0.0 
1.0 6.0 0.761553150571371 0.380776575 0.0 0.0 1.0 1.0 1.0 0.0 0.0 
0.0 114.0 0.0572068608923342 0.02860343 0.0 0.0 1.0 0.986784140969163 0.99339207 0.0 0.0 
1.0 7.0 0.846039359308129 0.761957918 0.0 0.15 0.959183673469387 0.983673469387755 0.971428571 257.96 0.23 
0.0 46.0 0.0416737059285854 0.192406522 0.0 0.0 1.0 1.0 1.0 0.24 0.03 
1.0 6.0 0.0 0.0 0.0 0.0 1.0 1.0 1.0 0.0 0.0 
0.0 193.0 0.364348592082322 0.88992616 -0.01 0.06 1.0 1.0 1.0 40.13 0.28 
1.0 3.0 0.0646970605935975 0.050129652 0.12 0.12 0.97286012526096 0.97286012526096 0.972860125 479.02 0.94 
0.0 149.0 0.517165350026592 0.258582675 0.0 0.0 1.0 0.994845360824742 0.99742268 0.0 0.0 
1.0 0.0 0.0768057415533642 0.076805742 0.0 0.0 0.997368421052631 0.997368421052631 0.997368421 0.0 0.69 
0.0 27.0 0.041402186659916 0.031027137 0.0 0.0 1.0 0.996960486322188 0.998480243 0.01 0.0 
1.0 7.0 0.764887109287822 0.4505188 0.14 0.31 0.90721649484536 0.909793814432989 0.908505155 390.83 1.02 
0.0 221.0 0.720242086623066 0.914666697 -0.13 0.11 0.909793814432989 0.956185567010309 0.932989691 87.39 0.35 
1.0 5.0 0.0900703892013119 0.272782437 0.0 0.0 1.0 1.0 1.0 1.04 0.08 
0.0 85.0 0.0386572159431509 0.030102736 0.0 0.0 1.0 1.0 1.0 0.01 0.0 
1.0 4.0 0.572790721532204 0.869115564 -0.06 0.1 0.988603988603988 0.991452991452991 0.99002849 325.23 0.15 
0.0 402.0 0.156880806471445 0.078440403 0.0 0.0 1.0 0.946875 0.9734375 0.0 0.0 
1.0 1.0 0.0457871748209377 0.710347935 0.01 0.03 0.997395833333333 0.997395833333333 0.997395833 397.59 0.02 
0.0 30.0 0.214826445200605 0.83845084 -0.01 0.08 0.963302752293577 0.987767584097859 0.975535168 132.71 0.07 
1.0 1.0 0.091634859723266 0.101934904 0.0 0.0 1.0 1.0 1.0 0.08 0.02 
0.0 2.0 0.0898033804732823 0.098788846 0.05 0.14 0.889589905362776 0.940063091482649 0.914826498 153.38 1.23 
1.0 2.0 0.0367617398647108 0.100386952 0.03 0.04 0.997354497354497 0.997354497354497 0.997354497 756.03 0.23 
0.0 63.0 0.698096144817782 1.050954515 0.07 0.29 1.0 1.0 1.0 512.51 0.82 
1.0 0.0 0.887495787832807 0.887495788 -0.2 0.0 0.994652406417112 0.994652406417112 0.994652406 0.0 2.28 
0.0 213.0 0.904611110601021 0.537375034 -0.06 0.01 1.0 0.91640866873065 0.958204334 6.89 0.34 
1.0 7.0 0.881843094172472 0.996401401 0.18 0.34 1.0 1.0 1.0 315.43 1.06 
0.0 58.0 0.091674928961302 0.199632818 0.0 0.0 1.0 1.0 1.0 0.4 0.05 
1.0 5.0 1.318938551287 1.181547293 0.13 0.54 1.0 1.0 1.0 483.61 0.04 
0.0 17.0 0.0 0.0 0.0 0.0 1.0 1.0 1.0 0.0 0.0 
1.0 5.0 0.0980391132797319 0.049019557 0.0 0.0 1.0 1.0 1.0 0.0 0.0 
0.0 332.0 0.608819744380155 0.333999164 -0.04 0.02 0.894329896907216 0.989690721649484 0.942010309 135.38 0.14 
1.0 3.0 0.155634101835094 0.661527506 0.21 0.36 0.891752577319587 0.894329896907216 0.893041237 540.13 0.58 
0.0 180.0 0.021489805529056 0.010744903 0.0 0.0 1.0 0.990445859872611 0.99522293 0.01 0.0 
1.0 3.0 0.705975401931455 0.560412974 0.21 0.39 0.855029585798816 0.923076923076923 0.889053254 1027.75 1.93 
0.0 53.0 0.0649157045465794 0.244942792 0.01 0.01 1.0 1.0 1.0 15.06 0.09 
1.0 0.0 0.14709604680912 0.147096047 -0.01 0.0 0.991935483870967 0.991935483870967 0.991935484 0.0 1.15 
0.0 21.0 0.663900484476424 0.331950242 0.0 0.0 1.0 1.0 1.0 0.0 0.0 
1.0 5.0 0.0832846732333399 0.041642337 0.0 0.0 1.0 1.0 1.0 0.0 0.0 
0.0 10.0 0.0266735207925976 0.023107929 0.0 0.0 1.0 1.0 1.0 0.0 0.0 
1.0 3.0 0.232474906645448 0.116237453 0.0 0.0 1.0 1.0 1.0 0.0 0.0 
0.0 58.0 0.585579064670683 0.962383049 0.01 0.16 1.0 0.994845360824742 0.99742268 233.1 0.44 
1.0 5.0 0.0398883573493911 0.120270129 0.0 0.02 1.0 1.0 1.0 171.14 0.21 
0.0 70.0 0.12081409501537 0.060407048 0.0 0.0 1.0 1.0 1.0 0.0 0.0 
1.0 3.0 0.12923343913194 0.128979463 0.13 0.15 0.969613259668508 0.969613259668508 0.96961326 542.6 0.97 
0.0 108.0 0.0433219971907989 0.040989607 0.01 0.01 1.0 0.993610223642172 0.996805112 77.25 0.17 
1.0 5.0 0.0277783581726275 0.013889179 0.0 0.0 1.0 1.0 1.0 0.0 0.0 
0.0 5.0 0.0262556850879242 0.013127843 0.0 0.0 1.0 1.0 1.0 0.0 0.0 
1.0 3.0 0.0709248051865031 0.104265611 0.11 0.13 0.985422740524781 0.985422740524781 0.985422741 686.02 0.9 
0.0 154.0 0.0233359043466066 0.110285047 0.0 0.0 1.0 0.996503496503496 0.998251748 0.1 0.01 
1.0 4.0 0.907374955335904 1.104125259 0.01 0.29 0.985465116279069 0.985465116279069 0.985465116 513.98 0.96 
0.0 17.0 0.0693153717009414 0.050666766 0.0 0.02 0.844827586206896 0.995689655172413 0.920258621 11.62 0.32 
