1.0 0.0 0.631299900908491 0.631299901 -0.1 0.0 1.0 1.0 1.0 0.0 2.56 
0.0 153.0 0.0408716724134533 0.092912027 0.0 0.0 1.0 0.996996996996996 0.998498498 0.07 0.01 
1.0 3.0 0.0697628876274181 0.298512327 -0.01 0.0 1.0 1.0 1.0 0.86 0.07 
0.0 11.0 0.422615274913311 0.231795941 0.0 0.0 1.0 1.0 1.0 0.24 0.03 
1.0 1.0 0.256970524112975 0.21375019 0.0 0.0 1.0 1.0 1.0 0.63 0.07 
0.0 233.0 0.355631253599752 0.177815627 0.0 0.0 1.0 1.0 1.0 0.0 0.0 
1.0 6.0 0.0582288937368788 0.119908208 0.0 0.0 1.0 1.0 1.0 0.09 0.01 
0.0 222.0 0.769499878113342 0.722003104 0.03 0.14 1.0 0.985250737463126 0.992625369 444.9 0.02 
1.0 5.0 0.830237670572683 0.450582974 0.0 0.0 1.0 1.0 1.0 1.34 0.07 
0.0 9.0 0.0440460714620383 0.022023036 0.0 0.0 1.0 1.0 1.0 0.0 0.0 
1.0 7.0 0.0553960351055113 0.055396035 0.0 0.0 1.0 1.0 1.0 0.03 0.01 
0.0 116.0 0.655847649454573 0.588441586 0.02 0.14 1.0 0.964912280701754 0.98245614 138.01 0.98 
1.0 4.0 0.162718831578242 0.081359416 0.0 0.0 1.0 1.0 1.0 0.0 0.0 
0.0 3.0 0.0721777615461715 0.164406058 0.0 0.0 1.0 1.0 1.0 0.25 0.03 
1.0 2.0 0.237377798339679 0.118688899 0.0 0.0 1.0 1.0 1.0 0.0 0.0 
0.0 19.0 0.1731597557551 0.086579878 0.11 0.13 0.971786833855799 0.971786833855799 0.971786834 319.0 0.92 
1.0 3.0 0.0246643208124894 0.01233216 0.0 0.0 1.0 1.0 1.0 0.0 0.0 
0.0 455.0 0.1991955645715 0.695734378 -0.16 0.09 0.894329896907216 0.90721649484536 0.900773196 104.82 0.66 
1.0 4.0 0.0445379124397734 0.078033754 0.1 0.14 0.959999999999999 0.963636363636363 0.961818182 249.1 1.31 
0.0 197.0 0.0 0.0 0.0 0.0 1.0 1.0 1.0 0.0 0.0 
1.0 0.0 0.0600239093195218 0.060023909 0.0 0.0 1.0 1.0 1.0 0.0 0.53 
0.0 65.0 0.874227138616876 0.437113569 0.0 0.0 1.0 0.996884735202492 0.998442368 0.0 0.0 
1.0 4.0 0.0285821223591092 0.014291061 0.0 0.0 1.0 0.996932515337423 0.998466258 0.0 0.0 
0.0 92.0 0.0697628876274181 0.098414729 -0.02 0.0 1.0 0.744755244755244 0.872377622 1.14 0.09 
1.0 7.0 0.0486918268375366 0.038636975 0.0 0.0 1.0 0.996932515337423 0.998466258 0.01 0.0 
0.0 22.0 0.0985397007342185 0.339310076 0.0 0.01 1.0 0.986784140969163 0.99339207 24.37 0.04 
1.0 4.0 0.0 0.0 0.0 0.0 1.0 1.0 1.0 0.0 0.0 
0.0 63.0 0.134258729623652 0.067129365 -0.04 0.01 0.581761006289308 0.955974842767295 0.768867925 4.97 0.21 
1.0 7.0 0.0403852550270539 0.020192628 0.04 0.04 0.993311036789297 0.993311036789297 0.993311037 299.0 0.36 
0.0 38.0 0.0 0.0 0.0 0.0 0.992592592592592 0.996296296296296 0.994444444 0.01 0.0 
1.0 6.0 0.0364344158699368 0.018217208 0.02 0.02 0.997032640949554 0.997032640949554 0.997032641 337.0 0.18 
0.0 6.0 0.660973230691551 0.330486615 0.0 0.0 1.0 1.0 1.0 0.0 0.0 
1.0 2.0 0.13204071076721 0.119907512 0.3 0.41 0.883280757097791 0.889589905362776 0.886435331 941.32 2.28 
0.0 34.0 0.0385150107326569 0.613151106 0.0 0.01 1.0 0.994397759103641 0.99719888 7.26 0.06 
1.0 2.0 0.749601204475194 0.394482566 0.03 0.05 0.997134670487106 0.997134670487106 0.99713467 719.0 0.18 
0.0 18.0 0.0863062523442876 0.109588146 0.24 0.31 0.90721649484536 0.90721649484536 0.907216495 388.16 1.77 
1.0 4.0 0.0814830923424272 0.443628016 -0.02 0.02 1.0 0.990536277602523 0.995268139 10.03 0.16 
0.0 87.0 0.0482443033497079 0.036112346 0.0 0.0 1.0 0.992753623188405 0.996376812 0.01 0.0 
1.0 7.0 0.0 0.0 0.05 0.05 0.991111111111111 0.991111111111111 0.991111111 225.0 0.49 
0.0 124.0 0.720242086623066 0.389710335 0.16 0.25 0.894329896907216 0.909793814432989 0.902061856 316.02 1.09 
1.0 6.0 0.0226619610938116 0.069831387 0.0 0.0 1.0 1.0 1.0 0.02 0.0 
0.0 95.0 0.854838752212137 0.965747248 -0.1 0.11 1.0 1.0 1.0 73.35 0.03 
1.0 7.0 0.874227138616876 0.46680801 -0.01 0.02 0.990654205607476 0.996884735202492 0.99376947 109.52 0.02 
0.0 78.0 0.0708978862864638 0.723290021 0.0 0.02 1.0 0.974063400576368 0.9870317 29.92 0.05 
1.0 2.0 0.0707561028420881 0.065253658 0.0 0.0 1.0 1.0 1.0 0.02 0.0 
0.0 127.0 0.308607375001017 0.154303688 0.0 0.0 1.0 0.992277992277992 0.996138996 0.0 0.0 
1.0 3.0 0.152518515876511 0.616953006 0.01 0.05 0.989071038251366 0.997267759562841 0.993169399 513.24 0.05 
0.0 179.0 0.581869819672327 0.29093491 0.0 0.0 1.0 0.996774193548387 0.998387097 0.0 0.0 
1.0 6.0 0.37714652697009 0.188573263 0.31 0.64 0.663043478260869 0.663043478260869 0.663043478 184.0 2.76 
0.0 203.0 0.0 0.0 0.0 0.0 1.0 0.900928792569659 0.950464396 0.0 0.0 
1.0 2.0 0.0 0.0 0.0 0.0 1.0 1.0 1.0 0.0 0.0 
0.0 98.0 1.30511164817586 0.652555824 -0.04 0.03 0.971204188481675 0.992146596858638 0.981675393 24.02 0.06 
1.0 1.0 0.0 0.0 0.0 0.0 1.0 1.0 1.0 0.0 0.0 
0.0 9.0 0.0392676281005356 0.029404983 0.0 0.0 1.0 0.994301994301994 0.997150997 0.01 0.0 
1.0 1.0 0.21849725860896 0.109248629 0.0 0.0 1.0 1.0 1.0 0.0 0.0 
0.0 435.0 1.19354686623768 1.181199792 -0.19 0.2 0.889175257731958 0.899484536082474 0.894329897 161.51 0.44 
1.0 4.0 0.0949241594483574 0.070249629 0.0 0.0 1.0 1.0 1.0 0.03 0.01 
0.0 9.0 0.0245087373084949 0.012254369 0.0 0.0 1.0 1.0 1.0 0.0 0.0 
1.0 2.0 0.649253610790155 0.342709098 0.04 0.05 0.991228070175438 0.991228070175438 0.99122807 342.84 0.13 
0.0 275.0 0.0 0.0 0.0 0.0 1.0 1.0 1.0 0.0 0.0 
1.0 2.0 0.0367617398647108 0.100386952 0.03 0.04 0.997354497354497 0.997354497354497 0.997354497 756.03 0.23 
0.0 15.0 0.601189142476233 0.300594571 0.0 0.0 1.0 1.0 1.0 0.0 0.0 
1.0 7.0 0.706730046697426 0.429921358 0.0 0.0 1.0 1.0 1.0 1.36 0.09 
0.0 168.0 0.0649157045465794 0.204027521 0.0 0.0 1.0 1.0 1.0 0.37 0.04 
1.0 1.0 0.969307462895498 1.320008617 0.27 0.78 0.97953216374269 0.97953216374269 0.979532164 1422.21 1.34 
0.0 283.0 0.0559453810900975 0.027972691 0.0 0.0 1.0 0.991379310344827 0.995689655 0.0 0.0 
1.0 2.0 0.0620199882194553 0.175054504 0.21 0.26 0.929230769230769 0.932307692307692 0.930769231 626.32 1.54 
0.0 44.0 0.0243552454938662 0.112715165 0.0 0.0 1.0 1.0 1.0 0.04 0.01 
1.0 4.0 0.0 0.0 0.0 0.0 1.0 1.0 1.0 0.0 0.0 
0.0 160.0 0.117193836260767 0.058596918 0.0 0.0 1.0 1.0 1.0 0.0 0.0 
1.0 7.0 0.230620583898675 0.115310292 0.0 0.0 1.0 1.0 1.0 0.0 0.0 
0.0 114.0 0.87927246018794 0.459270044 0.0 0.0 1.0 1.0 1.0 1.0 0.04 
1.0 2.0 0.921285516425012 0.520543186 0.0 0.01 1.0 1.0 1.0 3.01 0.19 
0.0 90.0 0.0904388751185517 0.077667549 0.02 0.02 1.0 0.994011976047904 0.997005988 26.66 0.25 
1.0 3.0 0.604811716417282 0.313150761 0.0 0.01 1.0 0.97452229299363 0.987261146 3.84 0.07 
0.0 317.0 0.252551178148966 0.225873371 -0.04 0.08 0.90721649484536 0.909793814432989 0.908505155 419.29 0.01 
1.0 2.0 0.131474622303741 0.122334366 0.31 0.43 0.89090909090909 0.893939393939393 0.892424242 1650.0 2.28 
0.0 21.0 0.465464541352562 0.232732271 0.0 0.0 1.0 1.0 1.0 0.0 0.0 
1.0 3.0 0.373884329108389 0.186942165 0.02 0.02 0.996774193548387 0.996774193548387 0.996774194 310.0 0.13 
0.0 177.0 0.0608385728247732 0.268921488 0.0 0.0 0.996774193548387 0.996774193548387 0.996774194 0.5 0.05 
1.0 7.0 0.0 0.0 0.0 0.0 1.0 1.0 1.0 0.0 0.0 
0.0 456.0 0.099623389466162 0.061308513 -0.11 0.0 0.897832817337461 0.910216718266253 0.904024768 1.95 0.13 
1.0 4.0 0.0 0.0 0.0 0.0 1.0 1.0 1.0 0.0 0.0 
0.0 44.0 0.455257987380865 0.227628994 0.0 0.0 1.0 1.0 1.0 0.0 0.0 
1.0 7.0 0.187889279516572 0.613465394 0.0 0.02 1.0 1.0 1.0 31.66 0.16 
0.0 30.0 0.0277783581726275 0.013889179 0.0 0.0 1.0 1.0 1.0 0.0 0.0 
1.0 4.0 0.221753094779465 0.110876547 0.18 0.22 0.940944881889763 0.940944881889763 0.940944882 254.0 1.66 
0.0 35.0 0.0437453591646179 0.104903141 0.41 0.67 0.537234042553191 0.539893617021276 0.53856383 372.07 1.97 
1.0 3.0 0.768633173701 0.480241622 0.05 0.12 0.988130563798219 0.988130563798219 0.988130564 542.22 0.14 
0.0 344.0 0.0376557446286782 0.018827872 0.0 0.0 1.0 0.981424148606811 0.990712074 0.04 0.01 
1.0 5.0 0.779478842749047 0.389739421 0.0 0.0 1.0 1.0 1.0 0.0 0.0 
0.0 251.0 0.0898033804732823 0.070784693 -0.03 0.0 0.940063091482649 0.958990536277602 0.949526814 2.4 0.09 
1.0 2.0 1.98196373032307 1.933017262 0.17 0.81 0.990853658536585 0.990853658536585 0.990853659 1029.39 0.13 
0.0 14.0 0.039460734195219 0.039412331 0.03 0.04 0.994269340974212 0.997134670487106 0.995702006 523.0 0.31 
1.0 3.0 0.0814830923424272 0.658129162 0.08 0.15 0.948640483383685 0.969788519637462 0.959214502 283.92 0.51 
0.0 52.0 0.0419175889863189 0.032661632 0.0 0.0 1.0 1.0 1.0 0.01 0.0 
1.0 6.0 0.314903356359905 0.924469074 0.06 0.18 0.982954545454545 0.985795454545454 0.984375 479.22 0.29 
0.0 73.0 0.0754017467854704 0.037700873 0.0 0.0 0.955974842767295 0.987421383647798 0.971698113 6.23 0.08 
1.0 4.0 0.551878325578596 0.341784941 0.05 0.06 1.0 1.0 1.0 57.34 0.65 
0.0 5.0 0.255521028872102 0.642166601 0.02 0.04 1.0 1.0 1.0 39.79 0.01 
1.0 4.0 0.0262556850879242 0.013127843 0.0 0.0 1.0 1.0 1.0 0.0 0.0 
0.0 39.0 0.021489805529056 0.010744903 0.0 0.0 1.0 1.0 1.0 0.0 0.0 
1.0 1.0 0.396843947977921 0.35307573 0.12 0.16 1.0 1.0 1.0 165.17 1.63 
0.0 41.0 0.858581850498729 1.186703985 -0.02 0.23 1.0 0.997126436781609 0.998563218 344.77 0.44 
1.0 1.0 0.033762029511268 0.080548547 0.03 0.03 1.0 1.0 1.0 184.0 0.27 
0.0 47.0 0.632300415328356 0.416040866 0.05 0.16 1.0 0.47769028871391 0.738845144 98.13 0.88 
1.0 2.0 0.642067283321906 0.321033642 0.0 0.0 1.0 0.991836734693877 0.995918367 0.0 0.0 
0.0 14.0 0.0 0.0 0.0 0.0 1.0 0.994845360824742 0.99742268 0.0 0.0 
1.0 1.0 0.0 0.0 0.0 0.0 1.0 1.0 1.0 0.0 0.0 
0.0 308.0 0.0 0.0 0.0 0.0 1.0 0.987068965517241 0.993534483 0.0 0.0 
1.0 2.0 0.0898033804732823 0.098788846 0.05 0.14 0.889589905362776 0.940063091482649 0.914826498 153.38 1.23 
0.0 4.0 0.711252800266253 0.637598181 0.0 0.07 1.0 1.0 1.0 63.41 0.5 
1.0 7.0 0.305431896321273 0.232348519 0.52 0.59 0.82394366197183 0.845070422535211 0.834507042 1346.16 2.78 
0.0 48.0 0.0771462314252572 0.13719021 0.0 0.0 1.0 1.0 1.0 0.14 0.02 
1.0 2.0 0.423801806997561 0.822531246 -0.02 0.13 0.993569131832797 0.993569131832797 0.993569132 377.28 0.04 
0.0 25.0 0.929154431708091 0.768987088 0.0 0.16 0.935567010309278 0.989690721649484 0.962628866 450.61 0.08 
1.0 7.0 0.019542337228798 0.529291923 0.0 0.0 1.0 1.0 1.0 0.57 0.03 
0.0 257.0 0.0737168167558234 0.112648945 -0.02 0.01 0.914675767918088 0.986348122866894 0.950511945 5.37 0.01 
1.0 1.0 0.0804993914724776 0.060385881 0.03 0.04 0.993333333333333 0.993333333333333 0.993333333 300.03 0.31 
0.0 120.0 0.0199308201239254 0.00996541 0.0 0.0 1.0 0.997093023255813 0.998546512 0.0 0.0 
1.0 6.0 0.0 0.0 0.0 0.0 1.0 1.0 1.0 0.0 0.0 
0.0 186.0 0.0863161118658433 0.063755565 0.01 0.02 0.966666666666666 0.993333333333333 0.98 58.51 0.23 
1.0 6.0 0.99789140595333 0.542256533 0.04 0.12 0.976588628762541 0.976588628762541 0.976588629 305.31 0.31 
0.0 211.0 0.0 0.0 0.0 0.0 0.984567901234567 0.996913580246913 0.990740741 0.02 0.0 
1.0 5.0 0.440063122201629 0.409272682 0.02 0.04 1.0 0.996969696969696 0.998484848 352.12 0.22 
0.0 83.0 0.0 0.0 0.0 0.0 1.0 0.992957746478873 0.996478873 0.0 0.0 
1.0 1.0 0.0353803230759327 0.017690162 0.0 0.0 1.0 1.0 1.0 0.0 0.0 
0.0 72.0 0.0429694362376849 0.141100239 0.0 0.0 1.0 1.0 1.0 0.1 0.01 
1.0 6.0 0.0 0.0 0.0 0.0 1.0 1.0 1.0 0.0 0.0 
0.0 103.0 0.0 0.0 0.0 0.0 1.0 0.994845360824742 0.99742268 0.0 0.0 
1.0 1.0 1.50502423700924 1.463298237 0.03 0.28 1.0 1.0 1.0 249.94 0.17 
0.0 254.0 0.740636982546526 0.725944891 0.04 0.12 1.0 1.0 1.0 319.97 0.76 
1.0 1.0 0.761160160014868 0.412357927 0.04 0.07 0.992277992277992 0.992277992277992 0.992277992 346.11 0.16 
0.0 408.0 0.171924045593234 0.640826919 -0.06 0.02 0.981249999999999 0.990624999999999 0.9859375 9.44 0.28 
1.0 2.0 0.0 0.0 0.09 0.1 0.979057591623036 0.979057591623036 0.979057592 191.0 0.83 
0.0 256.0 0.0 0.0 0.0 0.0 1.0 0.925925925925925 0.962962963 0.0 0.0 
1.0 3.0 0.0287409193078362 0.024859783 0.0 0.0 1.0 1.0 1.0 0.0 0.0 
0.0 44.0 0.71566540623662 0.386174977 0.0 0.0 1.0 0.980132450331125 0.990066225 1.46 0.03 
1.0 5.0 0.0519638107663966 0.025981905 0.0 0.0 1.0 1.0 1.0 0.0 0.0 
0.0 138.0 0.358254112152233 0.189871959 0.0 0.0 1.0 1.0 1.0 0.1 0.01 
1.0 6.0 0.117475622962003 0.058737811 0.0 0.0 1.0 1.0 1.0 0.0 0.0 
0.0 378.0 0.0591785835882164 1.009344381 -0.16 0.06 0.894329896907216 0.945876288659793 0.920103093 86.06 0.01 
1.0 3.0 0.0201313384327796 0.010065669 0.0 0.0 1.0 1.0 1.0 0.0 0.0 
0.0 29.0 0.0379502642774718 0.037851816 0.0 0.0 1.0 0.993788819875776 0.99689441 0.01 0.0 
1.0 5.0 0.84749234873978 0.799275518 0.0 0.24 1.0 1.0 1.0 163.32 0.01 
0.0 125.0 0.314651240234804 0.949153618 -0.04 0.12 0.915119363395225 0.9973474801061 0.956233422 143.79 0.14 
1.0 6.0 0.0 0.0 0.0 0.0 1.0 1.0 1.0 0.0 0.0 
0.0 232.0 0.0668573928469679 0.092862042 0.06 0.07 1.0 1.0 1.0 157.02 0.62 
1.0 5.0 0.924363198267638 0.579042097 0.09 0.14 0.977987421383647 0.987421383647798 0.982704403 438.88 0.54 
0.0 12.0 0.712042783029343 0.385610683 0.14 0.31 0.894329896907216 0.899484536082474 0.896907216 372.51 1.19 
1.0 5.0 0.0411950173244082 0.020597509 0.0 0.0 1.0 0.966666666666666 0.983333333 0.0 0.0 
0.0 65.0 0.038968982908286 0.030142729 0.0 0.0 1.0 0.977917981072555 0.988958991 0.03 0.01 
1.0 2.0 0.323535568963029 0.276552566 -0.01 0.0 1.0 1.0 1.0 1.3 0.11 
0.0 340.0 0.438313741280604 0.219156871 0.0 0.0 1.0 1.0 1.0 0.0 0.0 
1.0 3.0 0.0741708587858657 0.046856598 0.03 0.04 0.99715909090909 0.99715909090909 0.997159091 527.5 0.31 
0.0 18.0 0.308607375001017 0.234413469 0.02 0.05 0.992277992277992 0.992277992277992 0.992277992 259.55 0.16 
1.0 7.0 0.0604982941023021 0.535509667 0.0 0.01 1.0 1.0 1.0 4.67 0.16 
0.0 40.0 0.635968934636941 0.397049679 0.0 0.02 1.0 0.996815286624203 0.998407643 12.01 0.18 
1.0 5.0 0.0866216601957414 0.123546447 0.1 0.11 0.976588628762541 0.976588628762541 0.976588629 299.2 0.67 
0.0 412.0 0.846900754646194 0.500706778 -0.03 0.02 1.0 0.946875 0.9734375 7.71 0.12 
1.0 1.0 0.758550205750609 0.446041303 0.0 0.02 0.996874999999999 0.996874999999999 0.996875 321.63 0.01 
0.0 411.0 0.829958229134821 0.492796165 -0.12 0.03 0.894329896907216 0.943298969072164 0.918814433 15.48 0.14 
1.0 3.0 0.0445433928425128 0.022271696 0.02 0.02 0.996688741721854 0.996688741721854 0.996688742 302.0 0.2 
0.0 62.0 0.944554978617535 0.785844564 -0.02 0.09 0.985454545454545 0.992727272727272 0.989090909 84.67 0.19 
1.0 7.0 0.20337265843033 0.825750514 -0.01 0.04 1.0 0.997319034852546 0.998659517 45.22 0.02 
0.0 5.0 0.0 0.0 0.0 0.0 1.0 1.0 1.0 0.0 0.0 
1.0 4.0 0.438214872969555 0.229514434 0.16 0.18 0.961651917404129 0.961651917404129 0.961651917 678.0 0.83 
0.0 234.0 0.387548903664323 0.193774452 0.0 0.0 1.0 1.0 1.0 0.0 0.0 
1.0 6.0 0.0865030875935369 0.080950733 0.15 0.18 0.935309973045822 0.946091644204851 0.940700809 305.75 1.33 
0.0 1.0 0.288211390110029 0.154821542 0.03 0.04 0.993690851735015 0.996845425867507 0.995268139 317.06 0.23 
1.0 6.0 0.0364188753405764 0.03133728 0.0 0.0 1.0 1.0 1.0 0.0 0.0 
0.0 62.0 0.702812174120952 0.351406087 0.0 0.0 1.0 0.997050147492625 0.998525074 0.56 0.02 
1.0 1.0 0.0 0.0 0.04 0.04 0.992957746478873 0.992957746478873 0.992957746 142.0 0.41 
0.0 153.0 0.315085211272825 0.157542606 0.0 0.0 1.0 0.959044368600682 0.979522184 0.0 0.0 
1.0 1.0 0.610104539176405 0.362659606 0.0 0.0 1.0 1.0 1.0 1.61 0.03 
0.0 27.0 0.902230540632502 0.468512871 -0.04 0.01 0.516574585635359 0.980662983425414 0.748618785 4.66 0.05 
1.0 5.0 0.0 0.0 0.0 0.0 1.0 1.0 1.0 0.0 0.0 
0.0 86.0 0.757078891007547 0.398515706 0.0 0.01 1.0 0.985380116959064 0.992690058 3.36 0.06 
1.0 6.0 0.0754017467854704 0.154561371 0.11 0.12 0.977987421383647 0.987421383647798 0.982704403 453.41 0.81 
0.0 168.0 0.0985399837482738 0.101580704 -0.02 0.01 0.559870550161812 0.996763754045307 0.778317152 6.27 0.02 
1.0 0.0 0.0414328681373426 0.041432868 0.0 0.0 1.0 1.0 1.0 0.0 0.4 
0.0 35.0 0.352719956882814 0.176359978 0.0 0.0 1.0 0.996688741721854 0.998344371 0.12 0.02 
1.0 5.0 0.681672749448601 0.422348189 0.06 0.14 0.974063400576368 0.974063400576368 0.974063401 359.69 0.59 
0.0 128.0 0.984873556522693 0.522448733 -0.01 0.01 1.0 0.996815286624203 0.998407643 5.53 0.04 
1.0 2.0 0.56619542798145 0.47873964 0.25 0.62 0.867507886435331 0.867507886435331 0.867507886 701.14 2.78 
0.0 169.0 0.0527032349254074 0.088641112 0.0 0.0 1.0 0.913312693498452 0.956656347 0.38 0.04 
1.0 2.0 0.0819167052116718 0.570928654 0.0 0.02 1.0 1.0 1.0 44.04 0.02 
0.0 198.0 0.212508864880071 0.192956395 -0.02 0.01 0.90721649484536 0.997422680412371 0.952319588 22.01 0.01 
1.0 4.0 0.267374131346363 0.736910385 0.02 0.07 1.0 1.0 1.0 351.26 0.03 
0.0 206.0 0.703466545671197 0.377753764 0.0 0.01 1.0 0.978658536585365 0.989329268 2.46 0.03 
1.0 3.0 0.0212593629087996 0.021259363 0.04 0.04 0.996865203761755 0.996865203761755 0.996865204 638.0 0.38 
0.0 39.0 0.0280853074773292 0.014042654 0.0 0.0 0.987068965517241 0.995689655172413 0.99137931 0.02 0.0 
1.0 7.0 0.478025413547332 0.239012707 0.0 0.0 0.996960486322188 0.996960486322188 0.996960486 0.19 0.02 
0.0 302.0 0.838227258499489 1.175932861 -0.16 0.16 0.90721649484536 0.914948453608247 0.911082474 212.86 0.07 
1.0 4.0 0.857913377448543 0.438319074 0.04 0.05 0.991913746630727 0.994609164420485 0.993261456 371.0 0.15 
0.0 149.0 0.808627497424305 0.958859402 0.13 0.46 0.956185567010309 0.997422680412371 0.976804124 371.81 1.83 
1.0 2.0 0.0411950173244082 0.032094327 0.0 0.0 1.0 1.0 1.0 0.01 0.0 
0.0 132.0 0.0557409191195386 0.02787046 0.0 0.0 1.0 0.995689655172413 0.997844828 0.0 0.0 
1.0 2.0 0.0773036079807894 0.038651804 0.0 0.0 1.0 1.0 1.0 0.0 0.0 
0.0 13.0 0.0904388751185517 0.045219438 0.03 0.03 0.988023952095808 0.994011976047904 0.991017964 83.01 0.25 
