1.0 5.0 0.0204403588084492 0.020440359 0.0 0.0 1.0 1.0 1.0 0.0 0.0 
0.0 106.0 0.240038828967687 0.130735262 -0.01 0.0 0.883280757097791 0.993690851735015 0.938485804 0.58 0.05 
1.0 5.0 0.990016688534748 0.580537146 0.0 0.02 1.0 0.94535519125683 0.972677596 49.55 0.11 
0.0 12.0 0.0262556850879242 0.013127843 0.0 0.0 1.0 1.0 1.0 0.0 0.0 
1.0 2.0 0.0217855061668038 0.010892753 0.0 0.0 1.0 1.0 1.0 0.0 0.0 
0.0 110.0 0.740005090693393 0.370002545 0.0 0.0 1.0 1.0 1.0 0.0 0.0 
1.0 5.0 0.0693153717009414 0.034657686 0.0 0.0 1.0 1.0 1.0 0.0 0.0 
0.0 46.0 0.312056741818455 0.156028371 0.0 0.0 1.0 1.0 1.0 0.0 0.0 
1.0 0.0 0.0214316941424852 0.021431694 0.0 0.0 0.993690851735015 0.993690851735015 0.993690852 0.0 0.5 
0.0 110.0 0.0959114171323825 0.297500752 0.0 0.02 1.0 0.992277992277992 0.996138996 29.96 0.28 
1.0 7.0 0.078308356836447 0.751165694 0.36 0.43 0.845070422535211 0.859154929577464 0.852112676 570.95 0.68 
0.0 5.0 0.0737168167558234 0.036858408 0.0 0.01 0.914675767918088 0.996587030716723 0.955631399 10.76 0.13 
1.0 3.0 0.955491897288429 0.562673766 0.01 0.07 0.989795918367346 0.994897959183673 0.992346939 333.53 0.08 
0.0 271.0 0.944729522285407 0.538385117 -0.15 0.03 0.883280757097791 0.914826498422712 0.899053628 17.96 0.06 
1.0 2.0 0.225093120467056 0.11254656 0.0 0.0 1.0 1.0 1.0 0.0 0.0 
0.0 325.0 0.369205600782166 0.284200583 -0.02 0.09 0.90721649484536 0.909793814432989 0.908505155 168.05 0.21 
1.0 3.0 0.0748929709006422 0.089466118 0.0 0.0 1.0 0.991428571428571 0.995714286 0.12 0.02 
0.0 30.0 0.063656672390851 0.031828336 0.0 0.0 1.0 1.0 1.0 0.0 0.0 
1.0 0.0 0.0414328681373426 0.041432868 0.0 0.0 1.0 1.0 1.0 0.0 0.4 
0.0 139.0 0.607103801952931 0.822165471 0.01 0.17 0.84020618556701 0.943298969072164 0.891752577 173.49 0.36 
1.0 6.0 0.0194949129943501 0.019494913 0.0 0.0 1.0 1.0 1.0 0.0 0.0 
0.0 126.0 0.080994082333335 0.110098525 0.07 0.12 0.954198473282442 0.969465648854961 0.961832061 177.09 1.09 
1.0 5.0 0.0 0.0 0.0 0.0 1.0 1.0 1.0 0.0 0.0 
0.0 95.0 0.0902707701242661 0.199789141 -0.06 0.01 1.0 0.891025641025641 0.945512821 4.43 0.25 
1.0 6.0 0.660973230691551 0.330486615 0.0 0.0 1.0 1.0 1.0 0.0 0.0 
0.0 19.0 0.0857109375213726 0.042855469 0.0 0.0 1.0 1.0 1.0 0.0 0.0 
1.0 0.0 0.39128385161505 0.391283852 -0.34 0.0 0.867507886435331 0.867507886435331 0.867507886 0.0 2.67 
0.0 126.0 0.0470805145998515 0.023540257 0.0 0.0 1.0 1.0 1.0 0.0 0.0 
1.0 5.0 0.158908938558321 0.079454469 0.0 0.0 1.0 1.0 1.0 0.0 0.0 
0.0 82.0 0.0426229687350899 0.138171982 0.0 0.0 0.977987421383647 0.996855345911949 0.987421384 0.24 0.03 
1.0 6.0 0.923569233939572 0.526503426 0.04 0.1 0.743859649122806 0.943859649122807 0.843859649 61.97 0.38 
0.0 199.0 0.0 0.0 0.0 0.0 1.0 0.900928792569659 0.950464396 0.0 0.0 
1.0 5.0 0.172184517131063 0.160884095 0.0 0.0 1.0 0.996987951807228 0.998493976 0.33 0.04 
0.0 195.0 0.693108022714661 0.671180817 0.07 0.24 0.991228070175438 0.991228070175438 0.99122807 137.49 0.37 
1.0 7.0 0.494444078994312 0.391594544 0.02 0.04 1.0 1.0 1.0 75.71 0.23 
0.0 28.0 0.779657777840341 0.553956758 0.02 0.08 1.0 1.0 1.0 38.73 0.02 
1.0 4.0 0.0456883890739836 0.045688389 0.0 0.0 1.0 1.0 1.0 0.01 0.0 
0.0 339.0 0.929154431708091 1.46969793 -0.13 0.4 0.760309278350515 0.935567010309278 0.847938144 430.39 0.25 
1.0 5.0 0.0660783761156329 0.033039188 0.0 0.0 1.0 1.0 1.0 0.0 0.0 
0.0 102.0 0.719329808252669 0.384010818 -0.01 0.0 1.0 1.0 1.0 0.45 0.04 
1.0 3.0 0.240038828967687 0.173906571 0.28 0.4 0.883280757097791 0.889589905362776 0.886435331 639.77 2.22 
0.0 300.0 0.0497396448289763 0.134425957 0.0 0.0 0.995689655172413 0.995689655172413 0.995689655 0.18 0.03 
1.0 6.0 0.0612323647247525 0.030616182 0.0 0.0 1.0 1.0 1.0 0.0 0.0 
0.0 33.0 0.0277783581726275 0.013889179 0.0 0.0 1.0 1.0 1.0 0.0 0.0 
1.0 3.0 0.0714501160839219 0.773412905 -0.01 0.01 1.0 1.0 1.0 3.7 0.1 
0.0 170.0 0.0 0.0 -0.01 0.0 0.885964912280701 0.985380116959064 0.935672515 0.65 0.06 
1.0 7.0 0.0889360779877459 0.10442277 0.0 0.0 1.0 1.0 1.0 0.11 0.01 
0.0 221.0 0.090011247902983 0.045005624 0.0 0.0 1.0 0.98170731707317 0.990853659 0.0 0.0 
1.0 2.0 0.0882701884630966 0.044135094 0.0 0.0 1.0 1.0 1.0 0.0 0.0 
0.0 63.0 0.042058630469852 0.021029315 0.04 0.05 0.98170731707317 0.984756097560975 0.983231707 172.77 0.59 
1.0 3.0 0.129990395955361 0.064995198 0.0 0.0 1.0 1.0 1.0 0.0 0.0 
0.0 84.0 0.0262556850879242 0.013127843 0.0 0.0 1.0 1.0 1.0 0.0 0.0 
1.0 7.0 0.65504188375415 0.984066337 0.14 0.56 0.930513595166163 0.933534743202416 0.932024169 708.66 0.79 
0.0 20.0 0.0697628876274181 0.096761519 0.0 0.0 1.0 0.993006993006993 0.996503497 0.09 0.01 
1.0 0.0 0.0 0.0 0.0 0.0 1.0 1.0 1.0 0.0 0.0 
0.0 27.0 0.12345873845015 0.121199904 0.0 0.03 1.0 0.60062893081761 0.800314465 70.78 0.26 
1.0 2.0 0.0 0.0 0.0 0.0 1.0 1.0 1.0 0.0 0.0 
0.0 235.0 0.046939257774748 0.044428423 0.0 0.0 1.0 0.996478873239436 0.998239437 0.02 0.0 
1.0 6.0 0.0914736159053586 0.056366489 0.0 0.0 1.0 1.0 1.0 0.02 0.0 
0.0 202.0 0.454011591519564 0.299310525 -0.02 0.01 1.0 0.990445859872611 0.99522293 2.16 0.14 
1.0 7.0 0.122075463660846 0.061037732 0.09 0.11 0.887218045112781 0.958646616541353 0.922932331 99.71 1.1 
0.0 22.0 0.307381763173198 0.164735916 0.0 0.0 1.0 1.0 1.0 0.1 0.01 
1.0 7.0 0.264573380246879 0.13228669 0.0 0.0 1.0 1.0 1.0 0.0 0.0 
0.0 88.0 0.428773302493095 0.280250662 -0.01 0.0 1.0 1.0 1.0 0.72 0.07 
1.0 2.0 0.909980258250622 0.454990129 0.01 0.04 0.993993993993994 0.996996996996996 0.995495495 333.0 0.12 
0.0 299.0 0.0265274065792525 0.013263703 0.0 0.0 1.0 1.0 1.0 0.0 0.0 
1.0 3.0 0.0 0.0 0.0 0.0 1.0 1.0 1.0 0.0 0.0 
0.0 146.0 0.0719789336351772 0.097467966 0.02 0.07 1.0 0.979999999999999 0.99 172.11 0.73 
1.0 6.0 0.572566128403681 0.840182933 0.03 0.23 0.924137931034482 0.948275862068965 0.936206897 264.13 0.19 
0.0 340.0 0.438313741280604 0.219156871 0.0 0.0 1.0 1.0 1.0 0.0 0.0 
1.0 2.0 0.131474622303741 0.122334366 0.31 0.43 0.89090909090909 0.893939393939393 0.892424242 1650.0 2.28 
0.0 6.0 0.0385544860430355 0.115226313 0.0 0.0 1.0 1.0 1.0 0.1 0.01 
1.0 6.0 0.114220509998658 0.057110255 0.0 0.0 1.0 1.0 1.0 0.0 0.0 
0.0 419.0 0.371244568009817 0.185622284 -0.12 0.01 0.900928792569659 0.913312693498452 0.907120743 6.33 0.02 
1.0 3.0 0.041294906134971 0.109203047 0.0 0.0 1.0 1.0 1.0 0.08 0.01 
0.0 104.0 0.436299438199227 0.218149719 -0.01 0.01 0.955497382198952 0.994764397905759 0.97513089 2.93 0.21 
1.0 2.0 0.282001703554971 0.141000852 0.0 0.0 1.0 1.0 1.0 0.0 0.0 
0.0 42.0 0.0547547716962164 0.038122289 0.0 0.0 1.0 1.0 1.0 0.01 0.0 
1.0 6.0 0.907374955335904 1.40280539 0.12 0.56 0.90406976744186 0.985465116279069 0.944767442 795.73 0.04 
0.0 53.0 0.735280589312631 0.379817917 -0.01 0.0 1.0 1.0 1.0 1.38 0.02 
1.0 3.0 0.0576228878985421 0.117260695 0.06 0.13 0.972677595628415 0.978142076502732 0.975409836 366.03 0.85 
0.0 111.0 0.517165350026592 0.258582675 0.0 0.0 1.0 0.994845360824742 0.99742268 0.0 0.0 
1.0 5.0 0.050935213239972 0.105577388 0.04 0.05 0.992277992277992 0.992277992277992 0.992277992 259.07 0.33 
0.0 63.0 0.0557409191195386 0.041759639 0.0 0.0 1.0 0.995689655172413 0.997844828 0.01 0.0 
1.0 5.0 0.0195900092016105 0.009795005 0.0 0.0 0.991501416430594 0.994334277620396 0.992917847 0.02 0.0 
0.0 209.0 0.245314927190565 0.122657464 0.0 0.0 1.0 0.900928792569659 0.950464396 0.0 0.0 
1.0 4.0 0.0 0.0 0.0 0.0 1.0 1.0 1.0 0.0 0.0 
0.0 262.0 0.0898033804732823 0.04490169 -0.03 0.0 0.940063091482649 0.962145110410094 0.951104101 0.27 0.01 
1.0 6.0 0.0806876948307314 0.684178319 0.02 0.07 0.984520123839009 0.987616099071207 0.986068111 262.26 0.09 
0.0 89.0 0.210312624703678 0.166678057 0.01 0.02 1.0 0.986013986013986 0.993006993 142.73 0.1 
1.0 2.0 0.805578043115937 0.574872082 0.12 0.23 0.949612403100775 0.949612403100775 0.949612403 301.89 0.59 
0.0 3.0 0.343139337552586 0.235102954 -0.02 0.02 1.0 0.744755244755244 0.872377622 10.15 0.53 
1.0 6.0 0.0593244878383097 0.292084382 0.03 0.06 0.994252873563218 0.994252873563218 0.994252874 696.34 0.19 
0.0 6.0 0.0868399065197451 0.101663026 0.02 0.02 1.0 1.0 1.0 143.68 0.14 
1.0 3.0 0.673272369552372 0.466894253 -0.01 0.02 1.0 1.0 1.0 12.85 0.01 
0.0 193.0 0.738518464852227 1.027482657 0.06 0.31 1.0 0.989417989417989 0.994708995 197.68 0.0 
1.0 4.0 0.308372704296377 0.163505561 0.0 0.0 1.0 1.0 1.0 0.07 0.01 
0.0 261.0 0.856546399635595 0.438989047 -0.02 0.01 1.0 0.993690851735015 0.996845426 5.18 0.08 
1.0 1.0 0.153071670710043 0.076535835 0.0 0.0 1.0 1.0 1.0 0.0 0.0 
0.0 34.0 0.0547547716962164 0.048862104 0.0 0.0 1.0 1.0 1.0 0.01 0.0 
1.0 5.0 0.130389858578722 0.115766452 0.0 0.0 1.0 0.996644295302013 0.998322148 0.14 0.02 
0.0 21.0 0.740510656554896 0.370255328 0.0 0.0 1.0 1.0 1.0 0.0 0.0 
1.0 3.0 0.0436808180468584 0.021840409 0.1 0.12 0.924924924924924 0.957957957957957 0.941441441 180.05 1.17 
0.0 68.0 0.0926723644610774 0.086377402 0.0 0.0 1.0 1.0 1.0 0.1 0.01 
1.0 0.0 0.542153334422595 0.542153334 -0.14 0.0 1.0 1.0 1.0 0.0 2.27 
0.0 101.0 0.0376557446286782 0.018827872 0.0 0.0 1.0 0.897832817337461 0.948916409 0.23 0.02 
1.0 1.0 0.806682219897062 0.967993596 0.0 0.21 1.0 1.0 1.0 374.06 0.81 
0.0 23.0 0.171856026877275 0.085928013 0.17 0.32 0.900928792569659 0.900928792569659 0.900928793 323.0 1.92 
1.0 3.0 0.0 0.0 0.0 0.0 1.0 1.0 1.0 0.0 0.0 
0.0 2.0 0.440063122201629 0.230357604 0.02 0.02 0.996969696969696 0.996969696969696 0.996969697 330.14 0.08 
1.0 2.0 0.0277783581726275 0.027778358 0.0 0.0 1.0 1.0 1.0 0.0 0.0 
0.0 740.0 0.275922579217591 0.13796129 0.0 0.0 1.0 1.0 1.0 0.0 0.0 
1.0 4.0 0.0 0.0 0.0 0.0 1.0 1.0 1.0 0.0 0.0 
0.0 15.0 0.0429694362376849 0.139687261 0.0 0.0 1.0 1.0 1.0 0.11 0.01 
1.0 2.0 0.0 0.0 0.0 0.0 1.0 1.0 1.0 0.0 0.0 
0.0 14.0 0.0810482611891956 0.051182368 0.0 0.0 1.0 0.996845425867507 0.998422713 0.02 0.0 
1.0 6.0 0.821797926639741 0.630930524 0.03 0.1 1.0 0.996969696969696 0.998484848 428.04 0.5 
0.0 194.0 0.831372799847455 0.571554327 -0.03 0.05 1.0 1.0 1.0 55.64 0.25 
1.0 4.0 1.74079535094623 1.444719191 0.23 0.67 0.932944606413994 0.950437317784256 0.941690962 960.03 0.44 
0.0 341.0 0.245037850129314 0.122518925 0.0 0.0 1.0 1.0 1.0 0.0 0.0 
1.0 6.0 0.0364344158699368 0.018217208 0.02 0.02 0.997032640949554 0.997032640949554 0.997032641 337.0 0.18 
0.0 155.0 0.197659137366133 0.634100814 -0.02 0.04 1.0 0.90721649484536 0.953608247 117.27 0.04 
1.0 0.0 0.0 0.0 0.0 0.0 1.0 1.0 1.0 0.0 0.0 
0.0 74.0 0.877425738443004 0.789832559 0.03 0.48 1.0 0.989090909090909 0.994545455 229.44 1.02 
1.0 5.0 0.668212651975778 0.361237468 0.15 0.2 0.949061662198391 0.949061662198391 0.949061662 374.22 0.65 
0.0 50.0 0.88290815124684 0.947128954 0.11 0.56 1.0 0.893129770992366 0.946564885 418.21 0.05 
1.0 3.0 0.235649142468084 0.641346659 -0.02 0.03 1.0 1.0 1.0 18.08 0.02 
0.0 13.0 0.45925416297954 0.229627081 -0.05 0.01 0.511278195488721 0.966165413533834 0.738721805 6.0 0.17 
1.0 2.0 0.853033146507135 0.458807291 0.02 0.03 0.997032640949554 0.997032640949554 0.997032641 342.62 0.11 
0.0 32.0 0.063656672390851 0.119746663 0.0 0.0 1.0 1.0 1.0 0.15 0.02 
1.0 5.0 0.642422021076254 0.321211011 0.0 0.0 1.0 1.0 1.0 0.0 0.0 
0.0 142.0 0.0943091106454055 0.066959107 0.0 0.0 0.962025316455696 0.996835443037974 0.97943038 0.33 0.04 
1.0 6.0 0.99789140595333 0.542256533 0.04 0.12 0.976588628762541 0.976588628762541 0.976588629 305.31 0.31 
0.0 195.0 0.680889987266653 0.424929539 -0.01 0.02 1.0 0.996874999999999 0.9984375 7.67 0.08 
1.0 6.0 0.0456883890739836 0.040543607 0.06 0.06 0.988416988416988 0.988416988416988 0.988416988 259.01 0.52 
0.0 70.0 0.185392676130014 0.179985349 0.0 0.0 1.0 1.0 1.0 0.6 0.06 
1.0 5.0 0.0 0.0 0.0 0.0 1.0 1.0 1.0 0.0 0.0 
0.0 46.0 0.252101780620975 0.137252846 0.0 0.0 1.0 0.762541806020066 0.881270903 0.37 0.03 
1.0 5.0 0.681672749448601 0.422348189 0.06 0.14 0.974063400576368 0.974063400576368 0.974063401 359.69 0.59 
0.0 115.0 0.0379704845178258 0.018985242 0.0 0.0 0.975806451612903 0.994623655913978 0.985215054 0.06 0.01 
1.0 4.0 0.300006577152955 0.22963586 0.48 0.55 0.820422535211267 0.82394366197183 0.822183099 907.85 2.4 
0.0 37.0 0.909980258250622 0.529960133 -0.01 0.06 0.996996996996996 0.996996996996996 0.996996997 480.75 0.14 
1.0 7.0 0.0817712794043339 0.04088564 0.04 0.05 0.992094861660079 0.992094861660079 0.992094862 253.0 0.37 
0.0 54.0 0.778860094821956 0.562259402 -0.02 0.04 1.0 1.0 1.0 36.11 0.19 
1.0 0.0 0.0 0.0 0.0 0.0 1.0 1.0 1.0 0.0 0.0 
0.0 139.0 0.0429694362376849 0.021484718 0.0 0.0 1.0 0.990445859872611 0.99522293 0.02 0.0 
1.0 3.0 0.184072874532057 0.092036437 0.02 0.02 0.996996996996996 0.996996996996996 0.996996997 333.0 0.14 
0.0 187.0 0.422715705077721 0.330973373 -0.01 0.01 1.0 0.980891719745222 0.99044586 2.77 0.22 
1.0 1.0 0.0202845880542838 0.071834783 0.0 0.0 1.0 1.0 1.0 0.03 0.0 
0.0 18.0 0.454857520476061 0.22742876 -0.04 0.08 0.784256559766763 0.965014577259475 0.874635569 55.79 0.04 
1.0 4.0 0.631299900908491 0.31564995 0.0 0.0 1.0 0.997126436781609 0.998563218 0.22 0.02 
0.0 22.0 0.0208685696629229 0.010434285 0.0 0.0 1.0 1.0 1.0 0.0 0.0 
1.0 2.0 0.849975284027729 0.424987642 0.0 0.0 1.0 1.0 1.0 0.0 0.0 
0.0 285.0 0.846900754646194 0.423450377 0.0 0.0 1.0 0.946875 0.9734375 0.0 0.0 
1.0 6.0 0.0793921547963163 0.039696077 0.0 0.0 0.980582524271844 0.996763754045307 0.988673139 0.03 0.01 
0.0 362.0 1.95951017862725 1.530864701 -0.11 0.35 0.899484536082474 0.945876288659793 0.922680412 421.62 0.07 
1.0 6.0 0.270261187922632 0.672614184 0.01 0.06 0.994736842105263 0.994736842105263 0.994736842 398.32 0.15 
0.0 133.0 0.87740625145043 0.584703291 -0.01 0.04 1.0 0.997032640949554 0.99851632 80.0 0.01 
1.0 4.0 0.818914270889944 0.475468635 0.11 0.15 0.961538461538461 0.987179487179487 0.974358974 288.01 0.56 
0.0 4.0 0.834694147442099 0.436937005 0.01 0.02 1.0 0.996763754045307 0.998381877 309.63 0.03 
1.0 2.0 0.0836497046105892 0.36956912 0.24 0.69 0.663043478260869 0.663043478260869 0.663043478 368.0 1.86 
0.0 30.0 0.01983215576629 0.009916078 0.0 0.0 1.0 0.994202898550724 0.997101449 0.01 0.0 
1.0 5.0 0.940488589087783 1.042743969 0.05 0.51 1.0 1.0 1.0 282.16 0.03 
0.0 389.0 0.211005687877705 0.776812264 0.01 0.14 0.894329896907216 0.943298969072164 0.918814433 413.07 0.2 
1.0 1.0 0.0557409191195386 0.02787046 0.05 0.05 0.991379310344827 0.995689655172413 0.993534483 232.0 0.44 
0.0 82.0 0.607103801952931 0.453694282 0.01 0.04 0.943298969072164 0.997422680412371 0.970360825 70.35 0.2 
1.0 7.0 0.771974955297372 0.748897805 0.11 0.51 1.0 1.0 1.0 705.61 1.92 
0.0 12.0 0.499090087585846 0.300282775 0.01 0.02 1.0 0.996138996138996 0.998069498 86.11 0.06 
1.0 6.0 0.0 0.0 0.0 0.0 1.0 1.0 1.0 0.0 0.0 
0.0 41.0 0.408365256974987 0.30011821 0.0 0.0 1.0 1.0 1.0 1.51 0.12 
1.0 2.0 0.0277783581726275 0.013889179 0.0 0.0 1.0 1.0 1.0 0.0 0.0 
0.0 29.0 0.874227138616876 0.437113569 0.0 0.0 1.0 0.996884735202492 0.998442368 0.0 0.0 
1.0 3.0 0.0646970605935975 0.050129652 0.12 0.12 0.97286012526096 0.97286012526096 0.972860125 479.02 0.94 
0.0 343.0 0.407701828830892 0.781438231 -0.14 0.07 0.894329896907216 0.963917525773195 0.929123711 42.1 0.15 
1.0 7.0 0.0553960351055113 0.055396035 0.0 0.0 1.0 1.0 1.0 0.03 0.01 
0.0 82.0 0.0817712794043339 0.439641985 -0.02 0.04 0.928853754940711 0.992094861660079 0.960474308 33.37 0.16 
1.0 1.0 0.0434409002022211 0.041204942 0.19 0.23 0.939393939393939 0.939393939393939 0.939393939 330.01 1.59 
0.0 237.0 0.33399020717976 0.27912134 -0.03 0.01 1.0 0.97444089456869 0.987220447 2.04 0.18 
1.0 4.0 0.0285821223591092 0.014291061 0.0 0.0 1.0 0.996932515337423 0.998466258 0.0 0.0 
0.0 67.0 0.422715705077721 0.222102755 0.01 0.01 1.0 0.980891719745222 0.99044586 51.5 0.13 
1.0 4.0 0.710658978106077 0.366045336 0.02 0.02 1.0 0.993690851735015 0.996845426 159.35 0.04 
0.0 271.0 0.764887109287822 0.478781658 -0.12 0.04 0.90721649484536 0.940721649484536 0.923969072 17.77 0.59 
1.0 6.0 2.01024142777587 1.60695854 0.36 0.8 0.760309278350515 0.902061855670103 0.831185567 727.48 0.01 
0.0 127.0 0.260263694977619 0.143039774 0.0 0.0 1.0 0.980237154150197 0.990118577 0.1 0.02 
1.0 7.0 2.29030920104353 2.100092648 0.11 0.84 0.803809523809523 0.923809523809523 0.863809524 1299.27 0.06 
0.0 11.0 0.5885447830548 0.415843853 0.0 0.01 1.0 0.98976109215017 0.994880546 3.41 0.21 
1.0 3.0 0.477069417103089 1.247212408 -0.04 0.25 0.974358974358974 0.992307692307692 0.983333333 311.39 0.17 
0.0 4.0 0.644549093226241 0.322274547 0.0 0.0 1.0 1.0 1.0 0.0 0.0 
1.0 4.0 0.0 0.0 0.0 0.0 1.0 1.0 1.0 0.0 0.0 
0.0 5.0 1.71838615096986 1.473884679 0.02 0.31 0.942598187311178 0.972809667673716 0.957703927 288.71 0.41 
1.0 2.0 0.0419175889863189 0.020958794 0.0 0.0 1.0 1.0 1.0 0.0 0.0 
0.0 40.0 0.216685864377608 0.175815181 0.01 0.02 0.977917981072555 0.993690851735015 0.985804416 43.77 0.16 
1.0 4.0 0.570709670831186 0.285354835 0.0 0.0 1.0 1.0 1.0 0.0 0.0 
0.0 147.0 0.772559187083392 0.454354838 0.07 0.25 0.891752577319587 0.909793814432989 0.900773196 304.66 0.8 
1.0 4.0 0.0226619610938116 0.067928036 0.0 0.0 1.0 1.0 1.0 0.02 0.0 
0.0 170.0 0.257915010289319 0.128957505 0.0 0.0 1.0 1.0 1.0 0.0 0.0 
1.0 1.0 0.0852058791168139 0.305174259 0.01 0.01 1.0 0.984227129337539 0.992113565 19.29 0.05 
0.0 114.0 0.0910006443650265 0.108349436 0.01 0.01 1.0 0.993788819875776 0.99689441 21.75 0.1 
1.0 3.0 0.0524361530026488 0.109485626 0.04 0.05 0.957575757575757 0.984848484848484 0.971212121 114.74 0.52 
0.0 308.0 0.608819744380155 0.906247698 -0.01 0.13 0.902061855670103 0.989690721649484 0.945876289 109.31 0.12 
