1.0 1.0 1.04365740701425 0.521828704 0.0 0.0 1.0 1.0 1.0 0.0 0.0 
0.0 11.0 0.0277783581726275 0.027778358 0.0 0.0 1.0 1.0 1.0 0.0 0.0 
1.0 3.0 0.0402723695891569 0.606271836 0.0 0.03 0.996655518394648 0.996655518394648 0.996655518 302.88 0.05 
0.0 140.0 0.039460734195219 0.132276927 0.0 0.01 1.0 0.994269340974212 0.99713467 9.59 0.09 
1.0 2.0 0.370148166807198 0.196027206 0.0 0.0 1.0 1.0 1.0 0.1 0.01 
0.0 4.0 0.787007043964788 0.690792432 0.02 0.18 1.0 0.995495495495495 0.997747748 110.07 0.75 
1.0 0.0 0.173775787873029 0.173775788 -0.01 0.0 0.994252873563218 0.994252873563218 0.994252874 0.0 1.26 
0.0 4.0 0.0 0.0 0.0 0.0 1.0 1.0 1.0 0.0 0.0 
1.0 2.0 0.0 0.0 0.03 0.03 0.995575221238938 0.995575221238938 0.995575221 226.0 0.29 
0.0 53.0 0.0229264710740673 0.011463236 0.0 0.0 1.0 0.963576158940397 0.981788079 0.0 0.0 
1.0 3.0 0.0697628876274181 0.298512327 -0.01 0.0 1.0 1.0 1.0 0.86 0.07 
0.0 20.0 0.0 0.0 0.0 0.0 1.0 1.0 1.0 0.0 0.0 
1.0 5.0 0.0 0.0 0.0 0.0 1.0 1.0 1.0 0.0 0.0 
0.0 275.0 0.0397180066627305 0.019859003 0.0 0.0 0.935185185185185 0.996913580246913 0.966049383 0.08 0.01 
1.0 0.0 0.498165535626351 0.498165536 -0.09 0.0 0.996815286624203 0.996815286624203 0.996815287 0.0 3.03 
0.0 77.0 0.734955557406933 0.463815883 0.05 0.17 0.886597938144329 0.940721649484536 0.913659794 211.83 0.56 
1.0 4.0 0.710658978106077 0.366045336 0.02 0.02 1.0 0.993690851735015 0.996845426 159.35 0.04 
0.0 151.0 0.0337510120778166 0.016875506 0.0 0.0 1.0 0.985401459854014 0.99270073 0.0 0.0 
1.0 5.0 0.652858708688342 0.881071069 0.02 0.25 0.588397790055248 0.969613259668508 0.779005525 163.21 0.29 
0.0 138.0 0.862425975002266 0.431212988 0.0 0.0 1.0 1.0 1.0 0.0 0.0 
1.0 1.0 0.0791839572688488 0.119000989 0.1 0.11 0.976897689768976 0.976897689768976 0.97689769 303.16 0.69 
0.0 82.0 0.955491897288429 0.843189189 -0.1 0.11 0.987244897959183 0.989795918367346 0.988520408 73.81 0.05 
1.0 2.0 0.0411950173244082 0.032094327 0.0 0.0 1.0 1.0 1.0 0.01 0.0 
0.0 14.0 0.0199805477243617 0.009990274 0.0 0.0 1.0 0.570175438596491 0.785087719 0.76 0.03 
1.0 4.0 0.042058630469852 0.021029315 0.0 0.0 1.0 1.0 1.0 0.0 0.0 
0.0 34.0 0.0429694362376849 0.032229621 0.0 0.0 1.0 1.0 1.0 0.01 0.0 
1.0 5.0 0.314658948294986 0.167874461 0.21 0.25 0.922190201729106 0.92507204610951 0.923631124 333.19 1.45 
0.0 63.0 0.0262556850879242 0.095685426 0.0 0.0 1.0 0.995967741935483 0.997983871 0.03 0.01 
1.0 3.0 0.0870995231917752 0.078913474 0.0 0.0 1.0 1.0 1.0 0.04 0.01 
0.0 101.0 0.0898033804732823 0.055617537 -0.01 0.0 0.940063091482649 0.993690851735015 0.966876972 0.24 0.03 
1.0 6.0 0.0 0.0 0.0 0.0 1.0 1.0 1.0 0.0 0.0 
0.0 22.0 0.0383614089131149 0.019180704 0.0 0.0 1.0 1.0 1.0 0.0 0.0 
1.0 4.0 0.369205600782166 0.252678045 0.22 0.31 0.909793814432989 0.909793814432989 0.909793814 388.91 1.46 
0.0 265.0 0.681152565159923 0.367477155 -0.02 0.01 1.0 0.993690851735015 0.996845426 3.51 0.05 
1.0 4.0 0.710658978106077 0.366045336 0.02 0.02 1.0 0.993690851735015 0.996845426 159.35 0.04 
0.0 44.0 0.345656839963395 0.17282842 0.0 0.0 1.0 1.0 1.0 0.0 0.0 
1.0 4.0 0.420164637173218 0.368932268 0.07 0.09 1.0 1.0 1.0 243.48 0.65 
0.0 23.0 0.0546588236180275 0.046919343 0.0 0.0 1.0 0.996763754045307 0.998381877 0.03 0.01 
1.0 6.0 0.186970843565625 0.093485422 0.0 0.0 1.0 1.0 1.0 0.0 0.0 
0.0 10.0 0.0993346278881227 0.075914837 0.0 0.0 1.0 1.0 1.0 0.03 0.01 
1.0 0.0 0.0383614089131149 0.038361409 0.0 0.0 1.0 1.0 1.0 0.0 0.25 
0.0 20.0 0.699834449646165 0.349917225 -0.06 0.07 0.237918215613382 0.966542750929368 0.602230483 23.13 0.31 
1.0 5.0 0.0980391132797319 0.049019557 0.0 0.0 1.0 1.0 1.0 0.0 0.0 
0.0 480.0 0.0 0.0 0.0 0.0 1.0 0.938775510204081 0.969387755 0.0 0.0 
1.0 5.0 0.0422824341559714 0.021141217 0.02 0.02 0.996884735202492 0.996884735202492 0.996884735 321.0 0.19 
0.0 1.0 0.0275776979183499 0.013788849 0.0 0.0 1.0 1.0 1.0 0.0 0.0 
1.0 5.0 0.227315676154747 0.193735953 0.0 0.0 1.0 0.993710691823899 0.996855346 0.58 0.06 
0.0 8.0 0.671733581735833 0.3872296 0.02 0.03 1.0 1.0 1.0 65.35 0.06 
1.0 2.0 0.396997003641672 0.283751526 0.27 0.37 0.925423728813559 0.928813559322033 0.927118644 1071.66 1.79 
0.0 94.0 0.878410842924781 1.042060583 -0.02 0.28 0.985795454545454 0.988636363636363 0.987215909 226.19 0.19 
1.0 4.0 0.0801933899981968 0.06090597 0.05 0.06 0.972644376899696 0.990881458966565 0.981762918 436.66 0.45 
0.0 103.0 0.0648962222687569 0.032448111 0.0 0.0 1.0 0.988023952095808 0.994011976 0.02 0.01 
1.0 7.0 0.0403852550270539 0.020192628 0.04 0.04 0.993311036789297 0.993311036789297 0.993311037 299.0 0.36 
0.0 168.0 0.0 0.0 0.0 0.0 1.0 1.0 1.0 0.0 0.0 
1.0 2.0 0.116621400474231 0.0583107 0.0 0.0 1.0 1.0 1.0 0.0 0.0 
0.0 445.0 0.838227258499489 0.58750767 -0.03 0.11 0.894329896907216 0.90721649484536 0.900773196 271.3 0.1 
1.0 5.0 0.45211655551566 0.226058278 0.08 0.13 0.972602739726027 0.986301369863013 0.979452055 365.0 0.65 
0.0 141.0 0.711252800266253 0.368890103 0.01 0.01 1.0 1.0 1.0 13.47 0.1 
1.0 1.0 0.0 0.0 0.0 0.0 1.0 1.0 1.0 0.0 0.0 
0.0 74.0 0.457338643081064 0.313597139 -0.04 0.02 0.515306122448979 0.994897959183673 0.755102041 13.15 0.09 
1.0 1.0 0.0 0.0 0.0 0.0 1.0 1.0 1.0 0.0 0.0 
0.0 226.0 0.67948777183462 0.576228842 0.02 0.08 1.0 0.982195845697329 0.991097923 54.46 0.49 
1.0 5.0 0.655847649454573 0.338223182 0.1 0.17 0.964912280701754 0.964912280701754 0.964912281 455.31 0.94 
0.0 171.0 0.112817561447562 0.056408781 0.0 0.0 1.0 0.996587030716723 0.998293515 0.02 0.0 
1.0 0.0 0.0399377637358022 0.039937764 0.0 0.0 1.0 1.0 1.0 0.0 0.39 
0.0 35.0 0.0204403588084492 0.085190184 0.0 0.0 1.0 0.996996996996996 0.998498498 0.03 0.0 
1.0 3.0 0.0201313384327796 0.010065669 0.0 0.0 1.0 1.0 1.0 0.0 0.0 
0.0 49.0 1.07050734395429 0.535253672 0.0 0.0 1.0 1.0 1.0 0.0 0.0 
1.0 0.0 0.0 0.0 0.0 0.0 1.0 1.0 1.0 0.0 0.0 
0.0 259.0 0.129483952465766 0.116055169 0.0 0.01 0.921875 0.9875 0.9546875 12.81 0.0 
1.0 7.0 0.619066288955174 0.333797472 0.01 0.02 1.0 1.0 1.0 12.1 0.22 
0.0 543.0 0.0892795288691111 0.060183456 0.0 0.0 1.0 0.960591133004926 0.980295567 0.06 0.01 
1.0 3.0 0.0647261948575221 0.280989655 0.0 0.0 1.0 1.0 1.0 0.42 0.04 
0.0 766.0 0.461097186127269 0.43095987 -0.07 0.02 0.938775510204081 0.983673469387755 0.96122449 6.84 0.39 
1.0 4.0 0.257436782111026 0.228316173 0.28 0.38 0.90721649484536 0.90721649484536 0.907216495 772.41 1.87 
0.0 247.0 0.838455913773507 0.801671512 0.01 0.52 0.90721649484536 0.935567010309278 0.921391753 405.84 1.68 
1.0 4.0 0.018468244015651 0.693126715 0.0 0.0 1.0 1.0 1.0 1.45 0.01 
0.0 273.0 0.0212025770039786 0.010601289 0.0 0.0 1.0 0.971786833855799 0.985893417 0.03 0.0 
1.0 2.0 0.0582288937368788 0.029114447 0.0 0.0 1.0 1.0 1.0 0.0 0.0 
0.0 208.0 0.0668573928469679 0.060200347 0.0 0.0 1.0 1.0 1.0 0.01 0.0 
1.0 1.0 0.0237613531260355 0.011880677 0.0 0.0 1.0 1.0 1.0 0.0 0.0 
0.0 111.0 0.0784514685554375 0.050148583 0.01 0.02 0.967637540453074 0.996763754045307 0.982200647 139.24 0.12 
1.0 3.0 0.476305553807032 0.238152777 0.0 0.0 1.0 0.995798319327731 0.99789916 0.0 0.0 
0.0 327.0 2.01024142777587 1.559666367 -0.09 0.42 0.760309278350515 0.956185567010309 0.858247423 462.89 0.22 
1.0 6.0 0.0744486206082655 0.372543663 -0.01 0.0 1.0 0.996655518394648 0.998327759 1.81 0.08 
0.0 112.0 0.0322952391734162 0.01614762 0.0 0.0 1.0 1.0 1.0 0.0 0.0 
1.0 1.0 0.0524361530026488 0.591649584 0.04 0.08 0.984848484848484 0.984848484848484 0.984848485 331.82 0.13 
0.0 6.0 0.675206624248399 0.358577151 0.0 0.01 1.0 1.0 1.0 2.95 0.05 
1.0 2.0 0.0209234528265329 0.020923453 0.02 0.02 1.0 1.0 1.0 324.0 0.25 
0.0 409.0 0.601583202914597 0.32187389 -0.05 0.01 0.962457337883959 0.982935153583617 0.972696246 7.6 0.08 
1.0 1.0 0.239946151255037 0.706022725 0.02 0.09 0.994623655913978 0.994623655913978 0.994623656 441.11 0.22 
0.0 8.0 0.0262556850879242 0.013127843 0.0 0.0 1.0 1.0 1.0 0.0 0.0 
1.0 5.0 0.131728022046043 0.587692715 -0.03 0.02 1.0 1.0 1.0 8.75 0.01 
0.0 119.0 0.0557409191195386 0.041759639 0.0 0.0 1.0 0.995689655172413 0.997844828 0.01 0.0 
1.0 3.0 0.630250606498865 0.342628936 0.0 0.0 1.0 1.0 1.0 0.71 0.05 
0.0 15.0 0.0 0.0 0.0 0.0 1.0 0.996632996632996 0.998316498 0.0 0.0 
1.0 5.0 0.0204403588084492 0.020440359 0.0 0.0 1.0 1.0 1.0 0.0 0.0 
0.0 2.0 0.0562825738819488 0.045022302 0.0 0.0 1.0 1.0 1.0 0.02 0.0 
1.0 1.0 0.23878845417949 0.128756612 0.05 0.05 0.994609164420485 0.994609164420485 0.994609164 742.0 0.41 
0.0 255.0 0.712042783029343 1.025614908 0.02 0.39 1.0 0.899484536082474 0.949742268 343.52 0.63 
1.0 0.0 1.24082607371499 1.240826074 -0.75 0.0 0.93859649122807 0.93859649122807 0.938596491 0.0 0.42 
0.0 8.0 0.0794061779909769 0.096300144 0.0 0.0 1.0 1.0 1.0 0.07 0.01 
1.0 2.0 0.0203881511698506 0.020388151 0.07 0.07 0.991097922848664 0.991097922848664 0.991097923 674.0 0.65 
0.0 280.0 0.373884329108389 0.197987199 -0.01 0.0 0.980645161290322 0.996774193548387 0.988709677 0.6 0.06 
1.0 4.0 0.0 0.0 0.0 0.0 1.0 1.0 1.0 0.0 0.0 
0.0 144.0 0.836902271913767 0.61855 0.03 0.13 0.871134020618556 0.997422680412371 0.934278351 454.45 0.67 
1.0 4.0 0.0445379124397734 0.078033754 0.1 0.14 0.959999999999999 0.963636363636363 0.961818182 249.1 1.31 
0.0 14.0 0.0507680121046872 0.076121737 0.0 0.0 0.996138996138996 0.996138996138996 0.996138996 0.06 0.01 
1.0 4.0 0.0239068963031024 0.011953448 0.01 0.02 1.0 0.99638989169675 0.998194946 277.0 0.28 
0.0 490.0 1.19227319239528 1.180562955 -0.12 0.52 0.889175257731958 0.894329896907216 0.891752577 405.57 0.78 
1.0 2.0 0.0411950173244082 0.077537702 0.16 0.19 0.966666666666666 0.966666666666666 0.966666667 600.0 1.34 
0.0 19.0 0.0205987150611097 0.020441652 0.05 0.06 0.964912280701754 0.982456140350877 0.973684211 167.96 0.77 
1.0 2.0 0.0771064198116654 0.03855321 0.0 0.0 1.0 1.0 1.0 0.0 0.0 
0.0 228.0 0.681152565159923 0.35123452 0.0 0.0 1.0 1.0 1.0 0.73 0.01 
1.0 6.0 0.0429694362376849 0.079255071 0.0 0.0 1.0 1.0 1.0 0.04 0.01 
0.0 69.0 0.0212025770039786 0.021202577 0.0 0.0 1.0 1.0 1.0 0.0 0.0 
1.0 3.0 0.12923343913194 0.128979463 0.13 0.15 0.969613259668508 0.969613259668508 0.96961326 542.6 0.97 
0.0 86.0 0.831372799847455 0.4156864 -0.01 0.01 1.0 0.988130563798219 0.994065282 2.51 0.06 
1.0 2.0 0.27591798285789 0.137958991 0.02 0.02 0.996688741721854 0.996688741721854 0.996688742 302.0 0.14 
0.0 7.0 0.0698935560551578 0.034946778 0.0 0.0 1.0 1.0 1.0 0.0 0.0 
1.0 5.0 0.0320181596390343 0.125565215 0.02 0.04 0.844827586206896 0.995689655172413 0.920258621 239.51 0.01 
0.0 30.0 0.0 0.0 0.0 0.0 1.0 0.968944099378882 0.98447205 0.0 0.0 
1.0 3.0 0.829711332811845 0.80593746 0.15 0.56 0.940425531914893 0.96595744680851 0.953191489 473.59 2.13 
0.0 379.0 0.0619860642827818 0.092734359 -0.02 0.01 0.791044776119402 0.988805970149253 0.889925373 1.81 0.14 
1.0 0.0 0.0 0.0 0.0 0.0 0.995575221238938 0.995575221238938 0.995575221 0.0 0.3 
0.0 84.0 0.0719894857357552 0.055252248 0.0 0.0 1.0 0.929971988795518 0.964985994 0.18 0.02 
1.0 7.0 0.0572136671100258 0.220361457 0.18 0.21 0.929870129870129 0.937662337662337 0.933766234 339.97 1.09 
0.0 31.0 0.0478007124750384 0.078597285 0.01 0.02 1.0 1.0 1.0 277.01 0.19 
1.0 3.0 0.0 0.0 0.0 0.0 1.0 1.0 1.0 0.0 0.0 
0.0 237.0 0.099619725678594 0.111502352 0.0 0.0 1.0 1.0 1.0 0.11 0.02 
1.0 4.0 0.887731895101687 0.664006903 0.01 0.06 1.0 1.0 1.0 59.93 0.78 
0.0 83.0 0.0676554102686104 0.060908323 0.0 0.0 1.0 0.99581589958159 0.99790795 0.03 0.01 
1.0 3.0 0.0 0.0 0.48 0.55 0.237918215613382 0.237918215613382 0.237918216 269.0 0.48 
0.0 43.0 0.0600239093195218 0.060023909 0.0 0.0 1.0 1.0 1.0 0.03 0.0 
1.0 1.0 0.0898510923104771 0.059911924 0.03 0.03 1.0 1.0 1.0 212.0 0.25 
0.0 73.0 0.0613389110031691 0.052154174 0.0 0.0 1.0 0.97452229299363 0.987261146 0.07 0.01 
1.0 5.0 0.944383321007792 1.347067265 0.05 0.46 0.997032640949554 0.997032640949554 0.997032641 595.83 0.4 
0.0 3.0 0.0416737059285854 0.090022341 0.0 0.0 1.0 1.0 1.0 0.05 0.01 
1.0 3.0 0.0605098655008392 0.102559662 0.05 0.05 0.990445859872611 0.990445859872611 0.99044586 314.08 0.35 
0.0 441.0 0.099623389466162 0.063075398 0.0 0.0 1.0 1.0 1.0 0.02 0.0 
1.0 7.0 0.540339536868916 0.523441317 0.09 0.18 1.0 1.0 1.0 54.78 1.08 
0.0 39.0 0.021489805529056 0.010744903 0.0 0.0 1.0 1.0 1.0 0.0 0.0 
1.0 1.0 0.0679512537556222 0.045306607 0.0 0.0 1.0 1.0 1.0 0.01 0.0 
0.0 48.0 0.0427377908806097 0.16547459 0.01 0.02 0.996845425867507 0.996845425867507 0.996845426 158.13 0.1 
1.0 5.0 0.172184517131063 0.160884095 0.0 0.0 1.0 0.996987951807228 0.998493976 0.33 0.04 
0.0 144.0 1.15517463399501 1.137876273 0.11 0.5 1.0 0.963917525773195 0.981958763 445.43 0.87 
1.0 5.0 0.0832846732333399 0.041642337 0.0 0.0 1.0 1.0 1.0 0.0 0.0 
0.0 11.0 0.0822985228585321 0.041149261 0.0 0.0 1.0 1.0 1.0 0.0 0.0 
1.0 6.0 0.431439280559023 0.235353454 0.0 0.0 1.0 1.0 1.0 0.2 0.02 
0.0 208.0 0.329911761480464 0.173924586 0.0 0.01 1.0 0.932989690721649 0.966494845 9.51 0.09 
1.0 7.0 0.019542337228798 0.529291923 0.0 0.0 1.0 1.0 1.0 0.57 0.03 
0.0 25.0 0.158783978067245 0.079391989 0.0 0.0 1.0 1.0 1.0 0.0 0.0 
1.0 2.0 0.28417509031974 0.790688875 0.03 0.11 0.993808049535603 0.996904024767801 0.995356037 472.54 0.08 
0.0 88.0 0.245037850129314 0.122518925 0.0 0.0 1.0 1.0 1.0 0.0 0.0 
1.0 3.0 0.0 0.0 0.0 0.0 1.0 1.0 1.0 0.0 0.0 
0.0 5.0 0.652858708688342 0.881071069 0.02 0.25 0.588397790055248 0.969613259668508 0.779005525 163.21 0.29 
1.0 3.0 0.0262556850879242 0.013127843 0.0 0.0 1.0 1.0 1.0 0.0 0.0 
0.0 378.0 0.0591785835882164 1.009344381 -0.16 0.06 0.894329896907216 0.945876288659793 0.920103093 86.06 0.01 
1.0 3.0 0.891029025526342 1.010166999 0.05 0.34 1.0 1.0 1.0 180.88 0.45 
0.0 228.0 0.0898033804732823 0.079001719 -0.03 0.0 0.940063091482649 0.974763406940063 0.957413249 0.93 0.02 
1.0 3.0 0.63175395502762 0.884222569 0.0 0.08 1.0 1.0 1.0 32.8 0.46 
0.0 3.0 0.643016498076621 0.321508249 0.11 0.13 0.971337579617834 0.971337579617834 0.97133758 314.0 0.64 
1.0 1.0 0.721755058544604 0.387015393 0.03 0.06 0.99195710455764 0.99195710455764 0.991957105 382.81 0.28 
0.0 170.0 0.0516160194702958 0.038715936 0.0 0.0 1.0 1.0 1.0 0.01 0.0 
1.0 5.0 0.545648829490156 0.272824415 0.08 0.1 0.980263157894736 0.980263157894736 0.980263158 304.0 0.46 
0.0 278.0 0.860618583456463 0.430309292 -0.12 0.11 0.865497076023391 0.991228070175438 0.928362573 56.71 0.12 
1.0 1.0 0.305431896321273 0.261979931 0.55 0.61 0.838028169014084 0.845070422535211 0.841549296 1322.25 2.75 
0.0 212.0 0.131691556532417 0.065845778 0.0 0.0 1.0 0.996763754045307 0.998381877 0.03 0.0 
1.0 7.0 0.0604982941023021 0.535509667 0.0 0.01 1.0 1.0 1.0 4.67 0.16 
0.0 318.0 0.890561650446367 1.022868142 -0.14 0.17 0.896907216494845 0.963917525773195 0.930412371 327.14 0.4 
1.0 3.0 0.849975284027729 0.502972559 0.03 0.08 1.0 1.0 1.0 80.27 0.61 
0.0 19.0 0.854838752212137 0.509425458 -0.01 0.03 1.0 0.997354497354497 0.998677249 56.92 0.32 
1.0 5.0 0.0287409193078362 0.01437046 0.0 0.0 1.0 0.969040247678018 0.984520124 0.03 0.0 
0.0 139.0 0.545827844233365 0.859340538 0.0 0.16 0.670391061452513 0.994413407821229 0.832402235 104.46 0.55 
1.0 5.0 0.0600239093195218 0.040756857 0.0 0.0 1.0 1.0 1.0 0.01 0.0 
0.0 66.0 0.0383507834087113 0.071158212 0.01 0.01 1.0 0.984177215189873 0.992088608 30.31 0.14 
1.0 2.0 0.155195196901645 0.077597598 0.0 0.0 1.0 1.0 1.0 0.0 0.0 
0.0 227.0 0.0924435952521726 0.089284195 0.02 0.03 1.0 0.910216718266253 0.955108359 106.62 0.14 
1.0 3.0 0.955491897288429 0.562673766 0.01 0.07 0.989795918367346 0.994897959183673 0.992346939 333.53 0.08 
0.0 334.0 1.95951017862725 1.576528522 -0.07 0.32 0.899484536082474 0.945876288659793 0.922680412 395.47 0.04 
1.0 1.0 0.725446257432056 0.362723129 0.0 0.0 1.0 1.0 1.0 0.0 0.0 
0.0 113.0 0.0475098133127893 0.18593947 0.0 0.0 1.0 0.978494623655913 0.989247312 0.22 0.03 
1.0 7.0 0.0278798704683955 0.027829114 0.0 0.0 1.0 0.995689655172413 0.997844828 0.01 0.0 
0.0 325.0 0.0391798623289367 0.019589931 0.0 0.0 0.996763754045307 0.996763754045307 0.996763754 0.01 0.0 
1.0 6.0 0.868207575092389 0.681132168 0.06 0.17 0.963172804532577 0.974504249291784 0.968838527 322.03 0.04 
0.0 10.0 0.0773036079807894 0.066522264 0.0 0.0 1.0 0.995689655172413 0.997844828 0.04 0.01 
1.0 2.0 0.0215482557268673 0.08983934 0.02 0.02 0.996815286624203 0.996815286624203 0.996815287 314.03 0.14 
0.0 135.0 0.898863875971626 0.449431938 0.0 0.0 1.0 0.925696594427244 0.962848297 0.0 0.0 
1.0 6.0 0.0 0.0 0.2 0.24 0.924778761061946 0.929203539823008 0.92699115 211.69 1.74 
0.0 19.0 0.39128385161505 0.261662281 0.17 0.38 0.867507886435331 0.883280757097791 0.875394322 319.96 1.87 
1.0 5.0 0.0263455923390652 0.026345592 0.0 0.0 1.0 1.0 1.0 0.0 0.0 
0.0 125.0 0.0771425830733485 0.213772563 0.05 0.11 0.954198473282442 0.969465648854961 0.961832061 172.26 0.62 
1.0 2.0 0.0 0.0 0.0 0.0 1.0 1.0 1.0 0.0 0.0 
0.0 69.0 0.0553960351055113 0.038743052 0.0 0.0 1.0 1.0 1.0 0.01 0.0 
1.0 7.0 0.0399525207249724 0.01997626 0.0 0.0 1.0 1.0 1.0 0.0 0.0 
0.0 0.0 0.461728994921057 0.461728995 -0.12 0.0 0.848837209302325 0.848837209302325 0.848837209 0.0 2.63 
1.0 4.0 0.570709670831186 0.285354835 0.0 0.0 1.0 1.0 1.0 0.0 0.0 
0.0 19.0 0.0744486206082655 0.048426266 0.0 0.0 1.0 0.996655518394648 0.998327759 0.01 0.0 
1.0 5.0 0.0499180143026197 0.077606335 0.03 0.04 0.994236311239193 0.994236311239193 0.994236311 347.05 0.25 
0.0 41.0 0.797925431606987 1.133590325 -0.04 0.14 0.981873111782477 0.996978851963746 0.989425982 157.74 0.0 
