1.0 2.0 0.921285516425012 0.520543186 0.0 0.01 1.0 1.0 1.0 3.01 0.19 
0.0 77.0 0.0234758940935979 0.011737947 0.0 0.0 1.0 1.0 1.0 0.0 0.0 
1.0 1.0 0.518995554423142 0.259497777 0.01 0.02 0.996865203761755 0.996865203761755 0.996865204 319.0 0.09 
0.0 37.0 0.206192050633231 0.113086299 0.0 0.0 1.0 1.0 1.0 0.06 0.01 
1.0 3.0 0.66792550868965 0.39330595 -0.03 0.01 1.0 0.97752808988764 0.988764045 5.57 0.08 
0.0 72.0 0.0773036079807894 0.038651804 0.0 0.0 1.0 1.0 1.0 0.0 0.0 
1.0 5.0 0.0440460714620383 0.101058843 0.03 0.04 1.0 1.0 1.0 354.99 0.29 
0.0 40.0 0.80881431151271 0.418347091 -0.01 0.0 1.0 0.995689655172413 0.997844828 0.64 0.05 
1.0 2.0 0.0209786462403052 0.010489323 0.02 0.02 0.996913580246913 0.996913580246913 0.99691358 324.0 0.22 
0.0 50.0 0.109393857253219 0.054696929 0.01 0.02 1.0 0.99638989169675 0.998194946 277.0 0.2 
1.0 2.0 0.0608385728247732 0.321354196 0.02 0.02 0.996774193548387 0.996774193548387 0.996774194 311.12 0.0 
0.0 14.0 0.0 0.0 0.0 0.0 1.0 1.0 1.0 0.0 0.0 
1.0 6.0 0.0339166607759742 0.01695833 0.03 0.03 0.994565217391304 0.994565217391304 0.994565217 184.0 0.35 
0.0 112.0 0.0205987150611097 0.804185464 -0.01 0.0 1.0 0.927272727272727 0.963636364 1.26 0.03 
1.0 1.0 0.071584833692919 0.05604183 0.02 0.02 0.996632996632996 0.996632996632996 0.996632997 297.03 0.17 
0.0 60.0 0.0546588236180275 0.027329412 0.0 0.0 1.0 1.0 1.0 0.0 0.0 
1.0 4.0 0.173568953521754 0.810535836 0.05 0.11 1.0 1.0 1.0 193.14 0.27 
0.0 13.0 0.778124050497512 0.400138066 0.0 0.01 0.881578947368421 0.996710526315789 0.939144737 7.86 0.04 
1.0 3.0 0.0 0.0 0.0 0.0 1.0 1.0 1.0 0.0 0.0 
0.0 4.0 0.710658978106077 0.366045336 0.02 0.02 1.0 0.993690851735015 0.996845426 159.35 0.04 
1.0 1.0 0.0852058791168139 0.305174259 0.01 0.01 1.0 0.984227129337539 0.992113565 19.29 0.05 
0.0 61.0 0.0 0.0 0.0 0.0 1.0 1.0 1.0 0.0 0.0 
1.0 1.0 1.61336252461857 0.806681262 0.0 0.0 1.0 1.0 1.0 0.0 0.0 
0.0 101.0 0.0547547716962164 0.276460154 0.0 0.0 1.0 0.996815286624203 0.998407643 0.38 0.04 
1.0 3.0 0.0605098655008392 0.102559662 0.05 0.05 0.990445859872611 0.990445859872611 0.99044586 314.08 0.35 
0.0 51.0 0.0277783581726275 0.027778358 0.0 0.0 1.0 1.0 1.0 0.0 0.0 
1.0 3.0 0.190472447016791 0.71564926 0.1 0.25 0.93859649122807 0.944444444444444 0.941520468 344.77 0.41 
0.0 7.0 0.110934366880473 0.055467183 0.05 0.06 0.985422740524781 0.988338192419825 0.986880466 273.59 0.53 
1.0 3.0 0.0741708587858657 0.046856598 0.03 0.04 0.99715909090909 0.99715909090909 0.997159091 527.5 0.31 
0.0 3.0 0.0402723695891569 0.606271836 0.0 0.03 0.996655518394648 0.996655518394648 0.996655518 302.88 0.05 
1.0 2.0 0.692069686917751 0.359676083 0.02 0.03 0.995798319327731 0.995798319327731 0.995798319 239.11 0.08 
0.0 126.0 0.0222772335300707 0.022277234 0.0 0.0 0.996688741721854 0.996688741721854 0.996688742 0.01 0.0 
1.0 5.0 0.492835397428675 0.360167706 -0.01 0.01 1.0 1.0 1.0 13.51 0.0 
0.0 148.0 0.164883207398432 0.159320862 -0.01 0.0 1.0 1.0 1.0 0.27 0.03 
1.0 3.0 0.117529803717087 0.058764902 0.0 0.0 1.0 1.0 1.0 0.0 0.0 
0.0 3.0 0.598864894573534 0.408490266 0.36 0.48 0.845833333333333 0.891666666666666 0.86875 543.07 2.47 
1.0 4.0 0.0 0.0 0.0 0.0 1.0 1.0 1.0 0.0 0.0 
0.0 41.0 0.858581850498729 1.186703985 -0.02 0.23 1.0 0.997126436781609 0.998563218 344.77 0.44 
1.0 7.0 0.0243552454938662 0.012177623 0.0 0.0 1.0 1.0 1.0 0.0 0.0 
0.0 23.0 0.038060092151583 0.019030046 0.0 0.0 1.0 1.0 1.0 0.0 0.0 
1.0 3.0 0.866460128427678 1.082771918 0.04 0.17 0.994413407821229 0.994413407821229 0.994413408 488.93 0.05 
0.0 69.0 0.0742339486233062 0.360337528 0.0 0.0 1.0 1.0 1.0 0.89 0.06 
1.0 6.0 0.0 0.0 0.0 0.0 1.0 1.0 1.0 0.0 0.0 
0.0 107.0 0.394322512422639 0.197161256 -0.01 0.0 1.0 0.993769470404984 0.996884735 0.2 0.02 
1.0 2.0 1.98196373032307 1.933017262 0.17 0.81 0.990853658536585 0.990853658536585 0.990853659 1029.39 0.13 
0.0 66.0 0.0419476776352413 0.020973839 0.0 0.0 1.0 1.0 1.0 0.0 0.0 
1.0 6.0 0.0364344158699368 0.018217208 0.02 0.02 0.997032640949554 0.997032640949554 0.997032641 337.0 0.18 
0.0 218.0 0.0451822529809104 0.073904319 -0.01 0.0 0.925 0.9875 0.95625 0.91 0.1 
1.0 4.0 0.834694147442099 0.436937005 0.01 0.02 1.0 0.996763754045307 0.998381877 309.63 0.03 
0.0 389.0 0.950440988498011 0.55004007 -0.06 0.04 1.0 0.946428571428571 0.973214286 13.51 0.23 
1.0 1.0 0.695823444713384 0.359341585 0.06 0.11 0.976588628762541 0.976588628762541 0.976588629 299.59 0.27 
0.0 4.0 0.0898510923104771 0.044925546 0.03 0.03 1.0 0.995283018867924 0.997641509 212.0 0.25 
1.0 7.0 0.0210341526104483 0.010517076 0.0 0.0 1.0 1.0 1.0 0.0 0.0 
0.0 523.0 0.682325935624429 0.363754094 -0.03 0.04 0.815625 0.925 0.8703125 19.28 0.45 
1.0 7.0 0.473146079879935 1.085688911 -0.02 0.07 1.0 1.0 1.0 40.96 0.22 
0.0 491.0 0.685971124728363 0.362010335 0.0 0.01 0.984567901234567 0.99074074074074 0.987654321 9.74 0.05 
1.0 5.0 0.0396091040103975 0.019804552 0.0 0.0 1.0 1.0 1.0 0.0 0.0 
0.0 191.0 0.734955557406933 0.902749024 -0.07 0.04 1.0 0.886597938144329 0.943298969 34.59 0.04 
1.0 1.0 0.0434409002022211 0.041204942 0.19 0.23 0.939393939393939 0.939393939393939 0.939393939 330.01 1.59 
0.0 151.0 0.097861309246028 0.05912473 0.0 0.0 1.0 0.997014925373134 0.998507463 0.04 0.01 
1.0 5.0 0.0 0.0 0.0 0.0 1.0 1.0 1.0 0.0 0.0 
0.0 63.0 0.0 0.0 0.0 0.0 1.0 1.0 1.0 0.0 0.0 
1.0 3.0 0.093386970375234 0.089231651 0.05 0.05 0.99090909090909 0.993939393939393 0.992424242 533.61 0.36 
0.0 243.0 0.0234056746645995 0.098577833 -0.01 0.0 1.0 0.595070422535211 0.797535211 1.47 0.07 
1.0 2.0 0.921285516425012 0.520543186 0.0 0.01 1.0 1.0 1.0 3.01 0.19 
0.0 363.0 0.615613450001113 0.327343783 0.0 0.0 1.0 0.993527508090614 0.996763754 3.97 0.06 
1.0 1.0 0.0396091040103975 0.148679085 0.15 0.16 0.962025316455696 0.962025316455696 0.962025316 316.13 0.97 
0.0 4.0 0.0 0.0 0.0 0.0 1.0 1.0 1.0 0.0 0.0 
1.0 7.0 0.021489805529056 0.021489806 0.0 0.0 1.0 1.0 1.0 0.0 0.0 
0.0 25.0 0.0 0.0 0.0 0.0 1.0 1.0 1.0 0.0 0.0 
1.0 7.0 0.019542337228798 0.529291923 0.0 0.0 1.0 1.0 1.0 0.57 0.03 
0.0 25.0 0.729096180970132 0.58269781 -0.07 0.02 1.0 0.994764397905759 0.997382199 17.34 0.16 
1.0 3.0 0.244688302772878 0.762649619 0.0 0.04 0.994505494505494 0.997252747252747 0.995879121 195.4 0.17 
0.0 119.0 0.0557409191195386 0.041759639 0.0 0.0 1.0 0.995689655172413 0.997844828 0.01 0.0 
1.0 7.0 0.0882701884630966 0.270505606 0.0 0.0 1.0 1.0 1.0 0.86 0.07 
0.0 444.0 0.0265274065792525 0.013263703 0.0 0.0 1.0 1.0 1.0 0.0 0.0 
1.0 7.0 0.823249476496926 0.477410394 0.07 0.07 1.0 1.0 1.0 330.93 0.12 
0.0 39.0 0.0601849586562254 0.149708 0.0 0.0 1.0 0.996815286624203 0.998407643 0.2 0.02 
1.0 6.0 0.305957001220456 0.927434499 0.02 0.14 0.986449864498645 0.989159891598916 0.987804878 586.69 0.0 
0.0 76.0 0.260516137375065 0.23415325 0.0 0.0 1.0 1.0 1.0 0.82 0.12 
1.0 7.0 0.0947884450940259 0.066722831 0.0 0.0 1.0 1.0 1.0 0.04 0.01 
0.0 308.0 0.856546399635595 0.438960159 -0.02 0.01 1.0 0.996845425867507 0.998422713 3.44 0.06 
1.0 0.0 0.667354627932219 0.667354628 -0.12 0.0 0.975342465753424 0.975342465753424 0.975342466 0.0 2.43 
0.0 20.0 0.0758026428676064 0.037901321 0.0 0.0 1.0 0.968944099378882 0.98447205 0.0 0.0 
1.0 2.0 0.805578043115937 0.574872082 0.12 0.23 0.949612403100775 0.949612403100775 0.949612403 301.89 0.59 
0.0 113.0 0.954897821492102 0.530770959 -0.01 0.03 0.99236641221374 0.997455470737913 0.994910941 53.87 0.18 
1.0 6.0 0.26157753948268 0.193637883 0.0 0.0 1.0 1.0 1.0 0.51 0.05 
0.0 243.0 0.779478842749047 0.778387435 -0.05 0.13 1.0 0.899484536082474 0.949742268 277.22 0.46 
1.0 6.0 0.270261187922632 0.672614184 0.01 0.06 0.994736842105263 0.994736842105263 0.994736842 398.32 0.15 
0.0 95.0 0.0 0.0 0.0 0.0 1.0 1.0 1.0 0.0 0.0 
1.0 2.0 0.0 0.0 0.0 0.0 1.0 1.0 1.0 0.0 0.0 
0.0 86.0 0.656420207430103 0.349521588 -0.01 0.0 0.962264150943396 0.996855345911949 0.979559748 1.58 0.07 
1.0 3.0 0.167844583811444 0.60245334 -0.02 0.03 0.996644295302013 0.996644295302013 0.996644295 301.44 0.01 
0.0 283.0 0.0 0.0 0.0 0.0 1.0 1.0 1.0 0.0 0.0 
1.0 4.0 0.740073044303277 0.421592871 0.23 0.46 0.833333333333333 0.833333333333333 0.833333333 333.07 0.99 
0.0 85.0 0.203293081529095 0.111393997 0.0 0.0 1.0 0.99715909090909 0.998579545 0.04 0.01 
1.0 1.0 0.163023629494365 0.586772335 -0.01 0.02 1.0 1.0 1.0 4.77 0.29 
0.0 159.0 0.021373918555031 0.06266978 0.0 0.0 1.0 0.984177215189873 0.992088608 0.04 0.01 
1.0 4.0 0.320456761663141 0.160228381 0.22 0.3 0.871134020618556 0.889175257731958 0.880154639 326.99 1.87 
0.0 373.0 0.829958229134821 1.420099828 -0.1 0.34 0.760309278350515 0.943298969072164 0.851804124 291.79 0.28 
1.0 3.0 0.0600239093195218 0.051496673 0.0 0.0 1.0 1.0 1.0 0.02 0.0 
0.0 34.0 0.167121602356515 0.083560801 0.0 0.0 1.0 1.0 1.0 0.0 0.0 
1.0 1.0 0.0 0.0 0.0 0.0 1.0 0.9921875 0.99609375 0.0 0.0 
0.0 17.0 0.0240543662108213 0.012027183 0.0 0.0 1.0 1.0 1.0 0.0 0.0 
1.0 2.0 2.01024142777587 1.556230325 0.09 0.51 0.760309278350515 0.899484536082474 0.829896907 851.03 0.1 
0.0 13.0 0.0600239093195218 0.051496673 0.0 0.0 1.0 1.0 1.0 0.02 0.0 
1.0 5.0 0.0398883573493911 0.120270129 0.0 0.02 1.0 1.0 1.0 171.14 0.21 
0.0 42.0 0.102626385166912 0.051313193 0.0 0.0 1.0 0.9875 0.99375 0.0 0.0 
1.0 4.0 1.46489640594791 1.245019338 0.14 0.61 0.98473282442748 0.994910941475826 0.989821883 421.03 0.09 
0.0 70.0 0.831372799847455 0.74767485 0.22 0.57 1.0 1.0 1.0 308.3 0.86 
1.0 1.0 0.033762029511268 0.080548547 0.03 0.03 1.0 1.0 1.0 184.0 0.27 
0.0 198.0 0.0277783581726275 0.027778358 0.0 0.0 1.0 1.0 1.0 0.0 0.0 
1.0 6.0 0.0597830729153689 0.029891536 0.0 0.0 1.0 1.0 1.0 0.0 0.0 
0.0 40.0 0.216685864377608 0.108342932 0.04 0.06 0.962145110410094 0.977917981072555 0.970031546 132.05 0.56 
1.0 5.0 0.040160163405664 0.031282037 0.0 0.0 1.0 1.0 1.0 0.01 0.0 
0.0 207.0 0.758550205750609 0.405829821 -0.01 0.01 1.0 0.996874999999999 0.9984375 2.13 0.04 
1.0 6.0 0.854838752212137 0.604734638 -0.04 0.04 1.0 1.0 1.0 24.73 0.03 
0.0 13.0 0.9374723317261 0.48277882 0.05 0.07 0.987068965517241 0.987068965517241 0.987068966 232.6 0.14 
1.0 5.0 0.877425738443004 0.469052877 0.02 0.07 0.989090909090909 0.989090909090909 0.989090909 277.39 0.06 
0.0 261.0 0.417746971081039 0.208873486 0.0 0.0 1.0 0.996428571428571 0.998214286 0.1 0.01 
1.0 4.0 0.725390409428248 0.362695205 0.0 0.0 1.0 1.0 1.0 0.0 0.0 
0.0 72.0 0.0618485037323465 0.030924252 0.0 0.0 1.0 1.0 1.0 0.0 0.0 
1.0 1.0 0.16900100832117 0.084500504 0.0 0.0 1.0 1.0 1.0 0.0 0.0 
0.0 1.0 0.0 0.0 0.0 0.0 1.0 1.0 1.0 0.0 0.0 
1.0 1.0 0.715324272068189 0.918054998 0.09 0.27 0.988505747126436 0.988505747126436 0.988505747 541.18 1.02 
0.0 7.0 0.0 0.0 0.0 0.0 1.0 0.996632996632996 0.998316498 0.0 0.0 
1.0 2.0 0.040048630190433 0.031226271 0.1 0.1 0.983552631578947 0.986842105263157 0.985197368 425.6 0.87 
0.0 114.0 0.322747497288805 0.231849631 0.0 0.0 1.0 1.0 1.0 1.58 0.12 
1.0 7.0 0.531148512151595 0.265574256 0.0 0.0 1.0 1.0 1.0 0.0 0.0 
0.0 78.0 0.0519106893928764 0.025955345 0.0 0.0 1.0 1.0 1.0 0.0 0.0 
1.0 2.0 0.297980077655741 0.148990039 0.0 0.0 1.0 1.0 1.0 0.0 0.0 
0.0 263.0 0.285624184052025 0.208832447 -0.1 0.02 0.883280757097791 0.962145110410094 0.922712934 20.59 0.07 
1.0 2.0 0.0584062649333791 0.052532859 0.14 0.17 0.959595959595959 0.959595959595959 0.95959596 297.02 1.33 
0.0 20.0 0.038060092151583 0.028546982 0.0 0.0 1.0 1.0 1.0 0.01 0.0 
1.0 6.0 0.0829875844334236 0.111999077 0.11 0.11 0.986111111111111 0.986111111111111 0.986111111 344.8 0.83 
0.0 12.0 1.2022982207951 0.60114911 0.0 0.0 1.0 1.0 1.0 0.0 0.0 
1.0 7.0 0.158130423394943 0.079065212 0.0 0.0 1.0 0.996815286624203 0.998407643 0.0 0.0 
0.0 124.0 0.0216661847883997 0.021159136 0.0 0.0 1.0 0.945288753799392 0.972644377 0.06 0.01 
1.0 1.0 0.137606416000468 0.068803208 0.07 0.08 0.985422740524781 0.985422740524781 0.985422741 343.0 0.57 
0.0 135.0 0.662346471556216 0.341634962 0.0 0.0 1.0 1.0 1.0 0.61 0.02 
1.0 3.0 0.0 0.0 0.0 0.0 1.0 1.0 1.0 0.0 0.0 
0.0 147.0 0.133602354223687 0.066801177 0.0 0.0 1.0 0.993883792048929 0.996941896 0.0 0.0 
1.0 0.0 0.210529699050427 0.210529699 -0.04 0.0 0.972136222910216 0.972136222910216 0.972136223 0.0 1.83 
0.0 129.0 0.252551178148966 0.233517016 0.02 0.05 1.0 0.909793814432989 0.954896907 242.31 0.36 
1.0 3.0 0.799448849658138 0.399724425 0.0 0.0 1.0 1.0 1.0 0.0 0.0 
0.0 291.0 0.749601204475194 0.590520243 -0.03 0.05 1.0 0.997134670487106 0.998567335 113.49 0.33 
1.0 7.0 0.100987141924181 0.050493571 0.04 0.05 0.969283276450511 0.986348122866894 0.9778157 128.03 0.58 
0.0 170.0 0.170138956666946 0.085069478 0.0 0.0 1.0 0.91640866873065 0.958204334 0.0 0.0 
1.0 1.0 1.04365740701425 0.521828704 0.0 0.0 1.0 1.0 1.0 0.0 0.0 
0.0 188.0 0.0475417280017854 0.129185102 0.0 0.0 1.0 1.0 1.0 0.04 0.01 
1.0 2.0 0.627134148659682 0.373534355 0.05 0.08 0.985454545454545 0.985454545454545 0.985454545 276.12 0.24 
0.0 322.0 0.0 0.0 0.0 0.0 1.0 1.0 1.0 0.0 0.0 
1.0 3.0 0.0678872387735005 0.033943619 0.0 0.0 1.0 0.993710691823899 0.996855346 0.0 0.0 
0.0 54.0 0.545718595678117 0.272859298 0.0 0.0 1.0 1.0 1.0 0.0 0.0 
1.0 3.0 0.604811716417282 0.313150761 0.0 0.01 1.0 0.97452229299363 0.987261146 3.84 0.07 
0.0 69.0 0.0393639275619094 0.147937732 0.01 0.01 1.0 0.997134670487106 0.998567335 37.98 0.1 
1.0 1.0 0.0 0.0 0.0 0.0 1.0 1.0 1.0 0.0 0.0 
0.0 295.0 0.496539460484095 0.269477096 -0.01 0.0 1.0 0.992857142857142 0.996428571 0.34 0.04 
1.0 7.0 0.0399525207249724 0.01997626 0.0 0.0 1.0 1.0 1.0 0.0 0.0 
0.0 58.0 0.0233359043466066 0.678757382 -0.01 0.0 1.0 1.0 1.0 2.62 0.02 
1.0 6.0 0.502425366099554 0.275589873 0.11 0.25 0.931758530183727 0.997375328083989 0.964566929 381.16 1.53 
0.0 51.0 0.022993637240889 0.852619355 0.1 0.31 0.843023255813953 0.877906976744186 0.860465116 281.75 0.29 
1.0 6.0 1.35255209194157 1.332821441 0.16 0.79 0.930513595166163 0.930513595166163 0.930513595 753.67 0.64 
0.0 95.0 0.0835830637615662 0.041791532 0.0 0.0 1.0 0.995689655172413 0.997844828 0.0 0.0 
1.0 0.0 0.169855635539478 0.169855636 -0.01 0.0 0.994897959183673 0.994897959183673 0.994897959 0.0 1.17 
0.0 24.0 0.0 0.0 0.0 0.0 1.0 1.0 1.0 0.0 0.0 
1.0 4.0 0.018468244015651 0.693126715 0.0 0.0 1.0 1.0 1.0 1.45 0.01 
0.0 76.0 0.729096180970132 0.36454809 -0.03 0.03 1.0 0.971204188481675 0.985602094 18.31 0.27 
1.0 3.0 0.0524361530026488 0.109485626 0.04 0.05 0.957575757575757 0.984848484848484 0.971212121 114.74 0.52 
0.0 7.0 0.0491585546305135 0.12973559 0.04 0.06 0.937062937062937 0.986013986013986 0.961538462 91.57 0.55 
1.0 5.0 0.0769984593778077 0.03849923 0.0 0.0 1.0 1.0 1.0 0.0 0.0 
0.0 65.0 0.038968982908286 0.030142729 0.0 0.0 1.0 0.977917981072555 0.988958991 0.03 0.01 
1.0 2.0 0.0756333470998681 0.090808003 0.45 0.5 0.748538011695906 0.760233918128654 0.754385965 394.14 2.55 
0.0 1.0 0.472969912501066 0.435329513 0.12 0.15 0.979228486646884 0.982195845697329 0.980712166 408.23 0.64 
1.0 5.0 0.0531460073072784 0.026573004 0.0 0.0 1.0 1.0 1.0 0.0 0.0 
0.0 406.0 0.607103801952931 0.381368952 -0.06 0.02 0.894329896907216 0.943298969072164 0.918814433 11.1 0.11 
1.0 4.0 0.0618481957470582 0.042000139 0.09 0.1 0.980582524271844 0.980582524271844 0.980582524 309.01 0.89 
0.0 70.0 0.0221520819212152 0.011076041 0.0 0.0 1.0 0.996710526315789 0.998355263 0.0 0.0 
1.0 2.0 0.0322952391734162 0.082459783 0.0 0.0 1.0 1.0 1.0 0.03 0.01 
0.0 161.0 0.681208146406281 0.371614067 0.0 0.01 1.0 1.0 1.0 5.94 0.15 
1.0 3.0 0.694282668498343 0.651551206 0.09 0.13 0.989690721649484 0.994845360824742 0.992268041 434.9 0.06 
0.0 7.0 0.0859155013346631 0.067739076 0.17 0.21 0.946938775510204 0.963265306122448 0.955102041 245.0 1.75 
1.0 3.0 0.0985397007342185 0.04926985 0.0 0.0 1.0 1.0 1.0 0.0 0.0 
0.0 122.0 0.0814830923424272 0.119806758 0.0 0.0 1.0 0.996815286624203 0.998407643 0.13 0.02 
1.0 7.0 0.795416396299481 0.760423068 -0.03 0.18 1.0 1.0 1.0 99.3 0.35 
0.0 58.0 0.585579064670683 0.962383049 0.01 0.16 1.0 0.994845360824742 0.99742268 233.1 0.44 
1.0 7.0 0.392394301761928 0.364904963 -0.05 0.01 1.0 1.0 1.0 2.13 0.19 
0.0 361.0 1.16742091017953 1.161297772 -0.16 0.24 0.891752577319587 0.963917525773195 0.927835052 307.03 0.3 
1.0 4.0 0.710658978106077 0.366045336 0.02 0.02 1.0 0.993690851735015 0.996845426 159.35 0.04 
0.0 5.0 0.710658978106077 0.499435184 0.0 0.05 1.0 0.996845425867507 0.998422713 332.34 0.0 
1.0 1.0 0.0865899536265505 0.062460803 0.0 0.0 1.0 1.0 1.0 0.03 0.0 
0.0 401.0 1.95951017862725 1.563465544 -0.02 0.46 0.891752577319587 0.945876288659793 0.918814433 516.53 0.06 
1.0 7.0 0.413643065606016 0.83218265 -0.04 0.14 1.0 0.954545454545454 0.977272727 77.47 0.33 
0.0 187.0 0.0652143635114322 0.032607182 0.0 0.0 1.0 1.0 1.0 0.0 0.0 
1.0 7.0 1.82636916617556 1.629122041 -0.02 0.61 1.0 1.0 1.0 668.44 0.13 
0.0 12.0 1.93488201418692 0.967441007 -0.01 0.0 0.986522911051212 0.997304582210242 0.991913747 3.09 0.01 
1.0 6.0 0.37714652697009 0.188573263 0.31 0.64 0.663043478260869 0.663043478260869 0.663043478 184.0 2.76 
0.0 1.0 0.16900100832117 0.084500504 0.0 0.0 1.0 1.0 1.0 0.0 0.0 
1.0 7.0 0.0869592562665178 0.043479628 0.0 0.0 1.0 0.995999999999999 0.998 0.0 0.0 
0.0 24.0 0.0391798623289367 0.019589931 0.0 0.0 1.0 0.996763754045307 0.998381877 0.0 0.0 
