1.0 5.0 0.666045722146777 0.401098106 0.2 0.32 0.909793814432989 0.909793814432989 0.909793814 777.3 0.95 
0.0 81.0 0.675691647951523 0.39463555 -0.02 0.01 0.800796812749003 0.99203187250996 0.896414343 4.08 0.21 
1.0 1.0 0.019542337228798 0.009771169 0.03 0.03 0.994334277620396 0.994334277620396 0.994334278 353.0 0.37 
0.0 11.0 0.725390409428248 0.373240192 -0.01 0.0 1.0 1.0 1.0 0.68 0.02 
1.0 4.0 0.0285821223591092 0.014291061 0.0 0.0 1.0 0.996932515337423 0.998466258 0.0 0.0 
0.0 56.0 0.405226822409176 0.267355387 0.06 0.08 1.0 0.921875 0.9609375 263.98 0.32 
1.0 1.0 0.0530380851089993 0.050208913 0.06 0.07 0.991902834008097 0.991902834008097 0.991902834 370.0 0.57 
0.0 1.0 0.0822985228585321 0.041149261 0.0 0.0 1.0 1.0 1.0 0.0 0.0 
1.0 2.0 0.171924045593234 0.149531389 0.04 0.05 0.990624999999999 0.990624999999999 0.990625 320.28 0.27 
0.0 101.0 0.21876365787541 0.109381829 0.0 0.0 1.0 0.996655518394648 0.998327759 0.0 0.0 
1.0 3.0 0.0649157045465794 0.180712985 0.0 0.0 1.0 1.0 1.0 0.29 0.03 
0.0 148.0 0.0898033804732823 0.085425821 -0.02 0.0 0.940063091482649 0.996845425867507 0.968454259 0.4 0.05 
1.0 6.0 0.270261187922632 0.672614184 0.01 0.06 0.994736842105263 0.994736842105263 0.994736842 398.32 0.15 
0.0 123.0 0.0832790147097544 0.055579443 0.0 0.0 1.0 0.995689655172413 0.997844828 0.03 0.01 
1.0 1.0 0.0754569134062313 0.052957135 0.03 0.03 0.995215311004784 0.995215311004784 0.995215311 209.01 0.24 
0.0 98.0 0.0955489138209341 0.047774457 0.0 0.0 1.0 1.0 1.0 0.0 0.0 
1.0 3.0 0.0187247707446828 0.009362385 0.03 0.03 0.994609164420485 0.994609164420485 0.994609164 371.0 0.39 
0.0 651.0 0.099623389466162 0.049811695 0.0 0.0 1.0 0.955102040816326 0.97755102 0.24 0.04 
1.0 2.0 0.0 0.0 0.0 0.0 1.0 1.0 1.0 0.0 0.0 
0.0 61.0 0.0617684851168838 0.0411836 0.0 0.0 1.0 1.0 1.0 0.01 0.0 
1.0 5.0 0.740073044303277 0.370036522 0.24 0.45 0.833333333333333 0.833333333333333 0.833333333 330.0 1.18 
0.0 8.0 0.0600239093195218 0.051496673 0.0 0.0 1.0 1.0 1.0 0.02 0.0 
1.0 0.0 0.631299900908491 0.631299901 -0.1 0.0 1.0 1.0 1.0 0.0 2.56 
0.0 156.0 0.717885385512261 0.714272182 0.27 0.34 1.0 0.958990536277602 0.979495268 187.83 0.03 
1.0 7.0 1.46489640594791 1.281784583 0.01 0.24 1.0 0.994910941475826 0.997455471 718.96 0.02 
0.0 465.0 0.022993637240889 0.59123904 -0.09 0.06 0.843023255813953 0.982558139534883 0.912790698 26.74 0.78 
1.0 6.0 0.698586178962421 0.666977167 -0.01 0.05 1.0 0.994366197183098 0.997183099 163.78 0.11 
0.0 122.0 0.080994082333335 0.215698312 0.06 0.12 0.954198473282442 0.969465648854961 0.961832061 177.26 0.69 
1.0 1.0 0.288211390110029 0.154821542 0.03 0.04 0.993690851735015 0.996845425867507 0.995268139 317.06 0.23 
0.0 185.0 0.764223250704448 0.560687673 -0.02 0.03 1.0 0.988023952095808 0.994011976 9.86 0.2 
1.0 0.0 0.0 0.0 0.0 0.0 0.988023952095808 0.988023952095808 0.988023952 0.0 0.6 
0.0 165.0 0.254675095984233 0.127337548 0.0 0.0 1.0 0.991967871485943 0.995983936 0.0 0.0 
1.0 7.0 0.1731597557551 0.777229102 0.01 0.16 0.971786833855799 0.971786833855799 0.971786834 339.3 0.08 
0.0 82.0 0.340789061758102 0.170394531 0.0 0.0 1.0 1.0 1.0 0.0 0.0 
1.0 4.0 1.74079535094623 1.444719191 0.23 0.67 0.932944606413994 0.950437317784256 0.941690962 960.03 0.44 
0.0 382.0 0.0609818462123076 0.040659037 0.0 0.0 1.0 1.0 1.0 0.01 0.0 
1.0 4.0 0.320456761663141 0.160228381 0.22 0.3 0.871134020618556 0.889175257731958 0.880154639 326.99 1.87 
0.0 90.0 0.0900062014636241 0.045003101 0.0 0.0 1.0 0.988023952095808 0.994011976 0.04 0.01 
1.0 3.0 0.0 0.0 0.04 0.04 0.993846153846153 0.993846153846153 0.993846154 325.0 0.36 
0.0 9.0 0.661564174056686 0.344279072 0.0 0.0 1.0 0.933333333333333 0.966666667 0.22 0.03 
1.0 5.0 0.0600239093195218 0.040756857 0.0 0.0 1.0 1.0 1.0 0.01 0.0 
0.0 7.0 0.02427927049306 0.02427927 0.0 0.0 1.0 1.0 1.0 0.0 0.0 
1.0 1.0 0.0217855061668038 0.010892753 0.0 0.0 1.0 1.0 1.0 0.0 0.0 
0.0 412.0 0.440411624276462 0.220205812 -0.09 0.04 1.0 0.776119402985074 0.888059701 14.77 0.65 
1.0 7.0 0.0 0.0 0.0 0.0 1.0 1.0 1.0 0.0 0.0 
0.0 7.0 0.776930861034862 0.417276874 0.01 0.13 0.972677595628415 0.978142076502732 0.975409836 366.64 0.33 
1.0 6.0 0.0392676281005356 0.019633814 0.0 0.0 1.0 0.994301994301994 0.997150997 0.0 0.0 
0.0 402.0 0.772559187083392 1.366034683 -0.15 0.46 0.891752577319587 0.945876288659793 0.918814433 601.62 0.19 
1.0 4.0 0.953235176620347 0.488644771 0.0 0.0 1.0 1.0 1.0 1.6 0.02 
0.0 200.0 0.909661043781435 0.468094225 0.0 0.01 1.0 0.959183673469387 0.979591837 2.72 0.04 
1.0 3.0 0.0 0.0 0.09 0.09 0.981191222570532 0.981191222570532 0.981191223 319.0 0.82 
0.0 143.0 0.720242086623066 1.02971456 -0.09 0.12 1.0 0.909793814432989 0.954896907 83.28 0.05 
1.0 1.0 0.305431896321273 0.261979931 0.55 0.61 0.838028169014084 0.845070422535211 0.841549296 1322.25 2.75 
0.0 41.0 0.300284761735227 0.704688034 -0.03 0.03 0.956185567010309 0.997422680412371 0.976804124 36.66 0.02 
1.0 2.0 0.869409850419958 0.953013172 -0.01 0.32 0.994269340974212 0.994269340974212 0.994269341 521.26 0.13 
0.0 124.0 0.802468461302531 0.434981411 0.03 0.04 1.0 0.994565217391304 0.997282609 185.25 0.08 
1.0 6.0 0.837457844093488 0.606016984 0.1 0.22 0.95906432748538 0.961988304093567 0.960526316 411.15 0.62 
0.0 45.0 0.0511036014221082 0.038289404 0.03 0.04 0.988416988416988 0.992277992277992 0.99034749 172.0 0.34 
1.0 4.0 0.0507680121046872 0.025384006 0.32 0.36 0.825082508250825 0.851485148514851 0.838283828 255.82 2.24 
0.0 188.0 0.0248220402102694 0.01241102 0.0 0.0 0.988805970149253 0.996268656716417 0.992537313 0.02 0.0 
1.0 1.0 0.0 0.0 0.0 0.0 1.0 1.0 1.0 0.0 0.0 
0.0 98.0 0.70505755944942 0.35252878 0.0 0.0 1.0 0.996763754045307 0.998381877 0.0 0.0 
1.0 2.0 0.0522757283486831 0.807190564 0.02 0.07 0.99195710455764 0.99195710455764 0.991957105 457.36 0.12 
0.0 13.0 0.761160160014868 0.500770072 0.01 0.05 0.992277992277992 0.992277992277992 0.992277992 262.42 0.09 
1.0 0.0 0.0600239093195218 0.060023909 0.0 0.0 1.0 1.0 1.0 0.0 0.53 
0.0 168.0 0.0557409191195386 0.02787046 0.0 0.0 0.987068965517241 0.995689655172413 0.99137931 0.04 0.01 
1.0 5.0 0.379221687023667 0.199060879 0.03 0.04 0.997267759562841 0.997267759562841 0.99726776 732.0 0.19 
0.0 9.0 0.0868001863622652 0.358593767 0.03 0.04 1.0 1.0 1.0 34.61 0.42 
1.0 1.0 0.518995554423142 0.259497777 0.01 0.02 0.996865203761755 0.996865203761755 0.996865204 319.0 0.09 
0.0 16.0 0.0289826220377761 0.014491311 0.0 0.0 1.0 1.0 1.0 0.0 0.0 
1.0 5.0 0.0416737059285854 0.169091986 0.0 0.0 1.0 1.0 1.0 0.19 0.02 
0.0 362.0 0.0265274065792525 0.013263703 0.0 0.0 1.0 1.0 1.0 0.0 0.0 
1.0 0.0 0.149583774342253 0.149583774 0.0 0.0 0.994301994301994 0.994301994301994 0.994301994 0.0 1.26 
0.0 319.0 0.0231292442921568 0.011564622 0.0 0.0 1.0 0.954861111111111 0.977430556 0.05 0.01 
1.0 7.0 0.735357685902965 1.158930512 0.09 0.79 0.899305555555555 0.930555555555555 0.914930556 498.04 0.39 
0.0 154.0 0.0233359043466066 0.110285047 0.0 0.0 1.0 0.996503496503496 0.998251748 0.1 0.01 
1.0 0.0 0.0896596069085538 0.089659607 0.0 0.0 1.0 1.0 1.0 0.0 0.71 
0.0 20.0 0.568237555072452 0.848842163 -0.05 0.08 0.994318181818181 0.99715909090909 0.995738636 570.72 0.06 
1.0 5.0 0.0 0.0 0.0 0.0 1.0 1.0 1.0 0.0 0.0 
0.0 8.0 0.137056916424926 0.136164643 0.0 0.0 1.0 1.0 1.0 0.2 0.03 
1.0 3.0 0.798195478142292 0.527754396 -0.02 0.03 0.976623376623376 0.997402597402597 0.987012987 64.53 0.21 
0.0 106.0 0.0215482557268673 0.06854448 0.0 0.0 1.0 0.996815286624203 0.998407643 0.04 0.01 
1.0 5.0 0.812045541980583 0.41670973 0.01 0.04 0.996845425867507 0.996845425867507 0.996845426 422.0 0.09 
0.0 133.0 0.808627497424305 0.751455083 -0.02 0.05 0.994845360824742 0.997422680412371 0.996134021 70.68 0.18 
1.0 4.0 0.74909820900541 0.374549105 0.05 0.08 0.985221674876847 0.985221674876847 0.985221675 203.0 0.24 
0.0 64.0 1.10972979170143 1.095433795 0.13 0.47 1.0 0.981249999999999 0.990625 454.07 1.1 
1.0 4.0 0.0 0.0 0.03 0.03 0.994845360824742 0.994845360824742 0.994845361 194.0 0.33 
0.0 44.0 0.604474956703898 0.856620409 0.07 0.27 1.0 0.990624999999999 0.9953125 274.66 0.58 
1.0 6.0 0.761553150571371 0.380776575 0.0 0.0 1.0 1.0 1.0 0.0 0.0 
0.0 7.0 0.02427927049306 0.02427927 0.0 0.0 1.0 1.0 1.0 0.0 0.0 
1.0 4.0 0.0898033804732823 0.110922046 0.04 0.13 0.883280757097791 0.940063091482649 0.911671924 143.98 1.19 
0.0 165.0 0.0698935560551578 0.146576405 0.0 0.0 1.0 1.0 1.0 0.18 0.02 
1.0 2.0 0.0202845880542838 0.010142294 0.0 0.0 1.0 1.0 1.0 0.0 0.0 
0.0 201.0 0.0 0.0 0.0 0.0 1.0 1.0 1.0 0.0 0.0 
1.0 5.0 0.0557409191195386 0.02787046 0.0 0.0 0.995689655172413 0.995689655172413 0.995689655 0.01 0.0 
0.0 96.0 0.535703223614362 0.352586627 -0.13 0.08 1.0 0.713836477987421 0.856918239 34.48 1.08 
1.0 6.0 0.0 0.0 0.2 0.24 0.924778761061946 0.929203539823008 0.92699115 211.69 1.74 
0.0 68.0 0.0804993914724776 0.040249696 0.0 0.0 1.0 0.993333333333333 0.996666667 0.0 0.0 
1.0 7.0 0.0 0.0 0.06 0.06 0.98921832884097 0.98921832884097 0.989218329 371.0 0.62 
0.0 110.0 0.308607375001017 0.22791764 -0.02 0.0 0.992277992277992 0.992277992277992 0.992277992 0.62 0.07 
1.0 2.0 0.0 0.0 0.19 0.23 0.938775510204081 0.938775510204081 0.93877551 245.0 1.7 
0.0 59.0 0.838227258499489 1.398868719 0.02 0.36 0.90721649484536 0.945876288659793 0.926546392 609.92 0.05 
1.0 1.0 0.306377016417389 0.166685493 0.01 0.01 1.0 1.0 1.0 9.95 0.19 
0.0 125.0 0.39128385161505 0.339747621 0.03 0.18 0.867507886435331 0.996845425867507 0.932176656 293.06 0.79 
1.0 3.0 0.2263212832386 0.113160642 0.0 0.0 1.0 1.0 1.0 0.0 0.0 
0.0 184.0 0.669740131854434 0.334870066 -0.01 0.0 1.0 0.995689655172413 0.997844828 1.56 0.05 
1.0 3.0 0.0553960351055113 0.027698018 0.0 0.0 1.0 1.0 1.0 0.0 0.0 
0.0 31.0 0.607716097375422 0.326514245 0.0 0.01 1.0 1.0 1.0 4.13 0.05 
1.0 6.0 0.0 0.0 0.0 0.0 1.0 1.0 1.0 0.0 0.0 
0.0 117.0 0.023546567098459 0.023476121 0.0 0.0 1.0 0.992957746478873 0.996478873 0.01 0.0 
1.0 1.0 0.935824645391622 0.674125123 0.19 0.3 0.924137931034482 0.924137931034482 0.924137931 300.38 0.38 
0.0 20.0 0.0618485037323465 0.04913369 0.0 0.0 1.0 1.0 1.0 0.01 0.0 
1.0 4.0 0.200583594627875 0.100291797 0.0 0.0 1.0 1.0 1.0 0.0 0.0 
0.0 127.0 0.308607375001017 0.154303688 0.0 0.0 1.0 0.992277992277992 0.996138996 0.0 0.0 
1.0 1.0 0.0 0.0 0.1 0.11 0.977198697068403 0.977198697068403 0.977198697 307.0 0.96 
0.0 27.0 0.570709670831186 0.338676883 0.01 0.03 1.0 0.997455470737913 0.998727735 64.57 0.21 
1.0 3.0 1.36083999245676 1.255505042 0.15 0.54 0.981249999999999 0.981249999999999 0.98125 849.54 0.59 
0.0 397.0 0.682325935624429 0.50353517 0.04 0.11 1.0 0.815625 0.9078125 107.64 0.45 
1.0 0.0 0.0 0.0 0.0 0.0 1.0 1.0 1.0 0.0 0.0 
0.0 87.0 0.0490972616360192 0.149466136 -0.01 0.0 0.904225352112676 0.991549295774647 0.947887324 2.64 0.01 
1.0 6.0 0.604811716417282 0.529411654 0.2 0.29 1.0 0.97452229299363 0.987261146 206.28 1.76 
0.0 438.0 0.901181852102095 0.849347272 0.01 0.37 1.0 0.928853754940711 0.964426877 165.88 0.38 
1.0 3.0 0.0826659191126461 0.128853456 0.1 0.14 0.959459459459459 0.963963963963963 0.961711712 196.55 1.1 
0.0 43.0 0.796275561074849 0.628931009 0.02 0.12 0.988636363636363 0.988636363636363 0.988636364 384.45 0.07 
1.0 5.0 0.0 0.0 0.0 0.0 1.0 1.0 1.0 0.0 0.0 
0.0 102.0 0.311735854536451 0.296578625 -0.01 0.01 1.0 0.988130563798219 0.994065282 2.55 0.2 
1.0 3.0 0.0201313384327796 0.635426786 -0.03 0.04 1.0 0.963068181818181 0.981534091 27.14 0.19 
0.0 192.0 0.568250342771362 0.284125171 0.0 0.0 1.0 1.0 1.0 0.0 0.0 
1.0 3.0 0.846299466951633 0.423149733 0.0 0.0 1.0 1.0 1.0 0.0 0.0 
0.0 175.0 0.0467492277569555 0.023374614 0.0 0.0 1.0 1.0 1.0 0.0 0.0 
1.0 5.0 0.171986576106427 0.136591703 0.03 0.03 1.0 1.0 1.0 184.06 0.2 
0.0 56.0 0.0913754666410589 0.358314257 0.02 0.03 1.0 0.968197879858657 0.98409894 30.32 0.32 
1.0 0.0 0.0573493811853469 0.057349381 0.0 0.0 0.994475138121546 0.994475138121546 0.994475138 0.0 0.68 
0.0 244.0 0.890561650446367 0.835020247 0.03 0.13 1.0 0.896907216494845 0.948453608 306.85 0.68 
1.0 2.0 0.0773036079807894 0.052540983 0.0 0.0 1.0 1.0 1.0 0.01 0.0 
0.0 42.0 0.0 0.0 0.0 0.0 1.0 1.0 1.0 0.0 0.0 
1.0 2.0 0.148770568367181 0.074385284 0.0 0.0 1.0 1.0 1.0 0.0 0.0 
0.0 154.0 0.568250342771362 0.295017924 0.0 0.0 1.0 1.0 1.0 0.22 0.02 
1.0 7.0 0.0577147699548351 0.039183428 0.0 0.0 1.0 1.0 1.0 0.01 0.0 
0.0 308.0 0.856546399635595 0.438960159 -0.02 0.01 1.0 0.996845425867507 0.998422713 3.44 0.06 
1.0 3.0 0.0748929709006422 0.089466118 0.0 0.0 1.0 0.991428571428571 0.995714286 0.12 0.02 
0.0 80.0 0.281198134803726 0.208674312 0.01 0.03 0.909793814432989 0.997422680412371 0.953608247 89.96 0.2 
1.0 4.0 0.0645814363776275 0.259457454 0.02 0.02 0.997032640949554 0.997032640949554 0.997032641 337.38 0.06 
0.0 2.0 1.16427178278879 0.582135891 0.0 0.0 1.0 1.0 1.0 0.0 0.0 
1.0 7.0 0.0278798704683955 0.027829114 0.0 0.0 1.0 0.995689655172413 0.997844828 0.01 0.0 
0.0 37.0 0.0215482557268673 0.021548256 0.02 0.02 1.0 1.0 1.0 313.0 0.26 
1.0 3.0 0.0310873835982239 0.015543692 0.42 0.67 0.537234042553191 0.539893617021276 0.53856383 372.0 2.27 
0.0 141.0 0.0238338863025335 0.02379762 0.0 0.0 1.0 0.996415770609318 0.998207885 0.01 0.0 
1.0 4.0 0.521035522257514 0.393993052 0.01 0.03 1.0 1.0 1.0 114.27 0.13 
0.0 6.0 0.954786664104014 0.498053653 0.01 0.01 1.0 1.0 1.0 217.42 0.04 
1.0 2.0 0.0206520864796601 0.020652086 0.0 0.0 1.0 1.0 1.0 0.0 0.0 
0.0 215.0 0.740636982546526 0.370318491 0.0 0.0 1.0 1.0 1.0 0.0 0.0 
1.0 3.0 0.627437033677109 0.324348198 0.01 0.02 0.996865203761755 0.996865203761755 0.996865204 319.48 0.03 
0.0 181.0 0.042668116212028 0.021334058 0.0 0.0 0.891025641025641 0.996794871794871 0.943910256 0.13 0.01 
1.0 3.0 0.680889987266653 1.048196858 0.01 0.19 1.0 1.0 1.0 108.23 0.16 
0.0 3.0 0.604811716417282 0.313150761 0.0 0.01 1.0 0.97452229299363 0.987261146 3.84 0.07 
1.0 3.0 0.779478842749047 1.059332938 0.01 0.14 1.0 1.0 1.0 232.38 0.16 
0.0 177.0 0.422715705077721 0.230635096 0.0 0.0 1.0 0.980891719745222 0.99044586 0.35 0.04 
1.0 6.0 0.572566128403681 0.840182933 0.03 0.23 0.924137931034482 0.948275862068965 0.936206897 264.13 0.19 
0.0 120.0 0.0455410717570152 0.022770536 0.0 0.0 1.0 0.992277992277992 0.996138996 0.0 0.0 
1.0 7.0 0.0461365951180433 0.023068298 0.0 0.0 1.0 1.0 1.0 0.0 0.0 
0.0 337.0 0.0280853074773292 0.027931833 0.0 0.0 1.0 0.987068965517241 0.993534483 0.02 0.0 
1.0 6.0 0.0558624014980071 0.164473505 0.01 0.01 1.0 1.0 1.0 30.28 0.1 
0.0 167.0 0.455156439386743 0.245268381 -0.01 0.0 0.997134670487106 0.997134670487106 0.99713467 0.63 0.05 
1.0 5.0 0.725446257432056 0.673365344 0.01 0.17 1.0 1.0 1.0 93.55 0.93 
0.0 186.0 0.0217855061668038 0.076738531 0.0 0.0 1.0 1.0 1.0 0.03 0.0 
1.0 6.0 0.0364344158699368 0.018217208 0.02 0.02 0.997032640949554 0.997032640949554 0.997032641 337.0 0.18 
0.0 192.0 0.849195285639652 0.424597643 0.0 0.0 1.0 1.0 1.0 0.0 0.0 
1.0 1.0 0.0 0.0 0.0 0.0 1.0 1.0 1.0 0.0 0.0 
0.0 30.0 0.0841156071386904 0.163279104 0.01 0.02 0.997912317327766 0.997912317327766 0.997912317 479.34 0.05 
1.0 6.0 0.0 0.0 0.0 0.0 1.0 1.0 1.0 0.0 0.0 
0.0 80.0 0.0 0.0 0.0 0.0 1.0 0.984210526315789 0.992105263 0.0 0.0 
1.0 7.0 0.0892795288691111 0.060512839 0.02 0.03 0.960591133004926 0.975369458128078 0.967980296 42.6 0.49 
0.0 74.0 0.0583116684022933 0.029155834 0.0 0.0 1.0 0.996932515337423 0.998466258 0.0 0.0 
1.0 1.0 0.048641233763665 0.102676593 0.03 0.03 0.994413407821229 0.994413407821229 0.994413408 358.12 0.21 
0.0 188.0 0.585579064670683 0.387301249 -0.04 0.03 0.914948453608247 0.994845360824742 0.954896907 78.7 0.05 
1.0 1.0 0.145084308791065 0.072542154 0.0 0.0 1.0 1.0 1.0 0.0 0.0 
0.0 582.0 0.41646373300315 0.208231867 0.0 0.0 1.0 0.996428571428571 0.998214286 0.17 0.02 
1.0 3.0 0.190472447016791 0.71564926 0.1 0.25 0.93859649122807 0.944444444444444 0.941520468 344.77 0.41 
0.0 22.0 0.245314927190565 0.133146787 0.0 0.0 1.0 0.900928792569659 0.950464396 0.18 0.02 
1.0 4.0 0.740073044303277 0.421592871 0.23 0.46 0.833333333333333 0.833333333333333 0.833333333 333.07 0.99 
0.0 156.0 0.0218456969045175 0.021815602 0.0 0.0 1.0 0.996763754045307 0.998381877 0.01 0.0 
1.0 3.0 0.0261664344208699 0.013083217 0.0 0.0 1.0 1.0 1.0 0.0 0.0 
0.0 9.0 0.0759774505806457 0.217232497 0.0 0.0 1.0 0.997395833333333 0.998697917 0.46 0.04 
1.0 0.0 0.0 0.0 0.0 0.0 1.0 1.0 1.0 0.0 0.0 
0.0 527.0 0.0851513859728799 0.077983153 -0.02 0.01 0.878125 0.93125 0.9046875 4.28 0.31 
1.0 1.0 0.0924435952521726 0.046221798 0.0 0.0 1.0 1.0 1.0 0.0 0.0 
0.0 39.0 0.424969879546915 0.293148292 0.0 0.0 1.0 1.0 1.0 1.0 0.1 
1.0 7.0 0.779657777840341 0.716283729 -0.08 0.02 1.0 1.0 1.0 11.28 0.03 
0.0 55.0 0.551878325578596 0.286831916 0.0 0.0 1.0 1.0 1.0 0.21 0.02 
1.0 1.0 0.0 0.0 0.0 0.0 1.0 1.0 1.0 0.0 0.0 
0.0 293.0 0.934273627248996 0.596094319 0.01 0.02 1.0 1.0 1.0 20.39 0.29 
1.0 1.0 0.0863128372055108 0.069111763 0.0 0.0 1.0 1.0 1.0 0.05 0.01 
0.0 8.0 0.1267535669658 0.063376783 0.0 0.0 1.0 1.0 1.0 0.0 0.0 
1.0 7.0 0.517165350026592 0.258582675 0.0 0.0 1.0 0.994845360824742 0.99742268 0.0 0.0 
0.0 89.0 0.0586151312253593 0.040804384 -0.01 0.0 1.0 0.897832817337461 0.948916409 0.36 0.04 
1.0 5.0 0.460391620286963 0.23019581 0.02 0.02 0.996677740863787 0.996677740863787 0.996677741 301.0 0.11 
0.0 9.0 1.95951017862725 1.076093193 0.09 0.28 0.940721649484536 0.945876288659793 0.943298969 582.84 0.23 
1.0 3.0 0.0519757477187856 0.040569575 0.0 0.0 1.0 1.0 1.0 0.01 0.0 
0.0 3.0 0.0895595271659474 0.612255504 0.04 0.09 0.980544747081712 0.992217898832684 0.986381323 415.52 0.28 
