1.0 0.0 0.0 0.0 0.0 0.0 1.0 1.0 1.0 0.0 0.0 
0.0 457.0 0.336788082190399 0.234829061 -0.03 0.07 0.894329896907216 0.90721649484536 0.900773196 191.8 0.0 
1.0 3.0 0.485906818748069 0.253095703 0.03 0.04 0.994082840236686 0.994082840236686 0.99408284 338.21 0.14 
0.0 318.0 0.292000331379623 1.02087577 -0.02 0.05 0.997032640949554 0.997032640949554 0.997032641 62.88 0.03 
1.0 4.0 0.0429694362376849 0.079255071 0.0 0.0 1.0 1.0 1.0 0.04 0.01 
0.0 156.0 0.441370542519562 0.220685271 -0.01 0.0 1.0 0.984177215189873 0.992088608 0.91 0.08 
1.0 7.0 0.838227258499489 0.518711412 0.25 0.39 0.90721649484536 0.90721649484536 0.907216495 643.23 1.41 
0.0 20.0 0.71457721974786 0.641685066 -0.04 0.08 1.0 0.206185567010309 0.603092784 74.32 0.19 
1.0 3.0 0.0650018938097876 0.032500947 0.0 0.0 1.0 1.0 1.0 0.0 0.0 
0.0 48.0 0.545718595678117 0.35545997 0.0 0.0 1.0 1.0 1.0 1.49 0.1 
1.0 0.0 0.0233359043466066 0.023335904 -0.03 0.0 0.959595959595959 0.959595959595959 0.95959596 0.0 1.39 
0.0 93.0 0.0586151312253593 0.029307566 -0.01 0.0 1.0 0.897832817337461 0.948916409 0.34 0.03 
1.0 7.0 0.0234758940935979 0.011737947 0.0 0.0 1.0 1.0 1.0 0.0 0.0 
0.0 108.0 0.156671153032737 0.812963186 -0.01 0.03 0.981873111782477 0.993957703927492 0.987915408 22.3 0.09 
1.0 4.0 0.0 0.0 0.0 0.0 1.0 1.0 1.0 0.0 0.0 
0.0 60.0 0.0546588236180275 0.027329412 0.0 0.0 1.0 1.0 1.0 0.0 0.0 
1.0 4.0 0.0352954379540603 0.079585681 0.0 0.0 1.0 1.0 1.0 0.04 0.01 
0.0 225.0 0.0 0.0 0.0 0.0 1.0 1.0 1.0 0.0 0.0 
1.0 1.0 0.0814830923424272 0.068118932 0.0 0.0 1.0 1.0 1.0 0.02 0.0 
0.0 226.0 0.244629048678779 0.122314524 -0.03 0.02 0.237918215613382 0.970260223048327 0.604089219 7.11 0.03 
1.0 7.0 0.0967603495281212 0.163406033 0.0 0.0 1.0 1.0 1.0 0.27 0.03 
0.0 23.0 0.106644096151696 0.053322048 0.0 0.0 1.0 0.997455470737913 0.998727735 0.0 0.0 
1.0 1.0 0.0535433011336311 0.045648335 0.03 0.03 1.0 1.0 1.0 152.9 0.39 
0.0 42.0 0.0 0.0 -0.01 0.0 0.935672514619882 0.994152046783625 0.964912281 0.14 0.02 
1.0 5.0 0.475931977304072 0.316314631 0.11 0.13 0.979472140762463 0.979472140762463 0.979472141 480.45 0.65 
0.0 82.0 0.0426229687350899 0.138171982 0.0 0.0 0.977987421383647 0.996855345911949 0.987421384 0.24 0.03 
1.0 0.0 0.021906245315443 0.021906245 -0.03 0.0 0.921921921921921 0.921921921921921 0.921921922 0.0 2.51 
0.0 176.0 0.862425975002266 0.442709806 -0.07 0.03 1.0 0.897832817337461 0.948916409 19.03 0.41 
1.0 6.0 0.355757474132766 0.177878737 0.0 0.0 1.0 1.0 1.0 0.0 0.0 
0.0 59.0 0.0216070477846688 0.010803524 0.0 0.0 1.0 0.996794871794871 0.998397436 0.0 0.0 
1.0 4.0 1.32717063195249 0.663585316 0.0 0.0 1.0 1.0 1.0 0.0 0.0 
0.0 253.0 0.373561247301554 0.186780624 0.0 0.0 1.0 1.0 1.0 0.0 0.0 
1.0 0.0 0.0 0.0 0.0 0.0 1.0 1.0 1.0 0.0 0.0 
0.0 336.0 0.0599601521247647 0.089880504 0.0 0.0 1.0 1.0 1.0 0.04 0.01 
1.0 1.0 0.608819744380155 0.930399804 0.08 0.19 0.989690721649484 0.989690721649484 0.989690722 687.48 0.18 
0.0 427.0 0.0263455923390652 0.013172796 0.0 0.0 1.0 0.991967871485943 0.995983936 0.0 0.0 
1.0 1.0 0.017741822561726 0.060660686 0.0 0.0 1.0 1.0 1.0 0.02 0.0 
0.0 3.0 0.576650295333497 0.966245426 0.0 0.18 1.0 0.997455470737913 0.998727735 129.32 0.25 
1.0 4.0 0.0983515449236965 0.049175772 0.0 0.0 1.0 1.0 1.0 0.0 0.0 
0.0 104.0 0.0490972616360192 0.533972827 0.0 0.03 0.991549295774647 0.997183098591549 0.994366197 160.07 0.05 
1.0 5.0 0.789486677558522 0.785457269 0.04 0.44 1.0 0.88235294117647 0.941176471 206.61 0.04 
0.0 28.0 0.0557409191195386 0.041759639 0.03 0.03 1.0 0.995689655172413 0.997844828 232.0 0.24 
1.0 6.0 0.0 0.0 0.01 0.01 0.966244725738396 0.995780590717299 0.981012658 28.75 0.21 
0.0 257.0 0.0 0.0 0.0 0.0 1.0 0.984756097560975 0.992378049 0.0 0.0 
1.0 3.0 0.0209786462403052 0.010489323 0.0 0.0 1.0 1.0 1.0 0.0 0.0 
0.0 149.0 0.0832790147097544 0.041639507 0.0 0.0 1.0 0.987068965517241 0.993534483 0.04 0.01 
1.0 5.0 0.460391620286963 0.23019581 0.02 0.02 0.996677740863787 0.996677740863787 0.996677741 301.0 0.11 
0.0 28.0 0.362809547243076 0.181404774 0.0 0.0 0.997912317327766 0.997912317327766 0.997912317 0.09 0.01 
1.0 5.0 0.0222144687344339 0.077265773 0.0 0.0 1.0 1.0 1.0 0.02 0.0 
0.0 38.0 0.936369487461149 0.544411999 -0.01 0.02 1.0 0.996323529411764 0.998161765 10.26 0.06 
1.0 6.0 1.71838615096986 1.53050183 0.22 0.57 0.942598187311178 0.978851963746223 0.960725076 714.38 0.71 
0.0 16.0 0.729348314245303 0.364674157 0.05 0.14 0.969465648854961 0.969465648854961 0.969465649 262.0 0.59 
1.0 1.0 0.123384978179192 0.061692489 0.0 0.0 1.0 1.0 1.0 0.0 0.0 
0.0 126.0 0.68099914326541 0.408302331 -0.02 0.02 0.981072555205047 0.993690851735015 0.987381703 11.14 0.11 
1.0 7.0 0.0678872387735005 0.047584859 0.0 0.0 1.0 1.0 1.0 0.01 0.0 
0.0 73.0 0.0736037987603155 0.048435189 0.0 0.0 1.0 1.0 1.0 0.01 0.0 
1.0 1.0 1.61336252461857 0.806681262 0.0 0.0 1.0 1.0 1.0 0.0 0.0 
0.0 81.0 0.675691647951523 0.39463555 -0.02 0.01 0.800796812749003 0.99203187250996 0.896414343 4.08 0.21 
1.0 6.0 0.0 0.0 0.0 0.0 1.0 1.0 1.0 0.0 0.0 
0.0 25.0 0.114220509998658 0.057110255 0.0 0.0 1.0 1.0 1.0 0.0 0.0 
1.0 1.0 0.0 0.0 0.1 0.11 0.977198697068403 0.977198697068403 0.977198697 307.0 0.96 
0.0 18.0 0.0 0.0 0.0 0.0 1.0 1.0 1.0 0.0 0.0 
1.0 7.0 0.040048630190433 0.140819573 0.0 0.0 1.0 1.0 1.0 0.09 0.01 
0.0 285.0 0.0366167293797121 0.018308365 0.0 0.0 1.0 1.0 1.0 0.0 0.0 
1.0 5.0 0.990016688534748 0.580537146 0.0 0.02 1.0 0.94535519125683 0.972677596 49.55 0.11 
0.0 394.0 0.099623389466162 0.084183606 -0.1 0.02 0.900928792569659 0.910216718266253 0.905572755 55.17 0.06 
1.0 4.0 0.0682483659324245 0.034124183 0.0 0.0 1.0 1.0 1.0 0.0 0.0 
0.0 0.0 0.0383614089131149 0.038361409 0.0 0.0 1.0 1.0 1.0 0.0 0.25 
1.0 0.0 0.159885819577868 0.15988582 -0.01 0.0 0.991452991452991 0.991452991452991 0.991452991 0.0 1.72 
0.0 81.0 0.209647343987608 0.104823672 0.0 0.0 1.0 0.993736951983298 0.996868476 0.0 0.0 
1.0 0.0 1.24082607371499 1.240826074 -0.75 0.0 0.93859649122807 0.93859649122807 0.938596491 0.0 0.42 
0.0 375.0 0.642067283321906 0.321033642 0.0 0.0 1.0 0.991836734693877 0.995918367 0.0 0.0 
1.0 2.0 0.587290789639407 0.370093481 0.1 0.19 0.849849849849849 0.918918918918918 0.884384384 194.51 1.13 
0.0 10.0 0.0266735207925976 0.023107929 0.0 0.0 1.0 1.0 1.0 0.0 0.0 
1.0 3.0 1.36083999245676 1.255505042 0.15 0.54 0.981249999999999 0.981249999999999 0.98125 849.54 0.59 
0.0 96.0 0.742709694902273 0.396514367 -0.01 0.0 1.0 0.990445859872611 0.99522293 0.68 0.04 
1.0 7.0 0.0817712794043339 0.04088564 0.04 0.05 0.992094861660079 0.992094861660079 0.992094862 253.0 0.37 
0.0 2.0 0.300541430905019 0.249681686 0.1 0.11 1.0 1.0 1.0 251.66 0.83 
1.0 5.0 0.764223250704448 0.382111625 0.0 0.0 1.0 1.0 1.0 0.0 0.0 
0.0 294.0 0.0837348173339184 0.052881623 0.02 0.02 1.0 0.996721311475409 0.998360656 305.0 0.18 
1.0 0.0 0.0 0.0 0.0 0.0 1.0 1.0 1.0 0.0 0.0 
0.0 167.0 0.831372799847455 0.791822487 0.16 0.46 1.0 1.0 1.0 263.4 0.75 
1.0 0.0 0.822961039054412 0.822961039 -0.44 0.0 1.0 1.0 1.0 0.0 0.15 
0.0 105.0 0.0221520819212152 0.011076041 0.0 0.0 1.0 0.996710526315789 0.998355263 0.0 0.0 
1.0 7.0 0.778860094821956 0.595569724 0.0 0.12 1.0 0.969613259668508 0.98480663 74.85 0.62 
0.0 50.0 0.0842013440645039 0.382704745 -0.01 0.01 1.0 1.0 1.0 7.95 0.19 
1.0 3.0 0.131629170846095 0.065814585 0.08 0.08 0.984520123839009 0.984520123839009 0.984520124 323.0 0.6 
0.0 68.0 0.702239380528821 0.51655114 -0.06 0.01 1.0 0.989090909090909 0.994545455 4.82 0.21 
1.0 4.0 0.0742260696704329 0.357418646 -0.01 0.0 1.0 1.0 1.0 1.11 0.08 
0.0 216.0 0.764887109287822 0.686853427 -0.1 0.07 0.90721649484536 0.989690721649484 0.948453608 79.91 0.19 
1.0 1.0 0.0396091040103975 0.148679085 0.15 0.16 0.962025316455696 0.962025316455696 0.962025316 316.13 0.97 
0.0 11.0 0.0 0.0 0.04 0.04 0.994152046783625 0.994152046783625 0.994152047 342.0 0.39 
1.0 1.0 0.0217855061668038 0.010892753 0.0 0.0 1.0 1.0 1.0 0.0 0.0 
0.0 1.0 0.517165350026592 0.258582675 0.02 0.03 0.994845360824742 0.994845360824742 0.994845361 194.0 0.14 
1.0 1.0 0.0 0.0 0.0 0.0 1.0 0.9921875 0.99609375 0.0 0.0 
0.0 5.0 0.0764595424535969 0.048945618 0.0 0.0 1.0 0.993690851735015 0.996845426 0.04 0.01 
1.0 4.0 0.300006577152955 0.22963586 0.48 0.55 0.820422535211267 0.82394366197183 0.822183099 907.85 2.4 
0.0 79.0 0.59239407069282 0.450383387 -0.06 0.02 1.0 1.0 1.0 9.21 0.32 
1.0 4.0 0.0806795859498008 0.160312869 0.03 0.03 0.994623655913978 0.994623655913978 0.994623656 372.26 0.15 
0.0 129.0 0.669740131854434 0.334870066 0.0 0.0 1.0 1.0 1.0 0.0 0.0 
1.0 6.0 0.907374955335904 1.40280539 0.12 0.56 0.90406976744186 0.985465116279069 0.944767442 795.73 0.04 
0.0 7.0 0.422615274913311 0.278943822 0.0 0.01 1.0 1.0 1.0 14.45 0.01 
1.0 4.0 0.830916896932323 1.123530323 0.11 0.36 1.0 1.0 1.0 524.67 0.98 
0.0 391.0 0.461097186127269 0.831697703 0.05 0.23 1.0 0.938775510204081 0.969387755 117.65 0.76 
1.0 2.0 0.839248804382156 0.539814394 0.0 0.05 0.992277992277992 0.992277992277992 0.992277992 261.42 0.04 
0.0 197.0 0.0 0.0 0.0 0.0 1.0 0.996323529411764 0.998161765 0.0 0.0 
1.0 4.0 0.053661721482253 0.140488699 0.03 0.04 0.993710691823899 0.993710691823899 0.993710692 318.19 0.19 
0.0 17.0 0.136195407391988 0.068097704 0.0 0.0 1.0 0.994301994301994 0.997150997 0.0 0.0 
1.0 6.0 1.5614484427067 0.780724221 -0.01 0.0 0.986522911051212 0.997304582210242 0.991913747 1.04 0.03 
0.0 92.0 1.53403479156979 1.331740781 0.12 0.71 0.985795454545454 0.994318181818181 0.990056818 481.64 0.42 
1.0 4.0 0.0415529100534006 0.020776455 0.0 0.0 1.0 1.0 1.0 0.0 0.0 
0.0 228.0 0.685319188258604 0.427729072 -0.06 0.01 1.0 0.91640866873065 0.958204334 9.5 0.17 
1.0 2.0 0.0 0.0 0.0 0.0 1.0 1.0 1.0 0.0 0.0 
0.0 5.0 0.0392676281005356 0.113578454 0.02 0.02 1.0 0.994301994301994 0.997150997 351.12 0.1 
1.0 3.0 0.0200808046632287 0.010040402 0.05 0.05 0.991253644314868 0.991253644314868 0.991253644 343.0 0.47 
0.0 128.0 0.0771462314252572 0.188045131 0.01 0.01 1.0 0.996503496503496 0.998251748 15.18 0.11 
1.0 1.0 0.0 0.0 0.0 0.0 1.0 1.0 1.0 0.0 0.0 
0.0 4.0 0.0591785835882164 0.700898712 0.21 0.36 0.894329896907216 0.894329896907216 0.894329897 777.85 0.69 
1.0 1.0 0.0 0.0 0.0 0.0 1.0 1.0 1.0 0.0 0.0 
0.0 4.0 0.694560805960911 0.420352776 0.05 0.06 1.0 1.0 1.0 37.91 0.55 
1.0 7.0 0.619066288955174 0.333797472 0.01 0.02 1.0 1.0 1.0 12.1 0.22 
0.0 1.0 0.305431896321273 0.261979931 0.55 0.61 0.838028169014084 0.845070422535211 0.841549296 1322.25 2.75 
1.0 4.0 0.12420272721827 0.062101364 0.43 0.69 0.539893617021276 0.539893617021276 0.539893617 376.0 2.23 
0.0 639.0 0.0868001863622652 0.146496118 0.0 0.0 1.0 0.978540772532188 0.989270386 0.32 0.04 
1.0 2.0 0.0 0.0 0.0 0.0 1.0 1.0 1.0 0.0 0.0 
0.0 75.0 0.454333471311518 0.304938946 0.0 0.0 1.0 0.997032640949554 0.99851632 0.9 0.08 
1.0 2.0 0.581869819672327 0.29093491 0.02 0.02 0.996774193548387 0.996774193548387 0.996774194 310.0 0.07 
0.0 78.0 0.578528757450903 0.314587166 0.03 0.03 1.0 0.985250737463126 0.992625369 225.44 0.1 
1.0 6.0 0.0829875844334236 0.111999077 0.11 0.11 0.986111111111111 0.986111111111111 0.986111111 344.8 0.83 
0.0 20.0 0.517165350026592 0.258582675 0.02 0.03 0.994845360824742 0.994845360824742 0.994845361 194.0 0.13 
1.0 7.0 0.0712759023849942 0.045780245 0.0 0.0 1.0 1.0 1.0 0.01 0.0 
0.0 42.0 0.0429694362376849 0.042969436 0.0 0.0 1.0 1.0 1.0 0.01 0.0 
1.0 3.0 0.343139337552586 0.235102954 -0.02 0.02 1.0 0.744755244755244 0.872377622 10.15 0.53 
0.0 26.0 0.0968506565216047 0.166627871 0.0 0.0 1.0 1.0 1.0 0.27 0.03 
1.0 4.0 0.710368202388891 0.485315949 0.08 0.15 0.980237154150197 0.980237154150197 0.980237154 278.93 0.68 
0.0 327.0 0.245037850129314 0.122518925 0.0 0.0 1.0 1.0 1.0 0.0 0.0 
1.0 6.0 0.0900604750842983 0.069391793 0.02 0.02 1.0 1.0 1.0 80.25 0.3 
0.0 240.0 0.0 0.0 0.0 0.0 1.0 1.0 1.0 0.0 0.0 
1.0 3.0 0.87740625145043 0.438703126 0.0 0.0 1.0 1.0 1.0 0.0 0.0 
0.0 93.0 0.0641154300769788 0.112267138 0.0 0.0 1.0 1.0 1.0 0.11 0.01 
1.0 7.0 0.314651240234804 0.21671011 0.06 0.1 0.973474801061007 0.9973474801061 0.985411141 184.63 1.16 
0.0 11.0 0.757843585355024 0.400004081 0.07 0.13 0.962457337883959 0.962457337883959 0.962457338 241.46 0.46 
1.0 4.0 0.438214872969555 0.229514434 0.16 0.18 0.961651917404129 0.961651917404129 0.961651917 678.0 0.83 
0.0 13.0 0.0904388751185517 0.045219438 0.03 0.03 0.988023952095808 0.994011976047904 0.991017964 83.01 0.25 
1.0 7.0 0.0904388751185517 0.045219438 0.03 0.04 0.994011976047904 0.994011976047904 0.994011976 167.0 0.28 
0.0 11.0 0.082924387701208 0.076292939 0.0 0.0 1.0 1.0 1.0 0.05 0.01 
1.0 3.0 0.235649142468084 0.641346659 -0.02 0.03 1.0 1.0 1.0 18.08 0.02 
0.0 97.0 0.215484026054626 0.765268765 -0.03 0.07 1.0 0.974212034383954 0.987106017 39.78 0.16 
1.0 5.0 0.0609818462123076 0.111682232 0.02 0.03 1.0 1.0 1.0 166.52 0.27 
0.0 190.0 0.788362224835953 0.394181112 -0.04 0.01 1.0 0.985250737463126 0.992625369 6.96 0.07 
1.0 7.0 0.0 0.0 0.0 0.0 1.0 1.0 1.0 0.0 0.0 
0.0 5.0 0.696576102069622 0.983056991 0.19 0.5 1.0 1.0 1.0 659.95 1.01 
1.0 4.0 0.690569449065795 0.379065859 0.04 0.14 0.925233644859813 0.962616822429906 0.943925234 616.12 0.77 
0.0 3.0 0.87740625145043 0.438703126 0.0 0.0 1.0 1.0 1.0 0.0 0.0 
1.0 1.0 0.0 0.0 0.0 0.0 1.0 1.0 1.0 0.0 0.0 
0.0 133.0 0.0 0.0 0.0 0.0 1.0 0.99236641221374 0.996183206 0.0 0.0 
1.0 5.0 0.419476629126541 0.262533899 0.05 0.07 0.985250737463126 0.988200589970501 0.986725664 312.01 0.31 
0.0 210.0 0.0904388751185517 0.045219438 0.0 0.0 1.0 0.994011976047904 0.997005988 0.0 0.0 
1.0 6.0 0.758550205750609 0.379275103 0.0 0.0 1.0 0.996874999999999 0.9984375 0.0 0.0 
0.0 38.0 0.0237613531260355 0.011880677 0.0 0.0 1.0 1.0 1.0 0.0 0.0 
1.0 3.0 0.0 0.0 0.0 0.0 1.0 1.0 1.0 0.0 0.0 
0.0 5.0 0.0721777615461715 0.336683452 0.01 0.02 1.0 1.0 1.0 11.18 0.24 
1.0 4.0 0.0 0.0 0.15 0.17 0.960526315789473 0.960526315789473 0.960526316 304.0 1.37 
0.0 78.0 0.0 0.0 0.0 0.0 1.0 1.0 1.0 0.0 0.0 
1.0 1.0 0.041727642634605 0.039594882 0.0 0.0 1.0 1.0 1.0 0.01 0.0 
0.0 81.0 0.570709670831186 1.090939288 0.05 0.23 1.0 0.994910941475826 0.997455471 365.64 0.51 
1.0 5.0 0.0222772335300707 0.011138617 0.02 0.02 0.996688741721854 0.996688741721854 0.996688742 302.0 0.22 
0.0 176.0 0.64056840835715 0.33563926 0.0 0.0 1.0 0.996677740863787 0.99833887 0.81 0.05 
1.0 4.0 0.742709694902273 0.440390686 0.04 0.09 0.990445859872611 0.990445859872611 0.99044586 485.89 0.26 
0.0 2.0 0.0444153979532044 0.077336939 0.02 0.02 1.0 1.0 1.0 344.73 0.16 
1.0 5.0 0.313648565456556 0.16671589 0.0 0.0 1.0 1.0 1.0 0.07 0.01 
0.0 244.0 0.0310873835982239 0.015543692 0.0 0.0 1.0 0.985221674876847 0.992610837 0.02 0.0 
1.0 7.0 0.0 0.0 0.0 0.0 1.0 0.994565217391304 0.997282609 0.0 0.0 
0.0 33.0 0.498165535626351 0.259856896 0.0 0.01 0.996815286624203 0.996815286624203 0.996815287 5.89 0.08 
1.0 5.0 0.870055851611776 0.445222001 0.01 0.05 0.991097922848664 0.991097922848664 0.991097923 338.35 0.13 
0.0 4.0 0.576650295333497 0.384110609 0.0 0.01 1.0 0.997455470737913 0.998727735 7.44 0.08 
1.0 0.0 0.0 0.0 0.0 0.0 1.0 1.0 1.0 0.0 0.0 
0.0 182.0 0.658905609973488 0.329452805 -0.04 0.01 1.0 0.971786833855799 0.985893417 3.5 0.09 
1.0 4.0 0.291226496128171 0.726881446 0.03 0.17 0.948170731707317 0.966463414634146 0.957317073 251.5 0.72 
0.0 49.0 1.03997355946109 0.51998678 0.0 0.0 1.0 0.997032640949554 0.99851632 0.0 0.0 
1.0 6.0 0.0939206553876554 0.093338496 0.09 0.12 0.968553459119496 0.977987421383647 0.97327044 507.23 1.05 
0.0 449.0 0.407701828830892 0.303448697 -0.07 0.03 0.894329896907216 0.90721649484536 0.900773196 23.07 0.22 
1.0 5.0 0.0850302743642083 0.066270044 0.09 0.1 0.978947368421052 0.978947368421052 0.978947368 285.03 0.75 
0.0 187.0 0.0277783581726275 0.027778358 0.0 0.0 1.0 1.0 1.0 0.0 0.0 
1.0 4.0 0.740510656554896 0.370255328 0.0 0.0 1.0 1.0 1.0 0.0 0.0 
0.0 53.0 0.0649157045465794 0.244942792 0.01 0.01 1.0 1.0 1.0 15.06 0.09 
1.0 5.0 0.0342305497175502 0.081654406 0.0 0.0 1.0 1.0 1.0 0.02 0.01 
0.0 7.0 0.0279821836452784 0.013991092 0.07 0.12 0.966244725738396 0.970464135021097 0.96835443 206.47 1.05 
1.0 3.0 0.844108960810132 0.42205448 0.01 0.02 0.997237569060773 0.997237569060773 0.997237569 362.0 0.04 
0.0 104.0 2.00111894137571 1.000559471 0.0 0.0 1.0 0.997206703910614 0.998603352 0.0 0.0 
1.0 1.0 0.0353803230759327 0.017690162 0.0 0.0 1.0 1.0 1.0 0.0 0.0 
0.0 286.0 0.74804818024726 0.37402409 0.0 0.0 1.0 1.0 1.0 0.0 0.0 
1.0 3.0 0.0771462314252572 0.337650506 -0.01 0.0 1.0 1.0 1.0 0.93 0.07 
0.0 50.0 0.227500014573539 0.62399255 0.13 0.17 1.0 0.997455470737913 0.998727735 302.2 0.6 
1.0 7.0 0.876244992850717 1.048065376 0.0 0.29 1.0 1.0 1.0 190.33 0.7 
0.0 47.0 0.201293898347424 0.100646949 0.0 0.0 1.0 1.0 1.0 0.0 0.0 
1.0 5.0 0.0 0.0 0.0 0.0 1.0 1.0 1.0 0.0 0.0 
0.0 40.0 0.0241288360030556 0.012064418 0.0 0.0 1.0 1.0 1.0 0.0 0.0 
1.0 6.0 0.0 0.0 0.0 0.0 1.0 1.0 1.0 0.0 0.0 
0.0 10.0 0.0352109907044965 0.08237385 0.0 0.0 1.0 1.0 1.0 0.05 0.01 
