1.0 5.0 0.0 0.0 0.12 0.14 0.968944099378882 0.968944099378882 0.968944099 161.0 1.14 
0.0 184.0 0.0287409193078362 0.01437046 0.0 0.0 1.0 1.0 1.0 0.0 0.0 
1.0 3.0 0.023546567098459 0.023546567 0.0 0.0 1.0 1.0 1.0 0.0 0.0 
0.0 41.0 0.834694147442099 0.417347074 0.0 0.0 1.0 1.0 1.0 0.0 0.0 
1.0 0.0 0.0 0.0 0.0 0.0 1.0 1.0 1.0 0.0 0.0 
0.0 273.0 0.0557409191195386 0.02787046 0.0 0.0 1.0 0.995689655172413 0.997844828 0.0 0.0 
1.0 5.0 0.0928502941431213 0.363079781 0.0 0.02 0.43491124260355 0.997041420118343 0.715976331 10.2 0.12 
0.0 84.0 0.0419476776352413 0.020973839 0.0 0.0 1.0 0.969040247678018 0.984520124 0.06 0.01 
1.0 4.0 0.0285821223591092 0.014291061 0.0 0.0 1.0 0.996932515337423 0.998466258 0.0 0.0 
0.0 288.0 0.0725348902086271 0.092251144 0.0 0.01 1.0 0.996960486322188 0.998480243 16.82 0.14 
1.0 3.0 0.487931497868867 0.483327396 0.13 0.17 0.994252873563218 0.997126436781609 0.995689655 984.6 0.74 
0.0 170.0 0.944729522285407 0.82769425 0.26 0.36 1.0 0.914826498422712 0.957413249 188.74 0.08 
1.0 4.0 0.287459069803765 0.143729535 0.0 0.0 1.0 1.0 1.0 0.0 0.0 
0.0 59.0 0.0693153717009414 0.048546865 0.0 0.0 1.0 0.995689655172413 0.997844828 0.02 0.0 
1.0 3.0 0.0261664344208699 0.013083217 0.0 0.0 1.0 1.0 1.0 0.0 0.0 
0.0 6.0 0.131728022046043 0.123196652 0.0 0.0 1.0 0.996960486322188 0.998480243 0.2 0.03 
1.0 5.0 0.0600239093195218 0.040756857 0.0 0.0 1.0 1.0 1.0 0.01 0.0 
0.0 119.0 0.0 0.0 0.0 0.0 1.0 0.994845360824742 0.99742268 0.0 0.0 
1.0 4.0 0.0 0.0 0.0 0.0 1.0 1.0 1.0 0.0 0.0 
0.0 33.0 0.577038493029405 0.87123945 0.13 0.46 0.991452991452991 0.994301994301994 0.992877493 432.86 2.03 
1.0 1.0 1.04365740701425 0.521828704 0.0 0.0 1.0 1.0 1.0 0.0 0.0 
0.0 95.0 0.934273627248996 0.467136814 0.0 0.0 1.0 1.0 1.0 0.0 0.0 
1.0 7.0 0.704433045823142 0.667410197 0.01 0.06 1.0 1.0 1.0 30.55 0.3 
0.0 11.0 0.0627602166108864 0.04907027 0.0 0.0 1.0 1.0 1.0 0.01 0.0 
1.0 4.0 0.184280723719605 0.092140362 0.03 0.03 0.995495495495495 0.995495495495495 0.995495495 222.0 0.24 
0.0 573.0 0.0 0.0 0.0 0.0 1.0 0.938775510204081 0.969387755 0.0 0.0 
1.0 2.0 0.431439280559023 0.84351015 0.0 0.13 1.0 1.0 1.0 249.79 0.27 
0.0 322.0 0.021906245315443 0.077131263 0.0 0.0 1.0 1.0 1.0 0.03 0.01 
1.0 4.0 0.0842013440645039 0.073110666 0.25 0.29 0.929230769230769 0.929230769230769 0.929230769 811.96 1.78 
0.0 28.0 0.890561650446367 0.613674866 0.2 0.35 0.894329896907216 0.896907216494845 0.895618557 601.91 0.89 
1.0 5.0 0.983455261219971 0.576340676 -0.01 0.0 1.0 1.0 1.0 2.84 0.07 
0.0 35.0 0.0559453810900975 0.027972691 0.0 0.0 0.991379310344827 0.995689655172413 0.993534483 0.02 0.0 
1.0 5.0 0.0866216601957414 0.123546447 0.1 0.11 0.976588628762541 0.976588628762541 0.976588629 299.2 0.67 
0.0 226.0 0.0555380567855558 0.041658207 0.0 0.0 1.0 1.0 1.0 0.01 0.0 
1.0 3.0 0.680889987266653 1.048196858 0.01 0.19 1.0 1.0 1.0 108.23 0.16 
0.0 170.0 0.0516160194702958 0.038715936 0.0 0.0 1.0 1.0 1.0 0.01 0.0 
1.0 3.0 0.0 0.0 0.0 0.0 1.0 1.0 1.0 0.0 0.0 
0.0 19.0 0.0205987150611097 0.020441652 0.05 0.06 0.964912280701754 0.982456140350877 0.973684211 167.96 0.77 
1.0 7.0 0.743750789585327 1.288807715 0.19 0.74 0.511173184357541 0.533519553072625 0.522346369 473.19 0.53 
0.0 171.0 0.56619542798145 0.304466609 -0.02 0.0 0.867507886435331 0.996845425867507 0.932176656 0.99 0.08 
1.0 6.0 0.0744486206082655 0.372543663 -0.01 0.0 1.0 0.996655518394648 0.998327759 1.81 0.08 
0.0 83.0 0.0682000566160935 0.18652328 0.0 0.01 0.974763406940063 0.996845425867507 0.985804416 17.25 0.13 
1.0 6.0 0.403728606408585 0.220357967 0.02 0.02 0.996978851963746 0.996978851963746 0.996978852 331.18 0.09 
0.0 56.0 0.0364188753405764 0.03133728 0.0 0.0 1.0 1.0 1.0 0.0 0.0 
1.0 7.0 0.0408716724134533 0.116360871 0.05 0.06 0.988130563798219 0.988130563798219 0.988130564 337.07 0.43 
0.0 143.0 0.0 0.0 0.0 0.0 1.0 0.997912317327766 0.998956159 0.0 0.0 
1.0 4.0 0.0 0.0 0.05 0.06 0.989690721649484 0.989690721649484 0.989690722 194.0 0.54 
0.0 20.0 1.30189333173805 0.712425166 -0.1 0.07 1.0 0.993333333333333 0.996666667 141.04 0.2 
1.0 2.0 0.0 0.0 0.24 0.26 0.925925925925925 0.925925925925925 0.925925926 270.0 1.94 
0.0 29.0 0.0353803230759327 0.035380323 0.0 0.0 1.0 1.0 1.0 0.01 0.0 
1.0 5.0 0.039827557911359 0.019913779 0.0 0.0 1.0 1.0 1.0 0.0 0.0 
0.0 6.0 0.787007043964788 0.393503522 0.0 0.0 1.0 1.0 1.0 0.0 0.0 
1.0 0.0 1.00400732910698 1.004007329 -0.49 0.0 0.974789915966386 0.974789915966386 0.974789916 0.0 1.61 
0.0 20.0 0.038060092151583 0.028546982 0.0 0.0 1.0 1.0 1.0 0.01 0.0 
1.0 4.0 0.0218456969045175 0.010922848 0.02 0.02 0.996763754045307 0.996763754045307 0.996763754 309.0 0.21 
0.0 20.0 0.127620475367279 0.125331982 0.0 0.0 1.0 1.0 1.0 0.18 0.02 
1.0 2.0 0.724094770979972 0.982460422 0.15 0.67 0.93859649122807 0.93859649122807 0.938596491 597.48 0.21 
0.0 224.0 0.0 0.0 0.0 0.0 1.0 0.993846153846153 0.996923077 0.0 0.0 
1.0 6.0 0.0376557446286782 0.029317195 0.0 0.0 1.0 1.0 1.0 0.01 0.0 
0.0 61.0 0.0576228878985421 0.028811444 0.0 0.0 1.0 0.978142076502732 0.989071038 0.0 0.0 
1.0 3.0 0.0525693263147386 0.254031905 0.0 0.0 1.0 1.0 1.0 0.62 0.05 
0.0 106.0 0.0641154300769788 0.321322094 0.0 0.0 1.0 0.985250737463126 0.992625369 1.35 0.08 
1.0 0.0 0.0467492277569555 0.046749228 0.0 0.0 1.0 1.0 1.0 0.0 0.45 
0.0 16.0 0.304846503320781 0.264554946 -0.02 0.01 1.0 0.996845425867507 0.998422713 5.51 0.09 
1.0 1.0 0.0455410717570152 0.035508139 0.04 0.05 0.992277992277992 0.992277992277992 0.992277992 259.01 0.36 
0.0 203.0 0.167936448820998 0.083968224 0.0 0.0 1.0 1.0 1.0 0.0 0.0 
1.0 5.0 0.0 0.0 0.03 0.03 0.996078431372549 0.996078431372549 0.996078431 255.0 0.27 
0.0 17.0 0.871253545707312 0.446228061 0.01 0.02 1.0 0.996865203761755 0.998432602 319.0 0.07 
1.0 1.0 0.149583774342253 0.074791887 0.01 0.02 0.994301994301994 0.997150997150997 0.995726496 175.0 0.14 
0.0 151.0 0.0559453810900975 0.05584315 0.0 0.0 0.991379310344827 0.995689655172413 0.993534483 0.05 0.01 
1.0 3.0 0.866460128427678 1.082771918 0.04 0.17 0.994413407821229 0.994413407821229 0.994413408 488.93 0.05 
0.0 78.0 0.578528757450903 0.314587166 0.03 0.03 1.0 0.985250737463126 0.992625369 225.44 0.1 
1.0 5.0 0.890979672632821 0.757546379 0.13 0.41 0.867986798679867 0.973597359735973 0.920792079 523.26 1.31 
0.0 3.0 0.0524361530026488 0.109485626 0.04 0.05 0.957575757575757 0.984848484848484 0.971212121 114.74 0.52 
1.0 7.0 0.0553960351055113 0.055396035 0.0 0.0 1.0 1.0 1.0 0.03 0.01 
0.0 214.0 0.0904388751185517 0.045219438 0.0 0.0 1.0 0.994011976047904 0.997005988 0.0 0.0 
1.0 5.0 0.0344701086652954 0.017235054 0.0 0.0 1.0 1.0 1.0 0.0 0.0 
0.0 14.0 0.0 0.0 0.0 0.0 1.0 1.0 1.0 0.0 0.0 
1.0 1.0 0.134258729623652 0.128858734 0.38 0.64 0.581761006289308 0.60062893081761 0.591194969 930.06 1.95 
0.0 197.0 0.788362224835953 0.683445491 -0.07 0.03 1.0 0.985250737463126 0.992625369 15.57 0.08 
1.0 5.0 0.0206520864796601 0.082568621 0.0 0.0 1.0 0.996960486322188 0.998480243 0.03 0.01 
0.0 268.0 0.836902271913767 1.015224569 0.05 0.18 0.899484536082474 0.997422680412371 0.948453608 394.51 0.02 
1.0 5.0 0.0707274255828398 0.053053874 0.0 0.0 1.0 1.0 1.0 0.01 0.0 
0.0 136.0 0.0652983351897185 0.14442628 0.0 0.0 1.0 1.0 1.0 0.12 0.02 
1.0 2.0 0.0217855061668038 0.010892753 0.0 0.0 1.0 1.0 1.0 0.0 0.0 
0.0 192.0 1.25197986296574 1.144603502 -0.05 0.2 0.84020618556701 0.989690721649484 0.914948454 377.78 0.11 
1.0 6.0 0.322747497288805 0.217489355 0.0 0.0 1.0 1.0 1.0 0.67 0.07 
0.0 96.0 0.0600239093195218 0.109077166 0.0 0.0 1.0 0.996815286624203 0.998407643 0.1 0.01 
1.0 6.0 0.0544400002632224 0.077605879 0.03 0.04 0.846416382252559 0.979522184300341 0.912969283 259.91 0.43 
0.0 33.0 0.0206520864796601 0.010326043 0.0 0.0 1.0 0.979166666666666 0.989583333 0.0 0.0 
1.0 2.0 0.0429694362376849 0.032229621 0.0 0.0 1.0 1.0 1.0 0.01 0.0 
0.0 300.0 0.749601204475194 0.449761327 -0.04 0.01 0.997134670487106 0.997134670487106 0.99713467 5.34 0.2 
1.0 1.0 0.0619860642827818 0.030993032 0.06 0.06 0.988805970149253 0.988805970149253 0.98880597 268.0 0.5 
0.0 79.0 0.173532589180978 0.086766295 0.0 0.0 1.0 0.997101449275362 0.998550725 0.0 0.0 
1.0 5.0 0.498347501879491 0.763064325 -0.02 0.06 1.0 1.0 1.0 51.63 0.11 
0.0 91.0 0.0 0.0 0.0 0.0 1.0 0.996350364963503 0.998175182 0.0 0.0 
1.0 3.0 0.117529803717087 0.058764902 0.0 0.0 1.0 1.0 1.0 0.0 0.0 
0.0 116.0 0.0220900695991859 0.011045035 0.0 0.0 1.0 1.0 1.0 0.0 0.0 
1.0 1.0 0.0327206861068792 0.029533139 0.0 0.0 1.0 0.77327935222672 0.886639676 0.3 0.03 
0.0 12.0 0.755972795565318 0.397290096 0.02 0.02 1.0 0.994413407821229 0.997206704 130.49 0.19 
1.0 3.0 0.844108960810132 0.42205448 0.01 0.02 0.997237569060773 0.997237569060773 0.997237569 362.0 0.04 
0.0 17.0 0.154512801681532 0.077256401 0.0 0.0 1.0 1.0 1.0 0.0 0.0 
1.0 4.0 0.572790721532204 0.869115564 -0.06 0.1 0.988603988603988 0.991452991452991 0.99002849 325.23 0.15 
0.0 129.0 0.0764595424535969 0.233871697 0.0 0.02 1.0 0.867507886435331 0.933753943 53.56 0.19 
1.0 1.0 0.240038828967687 0.18603977 0.31 0.43 0.883280757097791 0.883280757097791 0.883280757 864.89 2.27 
0.0 129.0 0.0365253272739986 0.133165165 0.0 0.0 1.0 0.997014925373134 0.998507463 0.09 0.01 
1.0 2.0 0.0 0.0 0.06 0.06 0.989473684210526 0.989473684210526 0.989473684 285.0 0.56 
0.0 31.0 0.0150784451220806 0.007539223 0.01 0.01 0.991649269311064 0.997912317327766 0.994780793 119.0 0.14 
1.0 2.0 0.0584604345508042 0.213833018 0.24 0.32 0.90721649484536 0.909793814432989 0.908505155 467.36 1.76 
0.0 169.0 0.158783978067245 0.079391989 -0.01 0.0 1.0 0.900928792569659 0.950464396 0.64 0.07 
1.0 2.0 0.440063122201629 0.230357604 0.02 0.02 0.996969696969696 0.996969696969696 0.996969697 330.14 0.08 
0.0 34.0 0.0429694362376849 0.032229621 0.0 0.0 1.0 1.0 1.0 0.01 0.0 
1.0 1.0 0.050461537934643 0.025230769 0.0 0.0 1.0 1.0 1.0 0.0 0.0 
0.0 186.0 0.394322512422639 0.356591822 0.05 0.07 1.0 1.0 1.0 203.03 0.46 
1.0 4.0 0.602088852611363 0.301044426 0.0 0.0 1.0 1.0 1.0 0.0 0.0 
0.0 161.0 0.0 0.0 0.0 0.0 1.0 0.776119402985074 0.888059701 0.0 0.0 
1.0 4.0 0.0727003585248474 0.036350179 0.0 0.0 1.0 1.0 1.0 0.0 0.0 
0.0 28.0 0.0 0.0 0.0 0.0 1.0 1.0 1.0 0.0 0.0 
1.0 3.0 0.779478842749047 1.059332938 0.01 0.14 1.0 1.0 1.0 232.38 0.16 
0.0 30.0 0.135793958751593 0.067896979 0.0 0.0 1.0 0.993311036789297 0.996655518 0.0 0.0 
1.0 6.0 0.0411950173244082 0.119180902 0.13 0.15 0.959999999999999 0.966666666666666 0.963333333 285.68 1.15 
0.0 272.0 0.400197728931149 0.218032946 0.01 0.01 1.0 0.871134020618556 0.93556701 54.81 0.06 
1.0 5.0 0.0 0.0 0.0 0.0 1.0 1.0 1.0 0.0 0.0 
0.0 45.0 0.0 0.0 0.0 0.0 1.0 0.989473684210526 0.994736842 0.0 0.0 
1.0 2.0 0.191126049679829 0.729641902 -0.01 0.06 0.993333333333333 0.993333333333333 0.993333333 311.9 0.05 
0.0 123.0 0.0234056746645995 0.123479949 0.0 0.0 1.0 1.0 1.0 0.04 0.01 
1.0 2.0 0.0 0.0 0.0 0.0 1.0 1.0 1.0 0.0 0.0 
0.0 8.0 0.585579064670683 0.918779464 0.06 0.18 0.989690721649484 0.994845360824742 0.992268041 448.75 0.87 
1.0 6.0 0.0277783581726275 0.066402051 0.0 0.0 1.0 1.0 1.0 0.02 0.0 
0.0 6.0 0.564349536703467 0.309678401 -0.01 0.0 1.0 0.997354497354497 0.998677249 0.54 0.04 
1.0 1.0 0.36416639636829 0.182083198 0.0 0.0 1.0 1.0 1.0 0.0 0.0 
0.0 21.0 0.63175395502762 0.389425001 0.01 0.03 1.0 0.991935483870967 0.995967742 13.01 0.28 
1.0 3.0 0.0835830637615662 0.041791532 0.03 0.03 0.995689655172413 0.995689655172413 0.995689655 232.0 0.25 
0.0 202.0 0.71566540623662 0.698436776 0.06 0.26 1.0 0.980132450331125 0.990066225 115.99 0.4 
1.0 5.0 0.0216070477846688 0.021607048 0.0 0.0 1.0 1.0 1.0 0.0 0.0 
0.0 88.0 0.021089974675165 0.069422917 0.0 0.0 1.0 1.0 1.0 0.02 0.0 
1.0 2.0 0.0773036079807894 0.052540983 0.0 0.0 1.0 1.0 1.0 0.01 0.0 
0.0 1.0 0.407701828830892 0.875160334 0.35 0.52 0.894329896907216 0.894329896907216 0.894329897 640.22 0.96 
1.0 2.0 0.323535568963029 0.276552566 -0.01 0.0 1.0 1.0 1.0 1.3 0.11 
0.0 227.0 1.2022982207951 0.60114911 0.0 0.0 1.0 1.0 1.0 0.0 0.0 
1.0 1.0 0.134258729623652 0.128858734 0.38 0.64 0.581761006289308 0.60062893081761 0.591194969 930.06 1.95 
0.0 160.0 0.117193836260767 0.058596918 0.0 0.0 1.0 1.0 1.0 0.0 0.0 
1.0 7.0 0.996335770611198 0.508712873 0.21 0.31 0.903954802259887 0.906779661016949 0.905367232 400.59 1.3 
0.0 129.0 0.02427927049306 0.012139635 0.0 0.0 1.0 1.0 1.0 0.0 0.0 
1.0 5.0 0.0300923446103394 0.03003255 0.03 0.03 1.0 0.995283018867924 0.997641509 212.0 0.28 
0.0 847.0 0.0 0.0 0.0 0.0 1.0 0.984375 0.9921875 0.0 0.0 
1.0 4.0 0.175060111284035 0.141591452 0.05 0.09 0.990384615384615 0.990384615384615 0.990384615 422.36 0.64 
0.0 12.0 0.836902271913767 0.561354911 0.12 0.16 0.997422680412371 0.997422680412371 0.99742268 532.15 0.76 
1.0 7.0 0.692400987461596 0.346200494 0.0 0.0 1.0 1.0 1.0 0.0 0.0 
0.0 83.0 0.0555380567855558 0.041658207 0.0 0.0 1.0 1.0 1.0 0.01 0.0 
1.0 0.0 0.0 0.0 0.0 0.0 0.988338192419825 0.988338192419825 0.988338192 0.0 0.58 
0.0 12.0 0.604811716417282 0.332417813 0.0 0.0 1.0 0.97452229299363 0.987261146 1.41 0.02 
1.0 7.0 0.0 0.0 0.0 0.0 1.0 1.0 1.0 0.0 0.0 
0.0 58.0 0.0920157819756407 0.124382764 0.0 0.0 0.984293193717277 0.994764397905759 0.989528796 0.2 0.04 
1.0 6.0 0.912586765576423 0.540531552 0.01 0.03 0.997354497354497 0.997354497354497 0.997354497 399.04 0.05 
0.0 13.0 0.02427927049306 0.012139635 0.0 0.0 1.0 1.0 1.0 0.0 0.0 
1.0 0.0 1.30511164817586 1.305111648 -0.43 0.0 0.992146596858638 0.992146596858638 0.992146597 0.0 0.16 
0.0 215.0 0.0616067104727896 0.043214375 0.0 0.0 0.988805970149253 0.996268656716417 0.992537313 0.06 0.01 
1.0 2.0 0.321010647839868 0.160505324 0.0 0.0 1.0 1.0 1.0 0.0 0.0 
0.0 75.0 0.608819744380155 0.985659905 0.07 0.18 1.0 0.989690721649484 0.994845361 361.46 0.0 
1.0 6.0 0.131691556532417 0.582715029 -0.01 0.03 1.0 1.0 1.0 13.65 0.01 
0.0 0.0 0.0337510120778166 0.033751012 -0.01 0.0 0.985401459854014 0.985401459854014 0.98540146 0.0 0.78 
1.0 3.0 0.0 0.0 0.02 0.02 0.996268656716417 0.996268656716417 0.996268657 268.0 0.28 
0.0 2.0 1.16387657316298 0.581938287 0.0 0.0 1.0 1.0 1.0 0.0 0.0 
1.0 4.0 0.831696082680391 0.426477723 0.01 0.02 0.996865203761755 0.996865203761755 0.996865204 320.14 0.07 
0.0 213.0 0.0239068963031024 0.011953448 0.0 0.0 1.0 0.992831541218638 0.996415771 0.0 0.0 
1.0 2.0 0.620835068099577 0.952863671 -0.04 0.17 1.0 1.0 1.0 110.55 0.56 
0.0 1.0 0.0420406911276813 0.021020346 0.0 0.0 1.0 1.0 1.0 0.0 0.0 
1.0 3.0 0.817179769477342 0.408589885 0.02 0.02 0.996621621621621 0.996621621621621 0.996621622 296.0 0.09 
0.0 199.0 0.69029217016548 0.345146085 0.0 0.0 1.0 0.996987951807228 0.998493976 0.0 0.0 
1.0 7.0 0.230620583898675 0.115310292 0.0 0.0 1.0 1.0 1.0 0.0 0.0 
0.0 365.0 0.472969912501066 1.111360561 0.0 0.17 0.982195845697329 0.997032640949554 0.989614243 147.86 0.18 
1.0 7.0 0.0771830516089681 0.057895224 0.04 0.04 1.0 1.0 1.0 712.0 0.33 
0.0 14.0 0.510688668859979 0.266002572 -0.01 0.0 1.0 0.996855345911949 0.998427673 0.53 0.04 
1.0 2.0 0.0895595271659474 0.808569985 -0.02 0.06 0.988326848249027 0.992217898832684 0.990272374 182.98 0.0 
0.0 34.0 0.68942790900576 0.539301715 -0.01 0.06 0.962025316455696 0.971518987341772 0.966772152 33.03 0.0 
1.0 6.0 0.783161823896616 0.772357487 0.02 0.11 1.0 1.0 1.0 171.97 0.06 
0.0 162.0 0.681208146406281 0.340604073 0.0 0.0 1.0 1.0 1.0 0.0 0.0 
1.0 7.0 0.258508044281012 0.212272839 0.0 0.01 1.0 1.0 1.0 46.77 0.07 
0.0 4.0 0.834694147442099 0.436937005 0.01 0.02 1.0 0.996763754045307 0.998381877 309.63 0.03 
1.0 5.0 0.730886481410996 0.594112562 -0.04 0.21 0.515306122448979 0.987244897959183 0.75127551 212.17 0.75 
0.0 21.0 0.834694147442099 0.701472245 -0.06 0.02 1.0 1.0 1.0 8.11 0.27 
1.0 2.0 0.642067283321906 0.321033642 0.0 0.0 1.0 0.991836734693877 0.995918367 0.0 0.0 
0.0 43.0 0.021489805529056 0.021489806 0.0 0.0 1.0 1.0 1.0 0.0 0.0 
1.0 2.0 0.505889076523265 0.313104718 0.09 0.1 0.980225988700564 0.980225988700564 0.980225989 361.86 0.62 
0.0 172.0 1.13037775044001 0.620052217 -0.07 0.04 1.0 0.97324414715719 0.986622074 18.35 0.0 
1.0 2.0 0.990463026172509 0.860674754 0.0 0.14 0.987244897959183 0.989795918367346 0.988520408 433.1 0.51 
0.0 43.0 0.176628318531536 0.088314159 0.0 0.0 1.0 0.993421052631578 0.996710526 0.09 0.01 
1.0 0.0 0.038968982908286 0.038968983 -0.04 0.0 0.939393939393939 0.939393939393939 0.939393939 0.0 1.86 
0.0 75.0 0.988530152112064 0.579192894 -0.04 0.02 0.987244897959183 0.994897959183673 0.991071429 20.32 0.02 
1.0 2.0 0.0865899536265505 0.386546944 0.0 0.01 1.0 1.0 1.0 6.23 0.07 
0.0 3.0 0.0353803230759327 0.017690162 0.0 0.0 1.0 1.0 1.0 0.0 0.0 
1.0 5.0 0.0187247707446828 0.708920963 0.02 0.05 0.994609164420485 0.994609164420485 0.994609164 742.0 0.09 
0.0 125.0 0.712042783029343 0.450533108 0.1 0.26 0.899484536082474 0.914948453608247 0.907216495 793.59 0.98 
1.0 2.0 0.526238123242513 0.263119062 0.0 0.0 1.0 1.0 1.0 0.0 0.0 
0.0 89.0 0.499090087585846 0.262282647 -0.01 0.0 1.0 0.992277992277992 0.996138996 0.35 0.04 
1.0 4.0 0.177111187571085 0.177111188 0.0 0.0 1.0 1.0 1.0 0.56 0.06 
0.0 136.0 0.0337510120778166 0.016875506 0.0 0.0 1.0 0.985401459854014 0.99270073 0.0 0.0 
1.0 1.0 0.0506455745968486 0.025322787 0.0 0.0 1.0 1.0 1.0 0.0 0.0 
0.0 97.0 0.0429694362376849 0.200611774 0.0 0.0 1.0 1.0 1.0 0.2 0.02 
