1 8 0.6895519477750732 0.344775973887537 0.0 -0.0 1.0 1.0 1.0 0.0 0.0 
0 283 0.666278442414676 0.333139221207338 -0.1 0.19 1.0 0.3076923076923077 0.653846153846154 7.22 0.55 
1 176 -0.0 0.0 -0.1 0.06 0.6153846153846154 0.8846153846153846 0.75 2.12 0.61 
0 120 0.4695240172949409 0.243710971235832 -0.01 0.0 1.0 1.0 1.0 0.19 0.02 
1 4 -0.0 0.0 -0.0 -0.0 1.0 0.9727463312368972 0.986373165618449 0.0 0.0 
0 240 0.06957694070479191 0.0347884703523959 -0.0 0.0 0.9726651480637812 0.9977220956719816 0.985193621867882 0.04 0.0 
1 3 -0.0 0.0 0.31 0.55 0.7580645161290323 0.7580645161290323 0.758064516129032 62.0 2.68 
0 218 1.526337301402109 0.763168650701054 -0.02 0.01 0.8610478359908883 0.9954441913439636 0.928246013667426 4.29 0.01 
1 5 -0.0 0.0 0.07 0.08 0.9854771784232365 0.9854771784232365 0.985477178423237 482.0 0.65 
0 213 -0.0 0.0 -0.0 0.0 1.0 0.625 0.8125 0.0 0.0 
1 6 -0.0 0.0 0.0 0.0 1.0 1.0 1.0 0.0 0.0 
0 91 0.9030752549500218 0.459302289886224 -0.05 0.03 0.7642105263157895 0.9663157894736842 0.865263157894737 31.79 0.16 
1 37 -0.0 0.0 0.0 0.0 1.0 1.0 1.0 0.0 0.0 
0 364 0.22339584570806661 0.666818455782984 -0.05 0.12 0.9481641468682503 0.9676025917926566 0.957883369330454 625.36 0.17 
1 2 0.01616684129705593 0.00808342064852796 0.02 0.02 0.9977220956719816 0.9977220956719816 0.997722095671982 439.0 0.16 
0 68 0.01475818629482802 0.00737909314741401 0.0 0.0 1.0 1.0 1.0 0.0 0.0 
1 4 0.01475818629482802 0.00737909314741401 0.01 0.01 1.0 0.9979466119096508 0.998973305954825 487.0 0.19 
0 831 -0.0 0.0 -0.0 -0.0 1.0 1.0 1.0 0.0 0.0 
1 4 -0.0 0.0 0.0 0.0 1.0 1.0 1.0 0.0 0.0 
0 7 1.1857896932009937 0.592894846600497 -0.03 0.02 1.0 0.9727463312368972 0.986373165618449 11.93 0.2 
1 263 0.01789792517672371 0.00894896258836186 -0.01 0.0 1.0 0.7660668380462725 0.883033419023136 0.31 0.03 
0 351 -0.0 0.0 -0.06 0.18 0.6935483870967744 0.7580645161290323 0.725806451612903 22.68 1.48 
1 22 -0.0 0.0 0.31 0.55 0.7580645161290323 0.7580645161290323 0.758064516129032 62.0 2.49 
0 431 0.054410366820546084 0.027205183410273 -0.0 0.0 0.9402985074626864 0.9893390191897654 0.964818763326226 2.02 0.04 
1 4 0.022083380117043378 0.0110416900585217 0.06 0.07 0.981859410430839 0.984126984126984 0.982993197278912 384.99 0.69 
0 91 0.36139458154547405 0.180697290772737 0.08 0.13 0.9346590909090908 0.9602272727272728 0.947443181818182 213.42 1.04 
1 61 0.0707680768797802 0.351225226630238 -0.0 0.0 1.0 0.997695852534562 0.998847926267281 3.17 0.0 
0 89 -0.0 0.0 -0.0 0.0 0.9886621315192744 0.9977324263038548 0.993197278911565 0.01 0.0 
1 94 0.09165764788996307 0.0699766348366203 -0.0 0.0 1.0 0.9818181818181818 0.990909090909091 0.1 0.01 
0 453 0.6473026055487068 0.49220940374843 -0.01 0.11 0.6825053995680346 0.937365010799136 0.809935205183585 447.37 0.39 
1 38 0.08509104448327401 0.069552158829183 -0.0 0.0 1.0 1.0 1.0 0.07 0.01 
0 105 0.8720635602136072 0.444498132796032 -0.0 0.0 1.0 0.2385542168674699 0.619277108433735 0.31 0.0 
1 1 -0.0 0.0 0.37 0.44 0.16 0.16 0.16 25.0 0.2 
0 224 -0.0 0.0 -0.0 -0.0 1.0 1.0 1.0 0.0 0.0 
1 4 0.07489355301376338 0.0508964017541222 0.5 0.63 0.6807909604519775 0.6807909604519775 0.680790960451977 354.02 2.29 
0 326 0.9920983705533672 0.509690424650064 -0.02 0.02 0.9793388429752063 0.9793388429752063 0.979338842975207 26.9 0.13 
1 2 -0.0 0.0 0.31 0.55 0.7580645161290323 0.7580645161290323 0.758064516129032 62.0 2.68 
0 300 0.024901715029831017 0.0124508575149155 0.0 -0.0 1.0 0.5628997867803837 0.781449893390192 0.0 0.0 
1 4 0.0947607483566568 0.0769695270739669 0.09 0.1 0.9806866952789698 0.982832618025751 0.981759656652361 445.71 0.81 
0 423 0.923936856009666 0.573666350858866 -0.08 0.09 0.7278617710583153 0.9676025917926566 0.847732181425486 510.86 0.18 
1 4 -0.0 0.0 -0.0 -0.0 1.0 1.0 1.0 0.0 0.0 
0 263 0.7453785846192588 0.392035087653712 -0.01 0.0 1.0 0.7270788912579956 0.863539445628998 2.78 0.03 
1 9 -0.0 0.0 0.12 0.37 0.7580645161290323 0.8064516129032256 0.782258064516129 46.62 2.14 
0 194 0.767183707147163 0.665071694958236 0.04 0.41 1.0 0.909090909090909 0.954545454545455 554.07 1.87 
1 1 -0.0 0.0 0.43 0.68 0.5842293906810035 0.5842293906810035 0.584229390681004 279.0 2.02 
0 292 -0.0 0.0 -0.0 -0.0 1.0 0.9966442953020132 0.998322147651007 0.0 0.0 
1 49 -0.0 0.0 0.0 0.0 1.0 1.0 1.0 0.0 0.0 
0 57 -0.0 0.0 -0.0 0.0 1.0 0.962877030162413 0.981438515081206 0.0 0.0 
1 12 0.7691223805667942 0.67691926485557 0.66 0.88 0.5571428571428572 0.5857142857142859 0.571428571428571 121.17 2.16 
0 385 -0.0 0.0 -0.0 0.0 1.0 0.625 0.8125 0.0 0.0 
1 20 0.08509104448327401 0.042545522241637 0.0 0.0 1.0 1.0 1.0 0.0 0.0 
0 323 0.08864403483661465 0.0443220174183073 -0.0 -0.0 1.0 0.9225352112676058 0.961267605633803 0.0 0.0 
1 182 -0.0 0.0 -0.0 0.0 1.0 0.7580645161290323 0.879032258064516 0.0 0.0 
0 44 0.0628093679942407 0.0314046839971203 -0.0 0.0 0.9413265306122448 0.997448979591837 0.969387755102041 0.32 0.03 
1 4 0.5297061990576545 0.439269147450343 -0.1 0.03 1.0 1.0 1.0 0.32 0.45 
0 474 0.9569181480647492 1.15461047996987 0.06 0.68 0.9959183673469388 0.9979591836734693 0.996938775510204 565.8 0.25 
1 3 0.0740225961475812 0.128824279468757 0.41 0.69 0.5590551181102362 0.5748031496062993 0.566929133858268 381.05 2.38 
0 268 -0.0 0.0 -0.0 -0.0 1.0 0.9953161592505854 0.997658079625293 0.0 0.0 
1 4 -0.0 0.0 0.0 0.0 1.0 1.0 1.0 0.0 0.0 
0 18 0.5218575827841464 0.777977388309211 -0.06 0.19 0.6774193548387096 0.8594470046082949 0.768433179723502 593.6 0.21 
1 4 0.6730116670092564 0.336505833504628 -0.2 0.33 0.28571428571428564 0.7142857142857143 0.5 3.73 0.53 
0 491 0.5437298474071837 0.271864923703592 -0.08 0.01 0.8835227272727273 0.9346590909090908 0.909090909090909 6.38 0.31 
1 6 -0.0 0.0 -0.0 -0.0 1.0 0.9936034115138594 0.99680170575693 0.0 0.0 
0 305 0.4459524223135379 0.222976211156769 -0.13 0.2 0.7580645161290323 0.919354838709677 0.838709677419355 26.67 1.44 
1 33 0.030372534777978206 0.0228364363705995 -0.0 0.0 0.9894067796610168 0.9978813559322034 0.99364406779661 0.04 0.0 
0 22 0.08392577932363239 0.14549802776864 0.0 0.01 0.9918367346938776 0.9938775510204082 0.992857142857143 39.97 0.03 
1 127 -0.0 0.0 0.11 0.46 0.5384615384615384 0.6153846153846154 0.576923076923077 18.96 1.68 
0 300 0.25095314470125835 0.125476572350629 -0.0 -0.0 1.0 0.9966442953020132 0.998322147651007 0.0 0.0 
1 192 0.04965097662992789 0.0248254883149639 -0.0 -0.0 1.0 1.0 1.0 0.0 0.0 
0 362 -0.0 0.0 -0.06 0.18 0.6935483870967744 0.7580645161290323 0.725806451612903 22.68 1.6 
1 4 0.030097958257751373 0.0286902185022557 0.1 0.1 0.9793388429752063 0.9834710743801652 0.981404958677686 484.0 0.84 
0 33 -0.0 0.0 0.0 -0.0 1.0 0.959731543624161 0.97986577181208 0.0 0.0 
1 177 -0.0 0.0 -0.0 0.0 1.0 0.6774193548387096 0.838709677419355 0.0 0.0 
0 25 0.0 0.0 0.0 0.0 0.0 0.0 0.0 0.0 0.0 
1 4 0.022083380117043378 0.0220833801170434 0.09 0.1 0.981859410430839 0.981859410430839 0.981859410430839 838.91 0.81 
0 106 -0.0 0.0 0.05 0.14 0.375 0.75 0.5625 1.6 0.69 
1 14 0.6846162778013049 0.342308138900652 0.15 0.36 0.8846153846153846 0.8846153846153846 0.884615384615385 26.0 0.82 
0 140 -0.0 0.0 0.0 0.0 1.0 0.9917864476386036 0.995893223819302 0.0 0.0 
1 135 -0.0 0.0 -0.0 0.0 1.0 0.7083333333333334 0.854166666666667 0.0 0.0 
0 392 0.7065442778104265 0.353272138905213 -0.07 0.02 1.0 0.9663157894736842 0.983157894736842 17.34 0.03 
1 4 0.017217650311628238 0.0171995612854242 0.37 0.44 0.837448559670782 0.839506172839506 0.838477366255144 964.67 2.36 
0 524 -0.0 0.0 -0.0 -0.0 1.0 0.9976580796252928 0.998829039812646 0.0 0.0 
1 4 0.3250829733914482 0.162541486695724 -0.0 0.0 1.0 1.0 1.0 0.0 0.0 
0 336 0.5982695885852573 0.818995179712588 -0.03 0.33 1.0 0.5714285714285713 0.785714285714286 3.73 0.55 
1 4 -0.0 0.0 0.31 0.55 0.7580645161290323 0.7580645161290323 0.758064516129032 62.0 2.49 
0 4 -0.0 0.0 0.04 0.04 0.9936034115138594 0.9936034115138594 0.993603411513859 469.0 0.37 
1 4 0.6895519477750732 0.344775973887537 0.0 -0.0 1.0 1.0 1.0 0.0 0.0 
0 334 -0.0 0.0 -0.06 0.18 0.6935483870967744 0.7580645161290323 0.725806451612903 22.68 1.48 
1 4 -0.0 0.0 0.0 0.0 1.0 1.0 1.0 0.0 0.0 
0 3 0.923936856009666 0.472034097221223 0.47 0.57 0.7278617710583153 0.7321814254859611 0.730021598272138 915.95 0.93 
1 28 0.6822056867479602 0.602052179998817 0.05 0.2 0.9222462203023758 0.9546436285097192 0.938444924406048 472.98 0.93 
0 55 0.25095480435761963 0.20172550209285 -0.0 0.02 1.0 0.9886363636363636 0.994318181818182 41.78 0.2 
1 3 -0.0 0.0 -0.0 -0.0 1.0 1.0 1.0 0.0 0.0 
0 63 0.048964887966297055 0.0911791856485795 0.0 0.01 0.981859410430839 0.9954648526077096 0.988662131519274 26.48 0.06 
1 265 0.3742549310896416 0.187127465544821 -0.03 0.02 0.7660668380462725 0.9974293059125964 0.881748071979434 15.62 0.69 
0 91 0.6365141682948128 0.318257084147406 0.0 0.0 1.0 0.375 0.6875 0.0 0.0 
1 4 0.7865364435085352 0.401480572353747 0.08 0.13 0.9728506787330315 0.9728506787330315 0.972850678733032 442.51 0.33 
0 218 -0.0 0.0 0.0 0.0 1.0 0.3076923076923077 0.653846153846154 0.0 0.0 
1 68 0.3269547847215813 0.163477392360791 -0.01 0.01 0.9481865284974093 0.9870466321243522 0.967616580310881 3.79 0.05 
0 633 0.022083380117043378 0.0110416900585217 0.0 -0.0 1.0 0.981859410430839 0.99092970521542 0.0 0.0 
1 187 0.666278442414676 0.333139221207338 -0.1 0.06 1.0 0.8846153846153846 0.942307692307692 2.12 0.44 
0 18 -0.0 0.0 0.0 0.0 1.0 1.0 1.0 0.0 0.0 
1 5 0.04131357294242817 0.0206567864712141 0.29 0.33 0.886153846153846 0.8892307692307693 0.887692307692308 315.12 2.04 
0 282 -0.0 0.0 0.0 0.0 1.0 0.9166666666666664 0.958333333333333 0.0 0.0 
1 43 -0.0 0.0 0.0 0.0 1.0 1.0 1.0 0.0 0.0 
0 639 0.016457553638951676 0.0160373245342539 -0.01 0.01 0.903157894736842 0.96 0.931578947368421 11.44 0.06 
1 8 0.0947607483566568 0.232756230915289 0.02 0.03 0.9678111587982832 0.9806866952789698 0.974248927038627 84.69 0.27 
0 447 0.4391877418106727 0.404998012194577 -0.01 0.01 1.0 1.0 1.0 7.24 0.02 
1 63 -0.0 0.0 0.0 0.0 1.0 1.0 1.0 0.0 0.0 
0 507 -0.0 0.0 0.15 0.25 0.34615384615384615 0.8076923076923077 0.576923076923077 11.69 0.95 
1 24 0.030372534777978206 0.0658985378330168 -0.0 0.0 0.972457627118644 0.9978813559322034 0.985169491525424 0.13 0.01 
0 145 0.08919443275684764 0.348151335957222 -0.12 0.01 0.6423690205011389 0.8200455580865603 0.73120728929385 9.74 0.06 
1 4 0.8127245415610106 0.428086422879458 0.41 0.59 0.3391521197007481 0.3640897755610973 0.351620947630923 772.17 0.33 
0 260 0.3563409206018685 0.178170460300934 -0.1 0.15 0.6935483870967744 0.9838709677419354 0.838709677419355 18.09 1.09 
1 29 0.02253214392080778 0.0197499575531257 -0.0 0.01 0.7156626506024096 0.9975903614457832 0.856626506024096 5.06 0.1 
0 399 0.16165106467262894 0.629304289741989 -0.01 0.05 1.0 0.8475177304964538 0.923758865248227 38.23 0.2 
1 149 0.0251440699125892 0.0229518966655533 -0.06 0.01 0.6761658031088082 0.8471502590673574 0.761658031088083 4.61 0.18 
0 228 0.03946489920438848 0.0707864363268189 -0.0 0.0 1.0 0.9642105263157896 0.982105263157895 0.45 0.04 
1 4 0.022083380117043378 0.0220833801170434 0.09 0.1 0.981859410430839 0.981859410430839 0.981859410430839 838.91 0.85 
0 406 0.6615632381579821 0.330781619078991 -0.16 0.06 1.0 0.125 0.5625 0.69 0.03 
1 4 0.8720635602136072 0.447297852067208 -0.01 0.11 0.2385542168674699 0.7156626506024096 0.47710843373494 466.31 0.11 
0 28 0.05662157828350273 0.0283107891417514 -0.0 0.0 0.9932885906040269 0.9966442953020132 0.99496644295302 0.02 0.0 
1 12 -0.0 0.0 0.3 0.36 0.8846153846153846 0.8846153846153846 0.884615384615385 26.0 2.14 
0 96 0.057146758033893234 0.0285733790169466 -0.0 -0.0 1.0 0.9782082324455202 0.98910411622276 0.0 0.0 
1 3 0.016359415015602636 0.0163594150156026 0.05 0.05 0.9953917050691244 0.9953917050691244 0.995391705069124 868.0 0.39 
0 95 0.9556998911125344 0.955699891112534 -0.03 0.56 1.0 1.0 1.0 8.75 0.18 
1 2 0.6846162778013049 0.342308138900652 0.15 0.36 0.8846153846153846 0.8846153846153846 0.884615384615385 26.0 0.82 
0 19 0.09187703676356046 0.0459385183817802 0.07 0.08 0.984126984126984 0.984126984126984 0.984126984126984 441.0 0.69 
1 31 -0.0 0.0 0.0 0.0 1.0 1.0 1.0 0.0 0.0 
0 358 0.016294681047229552 0.00814734052361478 -0.0 0.0 1.0 0.9585253456221196 0.97926267281106 0.04 0.0 
1 4 -0.0 0.0 -0.0 -0.0 1.0 1.0 1.0 0.0 0.0 
0 81 0.7453785846192588 0.383550419649055 0.02 0.09 0.7270788912579956 0.9402985074626864 0.833688699360341 82.2 0.35 
1 3 -0.0 0.0 -0.0 -0.0 1.0 1.0 1.0 0.0 0.0 
0 172 0.7537388965283442 0.435322312130371 -0.01 0.01 1.0 0.9976525821596244 0.998826291079812 4.31 0.13 
1 5 0.030372534777978206 0.0227666899680668 -0.0 0.0 1.0 0.9978813559322034 0.998940677966102 0.01 0.0 
0 825 -0.0 0.0 -0.0 -0.0 1.0 0.9953161592505854 0.997658079625293 0.0 0.0 
1 6 -0.0 0.0 -0.0 -0.0 1.0 1.0 1.0 0.0 0.0 
0 237 0.35354577145803917 0.304838455926751 -0.07 0.05 0.6400911161731208 0.9498861047835992 0.79498861047836 39.5 0.03 
1 120 -0.0 0.0 -0.0 -0.0 1.0 0.9977324263038548 0.998866213151927 0.0 0.0 
0 217 -0.0 0.0 -0.0 -0.0 1.0 0.9812206572769951 0.990610328638498 0.0 0.0 
