1 43 -0.0 0.0 0.0 0.0 1.0 1.0 1.0 0.0 0.0 
0 25 -0.0 0.0 -0.0 -0.0 1.0 0.9966442953020132 0.998322147651007 0.0 0.0 
1 4 0.017217650311628238 0.0171995612854242 0.37 0.44 0.837448559670782 0.839506172839506 0.838477366255144 964.67 2.36 
0 1394 -0.0 0.0 -0.0 -0.0 1.0 1.0 1.0 0.0 0.0 
1 2 0.6846162778013049 0.342308138900652 0.15 0.36 0.8846153846153846 0.8846153846153846 0.884615384615385 26.0 0.82 
0 15 0.04667886203059532 0.141624611377126 -0.0 0.0 0.9929577464788734 0.9976525821596244 0.995305164319249 0.43 0.03 
1 1 -0.0 0.0 0.43 0.68 0.5842293906810035 0.5842293906810035 0.584229390681004 279.0 2.02 
0 176 -0.0 0.0 -0.0 -0.0 1.0 0.9979591836734693 0.998979591836735 0.0 0.0 
1 4 0.8127245415610106 0.428086422879458 0.41 0.59 0.3391521197007481 0.3640897755610973 0.351620947630923 772.17 0.33 
0 135 0.3615394778944647 0.180769738947232 -0.04 0.13 1.0 0.7580645161290323 0.879032258064516 17.21 1.07 
1 14 0.6846162778013049 0.342308138900652 0.15 0.36 0.8846153846153846 0.8846153846153846 0.884615384615385 26.0 0.82 
0 226 0.3222971304395862 0.219601429085992 -0.0 0.0 1.0 0.9859154929577466 0.992957746478873 0.77 0.05 
1 120 -0.0 0.0 -0.0 -0.0 1.0 0.9977324263038548 0.998866213151927 0.0 0.0 
0 44 1.0040272524081315 1.00313612580401 0.04 0.32 0.7535211267605633 0.9976525821596244 0.875586854460094 278.02 0.04 
1 4 -0.0 0.0 0.0 0.0 1.0 1.0 1.0 0.0 0.0 
0 4 0.016424701198958662 0.0163920581072807 0.16 0.16 0.9576837416481068 0.9621380846325168 0.959910913140312 848.87 1.23 
1 4 0.6895519477750732 0.344775973887537 0.0 -0.0 1.0 1.0 1.0 0.0 0.0 
0 284 1.078992207877583 0.539496103938792 0.04 0.6 1.0 0.28571428571428564 0.642857142857143 7.0 0.57 
1 182 -0.0 0.0 -0.0 0.0 1.0 0.7580645161290323 0.879032258064516 0.0 0.0 
0 337 0.7558148632822626 0.377907431641131 -0.0 0.0 1.0 0.9897330595482546 0.994866529774127 0.0 0.0 
1 3 0.0740225961475812 0.128824279468757 0.41 0.69 0.5590551181102362 0.5748031496062993 0.566929133858268 381.05 2.38 
0 2 0.627223819442953 0.492919114245576 0.06 0.29 0.5169491525423727 0.7175141242937852 0.617231638418079 202.5 1.03 
1 177 -0.0 0.0 -0.0 0.0 1.0 0.6774193548387096 0.838709677419355 0.0 0.0 
0 571 0.25230867170216453 0.126154335851082 0.0 -0.0 1.0 1.0 1.0 0.0 0.0 
1 3 0.016359415015602636 0.0163594150156026 0.05 0.05 0.9953917050691244 0.9953917050691244 0.995391705069124 868.0 0.39 
0 322 0.0324357255404604 0.0162178627702302 -0.0 -0.0 1.0 0.9922879177377892 0.996143958868895 0.0 0.0 
1 61 0.0707680768797802 0.351225226630238 -0.0 0.0 1.0 0.997695852534562 0.998847926267281 3.17 0.0 
0 159 0.4459524223135379 0.403745950104001 0.05 0.28 1.0 0.919354838709677 0.959677419354839 62.16 1.24 
1 22 -0.0 0.0 0.31 0.55 0.7580645161290323 0.7580645161290323 0.758064516129032 62.0 2.49 
0 317 -0.0 0.0 -0.0 0.0 0.9966442953020132 0.9966442953020132 0.996644295302013 0.0 0.0 
1 2 0.0251440699125892 0.0125720349562946 0.53 0.63 0.6761658031088082 0.6761658031088082 0.676165803108808 386.0 2.33 
0 174 -0.0 0.0 -0.0 0.0 1.0 0.5384615384615384 0.769230769230769 0.0 0.0 
1 4 0.6730116670092564 0.336505833504628 -0.2 0.33 0.28571428571428564 0.7142857142857143 0.5 3.73 0.53 
0 9 -0.0 0.0 -0.0 -0.0 1.0 1.0 1.0 0.0 0.0 
1 33 0.030372534777978206 0.0228364363705995 -0.0 0.0 0.9894067796610168 0.9978813559322034 0.99364406779661 0.04 0.0 
0 28 0.6465756311813309 0.87176657299634 0.12 0.41 0.8475177304964538 0.929078014184397 0.888297872340426 275.5 0.79 
1 192 0.04965097662992789 0.0248254883149639 -0.0 -0.0 1.0 1.0 1.0 0.0 0.0 
0 274 0.01607235879964646 0.00803617939982323 -0.0 -0.0 1.0 1.0 1.0 0.0 0.0 
1 4 0.022083380117043378 0.0220833801170434 0.09 0.1 0.981859410430839 0.981859410430839 0.981859410430839 838.91 0.81 
0 30 0.8605109656798593 0.806799899967739 0.06 0.44 0.5183585313174947 0.9287257019438444 0.72354211663067 602.26 0.02 
1 149 0.0251440699125892 0.0229518966655533 -0.06 0.01 0.6761658031088082 0.8471502590673574 0.761658031088083 4.61 0.18 
0 886 -0.0 0.0 0.0 0.0 1.0 1.0 1.0 0.0 0.0 
1 3 -0.0 0.0 0.31 0.55 0.7580645161290323 0.7580645161290323 0.758064516129032 62.0 2.68 
0 19 0.3682924501649143 0.195779514449437 -0.0 0.0 1.0 0.9965156794425089 0.998257839721254 0.17 0.03 
1 6 -0.0 0.0 -0.0 -0.0 1.0 0.9936034115138594 0.99680170575693 0.0 0.0 
0 813 0.04824430334970792 0.613469546359675 -0.16 0.05 0.843076923076923 0.9138461538461538 0.878461538461538 20.33 0.24 
1 25 0.8720635602136072 0.444515665699525 -0.01 0.0 0.2385542168674699 0.9975903614457832 0.618072289156626 0.63 0.0 
0 101 0.02253214392080778 0.0197324246496323 -0.0 0.0 1.0 0.7156626506024096 0.857831325301205 2.52 0.05 
1 4 0.5297061990576545 0.439269147450343 -0.1 0.03 1.0 1.0 1.0 0.32 0.45 
0 9 -0.0 0.0 0.07 0.08 0.9854771784232365 0.9854771784232365 0.985477178423237 482.0 0.65 
1 31 -0.0 0.0 0.0 0.0 1.0 1.0 1.0 0.0 0.0 
0 756 0.016897794165734926 0.00844889708286746 -0.0 0.0 0.97423887587822 0.9976580796252928 0.985948477751756 0.03 0.0 
1 4 0.8720635602136072 0.447297852067208 -0.01 0.11 0.2385542168674699 0.7156626506024096 0.47710843373494 466.31 0.11 
0 852 0.12855332024121083 0.0642766601206054 -0.0 -0.0 1.0 0.9953161592505854 0.997658079625293 0.0 0.0 
1 3 -0.0 0.0 0.0 0.0 1.0 1.0 1.0 0.0 0.0 
0 1 -0.0 0.0 0.42 0.49 0.8076923076923077 0.8076923076923077 0.807692307692308 26.0 2.46 
1 4 0.0947607483566568 0.0769695270739669 0.09 0.1 0.9806866952789698 0.982832618025751 0.981759656652361 445.71 0.81 
0 200 -0.0 0.0 -0.0 -0.0 1.0 1.0 1.0 0.0 0.0 
1 49 -0.0 0.0 0.0 0.0 1.0 1.0 1.0 0.0 0.0 
0 573 0.01607235879964646 0.00803617939982323 -0.0 0.0 1.0 0.9591836734693876 0.979591836734694 0.04 0.0 
1 37 -0.0 0.0 0.0 0.0 1.0 1.0 1.0 0.0 0.0 
0 218 -0.0 0.0 0.0 0.0 1.0 0.3076923076923077 0.653846153846154 0.0 0.0 
1 4 -0.0 0.0 -0.0 -0.0 1.0 1.0 1.0 0.0 0.0 
0 27 0.21281101532774768 0.106405507663874 0.04 0.05 0.9829545454545452 0.9886363636363636 0.985795454545455 233.35 0.4 
1 3 -0.0 0.0 -0.0 -0.0 1.0 1.0 1.0 0.0 0.0 
0 86 -0.0 0.0 -0.0 -0.0 1.0 0.9402985074626864 0.970149253731343 0.0 0.0 
1 4 0.022083380117043378 0.0220833801170434 0.09 0.1 0.981859410430839 0.981859410430839 0.981859410430839 838.91 0.85 
0 244 0.9556998911125344 0.796107029703674 -0.06 0.63 1.0 0.4285714285714285 0.714285714285714 7.44 0.4 
1 5 -0.0 0.0 0.07 0.08 0.9854771784232365 0.9854771784232365 0.985477178423237 482.0 0.65 
0 40 0.7530888342556183 0.93166495005676 0.05 0.48 0.5183585313174947 0.9481641468682503 0.733261339092873 1106.54 0.03 
1 12 0.7691223805667942 0.67691926485557 0.66 0.88 0.5571428571428572 0.5857142857142859 0.571428571428571 121.17 2.16 
0 48 1.6284102630552857 1.38315441956012 -0.02 0.34 0.7700348432055749 0.9930313588850174 0.881533101045296 284.24 0.06 
1 4 0.3250829733914482 0.162541486695724 -0.0 0.0 1.0 1.0 1.0 0.0 0.0 
0 380 0.3889902731630429 0.194495136581521 0.0 -0.0 1.0 0.9346246973365616 0.967312348668281 0.0 0.0 
1 94 0.09165764788996307 0.0699766348366203 -0.0 0.0 1.0 0.9818181818181818 0.990909090909091 0.1 0.01 
0 458 -0.0 0.0 0.04 0.15 0.3076923076923077 0.8846153846153846 0.596153846153846 7.63 0.63 
1 29 0.02253214392080778 0.0197499575531257 -0.0 0.01 0.7156626506024096 0.9975903614457832 0.856626506024096 5.06 0.1 
0 162 0.8645984701429459 0.432299235071473 -0.0 0.01 1.0 0.9914712153518124 0.995735607675906 5.72 0.06 
1 2 -0.0 0.0 0.31 0.55 0.7580645161290323 0.7580645161290323 0.758064516129032 62.0 2.68 
0 556 1.1786947893696411 0.589347394684821 0.0 -0.0 1.0 0.9138461538461538 0.956923076923077 0.0 0.0 
1 38 0.08509104448327401 0.069552158829183 -0.0 0.0 1.0 1.0 1.0 0.07 0.01 
0 246 0.27384907245785556 0.136924536228928 0.0 -0.0 1.0 0.9229024943310656 0.961451247165533 0.0 0.0 
1 127 -0.0 0.0 0.11 0.46 0.5384615384615384 0.6153846153846154 0.576923076923077 18.96 1.68 
0 172 0.7843037925952074 0.392151896297604 0.0 -0.0 1.0 0.4700460829493088 0.735023041474654 0.0 0.0 
1 1 -0.0 0.0 0.37 0.44 0.16 0.16 0.16 25.0 0.2 
0 9 -0.0 0.0 0.0 0.0 1.0 1.0 1.0 0.0 0.0 
1 3 -0.0 0.0 -0.0 -0.0 1.0 1.0 1.0 0.0 0.0 
0 212 0.024901715029831017 0.0233119848543411 0.02 0.05 0.5628997867803837 0.9402985074626864 0.751599147121535 39.73 0.51 
1 28 0.6822056867479602 0.602052179998817 0.05 0.2 0.9222462203023758 0.9546436285097192 0.938444924406048 472.98 0.93 
0 392 -0.0 0.0 -0.2 0.04 0.3076923076923077 0.5384615384615384 0.423076923076923 2.08 0.3 
1 187 0.666278442414676 0.333139221207338 -0.1 0.06 1.0 0.8846153846153846 0.942307692307692 2.12 0.44 
0 47 0.0628093679942407 0.0314046839971203 -0.0 0.0 0.9413265306122448 0.997448979591837 0.969387755102041 0.32 0.03 
1 9 -0.0 0.0 0.12 0.37 0.7580645161290323 0.8064516129032256 0.782258064516129 46.62 2.14 
0 454 -0.0 0.0 -0.0 0.0 0.9886621315192744 0.9931972789115646 0.99092970521542 0.03 0.0 
1 4 0.7865364435085352 0.401480572353747 0.08 0.13 0.9728506787330315 0.9728506787330315 0.972850678733032 442.51 0.33 
0 107 -0.0 0.0 -0.0 -0.0 1.0 0.9402985074626864 0.970149253731343 0.0 0.0 
1 8 0.6895519477750732 0.344775973887537 0.0 -0.0 1.0 1.0 1.0 0.0 0.0 
0 347 0.928529239598717 0.464264619799359 0.0 -0.0 1.0 0.7114093959731543 0.855704697986577 0.0 0.0 
1 7 0.09908391604753189 0.0495419580237659 0.04 0.04 0.9850746268656718 0.9914712153518124 0.988272921108742 266.27 0.37 
0 261 0.3565581205895817 0.178279060294791 -0.0 0.0 1.0 0.9966442953020132 0.998322147651007 0.08 0.01 
1 176 -0.0 0.0 -0.1 0.06 0.6153846153846154 0.8846153846153846 0.75 2.12 0.61 
0 70 0.02013133843277965 0.0100656692163898 -0.01 0.0 0.709205020920502 0.993723849372385 0.851464435146444 1.25 0.05 
1 2 0.01616684129705593 0.00808342064852796 0.02 0.02 0.9977220956719816 0.9977220956719816 0.997722095671982 439.0 0.16 
0 322 -0.0 0.0 0.0 0.0 1.0 0.9897330595482546 0.994866529774127 0.0 0.0 
1 6 -0.0 0.0 0.0 0.0 1.0 1.0 1.0 0.0 0.0 
0 9 0.9030752549500218 0.857407626820627 0.05 0.44 0.7642105263157895 0.943157894736842 0.853684210526316 354.82 0.2 
1 4 -0.0 0.0 0.31 0.55 0.7580645161290323 0.7580645161290323 0.758064516129032 62.0 2.49 
0 122 0.4629606652814273 0.408253218369733 -0.05 0.02 0.8724373576309796 0.9498861047835992 0.911161731207289 16.08 0.27 
1 6 -0.0 0.0 -0.0 -0.0 1.0 1.0 1.0 0.0 0.0 
0 150 -0.0 0.0 0.0 0.0 1.0 1.0 1.0 0.0 0.0 
1 135 -0.0 0.0 -0.0 0.0 1.0 0.7083333333333334 0.854166666666667 0.0 0.0 
0 55 0.6799529039485162 0.51390465385011 0.07 0.27 0.8581560283687942 0.99645390070922 0.927304964539007 211.51 1.18 
1 4 0.022083380117043378 0.0110416900585217 0.06 0.07 0.981859410430839 0.984126984126984 0.982993197278912 384.99 0.69 
0 295 0.04708051459985158 0.0424722606168864 -0.01 0.0 0.6423690205011389 0.988610478359909 0.815489749430524 2.65 0.03 
1 4 0.07489355301376338 0.0508964017541222 0.5 0.63 0.6807909604519775 0.6807909604519775 0.680790960451977 354.02 2.29 
0 5 -0.0 0.0 0.28 0.38 0.125 0.125 0.125 8.0 0.04 
1 5 0.030372534777978206 0.0227666899680668 -0.0 0.0 1.0 0.9978813559322034 0.998940677966102 0.01 0.0 
0 143 0.4695240172949409 0.23476200864747 -0.16 0.04 1.0 0.7660668380462725 0.883033419023136 21.29 0.71 
1 4 -0.0 0.0 -0.0 -0.0 1.0 0.9727463312368972 0.986373165618449 0.0 0.0 
0 590 0.04131357294242817 0.0206567864712141 0.0 -0.0 1.0 0.8892307692307693 0.944615384615385 0.0 0.0 
1 5 0.04131357294242817 0.0206567864712141 0.29 0.33 0.886153846153846 0.8892307692307693 0.887692307692308 315.12 2.04 
0 26 0.6109007249809115 0.305450362490456 0.01 0.01 1.0 0.9979466119096508 0.998973305954825 96.6 0.06 
1 20 0.08509104448327401 0.042545522241637 0.0 0.0 1.0 1.0 1.0 0.0 0.0 
0 317 0.08036852866682491 0.0401842643334124 -0.0 -0.0 1.0 0.9976580796252928 0.998829039812646 0.0 0.0 
1 3 -0.0 0.0 0.0 0.0 1.0 1.0 1.0 0.0 0.0 
0 75 0.016967771185443552 0.00848388559272178 -0.0 0.0 0.9539170506912442 0.9953917050691244 0.974654377880184 0.1 0.01 
1 4 -0.0 0.0 0.0 0.0 1.0 1.0 1.0 0.0 0.0 
0 65 0.2035083444071568 0.101754172203578 -0.0 0.0 1.0 0.9936034115138594 0.99680170575693 0.13 0.01 
1 68 0.3269547847215813 0.163477392360791 -0.01 0.01 0.9481865284974093 0.9870466321243522 0.967616580310881 3.79 0.05 
0 62 0.6681369026482501 0.545458006316613 -0.1 0.03 0.9676025917926566 0.9956803455723539 0.981641468682505 22.57 0.5 
1 12 -0.0 0.0 0.3 0.36 0.8846153846153846 0.8846153846153846 0.884615384615385 26.0 2.14 
0 32 0.9277980308365658 0.548854467517523 0.0 0.08 0.7871396895787139 0.9756097560975608 0.881374722838137 355.49 0.35 
1 63 -0.0 0.0 0.0 0.0 1.0 1.0 1.0 0.0 0.0 
0 165 0.6365141682948128 0.318257084147406 0.35 0.66 0.375 0.375 0.375 8.0 0.96 
1 4 -0.0 0.0 -0.0 -0.0 1.0 1.0 1.0 0.0 0.0 
0 330 -0.0 0.0 -0.1 0.15 0.6935483870967744 0.8064516129032256 0.75 19.44 1.36 
1 47 -0.0 0.0 -0.0 0.0 1.0 0.6153846153846154 0.807692307692308 0.0 0.0 
0 146 0.4343460036066953 0.235067614226291 0.0 0.01 1.0 1.0 1.0 10.81 0.14 
1 4 -0.0 0.0 0.0 0.0 1.0 1.0 1.0 0.0 0.0 
0 446 0.0324357255404604 0.0162178627702302 -0.03 0.0 0.7660668380462725 0.9922879177377892 0.879177377892031 0.78 0.01 
