1 49 -0.0 0.0 0.0 0.0 1.0 1.0 1.0 0.0 0.0 
0 285 0.9556998911125344 0.814355779060895 -0.08 0.68 1.0 0.7142857142857143 0.857142857142857 7.0 1.32 
1 3 0.016359415015602636 0.0163594150156026 0.05 0.05 0.9953917050691244 0.9953917050691244 0.995391705069124 868.0 0.39 
0 350 -0.0 0.0 0.0 0.0 1.0 0.9917864476386036 0.995893223819302 0.0 0.0 
1 25 0.8720635602136072 0.444515665699525 -0.01 0.0 0.2385542168674699 0.9975903614457832 0.618072289156626 0.63 0.0 
0 626 0.7418244740179352 0.378676899420181 -0.07 0.03 0.7726315789473683 0.9663157894736842 0.869473684210526 20.79 0.19 
1 4 0.022083380117043378 0.0110416900585217 0.06 0.07 0.981859410430839 0.984126984126984 0.982993197278912 384.99 0.69 
0 326 0.016103721594124567 0.00805186079706228 -0.0 0.0 0.9932279909706544 0.9954853273137698 0.994356659142212 0.02 0.0 
1 4 -0.0 0.0 -0.0 -0.0 1.0 0.9727463312368972 0.986373165618449 0.0 0.0 
0 192 0.5982695885852573 0.578897049747888 -0.04 0.01 1.0 0.07526881720430106 0.537634408602151 1.46 0.02 
1 4 0.07489355301376338 0.0508964017541222 0.5 0.63 0.6807909604519775 0.6807909604519775 0.680790960451977 354.02 2.29 
0 102 0.928529239598717 0.67828248704803 -0.02 0.05 1.0 0.7114093959731543 0.855704697986577 19.89 0.32 
1 20 0.08509104448327401 0.042545522241637 0.0 0.0 1.0 1.0 1.0 0.0 0.0 
0 65 0.6730116670092564 0.336505833504628 -0.07 0.22 0.5555555555555555 0.7777777777777779 0.666666666666667 3.21 0.67 
1 61 0.0707680768797802 0.351225226630238 -0.0 0.0 1.0 0.997695852534562 0.998847926267281 3.17 0.0 
0 423 0.4992227979700849 0.249611398985042 -0.08 0.02 0.877840909090909 0.9346590909090908 0.90625 7.25 0.31 
1 4 -0.0 0.0 -0.0 -0.0 1.0 1.0 1.0 0.0 0.0 
0 203 0.629696481674345 0.314848240837172 -0.01 0.01 1.0 0.9812206572769951 0.990610328638498 7.99 0.05 
1 24 0.030372534777978206 0.0658985378330168 -0.0 0.0 0.972457627118644 0.9978813559322034 0.985169491525424 0.13 0.01 
0 17 0.021722254678851236 0.0108611273394256 0.22 0.23 0.9402985074626864 0.9402985074626864 0.940298507462687 469.0 1.56 
1 33 0.030372534777978206 0.0228364363705995 -0.0 0.0 0.9894067796610168 0.9978813559322034 0.99364406779661 0.04 0.0 
0 160 0.6829081047004717 0.341454052350236 -0.01 0.07 0.8076923076923077 0.9615384615384615 0.884615384615385 4.37 0.41 
1 177 -0.0 0.0 -0.0 0.0 1.0 0.6774193548387096 0.838709677419355 0.0 0.0 
0 289 -0.0 0.0 0.01 0.14 0.125 0.375 0.25 1.9 0.14 
1 187 0.666278442414676 0.333139221207338 -0.1 0.06 1.0 0.8846153846153846 0.942307692307692 2.12 0.44 
0 318 0.030097958257751373 0.0225072193034511 0.01 0.01 0.9834710743801652 0.9938016528925618 0.988636363636364 78.51 0.2 
1 1 -0.0 0.0 0.37 0.44 0.16 0.16 0.16 25.0 0.2 
0 294 0.9743147528693494 0.487157376434675 0.0 0.0 1.0 1.0 1.0 0.0 0.0 
1 3 -0.0 0.0 0.0 0.0 1.0 1.0 1.0 0.0 0.0 
0 204 0.6615632381579821 0.330781619078991 -0.02 0.14 1.0 0.75 0.875 1.6 0.32 
1 4 0.017217650311628238 0.0171995612854242 0.37 0.44 0.837448559670782 0.839506172839506 0.838477366255144 964.67 2.36 
0 190 0.9556998911125344 0.477849945556267 -0.01 0.6 1.0 0.28571428571428564 0.642857142857143 7.0 0.64 
1 127 -0.0 0.0 0.11 0.46 0.5384615384615384 0.6153846153846154 0.576923076923077 18.96 1.68 
0 202 0.11690572773239792 0.564142594378843 0.0 0.01 1.0 0.9929577464788734 0.996478873239437 24.46 0.11 
1 9 -0.0 0.0 0.12 0.37 0.7580645161290323 0.8064516129032256 0.782258064516129 46.62 2.14 
0 58 1.1102410658579007 1.06453654308001 0.06 0.54 0.7321814254859611 0.9481641468682503 0.840172786177106 813.48 0.22 
1 4 0.6895519477750732 0.344775973887537 0.0 -0.0 1.0 1.0 1.0 0.0 0.0 
0 790 1.3119025137037055 0.655951256851853 -0.0 0.0 0.40408163265306124 0.9979591836734693 0.701020408163265 3.5 0.02 
1 4 -0.0 0.0 0.31 0.55 0.7580645161290323 0.7580645161290323 0.758064516129032 62.0 2.49 
0 290 0.022083380117043378 0.0190778694583449 -0.0 0.0 1.0 0.981859410430839 0.99092970521542 0.02 0.0 
1 3 -0.0 0.0 -0.0 -0.0 1.0 1.0 1.0 0.0 0.0 
0 26 0.4514062119967289 0.241920968768595 0.03 0.06 0.9922879177377892 0.9922879177377892 0.992287917737789 402.01 0.33 
1 4 0.8720635602136072 0.447297852067208 -0.01 0.11 0.2385542168674699 0.7156626506024096 0.47710843373494 466.31 0.11 
0 200 -0.0 0.0 -0.0 -0.0 1.0 1.0 1.0 0.0 0.0 
1 7 0.09908391604753189 0.0495419580237659 0.04 0.04 0.9850746268656718 0.9914712153518124 0.988272921108742 266.27 0.37 
0 43 0.43753675581656654 0.232361165481361 -0.06 0.0 0.3595041322314049 0.9834710743801652 0.671487603305785 1.78 0.03 
1 31 -0.0 0.0 0.0 0.0 1.0 1.0 1.0 0.0 0.0 
0 46 0.3624983754468393 0.18889935670503 -0.01 0.0 0.9894067796610168 0.9978813559322034 0.99364406779661 0.47 0.03 
1 265 0.3742549310896416 0.187127465544821 -0.03 0.02 0.7660668380462725 0.9974293059125964 0.881748071979434 15.62 0.69 
0 33 0.3525425103487513 0.352542510348751 0.11 0.35 1.0 1.0 1.0 62.0 2.23 
1 3 0.0740225961475812 0.128824279468757 0.41 0.69 0.5590551181102362 0.5748031496062993 0.566929133858268 381.05 2.38 
0 321 -0.0 0.0 -0.0 -0.0 1.0 0.9977324263038548 0.998866213151927 0.0 0.0 
1 4 0.5297061990576545 0.439269147450343 -0.1 0.03 1.0 1.0 1.0 0.32 0.45 
0 165 0.6365141682948128 0.318257084147406 0.35 0.66 0.375 0.375 0.375 8.0 0.96 
1 4 -0.0 0.0 0.0 0.0 1.0 1.0 1.0 0.0 0.0 
0 251 -0.0 0.0 -0.0 -0.0 1.0 0.9954648526077096 0.997732426303855 0.0 0.0 
1 263 0.01789792517672371 0.00894896258836186 -0.01 0.0 1.0 0.7660668380462725 0.883033419023136 0.31 0.03 
0 62 0.38535889794541217 0.332563832288316 -0.03 0.04 1.0 0.9485714285714286 0.974285714285714 88.61 0.08 
1 4 0.6730116670092564 0.336505833504628 -0.2 0.33 0.28571428571428564 0.7142857142857143 0.5 3.73 0.53 
0 490 0.3912841618051373 0.259918741023174 -0.01 0.0 0.9953161592505854 0.9976580796252928 0.996487119437939 1.45 0.1 
1 4 0.022083380117043378 0.0220833801170434 0.09 0.1 0.981859410430839 0.981859410430839 0.981859410430839 838.91 0.85 
0 344 0.4629606652814273 0.363208325804718 -0.04 0.01 0.8724373576309796 0.9817767653758542 0.927107061503417 5.83 0.17 
1 47 -0.0 0.0 -0.0 0.0 1.0 0.6153846153846154 0.807692307692308 0.0 0.0 
0 339 0.04708051459985158 0.0317037470269725 -0.01 0.01 0.6423690205011389 0.9863325740318906 0.814350797266515 5.23 0.08 
1 6 -0.0 0.0 -0.0 -0.0 1.0 0.9936034115138594 0.99680170575693 0.0 0.0 
0 775 1.3119025137037055 0.655951256851853 -0.0 0.0 0.40408163265306124 0.9979591836734693 0.701020408163265 3.5 0.02 
1 149 0.0251440699125892 0.0229518966655533 -0.06 0.01 0.6761658031088082 0.8471502590673574 0.761658031088083 4.61 0.18 
0 873 1.4818901662508084 1.33029247781022 -0.13 0.48 0.7846153846153846 0.9138461538461538 0.849230769230769 538.89 0.13 
1 4 0.8127245415610106 0.428086422879458 0.41 0.59 0.3391521197007481 0.3640897755610973 0.351620947630923 772.17 0.33 
0 26 0.9569181480647492 0.478459074032375 0.01 0.01 0.9979591836734693 0.9979591836734693 0.997959183673469 490.0 0.03 
1 94 0.09165764788996307 0.0699766348366203 -0.0 0.0 1.0 0.9818181818181818 0.990909090909091 0.1 0.01 
0 228 0.05662157828350273 0.129117557084416 -0.0 0.0 1.0 0.9932885906040269 0.996644295302013 0.25 0.03 
1 3 -0.0 0.0 -0.0 -0.0 1.0 1.0 1.0 0.0 0.0 
0 620 0.04331307121396799 0.0298853124264598 -0.01 0.0 0.903157894736842 0.9726315789473684 0.937894736842105 1.82 0.1 
1 2 0.01616684129705593 0.00808342064852796 0.02 0.02 0.9977220956719816 0.9977220956719816 0.997722095671982 439.0 0.16 
0 637 0.7418244740179352 0.392568772615952 -0.08 0.03 0.7726315789473683 0.9726315789473684 0.872631578947368 19.52 0.18 
1 28 0.6822056867479602 0.602052179998817 0.05 0.2 0.9222462203023758 0.9546436285097192 0.938444924406048 472.98 0.93 
0 755 -0.0 0.0 0.0 0.0 1.0 1.0 1.0 0.0 0.0 
1 4 -0.0 0.0 -0.0 -0.0 1.0 1.0 1.0 0.0 0.0 
0 84 0.5623351446188082 0.281167572309404 0.0 0.0 1.0 1.0 1.0 0.0 0.0 
1 4 0.3250829733914482 0.162541486695724 -0.0 0.0 1.0 1.0 1.0 0.0 0.0 
0 303 0.03786400663392116 0.0189320033169606 -0.01 0.0 0.6400911161731208 0.988610478359909 0.814350797266515 2.6 0.03 
1 4 0.030097958257751373 0.0286902185022557 0.1 0.1 0.9793388429752063 0.9834710743801652 0.981404958677686 484.0 0.84 
0 20 -0.0 0.0 0.0 0.0 1.0 1.0 1.0 0.0 0.0 
1 192 0.04965097662992789 0.0248254883149639 -0.0 -0.0 1.0 1.0 1.0 0.0 0.0 
0 102 -0.0 0.0 -0.0 -0.0 1.0 1.0 1.0 0.0 0.0 
1 12 0.7691223805667942 0.67691926485557 0.66 0.88 0.5571428571428572 0.5857142857142859 0.571428571428571 121.17 2.16 
0 371 0.580651755229746 0.551938836906826 0.05 0.12 0.9005102040816326 0.989795918367347 0.94515306122449 427.03 0.62 
1 12 -0.0 0.0 0.3 0.36 0.8846153846153846 0.8846153846153846 0.884615384615385 26.0 2.14 
0 3 -0.0 0.0 0.31 0.55 0.7580645161290323 0.7580645161290323 0.758064516129032 62.0 2.49 
1 182 -0.0 0.0 -0.0 0.0 1.0 0.7580645161290323 0.879032258064516 0.0 0.0 
0 263 0.6691066329624924 0.34316214163706 -0.01 0.06 0.17901234567901234 0.837448559670782 0.508230452674897 75.79 0.13 
1 37 -0.0 0.0 0.0 0.0 1.0 1.0 1.0 0.0 0.0 
0 6 0.35308722216451904 0.176543611082259 -0.0 0.0 1.0 0.8971428571428571 0.948571428571429 0.0 0.0 
1 4 0.0947607483566568 0.0769695270739669 0.09 0.1 0.9806866952789698 0.982832618025751 0.981759656652361 445.71 0.81 
0 308 -0.0 0.0 -0.0 -0.0 1.0 1.0 1.0 0.0 0.0 
1 3 -0.0 0.0 0.0 0.0 1.0 1.0 1.0 0.0 0.0 
0 756 0.016897794165734926 0.00844889708286746 -0.0 0.0 0.97423887587822 0.9976580796252928 0.985948477751756 0.03 0.0 
1 5 0.04131357294242817 0.0206567864712141 0.29 0.33 0.886153846153846 0.8892307692307693 0.887692307692308 315.12 2.04 
0 127 0.3708082825784814 0.185404141289241 0.0 -0.0 1.0 1.0 1.0 0.0 0.0 
1 38 0.08509104448327401 0.069552158829183 -0.0 0.0 1.0 1.0 1.0 0.07 0.01 
0 25 -0.0 0.0 -0.0 -0.0 1.0 0.9966442953020132 0.998322147651007 0.0 0.0 
1 8 0.0947607483566568 0.232756230915289 0.02 0.03 0.9678111587982832 0.9806866952789698 0.974248927038627 84.69 0.27 
0 215 0.02253214392080778 0.01996657852124 -0.04 0.01 0.7156626506024096 0.9686746987951808 0.842168674698795 5.82 0.2 
1 29 0.02253214392080778 0.0197499575531257 -0.0 0.01 0.7156626506024096 0.9975903614457832 0.856626506024096 5.06 0.1 
0 116 0.3525425103487513 0.176271255174376 -0.06 0.19 1.0 0.7580645161290323 0.879032258064516 24.72 1.45 
1 135 -0.0 0.0 -0.0 0.0 1.0 0.7083333333333334 0.854166666666667 0.0 0.0 
0 36 0.9517673227869262 0.486925351451985 0.0 0.05 0.981859410430839 0.9886621315192744 0.985260770975057 275.02 0.08 
1 4 0.01475818629482802 0.00737909314741401 0.01 0.01 1.0 0.9979466119096508 0.998973305954825 487.0 0.19 
0 113 0.35354577145803917 0.17677288572902 -0.01 0.0 0.9498861047835992 0.9954441913439636 0.972665148063781 0.36 0.02 
1 63 -0.0 0.0 0.0 0.0 1.0 1.0 1.0 0.0 0.0 
0 128 -0.0 0.0 0.0 0.0 1.0 1.0 1.0 0.0 0.0 
1 5 -0.0 0.0 0.07 0.08 0.9854771784232365 0.9854771784232365 0.985477178423237 482.0 0.65 
0 161 0.6799529039485162 0.420801984310572 0.01 0.05 1.0 0.99645390070922 0.99822695035461 196.8 0.13 
1 4 -0.0 0.0 0.0 0.0 1.0 1.0 1.0 0.0 0.0 
0 22 0.6365141682948128 0.318257084147406 0.53 0.67 0.6 0.6 0.6 10.0 1.37 
1 5 0.030372534777978206 0.0227666899680668 -0.0 0.0 1.0 0.9978813559322034 0.998940677966102 0.01 0.0 
0 147 0.744230088684321 0.37211504434216 -0.01 0.01 0.7505330490405117 0.9936034115138594 0.872068230277185 4.68 0.04 
1 120 -0.0 0.0 -0.0 -0.0 1.0 0.9977324263038548 0.998866213151927 0.0 0.0 
0 93 -0.0 0.0 -0.0 0.0 1.0 0.3 0.65 0.0 0.0 
1 176 -0.0 0.0 -0.1 0.06 0.6153846153846154 0.8846153846153846 0.75 2.12 0.61 
0 296 1.078992207877583 0.539496103938792 0.04 0.6 1.0 0.28571428571428564 0.642857142857143 7.0 0.37 
1 4 0.7865364435085352 0.401480572353747 0.08 0.13 0.9728506787330315 0.9728506787330315 0.972850678733032 442.51 0.33 
0 148 0.024054366210821344 0.826232314633053 -0.01 0.05 0.7700348432055749 0.9581881533101044 0.86411149825784 48.73 0.08 
1 4 0.022083380117043378 0.0220833801170434 0.09 0.1 0.981859410430839 0.981859410430839 0.981859410430839 838.91 0.81 
0 146 0.3894087389731746 0.194704369486587 -0.0 0.0 1.0 0.9966442953020132 0.998322147651007 0.12 0.01 
1 68 0.3269547847215813 0.163477392360791 -0.01 0.01 0.9481865284974093 0.9870466321243522 0.967616580310881 3.79 0.05 
0 280 0.016359415015602636 0.0163270480314161 -0.0 0.0 1.0 0.9953917050691244 0.997695852534562 0.01 0.0 
1 8 0.6895519477750732 0.344775973887537 0.0 -0.0 1.0 1.0 1.0 0.0 0.0 
0 56 0.6829081047004717 0.659711136497642 -0.12 0.36 1.0 0.4285714285714285 0.714285714285714 3.94 0.31 
1 6 -0.0 0.0 0.0 0.0 1.0 1.0 1.0 0.0 0.0 
0 399 0.7134161640307438 0.891423057296086 0.05 0.34 0.8250539956803455 0.9913606911447084 0.908207343412527 757.94 0.06 
1 14 0.6846162778013049 0.342308138900652 0.15 0.36 0.8846153846153846 0.8846153846153846 0.884615384615385 26.0 0.82 
0 296 0.022083380117043378 0.0110416900585217 0.0 -0.0 1.0 0.981859410430839 0.99092970521542 0.0 0.0 
1 2 0.0251440699125892 0.0125720349562946 0.53 0.63 0.6761658031088082 0.6761658031088082 0.676165803108808 386.0 2.33 
0 290 0.12855332024121083 0.0642766601206054 -0.0 0.0 0.9953161592505854 0.9976580796252928 0.996487119437939 0.03 0.0 
1 6 -0.0 0.0 -0.0 -0.0 1.0 1.0 1.0 0.0 0.0 
0 176 0.3525425103487513 0.176271255174376 -0.06 0.19 1.0 0.7580645161290323 0.879032258064516 24.72 1.45 
1 4 -0.0 0.0 0.0 0.0 1.0 1.0 1.0 0.0 0.0 
0 6 -0.0 0.0 -0.0 -0.0 1.0 1.0 1.0 0.0 0.0 
