1 4 0.7865364435085352 0.401480572353747 0.08 0.13 0.9728506787330315 0.9728506787330315 0.972850678733032 442.51 0.33 
0 28 0.03555142101850777 0.161452728604021 0.1 0.12 0.8826530612244897 0.9489795918367347 0.915816326530612 165.64 1.08 
1 4 -0.0 0.0 0.0 0.0 1.0 1.0 1.0 0.0 0.0 
0 53 0.4459524223135379 0.222976211156769 -0.03 0.29 0.6935483870967744 0.919354838709677 0.806451612903226 33.68 1.78 
1 28 0.6822056867479602 0.602052179998817 0.05 0.2 0.9222462203023758 0.9546436285097192 0.938444924406048 472.98 0.93 
0 549 -0.0 0.0 0.0 0.0 1.0 1.0 1.0 0.0 0.0 
1 61 0.0707680768797802 0.351225226630238 -0.0 0.0 1.0 0.997695852534562 0.998847926267281 3.17 0.0 
0 101 0.3563409206018685 0.35444171547531 0.09 0.35 1.0 0.9838709677419354 0.991935483870968 62.0 2.13 
1 6 -0.0 0.0 -0.0 -0.0 1.0 0.9936034115138594 0.99680170575693 0.0 0.0 
0 382 -0.0 0.0 -0.0 0.0 1.0 0.7083333333333334 0.854166666666667 0.0 0.0 
1 265 0.3742549310896416 0.187127465544821 -0.03 0.02 0.7660668380462725 0.9974293059125964 0.881748071979434 15.62 0.69 
0 103 -0.0 0.0 0.0 -0.0 1.0 0.959731543624161 0.97986577181208 0.0 0.0 
1 3 -0.0 0.0 0.0 0.0 1.0 1.0 1.0 0.0 0.0 
0 432 -0.0 0.0 -0.02 0.0 0.7660668380462725 0.9922879177377892 0.879177377892031 0.17 0.03 
1 5 -0.0 0.0 0.07 0.08 0.9854771784232365 0.9854771784232365 0.985477178423237 482.0 0.65 
0 4 0.01516084515815546 0.0582926930231054 -0.0 0.0 1.0 0.972457627118644 0.986228813559322 0.04 0.0 
1 127 -0.0 0.0 0.11 0.46 0.5384615384615384 0.6153846153846154 0.576923076923077 18.96 1.68 
0 1288 -0.0 0.0 0.0 0.0 1.0 1.0 1.0 0.0 0.0 
1 135 -0.0 0.0 -0.0 0.0 1.0 0.7083333333333334 0.854166666666667 0.0 0.0 
0 59 0.06521436351143224 0.225286630728422 -0.02 0.02 1.0 0.9485714285714286 0.974285714285714 14.08 0.01 
1 4 -0.0 0.0 0.31 0.55 0.7580645161290323 0.7580645161290323 0.758064516129032 62.0 2.49 
0 93 0.6730116670092564 0.996950005079289 0.06 1.06 0.5555555555555555 0.8888888888888888 0.722222222222222 18.0 0.47 
1 4 -0.0 0.0 -0.0 -0.0 1.0 1.0 1.0 0.0 0.0 
0 107 0.5906061822440456 0.295303091122023 -0.02 0.0 0.9602272727272728 0.9829545454545452 0.971590909090909 1.23 0.1 
1 37 -0.0 0.0 0.0 0.0 1.0 1.0 1.0 0.0 0.0 
0 71 -0.0 0.0 0.0 0.0 1.0 1.0 1.0 0.0 0.0 
1 4 0.022083380117043378 0.0220833801170434 0.09 0.1 0.981859410430839 0.981859410430839 0.981859410430839 838.91 0.85 
0 17 0.6108643020548936 0.305432151027447 0.09 0.22 0.2333333333333333 0.6666666666666665 0.45 10.43 0.32 
1 4 -0.0 0.0 0.0 0.0 1.0 1.0 1.0 0.0 0.0 
0 915 -0.0 0.0 0.0 0.0 1.0 1.0 1.0 0.0 0.0 
1 8 0.6895519477750732 0.344775973887537 0.0 -0.0 1.0 1.0 1.0 0.0 0.0 
0 62 0.03786400663392116 0.19570488904598 -0.0 0.0 0.9498861047835992 0.988610478359909 0.969248291571754 1.25 0.07 
1 177 -0.0 0.0 -0.0 0.0 1.0 0.6774193548387096 0.838709677419355 0.0 0.0 
0 163 0.3563409206018685 0.319944406786452 0.01 0.21 0.9838709677419354 0.9838709677419354 0.983870967741935 42.77 1.43 
1 4 0.017217650311628238 0.0171995612854242 0.37 0.44 0.837448559670782 0.839506172839506 0.838477366255144 964.67 2.36 
0 690 0.9030752549500218 0.822449864483979 -0.03 0.34 0.7642105263157895 0.7726315789473683 0.768421052631579 317.52 0.76 
1 5 0.04131357294242817 0.0206567864712141 0.29 0.33 0.886153846153846 0.8892307692307693 0.887692307692308 315.12 2.04 
0 307 1.266536818067726 0.633268409033863 -0.03 0.01 0.9812206572769951 0.9953051643192488 0.988262910798122 8.0 0.06 
1 4 0.07489355301376338 0.0508964017541222 0.5 0.63 0.6807909604519775 0.6807909604519775 0.680790960451977 354.02 2.29 
0 110 0.3894087389731746 0.194704369486587 0.0 -0.0 1.0 1.0 1.0 0.0 0.0 
1 4 0.8720635602136072 0.447297852067208 -0.01 0.11 0.2385542168674699 0.7156626506024096 0.47710843373494 466.31 0.11 
0 13 0.015300337963220716 0.0152305915606881 -0.0 0.0 1.0 0.9894067796610168 0.994703389830508 0.01 0.0 
1 25 0.8720635602136072 0.444515665699525 -0.01 0.0 0.2385542168674699 0.9975903614457832 0.618072289156626 0.63 0.0 
0 167 -0.0 0.0 -0.0 0.0 1.0 0.6935483870967744 0.846774193548387 0.0 0.0 
1 4 0.8127245415610106 0.428086422879458 0.41 0.59 0.3391521197007481 0.3640897755610973 0.351620947630923 772.17 0.33 
0 25 0.05662157828350273 0.0951682057036182 -0.0 0.0 1.0 0.9932885906040269 0.996644295302013 0.14 0.02 
1 47 -0.0 0.0 -0.0 0.0 1.0 0.6153846153846154 0.807692307692308 0.0 0.0 
0 178 -0.0 0.0 0.0 0.0 1.0 0.9979466119096508 0.998973305954825 0.0 0.0 
1 68 0.3269547847215813 0.163477392360791 -0.01 0.01 0.9481865284974093 0.9870466321243522 0.967616580310881 3.79 0.05 
0 232 0.09962338946616205 0.27278790588985 -0.08 0.25 0.7903225806451613 0.919354838709677 0.854838709677419 41.76 1.62 
1 7 0.09908391604753189 0.0495419580237659 0.04 0.04 0.9850746268656718 0.9914712153518124 0.988272921108742 266.27 0.37 
0 130 0.4459524223135379 0.399247466331145 0.02 0.35 1.0 0.919354838709677 0.959677419354839 62.0 1.64 
1 4 0.022083380117043378 0.0220833801170434 0.09 0.1 0.981859410430839 0.981859410430839 0.981859410430839 838.91 0.81 
0 548 -0.0 0.0 0.01 0.13 0.3076923076923077 0.8076923076923077 0.557692307692308 7.04 0.76 
1 1 -0.0 0.0 0.43 0.68 0.5842293906810035 0.5842293906810035 0.584229390681004 279.0 2.02 
0 4 0.25613114039546225 0.128065570197731 0.47 0.65 0.6400911161731208 0.6400911161731208 0.640091116173121 439.0 2.2 
1 33 0.030372534777978206 0.0228364363705995 -0.0 0.0 0.9894067796610168 0.9978813559322034 0.99364406779661 0.04 0.0 
0 1 1.240684291953396 1.13516865300899 0.36 0.45 0.10752688172043011 0.11827956989247312 0.112903225806452 279.0 0.02 
1 182 -0.0 0.0 -0.0 0.0 1.0 0.7580645161290323 0.879032258064516 0.0 0.0 
0 1 -0.0 0.0 -0.0 -0.0 1.0 1.0 1.0 0.0 0.0 
1 43 -0.0 0.0 0.0 0.0 1.0 1.0 1.0 0.0 0.0 
0 248 0.42803573449734306 0.214017867248672 -0.0 -0.0 1.0 1.0 1.0 0.0 0.0 
1 31 -0.0 0.0 0.0 0.0 1.0 1.0 1.0 0.0 0.0 
0 669 -0.0 0.0 0.0 0.0 1.0 1.0 1.0 0.0 0.0 
1 187 0.666278442414676 0.333139221207338 -0.1 0.06 1.0 0.8846153846153846 0.942307692307692 2.12 0.44 
0 152 0.6799529039485162 0.527943525085583 -0.03 0.07 1.0 0.99645390070922 0.99822695035461 82.28 0.59 
1 4 -0.0 0.0 -0.0 -0.0 1.0 0.9727463312368972 0.986373165618449 0.0 0.0 
0 86 -0.0 0.0 -0.0 -0.0 1.0 0.9402985074626864 0.970149253731343 0.0 0.0 
1 20 0.08509104448327401 0.042545522241637 0.0 0.0 1.0 1.0 1.0 0.0 0.0 
0 147 0.928529239598717 0.464264619799359 0.0 -0.0 1.0 0.7114093959731543 0.855704697986577 0.0 0.0 
1 3 -0.0 0.0 -0.0 -0.0 1.0 1.0 1.0 0.0 0.0 
0 298 0.5437298474071837 0.271864923703592 -0.02 0.01 0.8835227272727273 0.9829545454545452 0.933238636363636 2.19 0.12 
1 192 0.04965097662992789 0.0248254883149639 -0.0 -0.0 1.0 1.0 1.0 0.0 0.0 
0 632 0.6615632381579821 0.330781619078991 -0.16 0.06 1.0 0.125 0.5625 0.69 0.04 
1 4 0.022083380117043378 0.0110416900585217 0.06 0.07 0.981859410430839 0.984126984126984 0.982993197278912 384.99 0.69 
0 190 0.07019220143739478 0.746040299996492 -0.02 0.02 0.985542168674699 0.9951807228915664 0.990361445783132 25.07 0.08 
1 4 0.6730116670092564 0.336505833504628 -0.2 0.33 0.28571428571428564 0.7142857142857143 0.5 3.73 0.53 
0 115 -0.0 0.0 0.0 0.0 1.0 0.375 0.6875 0.0 0.0 
1 3 -0.0 0.0 0.31 0.55 0.7580645161290323 0.7580645161290323 0.758064516129032 62.0 2.68 
0 136 -0.0 0.0 0.0 0.0 1.0 0.375 0.6875 0.0 0.0 
1 94 0.09165764788996307 0.0699766348366203 -0.0 0.0 1.0 0.9818181818181818 0.990909090909091 0.1 0.01 
0 66 0.7569085521415507 0.378454276070775 -0.0 0.0 1.0 1.0 1.0 0.0 0.0 
1 4 -0.0 0.0 0.0 0.0 1.0 1.0 1.0 0.0 0.0 
0 351 0.40984977137281264 0.204924885686406 -0.02 0.0 0.6400911161731208 0.9954441913439636 0.817767653758542 1.5 0.05 
1 2 -0.0 0.0 0.31 0.55 0.7580645161290323 0.7580645161290323 0.758064516129032 62.0 2.68 
0 141 -0.0 0.0 0.0 0.0 1.0 1.0 1.0 0.0 0.0 
1 5 0.030372534777978206 0.0227666899680668 -0.0 0.0 1.0 0.9978813559322034 0.998940677966102 0.01 0.0 
0 87 -0.0 0.0 -0.0 -0.0 1.0 1.0 1.0 0.0 0.0 
1 4 0.0947607483566568 0.0769695270739669 0.09 0.1 0.9806866952789698 0.982832618025751 0.981759656652361 445.71 0.81 
0 63 0.016359415015602636 0.00817970750780132 -0.0 0.0 0.9585253456221196 0.9953917050691244 0.976958525345622 0.13 0.01 
1 24 0.030372534777978206 0.0658985378330168 -0.0 0.0 0.972457627118644 0.9978813559322034 0.985169491525424 0.13 0.01 
0 152 0.031216774035490776 0.0156083870177454 -0.0 0.0 1.0 0.9734939759036146 0.986746987951807 0.0 0.0 
1 3 0.0740225961475812 0.128824279468757 0.41 0.69 0.5590551181102362 0.5748031496062993 0.566929133858268 381.05 2.38 
0 205 0.6109007249809115 0.305450362490456 -0.0 0.0 1.0 1.0 1.0 0.0 0.0 
1 1 -0.0 0.0 0.37 0.44 0.16 0.16 0.16 25.0 0.2 
0 70 0.666278442414676 0.333139221207338 -0.04 0.02 1.0 0.9615384615384615 0.980769230769231 0.65 0.14 
1 4 0.01475818629482802 0.00737909314741401 0.01 0.01 1.0 0.9979466119096508 0.998973305954825 487.0 0.19 
0 143 0.5310355187960252 0.49836138240544 -0.09 0.06 0.8678756476683936 0.9507772020725388 0.909326424870466 42.97 0.55 
1 263 0.01789792517672371 0.00894896258836186 -0.01 0.0 1.0 0.7660668380462725 0.883033419023136 0.31 0.03 
0 211 0.3894087389731746 0.194704369486587 -0.02 0.0 1.0 0.959731543624161 0.97986577181208 1.45 0.12 
1 38 0.08509104448327401 0.069552158829183 -0.0 0.0 1.0 1.0 1.0 0.07 0.01 
0 106 -0.0 0.0 0.0 0.0 1.0 1.0 1.0 0.0 0.0 
1 12 0.7691223805667942 0.67691926485557 0.66 0.88 0.5571428571428572 0.5857142857142859 0.571428571428571 121.17 2.16 
0 254 0.42803573449734306 0.214017867248672 -0.0 -0.0 1.0 1.0 1.0 0.0 0.0 
1 4 0.5297061990576545 0.439269147450343 -0.1 0.03 1.0 1.0 1.0 0.32 0.45 
0 401 0.016041126258559923 0.00802056312927996 -0.0 0.0 1.0 0.8190045248868777 0.909502262443439 0.22 0.02 
1 2 0.0251440699125892 0.0125720349562946 0.53 0.63 0.6761658031088082 0.6761658031088082 0.676165803108808 386.0 2.33 
0 79 0.4459524223135379 0.222976211156769 -0.03 0.27 0.6774193548387096 0.919354838709677 0.798387096774194 31.25 1.7 
1 9 -0.0 0.0 0.12 0.37 0.7580645161290323 0.8064516129032256 0.782258064516129 46.62 2.14 
0 664 0.9423399854873624 0.479498821601103 -0.05 0.03 0.8905263157894738 0.9663157894736842 0.928421052631579 20.16 0.03 
1 2 0.6846162778013049 0.342308138900652 0.15 0.36 0.8846153846153846 0.8846153846153846 0.884615384615385 26.0 0.82 
0 630 0.20707027621364865 0.636643823450879 -0.03 0.05 0.989795918367347 0.9938775510204082 0.991836734693878 41.29 0.0 
1 4 0.3250829733914482 0.162541486695724 -0.0 0.0 1.0 1.0 1.0 0.0 0.0 
0 558 0.05755265252972321 0.0287763262648616 0.0 -0.0 1.0 0.984126984126984 0.992063492063492 0.0 0.0 
1 149 0.0251440699125892 0.0229518966655533 -0.06 0.01 0.6761658031088082 0.8471502590673574 0.761658031088083 4.61 0.18 
0 90 1.60806707347725 0.877375552674196 0.0 0.04 0.988610478359909 0.9931662870159452 0.990888382687927 33.19 0.07 
1 22 -0.0 0.0 0.31 0.55 0.7580645161290323 0.7580645161290323 0.758064516129032 62.0 2.49 
0 399 0.7134161640307438 0.891423057296086 0.05 0.34 0.8250539956803455 0.9913606911447084 0.908207343412527 757.94 0.06 
1 4 -0.0 0.0 -0.0 -0.0 1.0 1.0 1.0 0.0 0.0 
0 81 0.6622618696488148 0.879609692230082 0.18 0.56 0.8475177304964538 0.8723404255319149 0.859929078014184 479.78 0.75 
1 14 0.6846162778013049 0.342308138900652 0.15 0.36 0.8846153846153846 0.8846153846153846 0.884615384615385 26.0 0.82 
0 26 0.0 0.0 0.0 0.0 0.0 0.0 0.0 0.0 0.0 
1 4 0.030097958257751373 0.0286902185022557 0.1 0.1 0.9793388429752063 0.9834710743801652 0.981404958677686 484.0 0.84 
0 46 -0.0 0.0 -0.0 0.0 0.959731543624161 0.9966442953020132 0.978187919463087 0.04 0.01 
1 49 -0.0 0.0 0.0 0.0 1.0 1.0 1.0 0.0 0.0 
0 96 0.629696481674345 0.413066466354088 0.05 0.07 1.0 1.0 1.0 70.16 0.72 
1 2 0.01616684129705593 0.00808342064852796 0.02 0.02 0.9977220956719816 0.9977220956719816 0.997722095671982 439.0 0.16 
0 37 0.6473026055487068 0.512075294783852 0.06 0.19 0.6825053995680346 0.900647948164147 0.791576673866091 360.1 0.91 
1 3 0.016359415015602636 0.0163594150156026 0.05 0.05 0.9953917050691244 0.9953917050691244 0.995391705069124 868.0 0.39 
0 7 1.1857896932009937 0.592894846600497 -0.03 0.02 1.0 0.9727463312368972 0.986373165618449 11.93 0.2 
1 176 -0.0 0.0 -0.1 0.06 0.6153846153846154 0.8846153846153846 0.75 2.12 0.61 
0 85 0.9275196767172602 0.796899059565968 0.05 0.77 0.8666666666666668 0.9333333333333332 0.9 43.3 0.98 
1 120 -0.0 0.0 -0.0 -0.0 1.0 0.9977324263038548 0.998866213151927 0.0 0.0 
0 102 0.2835478929710348 0.141773946485517 -0.06 0.13 0.6935483870967744 0.9838709677419354 0.838709677419355 15.03 1.07 
1 63 -0.0 0.0 0.0 0.0 1.0 1.0 1.0 0.0 0.0 
0 228 0.3525425103487513 0.176271255174376 -0.08 0.15 1.0 0.6935483870967744 0.846774193548387 17.86 1.31 
1 6 -0.0 0.0 0.0 0.0 1.0 1.0 1.0 0.0 0.0 
0 208 0.031216774035490776 0.0268744589781493 -0.04 0.01 0.7156626506024096 0.9734939759036146 0.844578313253012 4.97 0.14 
1 6 -0.0 0.0 -0.0 -0.0 1.0 1.0 1.0 0.0 0.0 
0 19 0.923936856009666 0.838512845132642 0.04 0.45 0.5183585313174947 0.7278617710583153 0.623110151187905 482.59 0.1 
