1 24 0.030372534777978206 0.0658985378330168 -0.0 0.0 0.972457627118644 0.9978813559322034 0.985169491525424 0.13 0.01 
0 9 -0.0 0.0 0.31 0.55 0.7580645161290323 0.7580645161290323 0.758064516129032 62.0 2.49 
1 4 0.022083380117043378 0.0110416900585217 0.06 0.07 0.981859410430839 0.984126984126984 0.982993197278912 384.99 0.69 
0 252 -0.0 0.0 -0.01 0.01 0.6935483870967744 0.9838709677419354 0.838709677419355 0.45 0.12 
1 4 -0.0 0.0 0.31 0.55 0.7580645161290323 0.7580645161290323 0.758064516129032 62.0 2.49 
0 36 -0.0 0.0 -0.0 -0.0 1.0 0.9966442953020132 0.998322147651007 0.0 0.0 
1 5 -0.0 0.0 0.07 0.08 0.9854771784232365 0.9854771784232365 0.985477178423237 482.0 0.65 
0 605 0.25230867170216453 0.202520346025553 -0.0 0.01 1.0 1.0 1.0 9.59 0.03 
1 4 0.017217650311628238 0.0171995612854242 0.37 0.44 0.837448559670782 0.839506172839506 0.838477366255144 964.67 2.36 
0 43 -0.0 0.0 -0.0 -0.0 1.0 1.0 1.0 0.0 0.0 
1 4 0.7865364435085352 0.401480572353747 0.08 0.13 0.9728506787330315 0.9728506787330315 0.972850678733032 442.51 0.33 
0 882 0.3250829733914482 0.162541486695724 -0.0 0.0 1.0 1.0 1.0 0.0 0.0 
1 63 -0.0 0.0 0.0 0.0 1.0 1.0 1.0 0.0 0.0 
0 45 0.016932705378456925 0.00846635268922846 0.0 0.0 1.0 1.0 1.0 0.0 0.0 
1 4 -0.0 0.0 0.0 0.0 1.0 1.0 1.0 0.0 0.0 
0 60 0.3615394778944647 0.180769738947232 0.0 0.0 1.0 1.0 1.0 0.0 0.0 
1 43 -0.0 0.0 0.0 0.0 1.0 1.0 1.0 0.0 0.0 
0 5 0.09697954377303232 0.0992020423305438 0.05 0.06 0.972457627118644 0.9894067796610168 0.98093220338983 567.03 0.53 
1 265 0.3742549310896416 0.187127465544821 -0.03 0.02 0.7660668380462725 0.9974293059125964 0.881748071979434 15.62 0.69 
0 222 0.6365141682948128 0.318257084147406 -0.13 0.39 0.3 0.6 0.45 6.43 0.42 
1 2 0.0251440699125892 0.0125720349562946 0.53 0.63 0.6761658031088082 0.6761658031088082 0.676165803108808 386.0 2.33 
0 75 0.05755265252972321 0.0398180163233833 -0.01 0.0 0.981859410430839 0.984126984126984 0.982993197278912 0.23 0.02 
1 182 -0.0 0.0 -0.0 0.0 1.0 0.7580645161290323 0.879032258064516 0.0 0.0 
0 8 0.7906389209809128 0.395319460490456 0.02 0.05 0.9481865284974093 0.9766839378238344 0.962435233160622 101.01 0.16 
1 8 0.6895519477750732 0.344775973887537 0.0 -0.0 1.0 1.0 1.0 0.0 0.0 
0 24 0.4695240172949409 0.23476200864747 0.0 -0.0 1.0 1.0 1.0 0.0 0.0 
1 4 0.022083380117043378 0.0220833801170434 0.09 0.1 0.981859410430839 0.981859410430839 0.981859410430839 838.91 0.85 
0 243 -0.0 0.0 0.0 0.0 1.0 1.0 1.0 0.0 0.0 
1 8 0.0947607483566568 0.232756230915289 0.02 0.03 0.9678111587982832 0.9806866952789698 0.974248927038627 84.69 0.27 
0 164 0.09651393728015299 0.121705609192958 -0.0 0.0 1.0 1.0 1.0 0.18 0.02 
1 120 -0.0 0.0 -0.0 -0.0 1.0 0.9977324263038548 0.998866213151927 0.0 0.0 
0 218 -0.0 0.0 0.0 0.0 1.0 0.9978165938864628 0.998908296943231 0.0 0.0 
1 2 0.01616684129705593 0.00808342064852796 0.02 0.02 0.9977220956719816 0.9977220956719816 0.997722095671982 439.0 0.16 
0 17 -0.0 0.0 0.02 0.02 0.9966442953020132 0.9966442953020132 0.996644295302013 298.0 0.23 
1 33 0.030372534777978206 0.0228364363705995 -0.0 0.0 0.9894067796610168 0.9978813559322034 0.99364406779661 0.04 0.0 
0 63 -0.0 0.0 0.0 0.0 1.0 1.0 1.0 0.0 0.0 
1 4 0.030097958257751373 0.0286902185022557 0.1 0.1 0.9793388429752063 0.9834710743801652 0.981404958677686 484.0 0.84 
0 228 0.05662157828350273 0.129117557084416 -0.0 0.0 1.0 0.9932885906040269 0.996644295302013 0.25 0.03 
1 3 -0.0 0.0 0.0 0.0 1.0 1.0 1.0 0.0 0.0 
0 193 0.3767701612564368 0.362801128549734 0.17 0.35 1.0 0.8888888888888888 0.944444444444444 9.0 1.71 
1 61 0.0707680768797802 0.351225226630238 -0.0 0.0 1.0 0.997695852534562 0.998847926267281 3.17 0.0 
0 329 -0.0 0.0 -0.0 -0.0 1.0 1.0 1.0 0.0 0.0 
1 12 -0.0 0.0 0.3 0.36 0.8846153846153846 0.8846153846153846 0.884615384615385 26.0 2.14 
0 143 0.4959171118080685 0.247958555904034 0.0 -0.0 1.0 0.9922879177377892 0.996143958868895 0.0 0.0 
1 4 0.8127245415610106 0.428086422879458 0.41 0.59 0.3391521197007481 0.3640897755610973 0.351620947630923 772.17 0.33 
0 70 0.02013133843277965 0.0100656692163898 -0.01 0.0 0.709205020920502 0.993723849372385 0.851464435146444 1.25 0.05 
1 3 -0.0 0.0 -0.0 -0.0 1.0 1.0 1.0 0.0 0.0 
0 33 -0.0 0.0 -0.0 0.0 0.9829545454545452 0.9971590909090908 0.990056818181818 0.02 0.0 
1 37 -0.0 0.0 0.0 0.0 1.0 1.0 1.0 0.0 0.0 
0 148 0.01789792517672371 0.00894896258836186 -0.0 -0.0 1.0 1.0 1.0 0.0 0.0 
1 4 -0.0 0.0 -0.0 -0.0 1.0 1.0 1.0 0.0 0.0 
0 25 0.6829081047004717 0.640588846642864 -0.03 0.2 1.0 1.0 1.0 2.1 0.57 
1 4 -0.0 0.0 -0.0 -0.0 1.0 1.0 1.0 0.0 0.0 
0 33 -0.0 0.0 -0.0 -0.0 1.0 0.9966442953020132 0.998322147651007 0.0 0.0 
1 20 0.08509104448327401 0.042545522241637 0.0 0.0 1.0 1.0 1.0 0.0 0.0 
0 314 0.06894930739780505 0.109612253657177 -0.02 0.01 1.0 0.9182389937106918 0.959119496855346 12.18 0.22 
1 4 0.01475818629482802 0.00737909314741401 0.01 0.01 1.0 0.9979466119096508 0.998973305954825 487.0 0.19 
0 814 0.12855332024121083 0.0642766601206054 -0.0 -0.0 1.0 0.9953161592505854 0.997658079625293 0.0 0.0 
1 176 -0.0 0.0 -0.1 0.06 0.6153846153846154 0.8846153846153846 0.75 2.12 0.61 
0 629 0.022083380117043378 0.0110416900585217 0.0 -0.0 1.0 0.981859410430839 0.99092970521542 0.0 0.0 
1 127 -0.0 0.0 0.11 0.46 0.5384615384615384 0.6153846153846154 0.576923076923077 18.96 1.68 
0 96 0.29170992255894307 0.714804249311949 0.09 0.19 1.0 0.9930313588850174 0.996515679442509 698.2 0.73 
1 6 -0.0 0.0 0.0 0.0 1.0 1.0 1.0 0.0 0.0 
0 154 0.09651393728015299 0.0482569686400765 -0.0 0.0 1.0 0.959731543624161 0.97986577181208 0.21 0.03 
1 29 0.02253214392080778 0.0197499575531257 -0.0 0.01 0.7156626506024096 0.9975903614457832 0.856626506024096 5.06 0.1 
0 465 0.9569181480647492 0.516208466744103 -0.02 0.01 0.989795918367347 0.9979591836734693 0.993877551020408 6.39 0.02 
1 25 0.8720635602136072 0.444515665699525 -0.01 0.0 0.2385542168674699 0.9975903614457832 0.618072289156626 0.63 0.0 
0 20 0.3563409206018685 0.254173115719036 -0.02 0.13 0.919354838709677 0.9838709677419354 0.951612903225806 28.83 1.15 
1 135 -0.0 0.0 -0.0 0.0 1.0 0.7083333333333334 0.854166666666667 0.0 0.0 
0 219 -0.0 0.0 0.0 0.0 1.0 0.125 0.5625 0.0 0.0 
1 7 0.09908391604753189 0.0495419580237659 0.04 0.04 0.9850746268656718 0.9914712153518124 0.988272921108742 266.27 0.37 
0 43 0.27384907245785556 0.136924536228928 0.0 -0.0 1.0 0.9229024943310656 0.961451247165533 0.0 0.0 
1 14 0.6846162778013049 0.342308138900652 0.15 0.36 0.8846153846153846 0.8846153846153846 0.884615384615385 26.0 0.82 
0 439 0.308891104846187 0.154445552423093 0.0 -0.0 1.0 0.987780040733198 0.993890020366599 0.0 0.0 
1 4 0.022083380117043378 0.0220833801170434 0.09 0.1 0.981859410430839 0.981859410430839 0.981859410430839 838.91 0.81 
0 174 0.07915888226942422 0.0513527246839416 -0.03 0.01 0.6423690205011389 0.9749430523917996 0.808656036446469 8.81 0.12 
1 4 -0.0 0.0 -0.0 -0.0 1.0 0.9727463312368972 0.986373165618449 0.0 0.0 
0 9 0.031216774035490776 0.0156083870177454 0.09 0.11 0.9638554216867468 0.9734939759036146 0.968674698795181 315.18 0.97 
1 94 0.09165764788996307 0.0699766348366203 -0.0 0.0 1.0 0.9818181818181818 0.990909090909091 0.1 0.01 
0 367 0.24610920772326714 0.123054603861634 -0.01 0.0 1.0 0.9966442953020132 0.998322147651007 0.07 0.01 
1 177 -0.0 0.0 -0.0 0.0 1.0 0.6774193548387096 0.838709677419355 0.0 0.0 
0 243 0.05577279621184249 0.036370283698643 -0.0 0.0 0.9686746987951808 0.9975903614457832 0.983132530120482 0.09 0.01 
1 12 0.7691223805667942 0.67691926485557 0.66 0.88 0.5571428571428572 0.5857142857142859 0.571428571428571 121.17 2.16 
0 71 0.09650896073594732 0.0482544803679737 0.01 0.03 0.8225806451612901 0.9838709677419354 0.903225806451613 4.71 0.41 
1 192 0.04965097662992789 0.0248254883149639 -0.0 -0.0 1.0 1.0 1.0 0.0 0.0 
0 468 0.6622618696488148 0.631828097907448 0.11 0.38 1.0 0.8723404255319149 0.936170212765957 257.94 1.81 
1 4 -0.0 0.0 0.0 0.0 1.0 1.0 1.0 0.0 0.0 
0 79 0.09651393728015299 0.0765677577818279 -0.0 0.0 1.0 0.9932885906040269 0.996644295302013 0.09 0.01 
1 28 0.6822056867479602 0.602052179998817 0.05 0.2 0.9222462203023758 0.9546436285097192 0.938444924406048 472.98 0.93 
0 94 0.09650896073594732 0.224525735542349 -0.04 0.24 1.0 0.8225806451612901 0.911290322580645 36.59 1.78 
1 187 0.666278442414676 0.333139221207338 -0.1 0.06 1.0 0.8846153846153846 0.942307692307692 2.12 0.44 
0 91 0.36139458154547405 0.180697290772737 0.08 0.13 0.9346590909090908 0.9602272727272728 0.947443181818182 213.42 1.04 
1 4 0.6730116670092564 0.336505833504628 -0.2 0.33 0.28571428571428564 0.7142857142857143 0.5 3.73 0.53 
0 19 -0.0 0.0 0.0 0.0 1.0 1.0 1.0 0.0 0.0 
1 4 0.07489355301376338 0.0508964017541222 0.5 0.63 0.6807909604519775 0.6807909604519775 0.680790960451977 354.02 2.29 
0 686 0.937464383416628 0.839644428717282 0.03 0.58 0.7726315789473683 0.96 0.866315789473684 431.17 0.07 
1 1 -0.0 0.0 0.37 0.44 0.16 0.16 0.16 25.0 0.2 
0 188 0.6071082391575967 0.303554119578798 0.02 0.03 0.8200455580865603 0.9863325740318906 0.903189066059225 58.72 0.21 
1 9 -0.0 0.0 0.12 0.37 0.7580645161290323 0.8064516129032256 0.782258064516129 46.62 2.14 
0 359 -0.0 0.0 -0.06 0.18 0.6935483870967744 0.7580645161290323 0.725806451612903 22.68 1.72 
1 263 0.01789792517672371 0.00894896258836186 -0.01 0.0 1.0 0.7660668380462725 0.883033419023136 0.31 0.03 
0 392 0.038691590688165765 0.0193457953440829 -0.01 0.0 1.0 0.5628997867803837 0.781449893390192 0.65 0.03 
1 3 -0.0 0.0 0.0 0.0 1.0 1.0 1.0 0.0 0.0 
0 301 0.30463609734923813 0.152318048674619 0.0 0.0 1.0 0.42307692307692313 0.711538461538462 0.0 0.0 
1 3 -0.0 0.0 -0.0 -0.0 1.0 1.0 1.0 0.0 0.0 
0 68 -0.0 0.0 0.0 0.0 1.0 0.375 0.6875 0.0 0.0 
1 31 -0.0 0.0 0.0 0.0 1.0 1.0 1.0 0.0 0.0 
0 38 0.3269547847215813 0.786274900102244 0.02 0.23 0.6580310880829016 0.9870466321243522 0.822538860103627 436.08 0.28 
1 5 0.030372534777978206 0.0227666899680668 -0.0 0.0 1.0 0.9978813559322034 0.998940677966102 0.01 0.0 
0 321 -0.0 0.0 -0.0 -0.0 1.0 0.9977324263038548 0.998866213151927 0.0 0.0 
1 68 0.3269547847215813 0.163477392360791 -0.01 0.01 0.9481865284974093 0.9870466321243522 0.967616580310881 3.79 0.05 
0 382 0.4674331568190166 0.24189628591731 -0.02 0.0 1.0 0.9621380846325168 0.981069042316258 1.61 0.12 
1 4 -0.0 0.0 0.0 0.0 1.0 1.0 1.0 0.0 0.0 
0 5 0.9556998911125344 0.776984739848896 -0.13 0.2 1.0 1.0 1.0 2.1 0.87 
1 4 0.8720635602136072 0.447297852067208 -0.01 0.11 0.2385542168674699 0.7156626506024096 0.47710843373494 466.31 0.11 
0 326 0.06219281179296066 0.0310964058964803 -0.01 0.0 0.6703786191536748 0.9888641425389754 0.829621380846325 2.56 0.09 
1 3 0.016359415015602636 0.0163594150156026 0.05 0.05 0.9953917050691244 0.9953917050691244 0.995391705069124 868.0 0.39 
0 448 -0.0 0.0 0.04 0.14 0.34615384615384615 0.8846153846153846 0.615384615384615 6.41 0.66 
1 5 0.04131357294242817 0.0206567864712141 0.29 0.33 0.886153846153846 0.8892307692307693 0.887692307692308 315.12 2.04 
0 246 -0.0 0.0 -0.0 -0.0 1.0 0.9948586118251928 0.997429305912596 0.0 0.0 
1 22 -0.0 0.0 0.31 0.55 0.7580645161290323 0.7580645161290323 0.758064516129032 62.0 2.49 
0 271 0.3563409206018685 0.178170460300934 -0.1 0.15 0.6935483870967744 0.9838709677419354 0.838709677419355 18.09 1.18 
1 2 -0.0 0.0 0.31 0.55 0.7580645161290323 0.7580645161290323 0.758064516129032 62.0 2.68 
0 410 -0.0 0.0 0.0 0.0 1.0 0.9166666666666664 0.958333333333333 0.0 0.0 
1 38 0.08509104448327401 0.069552158829183 -0.0 0.0 1.0 1.0 1.0 0.07 0.01 
0 121 0.20707027621364865 0.110927297686002 0.01 0.01 0.9918367346938776 0.9938775510204082 0.992857142857143 44.13 0.15 
1 47 -0.0 0.0 -0.0 0.0 1.0 0.6153846153846154 0.807692307692308 0.0 0.0 
0 196 0.6331171997564925 0.316558599878246 -0.0 0.0 0.947608200455581 0.9977220956719816 0.972665148063781 0.24 0.02 
1 3 0.0740225961475812 0.128824279468757 0.41 0.69 0.5590551181102362 0.5748031496062993 0.566929133858268 381.05 2.38 
0 37 0.532506047065826 0.499969601942421 0.02 0.17 1.0 0.6703786191536748 0.835189309576837 183.7 0.97 
1 6 -0.0 0.0 -0.0 -0.0 1.0 0.9936034115138594 0.99680170575693 0.0 0.0 
0 351 0.054410366820546084 0.027205183410273 -0.0 -0.0 1.0 0.9893390191897654 0.994669509594883 0.0 0.0 
1 49 -0.0 0.0 0.0 0.0 1.0 1.0 1.0 0.0 0.0 
0 385 -0.0 0.0 -0.0 0.0 1.0 0.625 0.8125 0.0 0.0 
1 149 0.0251440699125892 0.0229518966655533 -0.06 0.01 0.6761658031088082 0.8471502590673574 0.761658031088083 4.61 0.18 
0 577 -0.0 0.0 -0.0 0.0 1.0 0.625 0.8125 0.0 0.0 
1 1 -0.0 0.0 0.43 0.68 0.5842293906810035 0.5842293906810035 0.584229390681004 279.0 2.02 
0 6 0.09345740278411808 0.266322572297395 -0.0 0.0 1.0 1.0 1.0 2.95 0.0 
1 4 0.5297061990576545 0.439269147450343 -0.1 0.03 1.0 1.0 1.0 0.32 0.45 
0 127 0.6668211267142973 0.350932261340387 0.01 0.04 1.0 0.8835227272727273 0.941761363636364 352.0 0.12 
