1 3 0.016359415015602636 0.0163594150156026 0.05 0.05 0.9953917050691244 0.9953917050691244 0.995391705069124 868.0 0.39 
0 139 0.27737437324620146 0.138687186623101 0.0 -0.0 1.0 1.0 1.0 0.0 0.0 
1 6 -0.0 0.0 0.0 0.0 1.0 1.0 1.0 0.0 0.0 
0 394 0.038691590688165765 0.0317966528589984 -0.01 0.0 1.0 0.5628997867803837 0.781449893390192 0.65 0.03 
1 6 -0.0 0.0 -0.0 -0.0 1.0 0.9936034115138594 0.99680170575693 0.0 0.0 
0 277 0.4459524223135379 0.222976211156769 -0.13 0.2 0.7580645161290323 0.919354838709677 0.838709677419355 26.67 1.44 
1 25 0.8720635602136072 0.444515665699525 -0.01 0.0 0.2385542168674699 0.9975903614457832 0.618072289156626 0.63 0.0 
0 144 0.03578922484588708 0.0178946124229435 -0.01 0.0 1.0 0.7660668380462725 0.883033419023136 0.61 0.04 
1 4 0.7865364435085352 0.401480572353747 0.08 0.13 0.9728506787330315 0.9728506787330315 0.972850678733032 442.51 0.33 
0 57 0.9556998911125344 0.776984739848896 -0.11 0.2 1.0 1.0 1.0 2.1 1.15 
1 22 -0.0 0.0 0.31 0.55 0.7580645161290323 0.7580645161290323 0.758064516129032 62.0 2.49 
0 1286 -0.0 0.0 0.0 0.0 1.0 1.0 1.0 0.0 0.0 
1 4 -0.0 0.0 0.0 0.0 1.0 1.0 1.0 0.0 0.0 
0 288 0.09345740278411808 0.046728701392059 -0.0 0.0 1.0 0.9953161592505854 0.997658079625293 0.03 0.0 
1 14 0.6846162778013049 0.342308138900652 0.15 0.36 0.8846153846153846 0.8846153846153846 0.884615384615385 26.0 0.82 
0 76 -0.0 0.0 0.06 0.41 0.8571428571428571 0.8571428571428571 0.857142857142857 7.0 2.45 
1 4 0.8720635602136072 0.447297852067208 -0.01 0.11 0.2385542168674699 0.7156626506024096 0.47710843373494 466.31 0.11 
0 86 0.8403742290585 1.4498343676629 -0.02 0.75 0.6038135593220338 0.972457627118644 0.788135593220339 725.06 0.42 
1 5 0.030372534777978206 0.0227666899680668 -0.0 0.0 1.0 0.9978813559322034 0.998940677966102 0.01 0.0 
0 1408 -0.0 0.0 0.0 0.0 1.0 1.0 1.0 0.0 0.0 
1 33 0.030372534777978206 0.0228364363705995 -0.0 0.0 0.9894067796610168 0.9978813559322034 0.99364406779661 0.04 0.0 
0 256 0.3708082825784814 0.185404141289241 -0.0 0.0 1.0 0.9976580796252928 0.998829039812646 0.1 0.01 
1 3 -0.0 0.0 0.0 0.0 1.0 1.0 1.0 0.0 0.0 
0 10 0.3912841618051373 0.195642080902569 0.01 0.02 0.9976580796252928 0.9976580796252928 0.997658079625293 427.0 0.09 
1 4 0.022083380117043378 0.0110416900585217 0.06 0.07 0.981859410430839 0.984126984126984 0.982993197278912 384.99 0.69 
0 62 0.09450614728103433 0.145561483504815 -0.01 0.03 0.26636568848758463 0.9909706546275394 0.628668171557562 142.11 0.03 
1 4 0.017217650311628238 0.0171995612854242 0.37 0.44 0.837448559670782 0.839506172839506 0.838477366255144 964.67 2.36 
0 79 0.09651393728015299 0.0765677577818279 -0.0 0.0 1.0 0.9932885906040269 0.996644295302013 0.09 0.01 
1 37 -0.0 0.0 0.0 0.0 1.0 1.0 1.0 0.0 0.0 
0 27 0.04667886203059532 0.524461930615238 0.03 0.05 0.9929577464788734 0.9976525821596244 0.995305164319249 466.08 0.15 
1 2 0.6846162778013049 0.342308138900652 0.15 0.36 0.8846153846153846 0.8846153846153846 0.884615384615385 26.0 0.82 
0 26 0.05662157828350273 0.0283107891417514 -0.0 -0.0 1.0 0.9932885906040269 0.996644295302013 0.0 0.0 
1 3 -0.0 0.0 0.0 0.0 1.0 1.0 1.0 0.0 0.0 
0 233 0.04708051459985158 0.200313143028945 -0.07 0.04 0.6423690205011389 0.9498861047835992 0.796127562642369 30.69 0.09 
1 176 -0.0 0.0 -0.1 0.06 0.6153846153846154 0.8846153846153846 0.75 2.12 0.61 
0 20 0.06619464551069208 0.118052774854586 0.06 0.08 0.944567627494457 0.9756097560975608 0.960088691796009 192.61 0.57 
1 63 -0.0 0.0 0.0 0.0 1.0 1.0 1.0 0.0 0.0 
0 230 0.7453785846192588 0.716625175161411 -0.05 0.29 0.7270788912579956 0.997867803837953 0.862473347547974 210.86 0.02 
1 3 -0.0 0.0 -0.0 -0.0 1.0 1.0 1.0 0.0 0.0 
0 144 0.08919443275684764 0.807765867079478 -0.22 0.04 0.6423690205011389 0.8610478359908883 0.751708428246014 47.59 0.25 
1 20 0.08509104448327401 0.042545522241637 0.0 0.0 1.0 1.0 1.0 0.0 0.0 
0 18 0.16103884445583505 0.713787831261781 -0.01 0.03 1.0 0.9953051643192488 0.997652582159624 17.57 0.15 
1 4 -0.0 0.0 0.31 0.55 0.7580645161290323 0.7580645161290323 0.758064516129032 62.0 2.49 
0 339 0.01607235879964646 0.00803617939982323 -0.0 -0.0 1.0 1.0 1.0 0.0 0.0 
1 4 -0.0 0.0 -0.0 -0.0 1.0 1.0 1.0 0.0 0.0 
0 790 1.3119025137037055 0.655951256851853 -0.0 0.0 0.40408163265306124 0.9979591836734693 0.701020408163265 3.5 0.02 
1 4 0.022083380117043378 0.0220833801170434 0.09 0.1 0.981859410430839 0.981859410430839 0.981859410430839 838.91 0.85 
0 22 0.376847984018997 0.723138967290212 -0.03 0.24 0.8250539956803455 0.900647948164147 0.862850971922246 352.5 0.55 
1 1 -0.0 0.0 0.43 0.68 0.5842293906810035 0.5842293906810035 0.584229390681004 279.0 2.02 
0 246 0.15377968767542066 0.143586585503141 0.01 0.02 1.0 0.9954648526077096 0.997732426303855 39.88 0.34 
1 135 -0.0 0.0 -0.0 0.0 1.0 0.7083333333333334 0.854166666666667 0.0 0.0 
0 178 -0.0 0.0 0.0 0.0 1.0 0.9979466119096508 0.998973305954825 0.0 0.0 
1 31 -0.0 0.0 0.0 0.0 1.0 1.0 1.0 0.0 0.0 
0 75 -0.0 0.0 0.0 -0.0 1.0 0.5732647814910026 0.786632390745501 0.0 0.0 
1 3 -0.0 0.0 -0.0 -0.0 1.0 1.0 1.0 0.0 0.0 
0 60 0.3563409206018685 0.178170460300934 -0.01 0.26 0.8064516129032256 0.9838709677419354 0.895161290322581 38.27 1.83 
1 4 -0.0 0.0 -0.0 -0.0 1.0 0.9727463312368972 0.986373165618449 0.0 0.0 
0 281 0.3563409206018685 0.178170460300934 -0.1 0.15 0.6774193548387096 0.9838709677419354 0.830645161290323 16.83 1.13 
1 8 0.0947607483566568 0.232756230915289 0.02 0.03 0.9678111587982832 0.9806866952789698 0.974248927038627 84.69 0.27 
0 431 0.022083380117043378 0.0110416900585217 0.0 -0.0 1.0 0.981859410430839 0.99092970521542 0.0 0.0 
1 49 -0.0 0.0 0.0 0.0 1.0 1.0 1.0 0.0 0.0 
0 276 0.9556998911125344 1.11636707528934 0.01 0.96 1.0 1.0 1.0 14.0 0.62 
1 4 0.0947607483566568 0.0769695270739669 0.09 0.1 0.9806866952789698 0.982832618025751 0.981759656652361 445.71 0.81 
0 253 -0.0 0.0 -0.0 -0.0 1.0 1.0 1.0 0.0 0.0 
1 4 -0.0 0.0 -0.0 -0.0 1.0 1.0 1.0 0.0 0.0 
0 386 0.25230867170216453 0.126154335851082 0.0 -0.0 1.0 1.0 1.0 0.0 0.0 
1 4 0.6730116670092564 0.336505833504628 -0.2 0.33 0.28571428571428564 0.7142857142857143 0.5 3.73 0.53 
0 297 0.03786400663392116 0.0307052868661901 -0.01 0.0 0.6423690205011389 0.988610478359909 0.815489749430524 2.62 0.03 
1 4 0.07489355301376338 0.0508964017541222 0.5 0.63 0.6807909604519775 0.6807909604519775 0.680790960451977 354.02 2.29 
0 263 0.6691066329624924 0.34316214163706 -0.01 0.06 0.17901234567901234 0.837448559670782 0.508230452674897 75.79 0.13 
1 2 0.0251440699125892 0.0125720349562946 0.53 0.63 0.6761658031088082 0.6761658031088082 0.676165803108808 386.0 2.33 
0 148 0.6878717657035625 0.354797010191207 -0.03 0.0 0.9402985074626864 0.997867803837953 0.96908315565032 4.29 0.1 
1 3 -0.0 0.0 0.31 0.55 0.7580645161290323 0.7580645161290323 0.758064516129032 62.0 2.68 
0 132 0.08036852866682491 0.0401842643334124 -0.0 -0.0 1.0 0.9976580796252928 0.998829039812646 0.0 0.0 
1 12 0.7691223805667942 0.67691926485557 0.66 0.88 0.5571428571428572 0.5857142857142859 0.571428571428571 121.17 2.16 
0 461 0.7065442778104265 0.439552755486544 -0.08 0.05 1.0 0.9578947368421052 0.978947368421053 37.31 0.0 
1 38 0.08509104448327401 0.069552158829183 -0.0 0.0 1.0 1.0 1.0 0.07 0.01 
0 139 0.6109007249809115 0.305450362490456 -0.01 0.0 1.0 0.9897330595482546 0.994866529774127 1.47 0.06 
1 29 0.02253214392080778 0.0197499575531257 -0.0 0.01 0.7156626506024096 0.9975903614457832 0.856626506024096 5.06 0.1 
0 268 0.09187703676356046 0.122828362219491 -0.0 0.0 1.0 0.984126984126984 0.992063492063492 0.51 0.05 
1 9 -0.0 0.0 0.12 0.37 0.7580645161290323 0.8064516129032256 0.782258064516129 46.62 2.14 
0 346 -0.0 0.0 -0.06 0.18 0.6935483870967744 0.7580645161290323 0.725806451612903 22.68 1.48 
1 4 0.3250829733914482 0.162541486695724 -0.0 0.0 1.0 1.0 1.0 0.0 0.0 
0 519 0.8605892830185917 0.430294641509296 0.0 -0.0 1.0 0.9765807962529272 0.988290398126464 0.0 0.0 
1 4 0.5297061990576545 0.439269147450343 -0.1 0.03 1.0 1.0 1.0 0.32 0.45 
0 341 0.11255306916469554 0.594219275388933 0.0 0.02 1.0 0.929078014184397 0.964539007092199 17.72 0.02 
1 47 -0.0 0.0 -0.0 0.0 1.0 0.6153846153846154 0.807692307692308 0.0 0.0 
0 314 -0.0 0.0 -0.0 -0.0 1.0 0.9976580796252928 0.998829039812646 0.0 0.0 
1 7 0.09908391604753189 0.0495419580237659 0.04 0.04 0.9850746268656718 0.9914712153518124 0.988272921108742 266.27 0.37 
0 84 0.1520053108362029 0.0760026554181015 0.0 0.0 1.0 0.919354838709677 0.959677419354839 0.0 0.0 
1 192 0.04965097662992789 0.0248254883149639 -0.0 -0.0 1.0 1.0 1.0 0.0 0.0 
0 200 -0.0 0.0 -0.0 0.0 1.0 0.7580645161290323 0.879032258064516 0.0 0.0 
1 263 0.01789792517672371 0.00894896258836186 -0.01 0.0 1.0 0.7660668380462725 0.883033419023136 0.31 0.03 
0 63 0.048964887966297055 0.0911791856485795 0.0 0.01 0.981859410430839 0.9954648526077096 0.988662131519274 26.48 0.06 
1 177 -0.0 0.0 -0.0 0.0 1.0 0.6774193548387096 0.838709677419355 0.0 0.0 
0 83 0.4959171118080685 0.247958555904034 -0.01 0.13 0.5732647814910026 0.9922879177377892 0.782776349614396 79.06 0.91 
1 6 -0.0 0.0 -0.0 -0.0 1.0 1.0 1.0 0.0 0.0 
0 16 -0.0 0.0 0.15 0.19 0.7777777777777779 0.8888888888888888 0.833333333333333 3.94 1.61 
1 4 0.01475818629482802 0.00737909314741401 0.01 0.01 1.0 0.9979466119096508 0.998973305954825 487.0 0.19 
0 340 -0.0 0.0 0.0 0.05 0.3076923076923077 0.9615384615384615 0.634615384615385 2.34 0.3 
1 4 0.8127245415610106 0.428086422879458 0.41 0.59 0.3391521197007481 0.3640897755610973 0.351620947630923 772.17 0.33 
0 74 0.7906389209809128 0.628163083497884 0.05 0.25 0.8678756476683936 0.9766839378238344 0.922279792746114 274.68 0.98 
1 1 -0.0 0.0 0.37 0.44 0.16 0.16 0.16 25.0 0.2 
0 290 0.12855332024121083 0.0642766601206054 -0.0 0.0 0.9953161592505854 0.9976580796252928 0.996487119437939 0.03 0.0 
1 149 0.0251440699125892 0.0229518966655533 -0.06 0.01 0.6761658031088082 0.8471502590673574 0.761658031088083 4.61 0.18 
0 9 1.0042424730540764 0.502121236527038 -0.14 0.33 1.0 0.28571428571428564 0.642857142857143 3.73 0.1 
1 182 -0.0 0.0 -0.0 0.0 1.0 0.7580645161290323 0.879032258064516 0.0 0.0 
0 417 -0.0 0.0 0.0 0.0 1.0 0.75 0.875 0.0 0.0 
1 120 -0.0 0.0 -0.0 -0.0 1.0 0.9977324263038548 0.998866213151927 0.0 0.0 
0 28 0.01475818629482802 0.00737909314741401 0.01 0.01 1.0 0.9979466119096508 0.998973305954825 487.0 0.17 
1 61 0.0707680768797802 0.351225226630238 -0.0 0.0 1.0 0.997695852534562 0.998847926267281 3.17 0.0 
0 775 1.3119025137037055 0.655951256851853 -0.0 0.0 0.40408163265306124 0.9979591836734693 0.701020408163265 3.5 0.02 
1 28 0.6822056867479602 0.602052179998817 0.05 0.2 0.9222462203023758 0.9546436285097192 0.938444924406048 472.98 0.93 
0 110 0.09450614728103433 0.0472530736405172 -0.0 0.0 0.9909706546275394 0.9909706546275394 0.99097065462754 0.1 0.01 
1 68 0.3269547847215813 0.163477392360791 -0.01 0.01 0.9481865284974093 0.9870466321243522 0.967616580310881 3.79 0.05 
0 390 0.015979048625929488 0.00798952431296474 -0.01 0.0 0.921161825726141 0.9854771784232365 0.953319502074689 0.63 0.04 
1 12 -0.0 0.0 0.3 0.36 0.8846153846153846 0.8846153846153846 0.884615384615385 26.0 2.14 
0 33 -0.0 0.0 -0.0 -0.0 1.0 0.9966442953020132 0.998322147651007 0.0 0.0 
1 43 -0.0 0.0 0.0 0.0 1.0 1.0 1.0 0.0 0.0 
0 27 0.015529324822425987 0.015529324822426 0.14 0.16 0.9663157894736842 0.9663157894736842 0.966315789473684 950.0 1.23 
1 5 -0.0 0.0 0.07 0.08 0.9854771784232365 0.9854771784232365 0.985477178423237 482.0 0.65 
0 293 0.4459524223135379 0.222976211156769 -0.13 0.2 0.7580645161290323 0.919354838709677 0.838709677419355 26.67 1.43 
1 8 0.6895519477750732 0.344775973887537 0.0 -0.0 1.0 1.0 1.0 0.0 0.0 
0 42 -0.0 0.0 -0.0 -0.0 1.0 0.9936034115138594 0.99680170575693 0.0 0.0 
1 24 0.030372534777978206 0.0658985378330168 -0.0 0.0 0.972457627118644 0.9978813559322034 0.985169491525424 0.13 0.01 
0 199 -0.0 0.0 -0.0 -0.0 1.0 0.9585253456221196 0.97926267281106 0.0 0.0 
1 2 0.01616684129705593 0.00808342064852796 0.02 0.02 0.9977220956719816 0.9977220956719816 0.997722095671982 439.0 0.16 
0 337 0.09650896073594732 0.0482544803679737 -0.11 0.14 0.6774193548387096 0.8225806451612901 0.75 17.9 1.38 
1 94 0.09165764788996307 0.0699766348366203 -0.0 0.0 1.0 0.9818181818181818 0.990909090909091 0.1 0.01 
0 260 0.4435682844142889 0.221784142207145 -0.01 0.0 0.8295454545454547 0.9886363636363636 0.909090909090909 1.33 0.08 
1 4 0.030097958257751373 0.0286902185022557 0.1 0.1 0.9793388429752063 0.9834710743801652 0.981404958677686 484.0 0.84 
0 410 -0.0 0.0 -0.0 0.0 0.9931972789115646 0.9954648526077096 0.994331065759637 0.01 0.0 
1 4 -0.0 0.0 0.0 0.0 1.0 1.0 1.0 0.0 0.0 
0 5 -0.0 0.0 0.42 0.63 0.6774193548387096 0.6774193548387096 0.67741935483871 62.0 2.56 
1 265 0.3742549310896416 0.187127465544821 -0.03 0.02 0.7660668380462725 0.9974293059125964 0.881748071979434 15.62 0.69 
0 95 0.021722254678851236 0.0108611273394256 -0.0 0.0 0.9402985074626864 0.9936034115138594 0.966950959488273 0.2 0.02 
1 4 -0.0 0.0 0.0 0.0 1.0 1.0 1.0 0.0 0.0 
0 301 0.4695240172949409 0.425028954861535 0.04 0.15 1.0 0.9922879177377892 0.996143958868895 158.83 1.54 
1 127 -0.0 0.0 0.11 0.46 0.5384615384615384 0.6153846153846154 0.576923076923077 18.96 1.68 
0 960 0.016897794165734926 0.00844889708286746 -0.0 -0.0 1.0 0.97423887587822 0.98711943793911 0.0 0.0 
