1 4 0.01475818629482802 0.00737909314741401 0.01 0.01 1.0 0.9979466119096508 0.998973305954825 487.0 0.19 
0 238 0.42803573449734306 0.287466507801553 -0.0 0.0 1.0 1.0 1.0 1.42 0.11 
1 176 -0.0 0.0 -0.1 0.06 0.6153846153846154 0.8846153846153846 0.75 2.12 0.61 
0 46 0.7906389209809128 0.395319460490456 -0.01 0.01 0.9766839378238344 0.981865284974093 0.979274611398964 29.57 0.03 
1 4 -0.0 0.0 0.31 0.55 0.7580645161290323 0.7580645161290323 0.758064516129032 62.0 2.49 
0 206 -0.0 0.0 -0.0 0.0 1.0 0.7580645161290323 0.879032258064516 0.0 0.0 
1 4 -0.0 0.0 -0.0 -0.0 1.0 1.0 1.0 0.0 0.0 
0 69 1.7983316181241153 0.988162506374395 -0.01 0.09 0.9607438016528924 0.9628099173553722 0.961776859504132 147.85 0.02 
1 49 -0.0 0.0 0.0 0.0 1.0 1.0 1.0 0.0 0.0 
0 212 0.04108212159516753 0.0205410607975838 -0.01 0.0 0.940340909090909 0.9829545454545452 0.961647727272727 0.43 0.04 
1 187 0.666278442414676 0.333139221207338 -0.1 0.06 1.0 0.8846153846153846 0.942307692307692 2.12 0.44 
0 142 -0.0 0.0 0.0 0.0 1.0 0.9166666666666664 0.958333333333333 0.0 0.0 
1 4 -0.0 0.0 0.0 0.0 1.0 1.0 1.0 0.0 0.0 
0 3 0.05602246986522343 0.0466890603920622 -0.0 0.0 1.0 1.0 1.0 0.02 0.0 
1 4 0.0947607483566568 0.0769695270739669 0.09 0.1 0.9806866952789698 0.982832618025751 0.981759656652361 445.71 0.81 
0 16 0.08919443275684764 0.0681374736783496 0.49 0.67 0.6423690205011389 0.6423690205011389 0.642369020501139 878.02 2.38 
1 25 0.8720635602136072 0.444515665699525 -0.01 0.0 0.2385542168674699 0.9975903614457832 0.618072289156626 0.63 0.0 
0 709 -0.0 0.0 -0.15 0.04 0.625 0.9166666666666664 0.770833333333333 1.31 0.47 
1 37 -0.0 0.0 0.0 0.0 1.0 1.0 1.0 0.0 0.0 
0 562 -0.0 0.0 -0.04 0.0 0.2333333333333333 0.8666666666666668 0.55 0.01 0.02 
1 4 0.030097958257751373 0.0286902185022557 0.1 0.1 0.9793388429752063 0.9834710743801652 0.981404958677686 484.0 0.84 
0 9 -0.0 0.0 0.31 0.55 0.7580645161290323 0.7580645161290323 0.758064516129032 62.0 2.49 
1 192 0.04965097662992789 0.0248254883149639 -0.0 -0.0 1.0 1.0 1.0 0.0 0.0 
0 176 0.39796547681873295 0.198982738409367 -0.0 0.0 1.0 0.9978165938864628 0.998908296943231 0.1 0.01 
1 47 -0.0 0.0 -0.0 0.0 1.0 0.6153846153846154 0.807692307692308 0.0 0.0 
0 239 0.01607235879964646 0.00803617939982323 -0.0 0.0 0.9909706546275394 0.9954853273137698 0.993227990970655 0.03 0.0 
1 28 0.6822056867479602 0.602052179998817 0.05 0.2 0.9222462203023758 0.9546436285097192 0.938444924406048 472.98 0.93 
0 28 -0.0 0.0 -0.0 -0.0 1.0 1.0 1.0 0.0 0.0 
1 4 0.022083380117043378 0.0220833801170434 0.09 0.1 0.981859410430839 0.981859410430839 0.981859410430839 838.91 0.85 
0 6 -0.0 0.0 0.43 0.68 0.5842293906810035 0.5842293906810035 0.584229390681004 279.0 2.02 
1 2 0.0251440699125892 0.0125720349562946 0.53 0.63 0.6761658031088082 0.6761658031088082 0.676165803108808 386.0 2.33 
0 126 -0.0 0.0 -0.0 -0.0 1.0 0.9863945578231293 0.993197278911565 0.0 0.0 
1 177 -0.0 0.0 -0.0 0.0 1.0 0.6774193548387096 0.838709677419355 0.0 0.0 
0 195 -0.0 0.0 -0.0 -0.0 1.0 0.9979591836734693 0.998979591836735 0.0 0.0 
1 2 0.01616684129705593 0.00808342064852796 0.02 0.02 0.9977220956719816 0.9977220956719816 0.997722095671982 439.0 0.16 
0 314 -0.0 0.0 -0.0 -0.0 1.0 1.0 1.0 0.0 0.0 
1 2 0.6846162778013049 0.342308138900652 0.15 0.36 0.8846153846153846 0.8846153846153846 0.884615384615385 26.0 0.82 
0 154 0.821654712766377 0.410827356383189 -0.0 0.0 1.0 0.9917864476386036 0.995893223819302 0.0 0.0 
1 3 -0.0 0.0 0.0 0.0 1.0 1.0 1.0 0.0 0.0 
0 88 0.8194521312920207 0.978675353678488 0.13 0.4 0.9094076655052264 0.9930313588850174 0.951219512195122 477.78 1.03 
1 38 0.08509104448327401 0.069552158829183 -0.0 0.0 1.0 1.0 1.0 0.07 0.01 
0 229 0.767183707147163 0.383591853573582 -0.02 0.0 0.909090909090909 0.9886363636363636 0.948863636363636 1.45 0.08 
1 3 -0.0 0.0 0.0 0.0 1.0 1.0 1.0 0.0 0.0 
0 1406 0.308891104846187 0.154445552423093 0.0 -0.0 1.0 0.987780040733198 0.993890020366599 0.0 0.0 
1 3 0.0740225961475812 0.128824279468757 0.41 0.69 0.5590551181102362 0.5748031496062993 0.566929133858268 381.05 2.38 
0 192 0.3912841618051373 0.195642080902569 0.0 -0.0 1.0 0.9976580796252928 0.998829039812646 0.0 0.0 
1 149 0.0251440699125892 0.0229518966655533 -0.06 0.01 0.6761658031088082 0.8471502590673574 0.761658031088083 4.61 0.18 
0 71 0.09697954377303232 0.731086637531752 -0.03 0.03 0.8538135593220338 0.9894067796610168 0.921610169491525 32.44 0.02 
1 3 -0.0 0.0 0.31 0.55 0.7580645161290323 0.7580645161290323 0.758064516129032 62.0 2.68 
0 291 1.2770342594661392 1.17801323367186 -0.06 0.81 1.0 1.0 1.0 10.11 0.1 
1 4 0.017217650311628238 0.0171995612854242 0.37 0.44 0.837448559670782 0.839506172839506 0.838477366255144 964.67 2.36 
0 205 0.6128854801054902 0.322315814588438 -0.04 0.02 0.7349397590361446 0.9542168674698795 0.844578313253012 13.05 0.33 
1 1 -0.0 0.0 0.43 0.68 0.5842293906810035 0.5842293906810035 0.584229390681004 279.0 2.02 
0 116 0.5310355187960252 0.39144992316739 -0.09 0.03 0.8445595854922278 0.9507772020725388 0.897668393782383 15.66 0.47 
1 68 0.3269547847215813 0.163477392360791 -0.01 0.01 0.9481865284974093 0.9870466321243522 0.967616580310881 3.79 0.05 
0 52 0.6791932659915256 0.339596632995763 0.13 0.55 0.5 0.9230769230769232 0.711538461538462 22.29 0.73 
1 135 -0.0 0.0 -0.0 0.0 1.0 0.7083333333333334 0.854166666666667 0.0 0.0 
0 34 -0.0 0.0 -0.0 -0.0 1.0 0.9966442953020132 0.998322147651007 0.0 0.0 
1 4 0.8127245415610106 0.428086422879458 0.41 0.59 0.3391521197007481 0.3640897755610973 0.351620947630923 772.17 0.33 
0 157 0.4514062119967289 0.234652068586726 -0.0 0.0 1.0 0.9922879177377892 0.996143958868895 0.18 0.02 
1 20 0.08509104448327401 0.042545522241637 0.0 0.0 1.0 1.0 1.0 0.0 0.0 
0 257 0.25230867170216453 0.126154335851082 -0.0 0.0 1.0 0.9976580796252928 0.998829039812646 0.05 0.01 
1 4 -0.0 0.0 -0.0 -0.0 1.0 1.0 1.0 0.0 0.0 
0 71 0.04667886203059532 0.525353057219364 -0.01 0.01 0.7535211267605633 0.9929577464788734 0.873239436619718 16.68 0.0 
1 4 0.3250829733914482 0.162541486695724 -0.0 0.0 1.0 1.0 1.0 0.0 0.0 
0 354 -0.0 0.0 -0.06 0.16 0.6774193548387096 0.7580645161290323 0.717741935483871 20.64 1.52 
1 6 -0.0 0.0 -0.0 -0.0 1.0 0.9936034115138594 0.99680170575693 0.0 0.0 
0 113 0.35354577145803917 0.17677288572902 -0.01 0.0 0.9498861047835992 0.9954441913439636 0.972665148063781 0.36 0.02 
1 4 -0.0 0.0 0.0 0.0 1.0 1.0 1.0 0.0 0.0 
0 104 -0.0 0.0 -0.0 -0.0 1.0 0.9402985074626864 0.970149253731343 0.0 0.0 
1 120 -0.0 0.0 -0.0 -0.0 1.0 0.9977324263038548 0.998866213151927 0.0 0.0 
0 74 0.744230088684321 0.37211504434216 -0.0 0.01 0.7505330490405117 0.9914712153518124 0.871002132196162 12.14 0.07 
1 14 0.6846162778013049 0.342308138900652 0.15 0.36 0.8846153846153846 0.8846153846153846 0.884615384615385 26.0 0.82 
0 125 0.4514062119967289 0.225703105998364 0.0 -0.0 1.0 0.9922879177377892 0.996143958868895 0.0 0.0 
1 4 0.07489355301376338 0.0508964017541222 0.5 0.63 0.6807909604519775 0.6807909604519775 0.680790960451977 354.02 2.29 
0 277 0.6829081047004717 0.979971182083305 0.03 0.68 1.0 1.0 1.0 7.0 0.33 
1 94 0.09165764788996307 0.0699766348366203 -0.0 0.0 1.0 0.9818181818181818 0.990909090909091 0.1 0.01 
0 56 0.25095314470125835 0.125476572350629 0.0 0.01 0.959731543624161 0.9966442953020132 0.978187919463087 24.63 0.02 
1 61 0.0707680768797802 0.351225226630238 -0.0 0.0 1.0 0.997695852534562 0.998847926267281 3.17 0.0 
0 253 -0.0 0.0 0.0 0.0 1.0 1.0 1.0 0.0 0.0 
1 127 -0.0 0.0 0.11 0.46 0.5384615384615384 0.6153846153846154 0.576923076923077 18.96 1.68 
0 15 0.016294681047229552 0.00814734052361478 -0.0 -0.0 1.0 1.0 1.0 0.0 0.0 
1 265 0.3742549310896416 0.187127465544821 -0.03 0.02 0.7660668380462725 0.9974293059125964 0.881748071979434 15.62 0.69 
0 227 -0.0 0.0 0.0 -0.0 1.0 0.5732647814910026 0.786632390745501 0.0 0.0 
1 3 -0.0 0.0 -0.0 -0.0 1.0 1.0 1.0 0.0 0.0 
0 26 0.6096823605541178 0.354884379772769 0.02 0.06 0.8969359331476324 0.9498607242339832 0.923398328690808 70.1 0.48 
1 29 0.02253214392080778 0.0197499575531257 -0.0 0.01 0.7156626506024096 0.9975903614457832 0.856626506024096 5.06 0.1 
0 112 0.6365141682948128 0.318257084147406 0.0 0.0 1.0 0.375 0.6875 0.0 0.0 
1 4 0.6895519477750732 0.344775973887537 0.0 -0.0 1.0 1.0 1.0 0.0 0.0 
0 167 0.5623351446188082 0.281167572309404 0.0 0.0 1.0 1.0 1.0 0.0 0.0 
1 43 -0.0 0.0 0.0 0.0 1.0 1.0 1.0 0.0 0.0 
0 553 0.20707027621364865 0.103535138106824 -0.0 0.0 0.9938775510204082 0.9979591836734693 0.995918367346939 0.06 0.01 
1 3 -0.0 0.0 -0.0 -0.0 1.0 1.0 1.0 0.0 0.0 
0 259 0.016359415015602636 0.0163270480314161 -0.0 0.0 1.0 0.9953917050691244 0.997695852534562 0.01 0.0 
1 63 -0.0 0.0 0.0 0.0 1.0 1.0 1.0 0.0 0.0 
0 198 1.0022449991998803 0.50112249959994 0.0 -0.0 1.0 0.9976525821596244 0.998826291079812 0.0 0.0 
1 2 -0.0 0.0 0.31 0.55 0.7580645161290323 0.7580645161290323 0.758064516129032 62.0 2.68 
0 534 0.6108643020548936 0.305432151027447 -0.04 0.11 0.6666666666666665 0.8666666666666668 0.766666666666667 5.27 0.7 
1 9 -0.0 0.0 0.12 0.37 0.7580645161290323 0.8064516129032256 0.782258064516129 46.62 2.14 
0 156 0.664316082500306 0.537082926936559 -0.03 0.08 0.6400911161731208 0.938496583143508 0.789293849658314 147.74 0.13 
1 3 0.016359415015602636 0.0163594150156026 0.05 0.05 0.9953917050691244 0.9953917050691244 0.995391705069124 868.0 0.39 
0 347 0.01607235879964646 0.00803617939982323 -0.0 0.0 1.0 0.9954648526077096 0.997732426303855 0.0 0.0 
1 31 -0.0 0.0 0.0 0.0 1.0 1.0 1.0 0.0 0.0 
0 5 0.0 0.0 0.0 0.0 0.0 0.0 0.0 0.0 0.0 
1 5 -0.0 0.0 0.07 0.08 0.9854771784232365 0.9854771784232365 0.985477178423237 482.0 0.65 
0 24 0.4695240172949409 0.23476200864747 0.0 -0.0 1.0 1.0 1.0 0.0 0.0 
1 4 0.7865364435085352 0.401480572353747 0.08 0.13 0.9728506787330315 0.9728506787330315 0.972850678733032 442.51 0.33 
0 73 -0.0 0.0 -0.0 0.0 0.9914712153518124 0.9936034115138594 0.992537313432836 0.03 0.0 
1 6 -0.0 0.0 -0.0 -0.0 1.0 1.0 1.0 0.0 0.0 
0 163 -0.0 0.0 -0.0 0.0 1.0 0.6935483870967744 0.846774193548387 0.0 0.0 
1 182 -0.0 0.0 -0.0 0.0 1.0 0.7580645161290323 0.879032258064516 0.0 0.0 
0 190 -0.0 0.0 0.0 0.0 1.0 0.8076923076923077 0.903846153846154 0.0 0.0 
1 6 -0.0 0.0 0.0 0.0 1.0 1.0 1.0 0.0 0.0 
0 315 0.09345740278411808 0.111005361512665 -0.0 0.0 1.0 0.9953161592505854 0.997658079625293 0.24 0.02 
1 4 0.5297061990576545 0.439269147450343 -0.1 0.03 1.0 1.0 1.0 0.32 0.45 
0 1 0.7691223805667942 1.1212932857218 0.64 1.04 0.5857142857142859 0.5857142857142859 0.585714285714286 188.6 0.61 
1 5 0.04131357294242817 0.0206567864712141 0.29 0.33 0.886153846153846 0.8892307692307693 0.887692307692308 315.12 2.04 
0 85 0.016967771185443552 0.00848388559272178 0.0 0.0 1.0 0.9975903614457832 0.998795180722892 0.0 0.0 
1 12 0.7691223805667942 0.67691926485557 0.66 0.88 0.5571428571428572 0.5857142857142859 0.571428571428571 121.17 2.16 
0 30 0.3525425103487513 0.176271255174376 -0.0 0.0 1.0 1.0 1.0 0.0 0.0 
1 8 0.6895519477750732 0.344775973887537 0.0 -0.0 1.0 1.0 1.0 0.0 0.0 
0 243 0.05577279621184249 0.036370283698643 -0.0 0.0 0.9686746987951808 0.9975903614457832 0.983132530120482 0.09 0.01 
1 33 0.030372534777978206 0.0228364363705995 -0.0 0.0 0.9894067796610168 0.9978813559322034 0.99364406779661 0.04 0.0 
0 57 0.4435682844142889 0.346239281883537 0.02 0.24 0.8295454545454547 0.875 0.852272727272727 259.39 1.45 
1 7 0.09908391604753189 0.0495419580237659 0.04 0.04 0.9850746268656718 0.9914712153518124 0.988272921108742 266.27 0.37 
0 120 0.8645984701429459 0.432299235071473 0.0 -0.0 1.0 1.0 1.0 0.0 0.0 
1 4 0.6730116670092564 0.336505833504628 -0.2 0.33 0.28571428571428564 0.7142857142857143 0.5 3.73 0.53 
0 8 0.7530888342556183 0.568604658021053 0.18 0.4 0.5183585313174947 0.6263498920086392 0.572354211663067 824.28 0.85 
1 4 -0.0 0.0 -0.0 -0.0 1.0 0.9727463312368972 0.986373165618449 0.0 0.0 
0 5 -0.0 0.0 -0.0 -0.0 1.0 1.0 1.0 0.0 0.0 
1 4 0.8720635602136072 0.447297852067208 -0.01 0.11 0.2385542168674699 0.7156626506024096 0.47710843373494 466.31 0.11 
0 1514 -0.0 0.0 0.0 0.0 1.0 1.0 1.0 0.0 0.0 
1 4 -0.0 0.0 0.0 0.0 1.0 1.0 1.0 0.0 0.0 
0 961 0.016897794165734926 0.00844889708286746 -0.0 -0.0 1.0 0.97423887587822 0.98711943793911 0.0 0.0 
1 5 0.030372534777978206 0.0227666899680668 -0.0 0.0 1.0 0.9978813559322034 0.998940677966102 0.01 0.0 
0 115 0.8620837349782771 0.452350603195857 -0.0 0.02 0.7613365155131265 0.9928400954653938 0.87708830548926 15.82 0.14 
1 22 -0.0 0.0 0.31 0.55 0.7580645161290323 0.7580645161290323 0.758064516129032 62.0 2.49 
0 232 0.3615394778944647 0.180769738947232 -0.04 0.12 1.0 0.6774193548387096 0.838709677419355 13.95 1.18 
1 12 -0.0 0.0 0.3 0.36 0.8846153846153846 0.8846153846153846 0.884615384615385 26.0 2.14 
0 69 -0.0 0.0 -0.0 -0.0 1.0 0.988479262672811 0.994239631336405 0.0 0.0 
