1 2 0.6846162778013049 0.342308138900652 0.15 0.36 0.8846153846153846 0.8846153846153846 0.884615384615385 26.0 0.82 
0 494 0.5437298474071837 0.292405984501176 -0.08 0.03 0.8835227272727273 0.940340909090909 0.911931818181818 15.7 0.29 
1 4 0.8720635602136072 0.447297852067208 -0.01 0.11 0.2385542168674699 0.7156626506024096 0.47710843373494 466.31 0.11 
0 59 0.41011631828840894 0.205058159144204 -0.14 0.05 1.0 0.28571428571428564 0.642857142857143 0.47 0.33 
1 4 0.0947607483566568 0.0769695270739669 0.09 0.1 0.9806866952789698 0.982832618025751 0.981759656652361 445.71 0.81 
0 58 0.664316082500306 0.346767867762825 -0.0 0.0 0.938496583143508 0.9954441913439636 0.966970387243736 1.16 0.06 
1 6 -0.0 0.0 -0.0 -0.0 1.0 1.0 1.0 0.0 0.0 
0 104 0.4459524223135379 0.222976211156769 -0.0 0.0 1.0 0.919354838709677 0.959677419354839 0.0 0.0 
1 4 -0.0 0.0 0.0 0.0 1.0 1.0 1.0 0.0 0.0 
0 341 -0.0 0.0 -0.0 0.0 1.0 0.7083333333333334 0.854166666666667 0.0 0.0 
1 4 0.8127245415610106 0.428086422879458 0.41 0.59 0.3391521197007481 0.3640897755610973 0.351620947630923 772.17 0.33 
0 168 0.4319626568589969 0.226842455768924 -0.01 0.01 0.9402985074626864 0.9914712153518124 0.965884861407249 3.68 0.17 
1 4 0.07489355301376338 0.0508964017541222 0.5 0.63 0.6807909604519775 0.6807909604519775 0.680790960451977 354.02 2.29 
0 190 0.6846162778013049 0.342308138900652 0.11 0.67 0.6153846153846154 0.8846153846153846 0.75 26.0 0.22 
1 4 0.3250829733914482 0.162541486695724 -0.0 0.0 1.0 1.0 1.0 0.0 0.0 
0 297 0.016359415015602636 0.00817970750780132 0.0 0.0 1.0 0.9621380846325168 0.981069042316258 0.0 0.0 
1 4 0.022083380117043378 0.0220833801170434 0.09 0.1 0.981859410430839 0.981859410430839 0.981859410430839 838.91 0.81 
0 203 -0.0 0.0 -0.0 -0.0 1.0 1.0 1.0 0.0 0.0 
1 37 -0.0 0.0 0.0 0.0 1.0 1.0 1.0 0.0 0.0 
0 84 0.021722254678851236 0.0108611273394256 -0.0 -0.0 1.0 0.9402985074626864 0.970149253731343 0.0 0.0 
1 9 -0.0 0.0 0.12 0.37 0.7580645161290323 0.8064516129032256 0.782258064516129 46.62 2.14 
0 280 -0.0 0.0 0.0 -0.0 1.0 0.7660668380462725 0.883033419023136 0.0 0.0 
1 3 -0.0 0.0 -0.0 -0.0 1.0 1.0 1.0 0.0 0.0 
0 54 -0.0 0.0 0.0 0.0 1.0 1.0 1.0 0.0 0.0 
1 1 -0.0 0.0 0.37 0.44 0.16 0.16 0.16 25.0 0.2 
0 143 -0.0 0.0 -0.0 -0.0 1.0 1.0 1.0 0.0 0.0 
1 33 0.030372534777978206 0.0228364363705995 -0.0 0.0 0.9894067796610168 0.9978813559322034 0.99364406779661 0.04 0.0 
0 351 -0.0 0.0 -0.06 0.18 0.6935483870967744 0.7580645161290323 0.725806451612903 22.68 1.48 
1 7 0.09908391604753189 0.0495419580237659 0.04 0.04 0.9850746268656718 0.9914712153518124 0.988272921108742 266.27 0.37 
0 214 0.09650896073594732 0.190028426853491 -0.05 0.16 0.8225806451612901 0.9838709677419354 0.903225806451613 25.32 1.25 
1 49 -0.0 0.0 0.0 0.0 1.0 1.0 1.0 0.0 0.0 
0 75 -0.0 0.0 -0.0 -0.0 1.0 0.9402985074626864 0.970149253731343 0.0 0.0 
1 8 0.0947607483566568 0.232756230915289 0.02 0.03 0.9678111587982832 0.9806866952789698 0.974248927038627 84.69 0.27 
0 297 0.6278424309643411 0.321474118147552 0.01 0.02 0.9793388429752063 0.987603305785124 0.983471074380165 69.92 0.06 
1 177 -0.0 0.0 -0.0 0.0 1.0 0.6774193548387096 0.838709677419355 0.0 0.0 
0 38 0.38412048178648794 0.256433783007761 -0.01 0.03 0.6263498920086392 0.9524838012958964 0.789416846652268 28.7 0.25 
1 120 -0.0 0.0 -0.0 -0.0 1.0 0.9977324263038548 0.998866213151927 0.0 0.0 
0 6 0.7569669131450216 0.659963297957165 0.16 0.45 1.0 1.0 1.0 717.91 2.73 
1 127 -0.0 0.0 0.11 0.46 0.5384615384615384 0.6153846153846154 0.576923076923077 18.96 1.68 
0 424 0.38412048178648794 0.360618341867321 -0.06 0.06 0.6263498920086392 0.937365010799136 0.781857451403888 64.45 0.51 
1 176 -0.0 0.0 -0.1 0.06 0.6153846153846154 0.8846153846153846 0.75 2.12 0.61 
0 148 0.1040583233565584 0.0520291616782792 -0.0 -0.0 1.0 1.0 1.0 0.0 0.0 
1 29 0.02253214392080778 0.0197499575531257 -0.0 0.01 0.7156626506024096 0.9975903614457832 0.856626506024096 5.06 0.1 
0 46 0.6473026055487068 1.07700830052628 0.01 0.35 0.6825053995680346 0.9136069114470842 0.798056155507559 705.05 0.7 
1 3 -0.0 0.0 0.31 0.55 0.7580645161290323 0.7580645161290323 0.758064516129032 62.0 2.68 
0 168 0.4656872460148556 0.245415657963722 0.0 0.12 0.6761658031088082 0.8678756476683936 0.772020725388601 85.0 0.69 
1 4 -0.0 0.0 0.0 0.0 1.0 1.0 1.0 0.0 0.0 
0 103 0.6316823763806962 0.315841188190348 0.0 -0.0 1.0 1.0 1.0 0.0 0.0 
1 14 0.6846162778013049 0.342308138900652 0.15 0.36 0.8846153846153846 0.8846153846153846 0.884615384615385 26.0 0.82 
0 144 0.5297061990576545 0.925297271103488 0.1 0.53 1.0 0.8888888888888888 0.944444444444444 9.0 0.37 
1 4 0.6730116670092564 0.336505833504628 -0.2 0.33 0.28571428571428564 0.7142857142857143 0.5 3.73 0.53 
0 191 0.01475818629482802 0.00737909314741401 -0.0 0.0 1.0 0.9979466119096508 0.998973305954825 0.0 0.0 
1 12 -0.0 0.0 0.3 0.36 0.8846153846153846 0.8846153846153846 0.884615384615385 26.0 2.14 
0 22 0.39796547681873295 0.198982738409367 0.0 0.0 1.0 1.0 1.0 0.0 0.0 
1 20 0.08509104448327401 0.042545522241637 0.0 0.0 1.0 1.0 1.0 0.0 0.0 
0 470 0.08036852866682491 0.0401842643334124 -0.0 0.0 0.9953161592505854 0.9976580796252928 0.996487119437939 0.03 0.0 
1 12 0.7691223805667942 0.67691926485557 0.66 0.88 0.5571428571428572 0.5857142857142859 0.571428571428571 121.17 2.16 
0 476 -0.0 0.0 0.04 0.15 0.3076923076923077 0.8846153846153846 0.596153846153846 7.63 0.74 
1 2 0.01616684129705593 0.00808342064852796 0.02 0.02 0.9977220956719816 0.9977220956719816 0.997722095671982 439.0 0.16 
0 143 0.2835478929710348 0.141773946485517 -0.01 0.0 0.9838709677419354 0.9838709677419354 0.983870967741935 0.11 0.06 
1 3 -0.0 0.0 0.0 0.0 1.0 1.0 1.0 0.0 0.0 
0 222 0.01475818629482802 0.00737909314741401 0.0 0.0 1.0 1.0 1.0 0.0 0.0 
1 28 0.6822056867479602 0.602052179998817 0.05 0.2 0.9222462203023758 0.9546436285097192 0.938444924406048 472.98 0.93 
0 49 -0.0 0.0 -0.0 -0.0 1.0 0.9977324263038548 0.998866213151927 0.0 0.0 
1 263 0.01789792517672371 0.00894896258836186 -0.01 0.0 1.0 0.7660668380462725 0.883033419023136 0.31 0.03 
0 89 0.6615632381579821 0.330781619078991 0.0 0.0 1.0 1.0 1.0 0.0 0.0 
1 43 -0.0 0.0 0.0 0.0 1.0 1.0 1.0 0.0 0.0 
0 242 -0.0 0.0 0.0 0.0 1.0 0.9166666666666664 0.958333333333333 0.0 0.0 
1 25 0.8720635602136072 0.444515665699525 -0.01 0.0 0.2385542168674699 0.9975903614457832 0.618072289156626 0.63 0.0 
0 110 -0.0 0.0 0.0 0.0 1.0 1.0 1.0 0.0 0.0 
1 63 -0.0 0.0 0.0 0.0 1.0 1.0 1.0 0.0 0.0 
0 277 0.11690572773239792 0.116129435286589 -0.0 0.0 1.0 0.8920187793427231 0.946009389671361 1.31 0.08 
1 182 -0.0 0.0 -0.0 0.0 1.0 0.7580645161290323 0.879032258064516 0.0 0.0 
0 18 2.0592945062672934 1.71224411877888 -0.01 0.76 0.8538135593220338 0.972457627118644 0.913135593220339 718.4 0.31 
1 68 0.3269547847215813 0.163477392360791 -0.01 0.01 0.9481865284974093 0.9870466321243522 0.967616580310881 3.79 0.05 
0 57 0.532506047065826 0.266253023532913 -0.0 0.0 1.0 0.6703786191536748 0.835189309576837 0.0 0.0 
1 192 0.04965097662992789 0.0248254883149639 -0.0 -0.0 1.0 1.0 1.0 0.0 0.0 
0 22 -0.0 0.0 0.0 -0.0 1.0 0.959731543624161 0.97986577181208 0.0 0.0 
1 8 0.6895519477750732 0.344775973887537 0.0 -0.0 1.0 1.0 1.0 0.0 0.0 
0 82 0.09125460025639655 0.498572951837373 0.0 0.06 0.8724373576309796 0.990888382687927 0.931662870159453 186.58 0.24 
1 149 0.0251440699125892 0.0229518966655533 -0.06 0.01 0.6761658031088082 0.8471502590673574 0.761658031088083 4.61 0.18 
0 48 0.0251440699125892 0.0125720349562946 -0.01 0.01 0.6761658031088082 0.981865284974093 0.829015544041451 3.45 0.13 
1 5 0.030372534777978206 0.0227666899680668 -0.0 0.0 1.0 0.9978813559322034 0.998940677966102 0.01 0.0 
0 142 1.0608560363487478 0.530428018174374 -0.0 0.0 0.988610478359909 0.9977220956719816 0.993166287015945 0.57 0.02 
1 22 -0.0 0.0 0.31 0.55 0.7580645161290323 0.7580645161290323 0.758064516129032 62.0 2.49 
0 368 0.01478431915835523 0.66334341643103 -0.01 0.01 0.40408163265306124 0.9918367346938776 0.697959183673469 6.92 0.04 
1 38 0.08509104448327401 0.069552158829183 -0.0 0.0 1.0 1.0 1.0 0.07 0.01 
0 430 0.04108212159516753 0.144996200473976 -0.06 0.01 0.875 0.940340909090909 0.907670454545455 5.57 0.26 
1 4 0.022083380117043378 0.0220833801170434 0.09 0.1 0.981859410430839 0.981859410430839 0.981859410430839 838.91 0.85 
0 344 0.6365141682948128 0.318257084147406 -0.0 0.0 1.0 0.6 0.8 0.0 0.0 
1 61 0.0707680768797802 0.351225226630238 -0.0 0.0 1.0 0.997695852534562 0.998847926267281 3.17 0.0 
0 31 0.6472565428776306 0.323628271438815 0.01 0.01 0.9979591836734693 0.9979591836734693 0.997959183673469 490.0 0.04 
1 1 -0.0 0.0 0.43 0.68 0.5842293906810035 0.5842293906810035 0.584229390681004 279.0 2.02 
0 162 0.6533741452692534 0.326687072634627 -0.01 0.01 0.9413265306122448 0.9948979591836736 0.968112244897959 8.11 0.07 
1 31 -0.0 0.0 0.0 0.0 1.0 1.0 1.0 0.0 0.0 
0 35 0.05602246986522343 0.0541490991069533 -0.0 0.0 1.0 1.0 1.0 0.02 0.0 
1 24 0.030372534777978206 0.0658985378330168 -0.0 0.0 0.972457627118644 0.9978813559322034 0.985169491525424 0.13 0.01 
0 17 -0.0 0.0 0.0 0.0 1.0 0.75 0.875 0.0 0.0 
1 5 -0.0 0.0 0.07 0.08 0.9854771784232365 0.9854771784232365 0.985477178423237 482.0 0.65 
0 38 -0.0 0.0 -0.0 -0.0 1.0 0.9936034115138594 0.99680170575693 0.0 0.0 
1 4 0.7865364435085352 0.401480572353747 0.08 0.13 0.9728506787330315 0.9728506787330315 0.972850678733032 442.51 0.33 
0 31 0.09908391604753189 0.0495419580237659 0.01 0.02 0.9402985074626864 0.9850746268656718 0.962686567164179 33.43 0.22 
1 4 0.022083380117043378 0.0110416900585217 0.06 0.07 0.981859410430839 0.984126984126984 0.982993197278912 384.99 0.69 
0 24 -0.0 0.0 -0.0 -0.0 1.0 0.9966442953020132 0.998322147651007 0.0 0.0 
1 4 -0.0 0.0 -0.0 -0.0 1.0 1.0 1.0 0.0 0.0 
0 4 0.8646777734057377 0.548897235881433 0.31 0.57 0.7607223476297968 0.7720090293453724 0.766365688487585 1010.55 1.35 
1 4 0.030097958257751373 0.0286902185022557 0.1 0.1 0.9793388429752063 0.9834710743801652 0.981404958677686 484.0 0.84 
0 412 0.923936856009666 0.818676510020205 0.14 0.41 0.7278617710583153 0.9913606911447084 0.859611231101512 304.68 0.11 
1 265 0.3742549310896416 0.187127465544821 -0.03 0.02 0.7660668380462725 0.9974293059125964 0.881748071979434 15.62 0.69 
0 384 0.9556998911125344 0.776984739848896 -0.0 0.2 1.0 1.0 1.0 2.1 1.34 
1 3 -0.0 0.0 -0.0 -0.0 1.0 1.0 1.0 0.0 0.0 
0 30 1.0040272524081315 0.502013626204066 0.0 -0.0 1.0 0.7535211267605633 0.876760563380282 0.0 0.0 
1 4 0.017217650311628238 0.0171995612854242 0.37 0.44 0.837448559670782 0.839506172839506 0.838477366255144 964.67 2.36 
0 61 0.8856700740385729 0.873263107899131 0.14 0.54 1.0 0.9263803680981594 0.96319018404908 827.45 1.6 
1 4 0.6895519477750732 0.344775973887537 0.0 -0.0 1.0 1.0 1.0 0.0 0.0 
0 412 0.06957694070479191 0.0493982968650681 -0.0 0.0 0.9726651480637812 0.9954441913439636 0.984054669703872 0.16 0.01 
1 47 -0.0 0.0 -0.0 0.0 1.0 0.6153846153846154 0.807692307692308 0.0 0.0 
0 32 0.06219281179296066 0.264812984305989 -0.08 0.02 1.0 0.6703786191536748 0.835189309576837 16.83 0.43 
1 5 0.04131357294242817 0.0206567864712141 0.29 0.33 0.886153846153846 0.8892307692307693 0.887692307692308 315.12 2.04 
0 305 -0.0 0.0 -0.0 -0.0 1.0 1.0 1.0 0.0 0.0 
1 4 -0.0 0.0 -0.0 -0.0 1.0 1.0 1.0 0.0 0.0 
0 125 0.4514062119967289 0.225703105998364 0.0 -0.0 1.0 0.9922879177377892 0.996143958868895 0.0 0.0 
1 6 -0.0 0.0 -0.0 -0.0 1.0 0.9936034115138594 0.99680170575693 0.0 0.0 
0 26 0.09962338946616205 0.0980661751010547 0.18 0.46 0.7903225806451613 0.8225806451612901 0.806451612903226 112.36 2.58 
1 3 0.016359415015602636 0.0163594150156026 0.05 0.05 0.9953917050691244 0.9953917050691244 0.995391705069124 868.0 0.39 
0 315 0.20707027621364865 0.103535138106824 -0.0 -0.0 1.0 0.9938775510204082 0.996938775510204 0.0 0.0 
1 4 -0.0 0.0 -0.0 -0.0 1.0 0.9727463312368972 0.986373165618449 0.0 0.0 
0 150 0.3742549310896416 0.187127465544821 0.0 -0.0 1.0 0.9974293059125964 0.998714652956298 0.0 0.0 
1 2 0.0251440699125892 0.0125720349562946 0.53 0.63 0.6761658031088082 0.6761658031088082 0.676165803108808 386.0 2.33 
0 261 -0.0 0.0 -0.01 0.01 0.6774193548387096 0.9838709677419354 0.830645161290323 0.48 0.14 
1 6 -0.0 0.0 0.0 0.0 1.0 1.0 1.0 0.0 0.0 
0 170 0.6615632381579821 0.330781619078991 0.0 0.0 1.0 1.0 1.0 0.0 0.0 
1 4 0.5297061990576545 0.439269147450343 -0.1 0.03 1.0 1.0 1.0 0.32 0.45 
0 85 0.021722254678851236 0.0108611273394256 -0.0 -0.0 1.0 0.9402985074626864 0.970149253731343 0.0 0.0 
1 3 -0.0 0.0 0.0 0.0 1.0 1.0 1.0 0.0 0.0 
0 4 0.01789792517672371 0.00894896258836186 -0.0 -0.0 1.0 1.0 1.0 0.0 0.0 
1 2 -0.0 0.0 0.31 0.55 0.7580645161290323 0.7580645161290323 0.758064516129032 62.0 2.68 
0 432 0.7530888342556183 0.545102518101886 -0.06 0.15 0.5183585313174947 0.937365010799136 0.727861771058315 408.75 0.07 
1 4 -0.0 0.0 0.31 0.55 0.7580645161290323 0.7580645161290323 0.758064516129032 62.0 2.49 
0 69 1.7983316181241153 0.988162506374395 -0.01 0.09 0.9607438016528924 0.9628099173553722 0.961776859504132 147.85 0.02 
