1 4 0.5297061990576545 0.439269147450343 -0.1 0.03 1.0 1.0 1.0 0.32 0.45 
0 407 0.04708051459985158 0.5539682754743 -0.15 0.02 0.6423690205011389 0.988610478359909 0.815489749430524 16.62 0.22 
1 2 0.01616684129705593 0.00808342064852796 0.02 0.02 0.9977220956719816 0.9977220956719816 0.997722095671982 439.0 0.16 
0 14 1.2770342594661392 0.63851712973307 -0.05 0.6 1.0 0.28571428571428564 0.642857142857143 7.0 0.17 
1 3 -0.0 0.0 -0.0 -0.0 1.0 1.0 1.0 0.0 0.0 
0 108 0.6846162778013049 0.342308138900652 0.01 0.09 0.8846153846153846 0.9615384615384615 0.923076923076923 7.97 0.35 
1 4 0.07489355301376338 0.0508964017541222 0.5 0.63 0.6807909604519775 0.6807909604519775 0.680790960451977 354.02 2.29 
0 146 0.4343460036066953 0.235067614226291 0.0 0.01 1.0 1.0 1.0 10.81 0.14 
1 25 0.8720635602136072 0.444515665699525 -0.01 0.0 0.2385542168674699 0.9975903614457832 0.618072289156626 0.63 0.0 
0 20 0.6127954659992856 0.306397732999643 -0.0 0.0 1.0 0.9914712153518124 0.995735607675906 1.63 0.06 
1 127 -0.0 0.0 0.11 0.46 0.5384615384615384 0.6153846153846154 0.576923076923077 18.96 1.68 
0 63 0.6822056867479602 0.875817818654694 -0.06 0.19 0.8250539956803455 0.9546436285097192 0.889848812095032 318.03 0.3 
1 63 -0.0 0.0 0.0 0.0 1.0 1.0 1.0 0.0 0.0 
0 105 0.7498710324173952 0.374935516208698 0.0 -0.0 1.0 0.9896694214876034 0.994834710743802 0.0 0.0 
1 5 -0.0 0.0 0.07 0.08 0.9854771784232365 0.9854771784232365 0.985477178423237 482.0 0.65 
0 319 0.6799529039485162 0.671107386798665 0.03 0.27 0.8723404255319149 0.99645390070922 0.934397163120567 316.12 0.98 
1 33 0.030372534777978206 0.0228364363705995 -0.0 0.0 0.9894067796610168 0.9978813559322034 0.99364406779661 0.04 0.0 
0 452 -0.0 0.0 0.0 0.0 1.0 0.9166666666666664 0.958333333333333 0.0 0.0 
1 22 -0.0 0.0 0.31 0.55 0.7580645161290323 0.7580645161290323 0.758064516129032 62.0 2.49 
0 37 -0.0 0.0 -0.0 -0.0 1.0 0.9966442953020132 0.998322147651007 0.0 0.0 
1 12 -0.0 0.0 0.3 0.36 0.8846153846153846 0.8846153846153846 0.884615384615385 26.0 2.14 
0 65 0.022083380117043378 0.0110416900585217 -0.01 0.0 0.981859410430839 0.9886621315192744 0.985260770975057 0.1 0.01 
1 4 0.7865364435085352 0.401480572353747 0.08 0.13 0.9728506787330315 0.9728506787330315 0.972850678733032 442.51 0.33 
0 189 0.4459524223135379 0.222976211156769 -0.02 0.0 0.919354838709677 0.9838709677419354 0.951612903225806 0.24 0.09 
1 29 0.02253214392080778 0.0197499575531257 -0.0 0.01 0.7156626506024096 0.9975903614457832 0.856626506024096 5.06 0.1 
0 205 0.8984583227127803 0.44922916135639 -0.0 0.0 1.0 0.9794661190965092 0.989733059548255 0.0 0.0 
1 14 0.6846162778013049 0.342308138900652 0.15 0.36 0.8846153846153846 0.8846153846153846 0.884615384615385 26.0 0.82 
0 71 0.09650896073594732 0.0482544803679737 0.01 0.03 0.8225806451612901 0.9838709677419354 0.903225806451613 4.71 0.41 
1 4 0.0947607483566568 0.0769695270739669 0.09 0.1 0.9806866952789698 0.982832618025751 0.981759656652361 445.71 0.81 
0 85 0.6878717657035625 0.343935882851781 0.0 -0.0 1.0 0.997867803837953 0.998933901918976 0.0 0.0 
1 5 0.030372534777978206 0.0227666899680668 -0.0 0.0 1.0 0.9978813559322034 0.998940677966102 0.01 0.0 
0 94 -0.0 0.0 0.0 0.0 1.0 0.9954853273137698 0.997742663656885 0.0 0.0 
1 4 0.017217650311628238 0.0171995612854242 0.37 0.44 0.837448559670782 0.839506172839506 0.838477366255144 964.67 2.36 
0 115 -0.0 0.0 0.0 -0.0 1.0 0.7660668380462725 0.883033419023136 0.0 0.0 
1 1 -0.0 0.0 0.37 0.44 0.16 0.16 0.16 25.0 0.2 
0 7 0.05662157828350273 0.0283107891417514 -0.0 0.0 0.9932885906040269 0.9966442953020132 0.99496644295302 0.02 0.0 
1 12 0.7691223805667942 0.67691926485557 0.66 0.88 0.5571428571428572 0.5857142857142859 0.571428571428571 121.17 2.16 
0 57 0.016294681047229552 0.0672639857179243 -0.0 0.0 1.0 0.988479262672811 0.994239631336405 0.04 0.0 
1 94 0.09165764788996307 0.0699766348366203 -0.0 0.0 1.0 0.9818181818181818 0.990909090909091 0.1 0.01 
0 248 1.01183062848278 0.50591531424139 0.0 -0.0 1.0 0.9976525821596244 0.998826291079812 0.0 0.0 
1 192 0.04965097662992789 0.0248254883149639 -0.0 -0.0 1.0 1.0 1.0 0.0 0.0 
0 286 0.3563409206018685 0.178170460300934 -0.1 0.15 0.6774193548387096 0.9838709677419354 0.830645161290323 16.83 1.04 
1 2 -0.0 0.0 0.31 0.55 0.7580645161290323 0.7580645161290323 0.758064516129032 62.0 2.68 
0 523 0.022083380117043378 0.0110416900585217 -0.0 0.0 0.981859410430839 0.9931972789115646 0.987528344671202 0.06 0.01 
1 4 -0.0 0.0 0.0 0.0 1.0 1.0 1.0 0.0 0.0 
0 301 0.6365141682948128 0.318257084147406 -0.0 0.0 1.0 0.6 0.8 0.0 0.0 
1 4 0.022083380117043378 0.0220833801170434 0.09 0.1 0.981859410430839 0.981859410430839 0.981859410430839 838.91 0.85 
0 524 0.6829081047004717 0.341454052350236 -0.15 0.23 0.3076923076923077 0.8076923076923077 0.557692307692308 9.73 0.28 
1 177 -0.0 0.0 -0.0 0.0 1.0 0.6774193548387096 0.838709677419355 0.0 0.0 
0 228 -0.0 0.0 -0.0 -0.0 1.0 0.9979591836734693 0.998979591836735 0.0 0.0 
1 3 -0.0 0.0 0.0 0.0 1.0 1.0 1.0 0.0 0.0 
0 81 0.5623351446188082 0.281167572309404 0.0 0.0 1.0 1.0 1.0 0.0 0.0 
1 149 0.0251440699125892 0.0229518966655533 -0.06 0.01 0.6761658031088082 0.8471502590673574 0.761658031088083 4.61 0.18 
0 335 -0.0 0.0 0.0 0.04 0.34615384615384615 0.9615384615384615 0.653846153846154 1.96 0.32 
1 6 -0.0 0.0 -0.0 -0.0 1.0 0.9936034115138594 0.99680170575693 0.0 0.0 
0 155 0.19643645103383003 0.182041037536035 -0.01 0.0 1.0 1.0 1.0 0.92 0.07 
1 4 -0.0 0.0 0.0 0.0 1.0 1.0 1.0 0.0 0.0 
0 6 0.08718908116625151 0.0522033657389399 0.36 0.43 0.837448559670782 0.837448559670782 0.837448559670782 478.41 2.76 
1 4 0.6895519477750732 0.344775973887537 0.0 -0.0 1.0 1.0 1.0 0.0 0.0 
0 17 0.30463609734923813 0.152318048674619 0.35 0.52 0.34615384615384615 0.42307692307692313 0.384615384615385 22.02 1.18 
1 3 0.0740225961475812 0.128824279468757 0.41 0.69 0.5590551181102362 0.5748031496062993 0.566929133858268 381.05 2.38 
0 4 0.3565581205895817 0.178279060294791 -0.0 0.0 1.0 0.9966442953020132 0.998322147651007 0.08 0.01 
1 2 0.0251440699125892 0.0125720349562946 0.53 0.63 0.6761658031088082 0.6761658031088082 0.676165803108808 386.0 2.33 
0 3 0.1182332903886191 0.0591166451943096 0.06 0.06 0.988479262672811 0.988479262672811 0.988479262672811 434.0 0.48 
1 20 0.08509104448327401 0.042545522241637 0.0 0.0 1.0 1.0 1.0 0.0 0.0 
0 55 0.9556998911125344 0.979971182083305 -0.04 0.41 1.0 1.0 1.0 4.67 0.35 
1 4 -0.0 0.0 0.31 0.55 0.7580645161290323 0.7580645161290323 0.758064516129032 62.0 2.49 
0 7 0.01475818629482802 0.0725594900364523 -0.0 0.0 1.0 1.0 1.0 0.03 0.0 
1 3 -0.0 0.0 0.31 0.55 0.7580645161290323 0.7580645161290323 0.758064516129032 62.0 2.68 
0 16 0.38535889794541217 0.369223060054966 0.06 0.16 1.0 0.8971428571428571 0.948571428571429 249.08 0.68 
1 8 0.6895519477750732 0.344775973887537 0.0 -0.0 1.0 1.0 1.0 0.0 0.0 
0 367 0.18993852386950036 0.0949692619347502 0.0 -0.0 1.0 0.9346246973365616 0.967312348668281 0.0 0.0 
1 4 0.6730116670092564 0.336505833504628 -0.2 0.33 0.28571428571428564 0.7142857142857143 0.5 3.73 0.53 
0 270 0.5458360932286223 0.388594018742345 0.01 0.01 1.0 0.9979466119096508 0.998973305954825 10.14 0.16 
1 4 0.022083380117043378 0.0110416900585217 0.06 0.07 0.981859410430839 0.984126984126984 0.982993197278912 384.99 0.69 
0 360 0.20707027621364865 0.103535138106824 -0.0 -0.0 1.0 0.9938775510204082 0.996938775510204 0.0 0.0 
1 4 -0.0 0.0 -0.0 -0.0 1.0 0.9727463312368972 0.986373165618449 0.0 0.0 
0 143 -0.0 0.0 0.0 0.0 1.0 1.0 1.0 0.0 0.0 
1 1 -0.0 0.0 0.43 0.68 0.5842293906810035 0.5842293906810035 0.584229390681004 279.0 2.02 
0 6 0.4959171118080685 0.247958555904034 0.03 0.05 0.9922879177377892 0.9922879177377892 0.992287917737789 389.0 0.22 
1 4 -0.0 0.0 -0.0 -0.0 1.0 1.0 1.0 0.0 0.0 
0 567 0.6615632381579821 0.330781619078991 -0.16 0.06 1.0 0.125 0.5625 0.69 0.05 
1 3 -0.0 0.0 0.0 0.0 1.0 1.0 1.0 0.0 0.0 
0 277 -0.0 0.0 0.0 0.0 1.0 0.9166666666666664 0.958333333333333 0.0 0.0 
1 263 0.01789792517672371 0.00894896258836186 -0.01 0.0 1.0 0.7660668380462725 0.883033419023136 0.31 0.03 
0 141 -0.0 0.0 0.01 0.4 0.625 0.7083333333333334 0.666666666666667 16.47 1.91 
1 182 -0.0 0.0 -0.0 0.0 1.0 0.7580645161290323 0.879032258064516 0.0 0.0 
0 53 0.244044214043399 0.122022107021699 0.01 0.01 0.989795918367347 0.9979591836734693 0.993877551020408 97.2 0.1 
1 38 0.08509104448327401 0.069552158829183 -0.0 0.0 1.0 1.0 1.0 0.07 0.01 
0 186 0.6829081047004717 1.01734604949506 -0.03 0.68 1.0 1.0 1.0 7.0 0.19 
1 7 0.09908391604753189 0.0495419580237659 0.04 0.04 0.9850746268656718 0.9914712153518124 0.988272921108742 266.27 0.37 
0 322 0.6829081047004717 0.54651221149444 -0.06 0.14 1.0 1.0 1.0 1.56 0.6 
1 4 0.01475818629482802 0.00737909314741401 0.01 0.01 1.0 0.9979466119096508 0.998973305954825 487.0 0.19 
0 185 0.09345740278411808 0.046728701392059 -0.0 0.0 1.0 0.9976580796252928 0.998829039812646 0.02 0.0 
1 43 -0.0 0.0 0.0 0.0 1.0 1.0 1.0 0.0 0.0 
0 73 0.6331171997564925 0.444624170075977 -0.05 0.07 0.6400911161731208 0.947608200455581 0.793849658314351 124.17 0.12 
1 4 0.8720635602136072 0.447297852067208 -0.01 0.11 0.2385542168674699 0.7156626506024096 0.47710843373494 466.31 0.11 
0 183 -0.0 0.0 -0.0 0.0 0.9956331877729256 0.9978165938864628 0.996724890829694 0.0 0.0 
1 6 -0.0 0.0 0.0 0.0 1.0 1.0 1.0 0.0 0.0 
0 335 0.9556998911125344 0.796107029703674 -0.06 0.63 1.0 0.4285714285714285 0.714285714285714 7.44 0.39 
1 176 -0.0 0.0 -0.1 0.06 0.6153846153846154 0.8846153846153846 0.75 2.12 0.61 
0 553 -0.0 0.0 0.0 0.0 1.0 1.0 1.0 0.0 0.0 
1 4 0.3250829733914482 0.162541486695724 -0.0 0.0 1.0 1.0 1.0 0.0 0.0 
0 383 -0.0 0.0 -0.0 0.0 0.959731543624161 0.9966442953020132 0.978187919463087 0.04 0.01 
1 4 0.022083380117043378 0.0220833801170434 0.09 0.1 0.981859410430839 0.981859410430839 0.981859410430839 838.91 0.81 
0 206 0.8645984701429459 0.432299235071473 -0.04 0.01 1.0 0.9402985074626864 0.970149253731343 5.15 0.08 
1 68 0.3269547847215813 0.163477392360791 -0.01 0.01 0.9481865284974093 0.9870466321243522 0.967616580310881 3.79 0.05 
0 260 0.9517673227869262 0.475883661393463 0.0 -0.0 1.0 0.9886621315192744 0.994331065759637 0.0 0.0 
1 31 -0.0 0.0 0.0 0.0 1.0 1.0 1.0 0.0 0.0 
0 151 0.05662157828350273 0.0283107891417514 -0.0 -0.0 1.0 0.9932885906040269 0.996644295302013 0.0 0.0 
1 24 0.030372534777978206 0.0658985378330168 -0.0 0.0 0.972457627118644 0.9978813559322034 0.985169491525424 0.13 0.01 
0 96 -0.0 0.0 0.0 0.0 1.0 1.0 1.0 0.0 0.0 
1 47 -0.0 0.0 -0.0 0.0 1.0 0.6153846153846154 0.807692307692308 0.0 0.0 
0 23 0.04331307121396799 0.0294650833217621 0.08 0.1 0.96 0.9726315789473684 0.966315789473684 320.8 0.91 
1 5 0.04131357294242817 0.0206567864712141 0.29 0.33 0.886153846153846 0.8892307692307693 0.887692307692308 315.12 2.04 
0 199 0.666278442414676 0.333139221207338 -0.1 0.06 1.0 0.8846153846153846 0.942307692307692 2.12 0.44 
1 8 0.0947607483566568 0.232756230915289 0.02 0.03 0.9678111587982832 0.9806866952789698 0.974248927038627 84.69 0.27 
0 23 0.6472565428776306 0.323628271438815 0.01 0.01 0.9979591836734693 0.9979591836734693 0.997959183673469 490.0 0.04 
1 3 -0.0 0.0 -0.0 -0.0 1.0 1.0 1.0 0.0 0.0 
0 47 0.7906389209809128 0.521251624259833 -0.07 0.08 0.8445595854922278 0.9766839378238344 0.910621761658031 85.21 0.26 
1 61 0.0707680768797802 0.351225226630238 -0.0 0.0 1.0 0.997695852534562 0.998847926267281 3.17 0.0 
0 192 0.3525425103487513 0.176271255174376 -0.08 0.15 1.0 0.6935483870967744 0.846774193548387 17.86 1.31 
1 9 -0.0 0.0 0.12 0.37 0.7580645161290323 0.8064516129032256 0.782258064516129 46.62 2.14 
0 27 0.016424701198958662 0.00821235059947933 0.03 0.04 0.9576837416481068 0.9888641425389754 0.973273942093541 114.43 0.44 
1 2 0.6846162778013049 0.342308138900652 0.15 0.36 0.8846153846153846 0.8846153846153846 0.884615384615385 26.0 0.82 
0 274 0.5982695885852573 0.299134794292629 -0.11 0.12 1.0 0.28571428571428564 0.642857142857143 1.12 0.53 
1 28 0.6822056867479602 0.602052179998817 0.05 0.2 0.9222462203023758 0.9546436285097192 0.938444924406048 472.98 0.93 
0 81 0.6365141682948128 0.318257084147406 0.0 0.0 1.0 0.375 0.6875 0.0 0.0 
1 4 0.030097958257751373 0.0286902185022557 0.1 0.1 0.9793388429752063 0.9834710743801652 0.981404958677686 484.0 0.84 
0 24 0.38535889794541217 0.192679448972706 0.0 0.0 1.0 1.0 1.0 0.0 0.0 
1 4 0.8127245415610106 0.428086422879458 0.41 0.59 0.3391521197007481 0.3640897755610973 0.351620947630923 772.17 0.33 
0 673 0.9030752549500218 0.459766404294487 -0.02 0.03 0.7642105263157895 0.903157894736842 0.833684210526316 23.12 0.4 
1 4 -0.0 0.0 0.0 0.0 1.0 1.0 1.0 0.0 0.0 
0 4 0.6365141682948128 0.838117469567365 0.22 0.96 0.4285714285714285 0.5714285714285713 0.5 14.0 0.62 
1 49 -0.0 0.0 0.0 0.0 1.0 1.0 1.0 0.0 0.0 
0 61 0.3269974743901718 0.163498737195086 -0.0 0.0 0.9342403628117912 0.9977324263038548 0.965986394557823 0.15 0.01 
1 37 -0.0 0.0 0.0 0.0 1.0 1.0 1.0 0.0 0.0 
0 96 0.41963577493948573 0.267494458890133 -0.0 0.03 0.8920187793427231 0.9976525821596244 0.944835680751174 15.97 0.33 
1 3 0.016359415015602636 0.0163594150156026 0.05 0.05 0.9953917050691244 0.9953917050691244 0.995391705069124 868.0 0.39 
0 359 0.6878717657035625 0.343935882851781 -0.17 0.0 0.5628997867803837 0.997867803837953 0.780383795309168 2.07 0.0 
