1 192 0.04965097662992789 0.0248254883149639 -0.0 -0.0 1.0 1.0 1.0 0.0 0.0 
0 15 0.3742549310896416 0.187127465544821 0.0 -0.0 1.0 0.9974293059125964 0.998714652956298 0.0 0.0 
1 63 -0.0 0.0 0.0 0.0 1.0 1.0 1.0 0.0 0.0 
0 53 0.08627855491407438 0.0719615631265705 0.02 0.02 0.9638554216867468 0.9927710843373492 0.978313253012048 139.52 0.15 
1 176 -0.0 0.0 -0.1 0.06 0.6153846153846154 0.8846153846153846 0.75 2.12 0.61 
0 923 0.26552569572288004 0.13276284786144 0.0 -0.0 1.0 1.0 1.0 0.0 0.0 
1 2 0.0251440699125892 0.0125720349562946 0.53 0.63 0.6761658031088082 0.6761658031088082 0.676165803108808 386.0 2.33 
0 50 0.6473026055487068 0.584600639399191 0.1 0.25 0.6825053995680346 0.9222462203023758 0.802375809935205 852.43 1.07 
1 265 0.3742549310896416 0.187127465544821 -0.03 0.02 0.7660668380462725 0.9974293059125964 0.881748071979434 15.62 0.69 
0 6 0.08718908116625151 0.0522033657389399 0.36 0.43 0.837448559670782 0.837448559670782 0.837448559670782 478.41 2.76 
1 12 -0.0 0.0 0.3 0.36 0.8846153846153846 0.8846153846153846 0.884615384615385 26.0 2.14 
0 2 -0.0 0.0 0.01 0.01 0.9979591836734693 0.9979591836734693 0.997959183673469 490.0 0.17 
1 14 0.6846162778013049 0.342308138900652 0.15 0.36 0.8846153846153846 0.8846153846153846 0.884615384615385 26.0 0.82 
0 625 0.03946489920438848 0.0280612784596158 -0.01 0.01 0.8905263157894738 0.9642105263157896 0.927368421052632 2.62 0.13 
1 127 -0.0 0.0 0.11 0.46 0.5384615384615384 0.6153846153846154 0.576923076923077 18.96 1.68 
0 269 0.017217650311628238 0.0161617278211959 -0.01 0.01 0.837448559670782 0.9753086419753086 0.906378600823045 6.03 0.17 
1 24 0.030372534777978206 0.0658985378330168 -0.0 0.0 0.972457627118644 0.9978813559322034 0.985169491525424 0.13 0.01 
0 281 0.8465160453282295 0.423258022664115 -0.0 0.0 1.0 0.9979466119096508 0.998973305954825 0.0 0.0 
1 4 0.7865364435085352 0.401480572353747 0.08 0.13 0.9728506787330315 0.9728506787330315 0.972850678733032 442.51 0.33 
0 75 -0.0 0.0 -0.0 -0.0 1.0 0.9402985074626864 0.970149253731343 0.0 0.0 
1 6 -0.0 0.0 -0.0 -0.0 1.0 1.0 1.0 0.0 0.0 
0 1285 -0.0 0.0 0.0 0.0 1.0 1.0 1.0 0.0 0.0 
1 28 0.6822056867479602 0.602052179998817 0.05 0.2 0.9222462203023758 0.9546436285097192 0.938444924406048 472.98 0.93 
0 326 0.016103721594124567 0.00805186079706228 -0.0 0.0 0.9932279909706544 0.9954853273137698 0.994356659142212 0.02 0.0 
1 49 -0.0 0.0 0.0 0.0 1.0 1.0 1.0 0.0 0.0 
0 5 0.7537388965283442 0.877991947864112 0.24 0.47 0.9976525821596244 0.9976525821596244 0.997652582159624 760.2 1.08 
1 61 0.0707680768797802 0.351225226630238 -0.0 0.0 1.0 0.997695852534562 0.998847926267281 3.17 0.0 
0 23 0.29839816419932 0.2819619299611 0.01 0.03 1.0 1.0 1.0 56.24 0.09 
1 4 0.07489355301376338 0.0508964017541222 0.5 0.63 0.6807909604519775 0.6807909604519775 0.680790960451977 354.02 2.29 
0 304 0.045763284360939335 0.0228816421804697 0.0 -0.0 1.0 0.981859410430839 0.99092970521542 0.0 0.0 
1 4 -0.0 0.0 0.31 0.55 0.7580645161290323 0.7580645161290323 0.758064516129032 62.0 2.49 
0 331 -0.0 0.0 -0.0 -0.0 1.0 1.0 1.0 0.0 0.0 
1 68 0.3269547847215813 0.163477392360791 -0.01 0.01 0.9481865284974093 0.9870466321243522 0.967616580310881 3.79 0.05 
0 96 0.629696481674345 0.413066466354088 0.05 0.07 1.0 1.0 1.0 70.16 0.72 
1 1 -0.0 0.0 0.43 0.68 0.5842293906810035 0.5842293906810035 0.584229390681004 279.0 2.02 
0 336 0.7134161640307438 0.697810925389352 -0.1 0.04 0.9546436285097192 0.9913606911447084 0.973002159827214 118.28 0.13 
1 37 -0.0 0.0 0.0 0.0 1.0 1.0 1.0 0.0 0.0 
0 42 0.0628093679942407 0.0407670693694617 -0.0 0.0 0.9413265306122448 0.997448979591837 0.969387755102041 0.33 0.03 
1 3 -0.0 0.0 0.0 0.0 1.0 1.0 1.0 0.0 0.0 
0 494 0.244044214043399 0.79817351295919 0.01 0.11 0.989795918367347 0.9959183673469388 0.992857142857143 354.0 0.21 
1 9 -0.0 0.0 0.12 0.37 0.7580645161290323 0.8064516129032256 0.782258064516129 46.62 2.14 
0 582 -0.0 0.0 -0.0 0.0 1.0 0.625 0.8125 0.0 0.0 
1 94 0.09165764788996307 0.0699766348366203 -0.0 0.0 1.0 0.9818181818181818 0.990909090909091 0.1 0.01 
0 321 0.07796325840722416 0.114119229161886 0.02 0.07 1.0 0.9266247379454928 0.963312368972746 313.93 0.52 
1 4 -0.0 0.0 -0.0 -0.0 1.0 1.0 1.0 0.0 0.0 
0 64 0.4459524223135379 0.222976211156769 -0.03 0.29 0.6935483870967744 0.919354838709677 0.806451612903226 33.68 1.93 
1 120 -0.0 0.0 -0.0 -0.0 1.0 0.9977324263038548 0.998866213151927 0.0 0.0 
0 25 0.09962338946616205 0.227982155034015 -0.02 0.24 0.7903225806451613 0.9838709677419354 0.887096774193548 34.62 1.8 
1 182 -0.0 0.0 -0.0 0.0 1.0 0.7580645161290323 0.879032258064516 0.0 0.0 
0 120 -0.0 0.0 0.0 0.0 1.0 1.0 1.0 0.0 0.0 
1 22 -0.0 0.0 0.31 0.55 0.7580645161290323 0.7580645161290323 0.758064516129032 62.0 2.49 
0 178 0.804637919054263 0.430711416385728 -0.0 0.0 1.0 0.41723356009070284 0.708616780045351 2.53 0.02 
1 4 0.0947607483566568 0.0769695270739669 0.09 0.1 0.9806866952789698 0.982832618025751 0.981759656652361 445.71 0.81 
0 29 0.0 0.0 0.0 0.0 0.0 0.0 0.0 0.0 0.0 
1 38 0.08509104448327401 0.069552158829183 -0.0 0.0 1.0 1.0 1.0 0.07 0.01 
0 6 -0.0 0.0 0.0 0.0 1.0 1.0 1.0 0.0 0.0 
1 4 0.3250829733914482 0.162541486695724 -0.0 0.0 1.0 1.0 1.0 0.0 0.0 
0 199 -0.0 0.0 0.0 0.0 1.0 0.125 0.5625 0.0 0.0 
1 5 0.030372534777978206 0.0227666899680668 -0.0 0.0 1.0 0.9978813559322034 0.998940677966102 0.01 0.0 
0 218 0.016967771185443552 0.00848388559272178 -0.0 -0.0 1.0 0.9539170506912442 0.976958525345622 0.0 0.0 
1 4 -0.0 0.0 0.0 0.0 1.0 1.0 1.0 0.0 0.0 
0 150 0.01475818629482802 0.00737909314741401 0.0 0.0 1.0 1.0 1.0 0.0 0.0 
1 4 -0.0 0.0 -0.0 -0.0 1.0 1.0 1.0 0.0 0.0 
0 342 -0.0 0.0 0.0 0.0 1.0 0.3076923076923077 0.653846153846154 0.0 0.0 
1 31 -0.0 0.0 0.0 0.0 1.0 1.0 1.0 0.0 0.0 
0 56 0.6829081047004717 0.640588846642864 -0.01 0.2 1.0 1.0 1.0 2.1 0.63 
1 3 0.016359415015602636 0.0163594150156026 0.05 0.05 0.9953917050691244 0.9953917050691244 0.995391705069124 868.0 0.39 
0 609 -0.0 0.0 -0.0 0.0 0.984126984126984 0.9977324263038548 0.990929705215419 0.02 0.0 
1 4 0.022083380117043378 0.0220833801170434 0.09 0.1 0.981859410430839 0.981859410430839 0.981859410430839 838.91 0.85 
0 47 0.532506047065826 0.266253023532913 -0.0 0.0 1.0 0.6703786191536748 0.835189309576837 0.0 0.0 
1 4 0.01475818629482802 0.00737909314741401 0.01 0.01 1.0 0.9979466119096508 0.998973305954825 487.0 0.19 
0 207 0.3525425103487513 0.176271255174376 -0.08 0.14 1.0 0.6774193548387096 0.838709677419355 16.57 1.15 
1 3 -0.0 0.0 0.31 0.55 0.7580645161290323 0.7580645161290323 0.758064516129032 62.0 2.68 
0 221 0.01607235879964646 0.00803617939982323 -0.0 0.0 1.0 0.9931972789115646 0.996598639455782 0.01 0.0 
1 43 -0.0 0.0 0.0 0.0 1.0 1.0 1.0 0.0 0.0 
0 147 1.181590243162987 0.590795121581493 -0.02 0.01 0.9676025917926566 0.9913606911447084 0.979481641468682 11.08 0.03 
1 8 0.0947607483566568 0.232756230915289 0.02 0.03 0.9678111587982832 0.9806866952789698 0.974248927038627 84.69 0.27 
0 89 0.050468069137818976 0.0252340345689095 -0.01 0.0 0.9585253456221196 0.9631336405529952 0.960829493087558 0.31 0.02 
1 4 0.030097958257751373 0.0286902185022557 0.1 0.1 0.9793388429752063 0.9834710743801652 0.981404958677686 484.0 0.84 
0 66 0.29839816419932 0.14919908209966 0.0 -0.0 1.0 1.0 1.0 0.0 0.0 
1 7 0.09908391604753189 0.0495419580237659 0.04 0.04 0.9850746268656718 0.9914712153518124 0.988272921108742 266.27 0.37 
0 89 -0.0 0.0 -0.0 0.0 0.9886621315192744 0.9977324263038548 0.993197278911565 0.01 0.0 
1 4 0.5297061990576545 0.439269147450343 -0.1 0.03 1.0 1.0 1.0 0.32 0.45 
0 36 0.744230088684321 0.37211504434216 0.02 0.09 0.7505330490405117 0.9402985074626864 0.845415778251599 89.59 0.37 
1 6 -0.0 0.0 -0.0 -0.0 1.0 0.9936034115138594 0.99680170575693 0.0 0.0 
0 233 0.9556998911125344 0.682908104700472 0.22 0.41 1.0 1.0 1.0 7.0 1.26 
1 135 -0.0 0.0 -0.0 0.0 1.0 0.7083333333333334 0.854166666666667 0.0 0.0 
0 366 -0.0 0.0 -0.0 0.0 1.0 0.625 0.8125 0.0 0.0 
1 4 0.8720635602136072 0.447297852067208 -0.01 0.11 0.2385542168674699 0.7156626506024096 0.47710843373494 466.31 0.11 
0 105 1.024010220294295 0.512005110147147 -0.03 0.4 0.28 0.96 0.62 17.28 0.2 
1 33 0.030372534777978206 0.0228364363705995 -0.0 0.0 0.9894067796610168 0.9978813559322034 0.99364406779661 0.04 0.0 
0 176 1.0608569471580211 0.530428473579011 -0.24 0.07 1.0 0.7777777777777779 0.888888888888889 0.8 0.16 
1 3 -0.0 0.0 -0.0 -0.0 1.0 1.0 1.0 0.0 0.0 
0 30 0.030207150394692187 0.104100272509683 0.04 0.05 0.9607438016528924 0.9793388429752063 0.97004132231405 156.81 0.49 
1 4 0.8127245415610106 0.428086422879458 0.41 0.59 0.3391521197007481 0.3640897755610973 0.351620947630923 772.17 0.33 
0 545 0.6108643020548936 0.305432151027447 -0.04 0.11 0.6666666666666665 0.8666666666666668 0.766666666666667 5.27 0.7 
1 4 0.017217650311628238 0.0171995612854242 0.37 0.44 0.837448559670782 0.839506172839506 0.838477366255144 964.67 2.36 
0 286 -0.0 0.0 0.0 0.0 1.0 1.0 1.0 0.0 0.0 
1 177 -0.0 0.0 -0.0 0.0 1.0 0.6774193548387096 0.838709677419355 0.0 0.0 
0 11 0.6822056867479602 0.405476385488497 0.03 0.07 0.9524838012958964 0.9546436285097192 0.953563714902808 204.46 0.44 
1 5 -0.0 0.0 0.07 0.08 0.9854771784232365 0.9854771784232365 0.985477178423237 482.0 0.65 
0 110 -0.0 0.0 -0.0 -0.0 1.0 0.9402985074626864 0.970149253731343 0.0 0.0 
1 4 -0.0 0.0 -0.0 -0.0 1.0 0.9727463312368972 0.986373165618449 0.0 0.0 
0 627 0.016897794165734926 0.00844889708286746 -0.0 -0.0 1.0 0.97423887587822 0.98711943793911 0.0 0.0 
1 12 0.7691223805667942 0.67691926485557 0.66 0.88 0.5571428571428572 0.5857142857142859 0.571428571428571 121.17 2.16 
0 21 -0.0 0.0 0.0 0.0 1.0 1.0 1.0 0.0 0.0 
1 2 0.6846162778013049 0.342308138900652 0.15 0.36 0.8846153846153846 0.8846153846153846 0.884615384615385 26.0 0.82 
0 290 0.12855332024121083 0.0642766601206054 -0.0 0.0 0.9953161592505854 0.9976580796252928 0.996487119437939 0.03 0.0 
1 2 -0.0 0.0 0.31 0.55 0.7580645161290323 0.7580645161290323 0.758064516129032 62.0 2.68 
0 207 0.4992227979700849 0.375088801163852 -0.03 0.11 0.877840909090909 0.9886363636363636 0.933238636363636 100.44 0.76 
1 2 0.01616684129705593 0.00808342064852796 0.02 0.02 0.9977220956719816 0.9977220956719816 0.997722095671982 439.0 0.16 
0 205 0.666278442414676 0.333139221207338 -0.1 0.06 1.0 0.8846153846153846 0.942307692307692 2.12 0.47 
1 5 0.04131357294242817 0.0206567864712141 0.29 0.33 0.886153846153846 0.8892307692307693 0.887692307692308 315.12 2.04 
0 90 0.928529239598717 0.464264619799359 -0.01 0.0 0.7114093959731543 0.9966442953020132 0.854026845637584 1.16 0.03 
1 4 0.022083380117043378 0.0220833801170434 0.09 0.1 0.981859410430839 0.981859410430839 0.981859410430839 838.91 0.81 
0 78 -0.0 0.0 0.06 0.41 0.8571428571428571 0.8571428571428571 0.857142857142857 7.0 2.61 
1 29 0.02253214392080778 0.0197499575531257 -0.0 0.01 0.7156626506024096 0.9975903614457832 0.856626506024096 5.06 0.1 
0 211 0.5623351446188082 0.560929827764663 -0.04 0.02 1.0 0.08602150537634409 0.543010752688172 1.68 0.02 
1 4 -0.0 0.0 0.0 0.0 1.0 1.0 1.0 0.0 0.0 
0 203 0.09962338946616205 0.227982155034015 -0.05 0.21 0.7903225806451613 0.9838709677419354 0.887096774193548 29.84 1.61 
1 6 -0.0 0.0 0.0 0.0 1.0 1.0 1.0 0.0 0.0 
0 150 -0.0 0.0 0.0 0.0 1.0 1.0 1.0 0.0 0.0 
1 47 -0.0 0.0 -0.0 0.0 1.0 0.6153846153846154 0.807692307692308 0.0 0.0 
0 614 0.6615632381579821 0.330781619078991 -0.16 0.06 1.0 0.125 0.5625 0.69 0.04 
1 149 0.0251440699125892 0.0229518966655533 -0.06 0.01 0.6761658031088082 0.8471502590673574 0.761658031088083 4.61 0.18 
0 186 0.3525425103487513 0.176271255174376 -0.08 0.15 1.0 0.6935483870967744 0.846774193548387 17.86 1.21 
1 4 0.6730116670092564 0.336505833504628 -0.2 0.33 0.28571428571428564 0.7142857142857143 0.5 3.73 0.53 
0 154 0.09125460025639655 0.0537107207767262 0.0 0.01 0.8724373576309796 0.9977220956719816 0.935079726651481 7.02 0.06 
1 20 0.08509104448327401 0.042545522241637 0.0 0.0 1.0 1.0 1.0 0.0 0.0 
0 298 -0.0 0.0 -0.0 -0.0 1.0 0.9966442953020132 0.998322147651007 0.0 0.0 
1 3 0.0740225961475812 0.128824279468757 0.41 0.69 0.5590551181102362 0.5748031496062993 0.566929133858268 381.05 2.38 
0 563 0.5235346720440665 0.397362022542955 0.02 0.08 0.43333333333333324 0.8666666666666668 0.65 3.57 0.47 
1 25 0.8720635602136072 0.444515665699525 -0.01 0.0 0.2385542168674699 0.9975903614457832 0.618072289156626 0.63 0.0 
0 148 0.016359415015602636 0.00817970750780132 0.0 0.0 1.0 0.9621380846325168 0.981069042316258 0.0 0.0 
1 4 0.022083380117043378 0.0110416900585217 0.06 0.07 0.981859410430839 0.984126984126984 0.982993197278912 384.99 0.69 
0 2 1.4453866235313197 1.22860862600705 0.13 0.42 0.9976525821596244 0.9976525821596244 0.997652582159624 912.9 0.28 
1 1 -0.0 0.0 0.37 0.44 0.16 0.16 0.16 25.0 0.2 
0 282 0.4391877418106727 0.219593870905336 0.01 0.01 1.0 0.9953161592505854 0.997658079625293 12.06 0.13 
1 3 -0.0 0.0 0.0 0.0 1.0 1.0 1.0 0.0 0.0 
0 9 0.01789792517672371 0.00894896258836186 -0.0 -0.0 1.0 1.0 1.0 0.0 0.0 
