1 6 -0.0 0.0 -0.0 -0.0 1.0 0.9936034115138594 0.99680170575693 0.0 0.0 
0 201 -0.0 0.0 0.0 0.0 1.0 0.125 0.5625 0.0 0.0 
1 5 0.030372534777978206 0.0227666899680668 -0.0 0.0 1.0 0.9978813559322034 0.998940677966102 0.01 0.0 
0 294 -0.0 0.0 0.0 0.0 1.0 0.9166666666666664 0.958333333333333 0.0 0.0 
1 4 0.017217650311628238 0.0171995612854242 0.37 0.44 0.837448559670782 0.839506172839506 0.838477366255144 964.67 2.36 
0 298 0.016294681047229552 0.00814734052361478 -0.0 0.0 1.0 0.9953917050691244 0.997695852534562 0.0 0.0 
1 63 -0.0 0.0 0.0 0.0 1.0 1.0 1.0 0.0 0.0 
0 224 -0.0 0.0 -0.0 -0.0 1.0 1.0 1.0 0.0 0.0 
1 4 -0.0 0.0 -0.0 -0.0 1.0 1.0 1.0 0.0 0.0 
0 211 0.03578922484588708 0.0178946124229435 -0.0 0.0 1.0 0.5732647814910026 0.786632390745501 2.7 0.07 
1 263 0.01789792517672371 0.00894896258836186 -0.01 0.0 1.0 0.7660668380462725 0.883033419023136 0.31 0.03 
0 132 0.08036852866682491 0.0401842643334124 -0.0 -0.0 1.0 0.9976580796252928 0.998829039812646 0.0 0.0 
1 61 0.0707680768797802 0.351225226630238 -0.0 0.0 1.0 0.997695852534562 0.998847926267281 3.17 0.0 
0 146 0.42803573449734306 0.214017867248672 -0.0 -0.0 1.0 1.0 1.0 0.0 0.0 
1 2 0.6846162778013049 0.342308138900652 0.15 0.36 0.8846153846153846 0.8846153846153846 0.884615384615385 26.0 0.82 
0 9 0.9517673227869262 0.521822179775243 0.03 0.08 0.984126984126984 0.9886621315192744 0.986394557823129 348.91 0.33 
1 4 -0.0 0.0 0.0 0.0 1.0 1.0 1.0 0.0 0.0 
0 226 0.821654712766377 0.410827356383189 -0.0 0.0 1.0 0.9917864476386036 0.995893223819302 0.0 0.0 
1 1 -0.0 0.0 0.37 0.44 0.16 0.16 0.16 25.0 0.2 
0 61 0.3269974743901718 0.163498737195086 -0.0 0.0 0.9342403628117912 0.9977324263038548 0.965986394557823 0.15 0.01 
1 47 -0.0 0.0 -0.0 0.0 1.0 0.6153846153846154 0.807692307692308 0.0 0.0 
0 317 0.08036852866682491 0.0401842643334124 -0.0 -0.0 1.0 0.9976580796252928 0.998829039812646 0.0 0.0 
1 3 0.016359415015602636 0.0163594150156026 0.05 0.05 0.9953917050691244 0.9953917050691244 0.995391705069124 868.0 0.39 
0 273 0.9743147528693494 0.487157376434675 0.0 0.0 1.0 1.0 1.0 0.0 0.0 
1 38 0.08509104448327401 0.069552158829183 -0.0 0.0 1.0 1.0 1.0 0.07 0.01 
0 202 -0.0 0.0 -0.0 -0.0 1.0 0.9977324263038548 0.998866213151927 0.0 0.0 
1 4 0.0947607483566568 0.0769695270739669 0.09 0.1 0.9806866952789698 0.982832618025751 0.981759656652361 445.71 0.81 
0 166 0.6071082391575967 0.322486122895759 -0.0 0.01 0.8200455580865603 0.988610478359909 0.904328018223235 3.24 0.11 
1 4 0.07489355301376338 0.0508964017541222 0.5 0.63 0.6807909604519775 0.6807909604519775 0.680790960451977 354.02 2.29 
0 311 0.821654712766377 0.448451511439559 -0.01 0.01 1.0 0.9917864476386036 0.995893223819302 3.16 0.1 
1 2 0.01616684129705593 0.00808342064852796 0.02 0.02 0.9977220956719816 0.9977220956719816 0.997722095671982 439.0 0.16 
0 468 0.244044214043399 0.129414266600877 -0.0 0.0 0.989795918367347 0.9918367346938776 0.990816326530612 0.29 0.02 
1 24 0.030372534777978206 0.0658985378330168 -0.0 0.0 0.972457627118644 0.9978813559322034 0.985169491525424 0.13 0.01 
0 62 0.01607235879964646 0.00803617939982323 -0.0 -0.0 1.0 1.0 1.0 0.0 0.0 
1 176 -0.0 0.0 -0.1 0.06 0.6153846153846154 0.8846153846153846 0.75 2.12 0.61 
0 5 0.0 0.0 0.0 0.0 0.0 0.0 0.0 0.0 0.0 
1 12 -0.0 0.0 0.3 0.36 0.8846153846153846 0.8846153846153846 0.884615384615385 26.0 2.14 
0 34 0.9030752549500218 0.459346175189789 -0.04 0.05 0.7642105263157895 0.96 0.862105263157895 56.5 0.27 
1 6 -0.0 0.0 -0.0 -0.0 1.0 1.0 1.0 0.0 0.0 
0 167 0.3742549310896416 0.187127465544821 -0.0 0.0 0.9922879177377892 0.9974293059125964 0.994858611825193 1.24 0.07 
1 5 0.04131357294242817 0.0206567864712141 0.29 0.33 0.886153846153846 0.8892307692307693 0.887692307692308 315.12 2.04 
0 1 1.266536818067726 1.1343909086338 -0.04 0.27 0.9953051643192488 0.9976525821596244 0.996478873239437 439.88 0.39 
1 25 0.8720635602136072 0.444515665699525 -0.01 0.0 0.2385542168674699 0.9975903614457832 0.618072289156626 0.63 0.0 
0 326 0.6071082391575967 0.435282112742802 -0.03 0.03 0.8200455580865603 0.9817767653758542 0.900911161731207 23.47 0.05 
1 4 -0.0 0.0 0.0 0.0 1.0 1.0 1.0 0.0 0.0 
0 624 0.016326979454093383 0.00816348972704669 -0.0 0.0 0.981859410430839 0.9977324263038548 0.989795918367347 0.02 0.0 
1 5 -0.0 0.0 0.07 0.08 0.9854771784232365 0.9854771784232365 0.985477178423237 482.0 0.65 
0 11 0.9556998911125344 1.01734604949506 0.14 0.68 1.0 1.0 1.0 8.17 0.14 
1 8 0.6895519477750732 0.344775973887537 0.0 -0.0 1.0 1.0 1.0 0.0 0.0 
0 25 0.20161353588532901 0.100806767942664 0.0 -0.0 1.0 1.0 1.0 0.0 0.0 
1 187 0.666278442414676 0.333139221207338 -0.1 0.06 1.0 0.8846153846153846 0.942307692307692 2.12 0.44 
0 79 0.3767701612564368 0.362801128549734 0.17 0.35 1.0 0.8888888888888888 0.944444444444444 9.0 1.91 
1 14 0.6846162778013049 0.342308138900652 0.15 0.36 0.8846153846153846 0.8846153846153846 0.884615384615385 26.0 0.82 
0 15 0.41963577493948573 0.29033730969766 -0.0 0.01 1.0 0.9976525821596244 0.998826291079812 2.75 0.14 
1 3 -0.0 0.0 -0.0 -0.0 1.0 1.0 1.0 0.0 0.0 
0 20 0.3767701612564368 0.188385080628218 0.35 0.53 0.7777777777777779 0.8888888888888888 0.833333333333333 9.0 2.67 
1 31 -0.0 0.0 0.0 0.0 1.0 1.0 1.0 0.0 0.0 
0 75 0.34883209584303193 0.834860219496177 -0.09 0.35 1.0 0.8888888888888888 0.944444444444444 9.0 0.44 
1 1 -0.0 0.0 0.43 0.68 0.5842293906810035 0.5842293906810035 0.584229390681004 279.0 2.02 
0 1 0.40984977137281264 0.332990455884137 0.44 0.66 0.6400911161731208 0.6400911161731208 0.640091116173121 442.17 1.92 
1 28 0.6822056867479602 0.602052179998817 0.05 0.2 0.9222462203023758 0.9546436285097192 0.938444924406048 472.98 0.93 
0 55 0.6799529039485162 0.51390465385011 0.07 0.27 0.8581560283687942 0.99645390070922 0.927304964539007 211.51 1.18 
1 4 0.3250829733914482 0.162541486695724 -0.0 0.0 1.0 1.0 1.0 0.0 0.0 
0 150 0.5982695885852573 0.975026791437452 0.24 0.6 1.0 1.0 1.0 7.0 0.02 
1 22 -0.0 0.0 0.31 0.55 0.7580645161290323 0.7580645161290323 0.758064516129032 62.0 2.49 
0 4 0.9556998911125344 0.997710330976226 0.05 0.68 1.0 0.5714285714285713 0.785714285714286 10.5 0.86 
1 29 0.02253214392080778 0.0197499575531257 -0.0 0.01 0.7156626506024096 0.9975903614457832 0.856626506024096 5.06 0.1 
0 18 0.048964887966297055 0.0355241340416702 0.09 0.11 0.981859410430839 0.981859410430839 0.981859410430839 859.9 0.82 
1 120 -0.0 0.0 -0.0 -0.0 1.0 0.9977324263038548 0.998866213151927 0.0 0.0 
0 369 -0.0 0.0 -0.06 0.16 0.6774193548387096 0.7580645161290323 0.717741935483871 20.64 1.63 
1 4 -0.0 0.0 -0.0 -0.0 1.0 1.0 1.0 0.0 0.0 
0 65 0.923936856009666 0.52634197011935 -0.02 0.07 0.7278617710583153 0.9524838012958964 0.840172786177106 68.29 0.25 
1 8 0.0947607483566568 0.232756230915289 0.02 0.03 0.9678111587982832 0.9806866952789698 0.974248927038627 84.69 0.27 
0 58 0.4459524223135379 0.222976211156769 -0.03 0.29 0.6935483870967744 0.919354838709677 0.806451612903226 33.68 1.78 
1 94 0.09165764788996307 0.0699766348366203 -0.0 0.0 1.0 0.9818181818181818 0.990909090909091 0.1 0.01 
0 255 0.666278442414676 0.485457269881957 -0.2 0.08 1.0 0.42307692307692313 0.711538461538462 3.47 0.33 
1 4 -0.0 0.0 -0.0 -0.0 1.0 0.9727463312368972 0.986373165618449 0.0 0.0 
0 25 0.09345740278411808 0.046728701392059 -0.0 0.0 1.0 0.9976580796252928 0.998829039812646 0.02 0.0 
1 9 -0.0 0.0 0.12 0.37 0.7580645161290323 0.8064516129032256 0.782258064516129 46.62 2.14 
0 22 0.19643645103383003 0.156671089383114 -0.0 0.0 1.0 1.0 1.0 0.48 0.04 
1 4 0.8720635602136072 0.447297852067208 -0.01 0.11 0.2385542168674699 0.7156626506024096 0.47710843373494 466.31 0.11 
0 567 -0.0 0.0 -0.0 0.0 1.0 0.625 0.8125 0.0 0.0 
1 2 0.0251440699125892 0.0125720349562946 0.53 0.63 0.6761658031088082 0.6761658031088082 0.676165803108808 386.0 2.33 
0 383 -0.0 0.0 -0.0 0.0 0.959731543624161 0.9966442953020132 0.978187919463087 0.04 0.01 
1 4 0.030097958257751373 0.0286902185022557 0.1 0.1 0.9793388429752063 0.9834710743801652 0.981404958677686 484.0 0.84 
0 53 0.08627855491407438 0.0719615631265705 0.02 0.02 0.9638554216867468 0.9927710843373492 0.978313253012048 139.52 0.15 
1 3 -0.0 0.0 -0.0 -0.0 1.0 1.0 1.0 0.0 0.0 
0 384 0.8856700740385729 0.850649833634656 -0.0 0.29 0.7484662576687117 0.9263803680981594 0.837423312883436 256.45 0.57 
1 265 0.3742549310896416 0.187127465544821 -0.03 0.02 0.7660668380462725 0.9974293059125964 0.881748071979434 15.62 0.69 
0 495 1.0147687782108883 0.507384389105444 0.0 -0.0 1.0 0.9848812095032398 0.99244060475162 0.0 0.0 
1 3 0.0740225961475812 0.128824279468757 0.41 0.69 0.5590551181102362 0.5748031496062993 0.566929133858268 381.05 2.38 
0 12 -0.0 0.0 0.31 0.55 0.7580645161290323 0.7580645161290323 0.758064516129032 62.0 2.68 
1 12 0.7691223805667942 0.67691926485557 0.66 0.88 0.5571428571428572 0.5857142857142859 0.571428571428571 121.17 2.16 
0 270 0.6331171997564925 0.324722089605293 -0.01 0.0 0.947608200455581 0.9863325740318906 0.966970387243736 1.73 0.09 
1 37 -0.0 0.0 0.0 0.0 1.0 1.0 1.0 0.0 0.0 
0 415 0.01478431915835523 0.00739215957917762 -0.0 0.0 0.9918367346938776 0.9979591836734693 0.994897959183674 0.01 0.0 
1 3 -0.0 0.0 0.31 0.55 0.7580645161290323 0.7580645161290323 0.758064516129032 62.0 2.68 
0 381 -0.0 0.0 -0.06 0.16 0.6774193548387096 0.7580645161290323 0.717741935483871 20.64 1.52 
1 149 0.0251440699125892 0.0229518966655533 -0.06 0.01 0.6761658031088082 0.8471502590673574 0.761658031088083 4.61 0.18 
0 188 0.09125460025639655 0.118969316063769 -0.01 0.01 0.8724373576309796 0.988610478359909 0.930523917995444 2.95 0.15 
1 4 0.8127245415610106 0.428086422879458 0.41 0.59 0.3391521197007481 0.3640897755610973 0.351620947630923 772.17 0.33 
0 19 0.04331307121396799 0.0294650833217621 0.08 0.1 0.96 0.9726315789473684 0.966315789473684 320.8 0.91 
1 4 -0.0 0.0 0.0 0.0 1.0 1.0 1.0 0.0 0.0 
0 48 0.01789792517672371 0.00894896258836186 -0.0 -0.0 1.0 1.0 1.0 0.0 0.0 
1 68 0.3269547847215813 0.163477392360791 -0.01 0.01 0.9481865284974093 0.9870466321243522 0.967616580310881 3.79 0.05 
0 224 -0.0 0.0 -0.0 -0.0 1.0 1.0 1.0 0.0 0.0 
1 177 -0.0 0.0 -0.0 0.0 1.0 0.6774193548387096 0.838709677419355 0.0 0.0 
0 821 0.1527320203489409 0.0763660101744704 -0.0 0.0 1.0 0.9953161592505854 0.997658079625293 0.06 0.01 
1 2 -0.0 0.0 0.31 0.55 0.7580645161290323 0.7580645161290323 0.758064516129032 62.0 2.68 
0 79 0.3563409206018685 0.35444171547531 0.09 0.35 1.0 0.9838709677419354 0.991935483870968 62.0 2.0 
1 3 -0.0 0.0 0.0 0.0 1.0 1.0 1.0 0.0 0.0 
0 103 0.9275196767172602 0.7923387191073 -0.0 0.66 1.0 0.9333333333333332 0.966666666666667 30.0 1.39 
1 33 0.030372534777978206 0.0228364363705995 -0.0 0.0 0.9894067796610168 0.9978813559322034 0.99364406779661 0.04 0.0 
0 196 0.04108212159516753 0.0205410607975838 -0.01 0.0 0.940340909090909 0.9829545454545452 0.961647727272727 0.43 0.04 
1 6 -0.0 0.0 0.0 0.0 1.0 1.0 1.0 0.0 0.0 
0 40 0.8194521312920207 1.22393119717365 -0.08 0.32 0.7700348432055749 0.9094076655052264 0.839721254355401 213.41 0.07 
1 182 -0.0 0.0 -0.0 0.0 1.0 0.7580645161290323 0.879032258064516 0.0 0.0 
0 470 0.07549878542345602 0.037749392711728 -0.0 0.0 0.989795918367347 0.9979591836734693 0.993877551020408 0.03 0.0 
1 3 -0.0 0.0 0.0 0.0 1.0 1.0 1.0 0.0 0.0 
0 154 0.5022052464597919 0.251102623229896 -0.0 0.0 1.0 0.9710843373493978 0.985542168674699 0.0 0.0 
1 20 0.08509104448327401 0.042545522241637 0.0 0.0 1.0 1.0 1.0 0.0 0.0 
0 1228 0.016897794165734926 0.00844889708286746 -0.0 0.0 0.97423887587822 0.9953161592505854 0.984777517564403 0.06 0.01 
1 4 0.6895519477750732 0.344775973887537 0.0 -0.0 1.0 1.0 1.0 0.0 0.0 
0 82 0.8216123879019896 0.410806193950995 -0.01 0.01 0.4986876640419949 0.9973753280839898 0.748031496062992 9.61 0.02 
1 135 -0.0 0.0 -0.0 0.0 1.0 0.7083333333333334 0.854166666666667 0.0 0.0 
0 199 0.905891303418349 0.452945651709175 -0.12 0.01 0.6400911161731208 0.990888382687927 0.815489749430524 10.03 0.12 
1 4 0.01475818629482802 0.00737909314741401 0.01 0.01 1.0 0.9979466119096508 0.998973305954825 487.0 0.19 
0 7 -0.0 0.0 0.18 0.6 0.28571428571428564 0.28571428571428564 0.285714285714286 7.0 0.82 
1 4 -0.0 0.0 0.31 0.55 0.7580645161290323 0.7580645161290323 0.758064516129032 62.0 2.49 
0 7 -0.0 0.0 0.0 0.0 1.0 1.0 1.0 0.0 0.0 
1 4 0.6730116670092564 0.336505833504628 -0.2 0.33 0.28571428571428564 0.7142857142857143 0.5 3.73 0.53 
0 691 0.015617095429556123 0.00780854771477806 -0.04 0.01 0.3136842105263158 0.96 0.636842105263158 9.71 0.12 
1 7 0.09908391604753189 0.0495419580237659 0.04 0.04 0.9850746268656718 0.9914712153518124 0.988272921108742 266.27 0.37 
0 112 -0.0 0.0 0.05 0.14 0.375 0.75 0.5625 1.6 0.69 
1 4 0.7865364435085352 0.401480572353747 0.08 0.13 0.9728506787330315 0.9728506787330315 0.972850678733032 442.51 0.33 
0 48 -0.0 0.0 -0.0 -0.0 1.0 0.9966442953020132 0.998322147651007 0.0 0.0 
1 49 -0.0 0.0 0.0 0.0 1.0 1.0 1.0 0.0 0.0 
0 739 -0.0 0.0 0.0 0.0 1.0 1.0 1.0 0.0 0.0 
1 4 0.022083380117043378 0.0220833801170434 0.09 0.1 0.981859410430839 0.981859410430839 0.981859410430839 838.91 0.85 
0 42 0.3222971304395862 0.161148565219793 0.0 -0.0 1.0 0.9859154929577466 0.992957746478873 0.0 0.0 
