1 5 -0.0 0.0 0.07 0.08 0.9854771784232365 0.9854771784232365 0.985477178423237 482.0 0.65 
0 431 0.30463609734923813 0.152318048674619 0.02 0.12 0.42307692307692313 0.8846153846153846 0.653846153846154 5.43 0.95 
1 4 0.6895519477750732 0.344775973887537 0.0 -0.0 1.0 1.0 1.0 0.0 0.0 
0 249 0.2835478929710348 0.141773946485517 -0.06 0.13 0.7580645161290323 0.9838709677419354 0.870967741935484 17.21 1.0 
1 4 -0.0 0.0 -0.0 -0.0 1.0 1.0 1.0 0.0 0.0 
0 66 0.09450614728103433 0.287806427670139 -0.0 0.01 0.9909706546275394 0.9954853273137698 0.993227990970655 44.74 0.03 
1 4 0.022083380117043378 0.0220833801170434 0.09 0.1 0.981859410430839 0.981859410430839 0.981859410430839 838.91 0.81 
0 431 0.022083380117043378 0.0110416900585217 0.0 -0.0 1.0 0.981859410430839 0.99092970521542 0.0 0.0 
1 24 0.030372534777978206 0.0658985378330168 -0.0 0.0 0.972457627118644 0.9978813559322034 0.985169491525424 0.13 0.01 
0 512 -0.0 0.0 -0.0 0.0 0.9954648526077096 0.9977324263038548 0.996598639455782 0.0 0.0 
1 192 0.04965097662992789 0.0248254883149639 -0.0 -0.0 1.0 1.0 1.0 0.0 0.0 
0 166 0.4459524223135379 0.399247466331145 0.02 0.35 1.0 0.919354838709677 0.959677419354839 62.0 1.65 
1 4 0.8720635602136072 0.447297852067208 -0.01 0.11 0.2385542168674699 0.7156626506024096 0.47710843373494 466.31 0.11 
0 70 -0.0 0.0 -0.0 0.0 0.959731543624161 0.9966442953020132 0.978187919463087 0.04 0.01 
1 177 -0.0 0.0 -0.0 0.0 1.0 0.6774193548387096 0.838709677419355 0.0 0.0 
0 218 0.050468069137818976 0.0252340345689095 -0.0 -0.0 1.0 0.9631336405529952 0.981566820276498 0.0 0.0 
1 4 0.3250829733914482 0.162541486695724 -0.0 0.0 1.0 1.0 1.0 0.0 0.0 
0 15 -0.0 0.0 -0.0 -0.0 1.0 1.0 1.0 0.0 0.0 
1 38 0.08509104448327401 0.069552158829183 -0.0 0.0 1.0 1.0 1.0 0.07 0.01 
0 182 0.016556959431630658 0.00827847971581533 -0.0 -0.0 1.0 1.0 1.0 0.0 0.0 
1 2 -0.0 0.0 0.31 0.55 0.7580645161290323 0.7580645161290323 0.758064516129032 62.0 2.68 
0 295 0.4959171118080685 0.482720564551505 0.13 0.32 1.0 0.9922879177377892 0.996143958868895 321.01 2.03 
1 4 0.0947607483566568 0.0769695270739669 0.09 0.1 0.9806866952789698 0.982832618025751 0.981759656652361 445.71 0.81 
0 14 0.08919443275684764 0.0563704999276534 0.49 0.67 0.6423690205011389 0.6423690205011389 0.642369020501139 878.0 2.39 
1 1 -0.0 0.0 0.37 0.44 0.16 0.16 0.16 25.0 0.2 
0 103 0.3525425103487513 0.176271255174376 -0.03 0.22 1.0 0.8064516129032256 0.903225806451613 32.88 1.66 
1 2 0.01616684129705593 0.00808342064852796 0.02 0.02 0.9977220956719816 0.9977220956719816 0.997722095671982 439.0 0.16 
0 4 0.5982695885852573 0.919476940269327 0.26 0.31 0.11827956989247312 0.07526881720430106 0.0967741935483871 186.0 0.01 
1 4 0.022083380117043378 0.0220833801170434 0.09 0.1 0.981859410430839 0.981859410430839 0.981859410430839 838.91 0.85 
0 147 0.629696481674345 0.816861867041238 0.06 0.17 1.0 0.7535211267605633 0.876760563380282 137.33 0.39 
1 6 -0.0 0.0 -0.0 -0.0 1.0 0.9936034115138594 0.99680170575693 0.0 0.0 
0 627 0.937464383416628 1.03640744881526 -0.03 0.52 0.9494736842105264 0.96 0.954736842105263 397.11 0.17 
1 37 -0.0 0.0 0.0 0.0 1.0 1.0 1.0 0.0 0.0 
0 72 0.8923331657077299 0.510445954475296 -0.05 0.05 0.916083916083916 0.9953379953379952 0.955710955710956 95.24 0.38 
1 3 -0.0 0.0 -0.0 -0.0 1.0 1.0 1.0 0.0 0.0 
0 843 0.8605892830185917 0.625936722411864 0.0 0.09 0.9765807962529272 0.9976580796252928 0.98711943793911 106.31 0.36 
1 4 0.017217650311628238 0.0171995612854242 0.37 0.44 0.837448559670782 0.839506172839506 0.838477366255144 964.67 2.36 
0 42 0.928529239598717 0.464264619799359 0.0 -0.0 1.0 0.7114093959731543 0.855704697986577 0.0 0.0 
1 61 0.0707680768797802 0.351225226630238 -0.0 0.0 1.0 0.997695852534562 0.998847926267281 3.17 0.0 
0 597 0.9517673227869262 0.475883661393463 0.0 -0.0 1.0 0.9886621315192744 0.994331065759637 0.0 0.0 
1 120 -0.0 0.0 -0.0 -0.0 1.0 0.9977324263038548 0.998866213151927 0.0 0.0 
0 457 -0.0 0.0 -0.23 0.01 0.3076923076923077 0.5 0.403846153846154 0.72 0.17 
1 4 0.022083380117043378 0.0110416900585217 0.06 0.07 0.981859410430839 0.984126984126984 0.982993197278912 384.99 0.69 
0 46 -0.0 0.0 -0.03 0.0 0.8863109048723898 0.9907192575406036 0.938515081206497 0.52 0.04 
1 263 0.01789792517672371 0.00894896258836186 -0.01 0.0 1.0 0.7660668380462725 0.883033419023136 0.31 0.03 
0 577 0.08392577932363239 0.0419628896618162 -0.0 0.0 0.9918367346938776 0.9979591836734693 0.994897959183674 0.03 0.0 
1 5 0.04131357294242817 0.0206567864712141 0.29 0.33 0.886153846153846 0.8892307692307693 0.887692307692308 315.12 2.04 
0 298 0.6365141682948128 0.318257084147406 -0.13 0.39 0.3 0.6 0.45 6.43 0.36 
1 25 0.8720635602136072 0.444515665699525 -0.01 0.0 0.2385542168674699 0.9975903614457832 0.618072289156626 0.63 0.0 
0 71 0.6331171997564925 0.328331883427476 -0.07 0.04 0.6423690205011389 0.947608200455581 0.79498861047836 37.0 0.07 
1 5 0.030372534777978206 0.0227666899680668 -0.0 0.0 1.0 0.9978813559322034 0.998940677966102 0.01 0.0 
0 96 -0.0 0.0 -0.01 0.21 0.7142857142857143 0.8571428571428571 0.785714285714286 2.92 1.65 
1 4 0.6730116670092564 0.336505833504628 -0.2 0.33 0.28571428571428564 0.7142857142857143 0.5 3.73 0.53 
0 229 0.016359415015602636 0.00817970750780132 -0.0 -0.0 1.0 0.9953917050691244 0.997695852534562 0.0 0.0 
1 8 0.6895519477750732 0.344775973887537 0.0 -0.0 1.0 1.0 1.0 0.0 0.0 
0 72 0.2035083444071568 0.101754172203578 -0.0 -0.0 1.0 1.0 1.0 0.0 0.0 
1 43 -0.0 0.0 0.0 0.0 1.0 1.0 1.0 0.0 0.0 
0 28 -0.0 0.0 -0.0 -0.0 1.0 1.0 1.0 0.0 0.0 
1 14 0.6846162778013049 0.342308138900652 0.15 0.36 0.8846153846153846 0.8846153846153846 0.884615384615385 26.0 0.82 
0 16 0.3269547847215813 0.163477392360791 -0.04 0.05 0.6761658031088082 0.9870466321243522 0.83160621761658 31.9 0.03 
1 4 -0.0 0.0 0.0 0.0 1.0 1.0 1.0 0.0 0.0 
0 26 -0.0 0.0 0.15 0.19 0.7777777777777779 0.8888888888888888 0.833333333333333 3.94 1.61 
1 68 0.3269547847215813 0.163477392360791 -0.01 0.01 0.9481865284974093 0.9870466321243522 0.967616580310881 3.79 0.05 
0 13 -0.0 0.0 0.31 0.55 0.7580645161290323 0.7580645161290323 0.758064516129032 62.0 2.49 
1 4 -0.0 0.0 -0.0 -0.0 1.0 1.0 1.0 0.0 0.0 
0 251 0.3563409206018685 0.178170460300934 -0.07 0.19 0.7580645161290323 0.9838709677419354 0.870967741935484 24.84 1.42 
1 4 0.7865364435085352 0.401480572353747 0.08 0.13 0.9728506787330315 0.9728506787330315 0.972850678733032 442.51 0.33 
0 58 0.25095314470125835 0.125476572350629 0.0 0.01 0.959731543624161 0.9966442953020132 0.978187919463087 24.63 0.02 
1 6 -0.0 0.0 -0.0 -0.0 1.0 1.0 1.0 0.0 0.0 
0 148 0.024054366210821344 0.826232314633053 -0.01 0.05 0.7700348432055749 0.9581881533101044 0.86411149825784 48.73 0.08 
1 7 0.09908391604753189 0.0495419580237659 0.04 0.04 0.9850746268656718 0.9914712153518124 0.988272921108742 266.27 0.37 
0 217 -0.0 0.0 -0.0 -0.0 1.0 0.9812206572769951 0.990610328638498 0.0 0.0 
1 4 -0.0 0.0 -0.0 -0.0 1.0 0.9727463312368972 0.986373165618449 0.0 0.0 
0 1 1.266536818067726 1.1343909086338 -0.04 0.27 0.9953051643192488 0.9976525821596244 0.996478873239437 439.88 0.39 
1 94 0.09165764788996307 0.0699766348366203 -0.0 0.0 1.0 0.9818181818181818 0.990909090909091 0.1 0.01 
0 42 0.030372534777978206 0.697783133034225 0.0 0.01 0.8538135593220338 0.9978813559322034 0.925847457627119 10.88 0.0 
1 187 0.666278442414676 0.333139221207338 -0.1 0.06 1.0 0.8846153846153846 0.942307692307692 2.12 0.44 
0 145 0.4811067080592432 0.248605214826684 -0.01 0.0 0.9932279909706544 0.9954853273137698 0.994356659142212 1.85 0.03 
1 1 -0.0 0.0 0.43 0.68 0.5842293906810035 0.5842293906810035 0.584229390681004 279.0 2.02 
0 433 1.3523028118749807 0.67615140593749 -0.01 0.0 0.9959183673469388 0.9979591836734693 0.996938775510204 1.17 0.02 
1 265 0.3742549310896416 0.187127465544821 -0.03 0.02 0.7660668380462725 0.9974293059125964 0.881748071979434 15.62 0.69 
0 662 -0.0 0.0 0.0 0.0 1.0 1.0 1.0 0.0 0.0 
1 28 0.6822056867479602 0.602052179998817 0.05 0.2 0.9222462203023758 0.9546436285097192 0.938444924406048 472.98 0.93 
0 199 -0.0 0.0 0.0 0.0 1.0 0.9166666666666664 0.958333333333333 0.0 0.0 
1 9 -0.0 0.0 0.12 0.37 0.7580645161290323 0.8064516129032256 0.782258064516129 46.62 2.14 
0 118 -0.0 0.0 0.0 0.0 1.0 1.0 1.0 0.0 0.0 
1 2 0.6846162778013049 0.342308138900652 0.15 0.36 0.8846153846153846 0.8846153846153846 0.884615384615385 26.0 0.82 
0 359 0.6878717657035625 0.343935882851781 -0.17 0.0 0.5628997867803837 0.997867803837953 0.780383795309168 2.07 0.0 
1 3 0.0740225961475812 0.128824279468757 0.41 0.69 0.5590551181102362 0.5748031496062993 0.566929133858268 381.05 2.38 
0 12 0.0628093679942407 0.276159685439951 0.05 0.06 0.997448979591837 0.997448979591837 0.997448979591837 784.12 0.28 
1 20 0.08509104448327401 0.042545522241637 0.0 0.0 1.0 1.0 1.0 0.0 0.0 
0 78 -0.0 0.0 -0.0 -0.0 1.0 0.9966442953020132 0.998322147651007 0.0 0.0 
1 3 -0.0 0.0 0.31 0.55 0.7580645161290323 0.7580645161290323 0.758064516129032 62.0 2.68 
0 269 0.05662157828350273 0.0283107891417514 -0.0 -0.0 1.0 0.9932885906040269 0.996644295302013 0.0 0.0 
1 176 -0.0 0.0 -0.1 0.06 0.6153846153846154 0.8846153846153846 0.75 2.12 0.61 
0 813 0.04824430334970792 0.613469546359675 -0.16 0.05 0.843076923076923 0.9138461538461538 0.878461538461538 20.33 0.24 
1 127 -0.0 0.0 0.11 0.46 0.5384615384615384 0.6153846153846154 0.576923076923077 18.96 1.68 
0 7 0.5022052464597919 0.251102623229896 0.08 0.12 0.9638554216867468 0.9710843373493978 0.967469879518072 330.51 0.66 
1 31 -0.0 0.0 0.0 0.0 1.0 1.0 1.0 0.0 0.0 
0 77 0.6681369026482501 0.930332845736624 0.17 0.55 0.9676025917926566 0.9935205183585314 0.980561555075594 424.08 1.0 
1 12 0.7691223805667942 0.67691926485557 0.66 0.88 0.5571428571428572 0.5857142857142859 0.571428571428571 121.17 2.16 
0 161 -0.0 0.0 -0.0 -0.0 1.0 1.0 1.0 0.0 0.0 
1 2 0.0251440699125892 0.0125720349562946 0.53 0.63 0.6761658031088082 0.6761658031088082 0.676165803108808 386.0 2.33 
0 216 -0.0 0.0 -0.0 0.0 1.0 0.7580645161290323 0.879032258064516 0.0 0.0 
1 4 -0.0 0.0 0.0 0.0 1.0 1.0 1.0 0.0 0.0 
0 153 0.664316082500306 0.343931324799382 -0.08 0.01 0.6423690205011389 0.938496583143508 0.790432801822323 26.69 0.13 
1 4 -0.0 0.0 0.31 0.55 0.7580645161290323 0.7580645161290323 0.758064516129032 62.0 2.49 
0 234 0.042617471413436414 0.0365682967208307 -0.0 0.0 0.9904534606205252 0.9928400954653938 0.991646778042959 0.07 0.01 
1 29 0.02253214392080778 0.0197499575531257 -0.0 0.01 0.7156626506024096 0.9975903614457832 0.856626506024096 5.06 0.1 
0 299 0.022083380117043378 0.087931533896232 -0.0 0.0 1.0 0.981859410430839 0.99092970521542 0.3 0.03 
1 3 -0.0 0.0 0.0 0.0 1.0 1.0 1.0 0.0 0.0 
0 160 -0.0 0.0 -0.0 0.0 0.9346590909090908 0.9971590909090908 0.965909090909091 0.07 0.01 
1 6 -0.0 0.0 0.0 0.0 1.0 1.0 1.0 0.0 0.0 
0 85 0.6231765258032814 0.311588262901641 0.01 0.01 0.943231441048035 0.9956331877729256 0.96943231441048 33.38 0.08 
1 63 -0.0 0.0 0.0 0.0 1.0 1.0 1.0 0.0 0.0 
0 107 0.3894087389731746 0.268153010039469 -0.01 0.0 1.0 1.0 1.0 1.2 0.1 
1 149 0.0251440699125892 0.0229518966655533 -0.06 0.01 0.6761658031088082 0.8471502590673574 0.761658031088083 4.61 0.18 
0 63 0.048964887966297055 0.0911791856485795 0.0 0.01 0.981859410430839 0.9954648526077096 0.988662131519274 26.48 0.06 
1 4 0.030097958257751373 0.0286902185022557 0.1 0.1 0.9793388429752063 0.9834710743801652 0.981404958677686 484.0 0.84 
0 62 -0.0 0.0 0.0 0.0 1.0 1.0 1.0 0.0 0.0 
1 3 -0.0 0.0 0.0 0.0 1.0 1.0 1.0 0.0 0.0 
0 97 0.3894087389731746 0.372983429781378 0.01 0.05 1.0 1.0 1.0 108.62 0.21 
1 47 -0.0 0.0 -0.0 0.0 1.0 0.6153846153846154 0.807692307692308 0.0 0.0 
0 2 0.09125460025639655 0.277107632768912 0.34 0.4 0.8724373576309796 0.8724373576309796 0.87243735763098 509.85 1.82 
1 4 0.5297061990576545 0.439269147450343 -0.1 0.03 1.0 1.0 1.0 0.32 0.45 
0 308 -0.0 0.0 0.0 0.0 1.0 0.125 0.5625 0.0 0.0 
1 33 0.030372534777978206 0.0228364363705995 -0.0 0.0 0.9894067796610168 0.9978813559322034 0.99364406779661 0.04 0.0 
0 86 0.666278442414676 0.333139221207338 -0.04 0.02 1.0 0.9615384615384615 0.980769230769231 0.65 0.21 
1 22 -0.0 0.0 0.31 0.55 0.7580645161290323 0.7580645161290323 0.758064516129032 62.0 2.49 
0 26 0.5623351446188082 0.281167572309404 0.0 0.0 1.0 1.0 1.0 0.0 0.0 
1 4 0.8127245415610106 0.428086422879458 0.41 0.59 0.3391521197007481 0.3640897755610973 0.351620947630923 772.17 0.33 
0 202 0.11690572773239792 0.564142594378843 0.0 0.01 1.0 0.9929577464788734 0.996478873239437 24.46 0.11 
1 3 0.016359415015602636 0.0163594150156026 0.05 0.05 0.9953917050691244 0.9953917050691244 0.995391705069124 868.0 0.39 
0 191 0.11690572773239792 0.058452863866199 -0.0 -0.0 1.0 1.0 1.0 0.0 0.0 
1 3 -0.0 0.0 -0.0 -0.0 1.0 1.0 1.0 0.0 0.0 
0 299 0.19643645103383003 0.155894796937305 -0.02 0.0 1.0 0.8920187793427231 0.946009389671361 1.26 0.1 
1 135 -0.0 0.0 -0.0 0.0 1.0 0.7083333333333334 0.854166666666667 0.0 0.0 
0 99 0.5982695885852573 0.504192953436833 -0.05 0.05 1.0 1.0 1.0 0.47 0.46 
1 8 0.0947607483566568 0.232756230915289 0.02 0.03 0.9678111587982832 0.9806866952789698 0.974248927038627 84.69 0.27 
0 37 0.532506047065826 0.499969601942421 0.02 0.17 1.0 0.6703786191536748 0.835189309576837 183.7 0.97 
