1 4 0.8127245415610106 0.428086422879458 0.41 0.59 0.3391521197007481 0.3640897755610973 0.351620947630923 772.17 0.33 
0 16 0.811739998691233 0.492150615926947 0.01 0.15 0.943157894736842 0.9578947368421052 0.950526315789474 583.85 0.4 
1 1 -0.0 0.0 0.37 0.44 0.16 0.16 0.16 25.0 0.2 
0 223 0.048964887966297055 0.0244824439831485 0.0 -0.0 1.0 0.981859410430839 0.99092970521542 0.0 0.0 
1 127 -0.0 0.0 0.11 0.46 0.5384615384615384 0.6153846153846154 0.576923076923077 18.96 1.68 
0 199 0.19643645103383003 0.599340725116855 -0.02 0.03 1.0 0.9976525821596244 0.998826291079812 32.29 0.21 
1 4 0.3250829733914482 0.162541486695724 -0.0 0.0 1.0 1.0 1.0 0.0 0.0 
0 221 0.3525425103487513 0.176271255174376 -0.08 0.15 1.0 0.6935483870967744 0.846774193548387 17.86 1.28 
1 43 -0.0 0.0 0.0 0.0 1.0 1.0 1.0 0.0 0.0 
0 299 0.03786400663392116 0.146997573514692 -0.01 0.0 0.6400911161731208 0.988610478359909 0.814350797266515 3.0 0.04 
1 4 0.7865364435085352 0.401480572353747 0.08 0.13 0.9728506787330315 0.9728506787330315 0.972850678733032 442.51 0.33 
0 101 0.43753675581656654 0.307765075220621 -0.07 0.02 0.3595041322314049 0.9607438016528924 0.660123966942149 17.38 0.09 
1 4 -0.0 0.0 0.31 0.55 0.7580645161290323 0.7580645161290323 0.758064516129032 62.0 2.49 
0 77 0.4459524223135379 0.222976211156769 -0.03 0.27 0.6774193548387096 0.919354838709677 0.798387096774194 31.25 1.71 
1 3 -0.0 0.0 0.0 0.0 1.0 1.0 1.0 0.0 0.0 
0 21 1.5067139955038629 0.817730539866448 0.01 0.15 0.9136069114470842 0.9524838012958964 0.93304535637149 293.29 0.35 
1 149 0.0251440699125892 0.0229518966655533 -0.06 0.01 0.6761658031088082 0.8471502590673574 0.761658031088083 4.61 0.18 
0 12 0.02013133843277965 0.0100656692163898 0.44 0.6 0.709205020920502 0.709205020920502 0.709205020920502 478.0 2.42 
1 4 0.030097958257751373 0.0286902185022557 0.1 0.1 0.9793388429752063 0.9834710743801652 0.981404958677686 484.0 0.84 
0 229 0.767183707147163 0.383591853573582 -0.02 0.0 0.909090909090909 0.9886363636363636 0.948863636363636 1.45 0.08 
1 61 0.0707680768797802 0.351225226630238 -0.0 0.0 1.0 0.997695852534562 0.998847926267281 3.17 0.0 
0 322 0.3269974743901718 0.163498737195086 0.0 -0.0 1.0 0.9342403628117912 0.967120181405896 0.0 0.0 
1 5 -0.0 0.0 0.07 0.08 0.9854771784232365 0.9854771784232365 0.985477178423237 482.0 0.65 
0 492 -0.0 0.0 -0.23 0.01 0.3076923076923077 0.5 0.403846153846154 0.72 0.2 
1 4 -0.0 0.0 0.0 0.0 1.0 1.0 1.0 0.0 0.0 
0 169 0.08864403483661465 0.128144829437427 -0.0 0.0 1.0 0.9225352112676058 0.961267605633803 1.73 0.1 
1 3 -0.0 0.0 -0.0 -0.0 1.0 1.0 1.0 0.0 0.0 
0 75 0.023266578733959636 0.580582577399457 0.03 0.04 0.9930313588850174 0.9965156794425089 0.994773519163763 287.0 0.14 
1 94 0.09165764788996307 0.0699766348366203 -0.0 0.0 1.0 0.9818181818181818 0.990909090909091 0.1 0.01 
0 439 0.07549878542345602 0.037749392711728 -0.0 0.0 0.989795918367347 0.9979591836734693 0.993877551020408 0.03 0.0 
1 4 -0.0 0.0 0.0 0.0 1.0 1.0 1.0 0.0 0.0 
0 226 1.2770342594661392 0.63851712973307 0.03 0.68 1.0 0.4285714285714285 0.714285714285714 7.0 0.5 
1 7 0.09908391604753189 0.0495419580237659 0.04 0.04 0.9850746268656718 0.9914712153518124 0.988272921108742 266.27 0.37 
0 18 0.4629606652814273 0.246090159153386 0.0 0.01 0.8724373576309796 0.9954441913439636 0.933940774487471 14.28 0.07 
1 6 -0.0 0.0 -0.0 -0.0 1.0 0.9936034115138594 0.99680170575693 0.0 0.0 
0 23 0.050468069137818976 0.0334137420767108 0.03 0.03 0.9631336405529952 0.9953917050691244 0.97926267281106 486.49 0.29 
1 2 0.01616684129705593 0.00808342064852796 0.02 0.02 0.9977220956719816 0.9977220956719816 0.997722095671982 439.0 0.16 
0 4 0.2365703607236565 0.126563660077644 -0.0 0.0 1.0 0.9976525821596244 0.998826291079812 0.07 0.01 
1 4 0.01475818629482802 0.00737909314741401 0.01 0.01 1.0 0.9979466119096508 0.998973305954825 487.0 0.19 
0 457 -0.0 0.0 -0.23 0.01 0.3076923076923077 0.5 0.403846153846154 0.72 0.17 
1 9 -0.0 0.0 0.12 0.37 0.7580645161290323 0.8064516129032256 0.782258064516129 46.62 2.14 
0 303 0.17799339462467484 0.0889966973123374 -0.0 -0.0 1.0 0.9607438016528924 0.980371900826446 0.0 0.0 
1 176 -0.0 0.0 -0.1 0.06 0.6153846153846154 0.8846153846153846 0.75 2.12 0.61 
0 71 0.1725612331626618 0.0940452789925439 0.05 0.08 0.9578947368421052 0.9663157894736842 0.962105263157895 243.72 0.8 
1 4 -0.0 0.0 -0.0 -0.0 1.0 1.0 1.0 0.0 0.0 
0 49 0.5168692487765637 0.442580849470739 -0.03 0.04 1.0 0.9965156794425089 0.998257839721254 65.09 0.44 
1 24 0.030372534777978206 0.0658985378330168 -0.0 0.0 0.972457627118644 0.9978813559322034 0.985169491525424 0.13 0.01 
0 140 0.7498710324173952 0.388528303781775 -0.04 0.02 0.9834710743801652 0.9896694214876034 0.986570247933884 16.57 0.15 
1 265 0.3742549310896416 0.187127465544821 -0.03 0.02 0.7660668380462725 0.9974293059125964 0.881748071979434 15.62 0.69 
0 11 0.7134161640307438 0.468406004869405 -0.06 0.04 0.9676025917926566 0.9913606911447084 0.979481641468682 51.63 0.18 
1 4 0.0947607483566568 0.0769695270739669 0.09 0.1 0.9806866952789698 0.982832618025751 0.981759656652361 445.71 0.81 
0 274 0.5982695885852573 0.299134794292629 -0.11 0.12 1.0 0.28571428571428564 0.642857142857143 1.12 0.53 
1 47 -0.0 0.0 -0.0 0.0 1.0 0.6153846153846154 0.807692307692308 0.0 0.0 
0 118 0.01607235879964646 0.00803617939982323 -0.0 0.0 0.9954853273137698 0.9954853273137698 0.99548532731377 0.01 0.0 
1 4 0.6895519477750732 0.344775973887537 0.0 -0.0 1.0 1.0 1.0 0.0 0.0 
0 101 0.02253214392080778 0.0197324246496323 -0.0 0.0 1.0 0.7156626506024096 0.857831325301205 2.52 0.05 
1 5 0.04131357294242817 0.0206567864712141 0.29 0.33 0.886153846153846 0.8892307692307693 0.887692307692308 315.12 2.04 
0 197 0.34883209584303193 0.174416047921516 -0.04 0.01 1.0 0.8888888888888888 0.944444444444444 0.14 0.3 
1 3 -0.0 0.0 0.31 0.55 0.7580645161290323 0.7580645161290323 0.758064516129032 62.0 2.68 
0 962 0.016897794165734926 0.00844889708286746 -0.0 -0.0 1.0 0.97423887587822 0.98711943793911 0.0 0.0 
1 3 0.0740225961475812 0.128824279468757 0.41 0.69 0.5590551181102362 0.5748031496062993 0.566929133858268 381.05 2.38 
0 41 0.8465160453282295 0.423258022664115 -0.0 0.01 0.9897330595482546 0.9979466119096508 0.993839835728953 97.82 0.02 
1 68 0.3269547847215813 0.163477392360791 -0.01 0.01 0.9481865284974093 0.9870466321243522 0.967616580310881 3.79 0.05 
0 42 -0.0 0.0 -0.0 -0.0 1.0 0.9936034115138594 0.99680170575693 0.0 0.0 
1 1 -0.0 0.0 0.43 0.68 0.5842293906810035 0.5842293906810035 0.584229390681004 279.0 2.02 
0 107 0.5982695885852573 0.299134794292629 -0.01 0.2 1.0 0.4285714285714285 0.714285714285714 2.1 0.96 
1 38 0.08509104448327401 0.069552158829183 -0.0 0.0 1.0 1.0 1.0 0.07 0.01 
0 387 0.27384907245785556 0.144960715628751 0.01 0.01 1.0 0.9229024943310656 0.961451247165533 30.57 0.08 
1 4 0.022083380117043378 0.0110416900585217 0.06 0.07 0.981859410430839 0.984126984126984 0.982993197278912 384.99 0.69 
0 108 1.351783994289646 1.21538810108361 0.14 1.08 1.0 1.0 1.0 14.0 0.11 
1 37 -0.0 0.0 0.0 0.0 1.0 1.0 1.0 0.0 0.0 
0 358 -0.0 0.0 -0.06 0.18 0.6935483870967744 0.7580645161290323 0.725806451612903 22.68 1.48 
1 3 -0.0 0.0 -0.0 -0.0 1.0 1.0 1.0 0.0 0.0 
0 63 0.6846162778013049 0.342308138900652 0.15 0.62 0.5384615384615384 0.8846153846153846 0.711538461538461 23.32 0.52 
1 4 0.8720635602136072 0.447297852067208 -0.01 0.11 0.2385542168674699 0.7156626506024096 0.47710843373494 466.31 0.11 
0 704 0.8605892830185917 0.430294641509296 0.0 -0.0 1.0 0.9765807962529272 0.988290398126464 0.0 0.0 
1 12 0.7691223805667942 0.67691926485557 0.66 0.88 0.5571428571428572 0.5857142857142859 0.571428571428571 121.17 2.16 
0 281 0.13371483312373358 0.0668574165618668 -0.0 0.0 1.0 0.9966442953020132 0.998322147651007 0.03 0.01 
1 4 0.022083380117043378 0.0220833801170434 0.09 0.1 0.981859410430839 0.981859410430839 0.981859410430839 838.91 0.85 
0 23 0.6472565428776306 0.323628271438815 0.01 0.01 0.9979591836734693 0.9979591836734693 0.997959183673469 490.0 0.04 
1 4 0.5297061990576545 0.439269147450343 -0.1 0.03 1.0 1.0 1.0 0.32 0.45 
0 27 0.30536636643813125 0.775480690960519 -0.06 0.09 0.6580310880829016 0.8989637305699482 0.778497409326425 61.16 0.12 
1 28 0.6822056867479602 0.602052179998817 0.05 0.2 0.9222462203023758 0.9546436285097192 0.938444924406048 472.98 0.93 
0 293 0.4459524223135379 0.222976211156769 -0.13 0.2 0.7580645161290323 0.919354838709677 0.838709677419355 26.67 1.43 
1 33 0.030372534777978206 0.0228364363705995 -0.0 0.0 0.9894067796610168 0.9978813559322034 0.99364406779661 0.04 0.0 
0 21 0.8984583227127803 0.860056517739579 -0.01 0.17 0.9794661190965092 0.9917864476386036 0.985626283367556 306.15 0.54 
1 192 0.04965097662992789 0.0248254883149639 -0.0 -0.0 1.0 1.0 1.0 0.0 0.0 
0 107 0.8923331657077299 0.533204676581866 -0.06 0.02 0.976689976689977 0.9953379953379952 0.986013986013986 13.81 0.27 
1 31 -0.0 0.0 0.0 0.0 1.0 1.0 1.0 0.0 0.0 
0 32 0.6829081047004717 0.341454052350236 -0.02 0.14 1.0 0.8571428571428571 0.928571428571429 1.56 0.74 
1 20 0.08509104448327401 0.042545522241637 0.0 0.0 1.0 1.0 1.0 0.0 0.0 
0 151 0.05662157828350273 0.0283107891417514 -0.0 -0.0 1.0 0.9932885906040269 0.996644295302013 0.0 0.0 
1 6 -0.0 0.0 -0.0 -0.0 1.0 1.0 1.0 0.0 0.0 
0 183 0.8645984701429459 0.443160362410899 -0.04 0.01 1.0 0.9402985074626864 0.970149253731343 6.55 0.09 
1 4 0.022083380117043378 0.0220833801170434 0.09 0.1 0.981859410430839 0.981859410430839 0.981859410430839 838.91 0.81 
0 41 0.07796325840722416 0.685183555611234 -0.02 0.06 0.4528301886792453 0.9266247379454928 0.689727463312369 129.99 0.13 
1 2 0.6846162778013049 0.342308138900652 0.15 0.36 0.8846153846153846 0.8846153846153846 0.884615384615385 26.0 0.82 
0 394 0.016967771185443552 0.0676005307870313 -0.01 0.0 0.9539170506912442 0.988479262672811 0.971198156682028 0.79 0.05 
1 6 -0.0 0.0 0.0 0.0 1.0 1.0 1.0 0.0 0.0 
0 403 0.8605109656798593 0.580096034446001 -0.09 0.1 0.9287257019438444 0.9330453563714904 0.930885529157667 132.84 0.13 
1 120 -0.0 0.0 -0.0 -0.0 1.0 0.9977324263038548 0.998866213151927 0.0 0.0 
0 60 0.42803573449734306 0.214017867248672 -0.0 -0.0 1.0 1.0 1.0 0.0 0.0 
1 5 0.030372534777978206 0.0227666899680668 -0.0 0.0 1.0 0.9978813559322034 0.998940677966102 0.01 0.0 
0 21 -0.0 0.0 0.0 0.0 1.0 1.0 1.0 0.0 0.0 
1 4 -0.0 0.0 0.0 0.0 1.0 1.0 1.0 0.0 0.0 
0 573 0.01607235879964646 0.00803617939982323 -0.0 0.0 1.0 0.9591836734693876 0.979591836734694 0.04 0.0 
1 4 -0.0 0.0 -0.0 -0.0 1.0 1.0 1.0 0.0 0.0 
0 5 0.9030752549500218 0.993660209370369 0.17 0.58 0.7642105263157895 0.9242105263157896 0.84421052631579 745.47 0.17 
1 4 -0.0 0.0 -0.0 -0.0 1.0 0.9727463312368972 0.986373165618449 0.0 0.0 
0 152 0.804637919054263 0.410355138926955 0.0 0.0 1.0 0.41723356009070284 0.708616780045351 2.18 0.02 
1 63 -0.0 0.0 0.0 0.0 1.0 1.0 1.0 0.0 0.0 
0 123 -0.0 0.0 -0.0 -0.0 1.0 0.9931972789115646 0.996598639455782 0.0 0.0 
1 3 -0.0 0.0 0.0 0.0 1.0 1.0 1.0 0.0 0.0 
0 245 0.027185575146154974 0.0135927875730775 -0.0 -0.0 1.0 0.9834710743801652 0.991735537190083 0.0 0.0 
1 4 0.6730116670092564 0.336505833504628 -0.2 0.33 0.28571428571428564 0.7142857142857143 0.5 3.73 0.53 
0 419 0.30463609734923813 0.152318048674619 0.02 0.12 0.42307692307692313 0.8846153846153846 0.653846153846154 5.43 0.95 
1 25 0.8720635602136072 0.444515665699525 -0.01 0.0 0.2385542168674699 0.9975903614457832 0.618072289156626 0.63 0.0 
0 143 0.3525425103487513 0.176271255174376 -0.06 0.19 1.0 0.7580645161290323 0.879032258064516 24.72 1.45 
1 135 -0.0 0.0 -0.0 0.0 1.0 0.7083333333333334 0.854166666666667 0.0 0.0 
0 294 0.3586144090481995 0.19275682977134 -0.13 0.07 0.6807909604519775 0.7175141242937852 0.699152542372881 51.22 0.71 
1 3 0.016359415015602636 0.0163594150156026 0.05 0.05 0.9953917050691244 0.9953917050691244 0.995391705069124 868.0 0.39 
0 315 0.20707027621364865 0.103535138106824 -0.0 -0.0 1.0 0.9938775510204082 0.996938775510204 0.0 0.0 
1 177 -0.0 0.0 -0.0 0.0 1.0 0.6774193548387096 0.838709677419355 0.0 0.0 
0 89 0.050468069137818976 0.0252340345689095 -0.01 0.0 0.9585253456221196 0.9631336405529952 0.960829493087558 0.31 0.02 
1 2 -0.0 0.0 0.31 0.55 0.7580645161290323 0.7580645161290323 0.758064516129032 62.0 2.68 
0 160 0.6829081047004717 0.341454052350236 -0.01 0.07 0.8076923076923077 0.9615384615384615 0.884615384615385 4.37 0.41 
1 4 0.07489355301376338 0.0508964017541222 0.5 0.63 0.6807909604519775 0.6807909604519775 0.680790960451977 354.02 2.29 
0 71 0.43753675581656654 0.233871953105629 -0.03 0.02 0.3595041322314049 0.9793388429752063 0.669421487603306 485.85 0.05 
1 4 0.017217650311628238 0.0171995612854242 0.37 0.44 0.837448559670782 0.839506172839506 0.838477366255144 964.67 2.36 
0 263 -0.0 0.0 0.0 -0.0 1.0 0.5628997867803837 0.781449893390192 0.0 0.0 
1 187 0.666278442414676 0.333139221207338 -0.1 0.06 1.0 0.8846153846153846 0.942307692307692 2.12 0.44 
0 33 0.6878717657035625 0.363281678195864 0.0 0.01 1.0 0.997867803837953 0.998933901918976 155.72 0.04 
1 8 0.0947607483566568 0.232756230915289 0.02 0.03 0.9678111587982832 0.9806866952789698 0.974248927038627 84.69 0.27 
0 26 0.38412048178648794 0.701476251044303 0.05 0.3 0.6263498920086392 0.7321814254859611 0.6792656587473 357.08 0.38 
1 49 -0.0 0.0 0.0 0.0 1.0 1.0 1.0 0.0 0.0 
0 47 0.035043395966475925 0.142999100162048 -0.01 0.0 1.0 0.9886363636363636 0.994318181818182 0.17 0.02 
1 12 -0.0 0.0 0.3 0.36 0.8846153846153846 0.8846153846153846 0.884615384615385 26.0 2.14 
0 226 0.666278442414676 0.485457269881957 -0.2 0.08 1.0 0.42307692307692313 0.711538461538462 3.47 0.48 
1 22 -0.0 0.0 0.31 0.55 0.7580645161290323 0.7580645161290323 0.758064516129032 62.0 2.49 
0 41 0.13036079377807663 0.0651803968890383 0.0 0.0 1.0 1.0 1.0 0.0 0.0 
