1 4 0.8720635602136072 0.447297852067208 -0.01 0.11 0.2385542168674699 0.7156626506024096 0.47710843373494 466.31 0.11 
0 16 0.6472565428776306 0.323628271438815 0.01 0.01 0.9979591836734693 0.9979591836734693 0.997959183673469 490.0 0.04 
1 4 0.5297061990576545 0.439269147450343 -0.1 0.03 1.0 1.0 1.0 0.32 0.45 
0 55 0.9556998911125344 0.979971182083305 -0.04 0.41 1.0 1.0 1.0 4.67 0.35 
1 4 0.6895519477750732 0.344775973887537 0.0 -0.0 1.0 1.0 1.0 0.0 0.0 
0 204 0.038691590688165765 0.0193457953440829 -0.0 0.0 1.0 0.9402985074626864 0.970149253731343 0.19 0.02 
1 4 0.022083380117043378 0.0110416900585217 0.06 0.07 0.981859410430839 0.984126984126984 0.982993197278912 384.99 0.69 
0 309 -0.0 0.0 -0.0 -0.0 1.0 0.9966442953020132 0.998322147651007 0.0 0.0 
1 4 0.017217650311628238 0.0171995612854242 0.37 0.44 0.837448559670782 0.839506172839506 0.838477366255144 964.67 2.36 
0 11 0.04667886203059532 0.031617910731113 -0.0 0.0 1.0 0.9929577464788734 0.996478873239437 0.01 0.0 
1 14 0.6846162778013049 0.342308138900652 0.15 0.36 0.8846153846153846 0.8846153846153846 0.884615384615385 26.0 0.82 
0 99 1.266536818067726 0.690944980454253 -0.04 0.08 0.8920187793427231 0.9953051643192488 0.943661971830986 229.71 0.25 
1 68 0.3269547847215813 0.163477392360791 -0.01 0.01 0.9481865284974093 0.9870466321243522 0.967616580310881 3.79 0.05 
0 960 0.016897794165734926 0.00844889708286746 -0.0 -0.0 1.0 0.97423887587822 0.98711943793911 0.0 0.0 
1 1 -0.0 0.0 0.37 0.44 0.16 0.16 0.16 25.0 0.2 
0 775 -0.0 0.0 0.0 0.0 1.0 1.0 1.0 0.0 0.0 
1 265 0.3742549310896416 0.187127465544821 -0.03 0.02 0.7660668380462725 0.9974293059125964 0.881748071979434 15.62 0.69 
0 439 0.2996811032121433 0.684555526886785 -0.14 0.08 0.8250539956803455 0.9330453563714904 0.879049676025918 87.16 0.16 
1 4 -0.0 0.0 0.0 0.0 1.0 1.0 1.0 0.0 0.0 
0 210 0.5022052464597919 0.2623686951903 -0.05 0.04 0.7156626506024096 0.9710843373493978 0.843373493975904 31.95 0.29 
1 4 -0.0 0.0 0.0 0.0 1.0 1.0 1.0 0.0 0.0 
0 10 0.3565581205895817 0.251727700847673 -0.01 0.0 1.0 1.0 1.0 0.87 0.08 
1 6 -0.0 0.0 -0.0 -0.0 1.0 1.0 1.0 0.0 0.0 
0 131 0.42803573449734306 0.408722236735259 0.0 0.03 1.0 1.0 1.0 21.37 0.02 
1 47 -0.0 0.0 -0.0 0.0 1.0 0.6153846153846154 0.807692307692308 0.0 0.0 
0 267 0.2489102793527851 0.124455139676393 -0.0 0.0 0.875 0.9971590909090908 0.936079545454545 0.23 0.02 
1 5 0.04131357294242817 0.0206567864712141 0.29 0.33 0.886153846153846 0.8892307692307693 0.887692307692308 315.12 2.04 
0 178 0.6846162778013049 0.67544736010799 0.11 0.67 1.0 0.8846153846153846 0.942307692307692 26.0 0.12 
1 8 0.0947607483566568 0.232756230915289 0.02 0.03 0.9678111587982832 0.9806866952789698 0.974248927038627 84.69 0.27 
0 52 0.744230088684321 0.382976171681586 0.02 0.09 0.7505330490405117 0.9402985074626864 0.845415778251599 92.83 0.38 
1 4 0.6730116670092564 0.336505833504628 -0.2 0.33 0.28571428571428564 0.7142857142857143 0.5 3.73 0.53 
0 199 0.01497005434010946 0.00748502717005473 -0.0 0.0 0.977551020408163 0.9979591836734693 0.987755102040816 0.03 0.0 
1 38 0.08509104448327401 0.069552158829183 -0.0 0.0 1.0 1.0 1.0 0.07 0.01 
0 278 -0.0 0.0 -0.0 -0.0 1.0 0.9966442953020132 0.998322147651007 0.0 0.0 
1 29 0.02253214392080778 0.0197499575531257 -0.0 0.01 0.7156626506024096 0.9975903614457832 0.856626506024096 5.06 0.1 
0 124 0.8177953417758714 0.735584743522562 0.05 0.09 0.989795918367347 0.9948979591836736 0.99234693877551 324.82 0.31 
1 4 -0.0 0.0 -0.0 -0.0 1.0 0.9727463312368972 0.986373165618449 0.0 0.0 
0 965 0.016897794165734926 0.00844889708286746 -0.0 0.0 0.97423887587822 0.9976580796252928 0.985948477751756 0.03 0.0 
1 20 0.08509104448327401 0.042545522241637 0.0 0.0 1.0 1.0 1.0 0.0 0.0 
0 33 0.09697954377303232 0.468676886415766 -0.04 0.02 0.6038135593220338 0.9894067796610168 0.796610169491525 11.38 0.07 
1 4 0.7865364435085352 0.401480572353747 0.08 0.13 0.9728506787330315 0.9728506787330315 0.972850678733032 442.51 0.33 
0 107 0.34883209584303193 0.174416047921516 0.07 0.19 1.0 0.7777777777777779 0.888888888888889 3.94 1.78 
1 4 -0.0 0.0 0.31 0.55 0.7580645161290323 0.7580645161290323 0.758064516129032 62.0 2.49 
0 191 0.34883209584303193 0.834860219496177 -0.09 0.35 1.0 0.8888888888888888 0.944444444444444 9.0 0.39 
1 177 -0.0 0.0 -0.0 0.0 1.0 0.6774193548387096 0.838709677419355 0.0 0.0 
0 369 0.13036079377807663 0.0651803968890383 -0.0 0.0 1.0 0.9917864476386036 0.995893223819302 0.12 0.01 
1 120 -0.0 0.0 -0.0 -0.0 1.0 0.9977324263038548 0.998866213151927 0.0 0.0 
0 157 0.4514062119967289 0.234652068586726 -0.0 0.0 1.0 0.9922879177377892 0.996143958868895 0.18 0.02 
1 3 -0.0 0.0 0.0 0.0 1.0 1.0 1.0 0.0 0.0 
0 1 0.01607235879964646 0.0849260232375336 -0.0 0.0 1.0 1.0 1.0 0.03 0.0 
1 63 -0.0 0.0 0.0 0.0 1.0 1.0 1.0 0.0 0.0 
0 297 0.6278424309643411 0.321474118147552 0.01 0.02 0.9793388429752063 0.987603305785124 0.983471074380165 69.92 0.06 
1 25 0.8720635602136072 0.444515665699525 -0.01 0.0 0.2385542168674699 0.9975903614457832 0.618072289156626 0.63 0.0 
0 2 0.3767701612564368 0.188385080628218 0.28 0.35 0.8888888888888888 0.8888888888888888 0.888888888888889 9.0 1.73 
1 3 0.016359415015602636 0.0163594150156026 0.05 0.05 0.9953917050691244 0.9953917050691244 0.995391705069124 868.0 0.39 
0 155 0.6465756311813309 0.497216017466518 0.13 0.36 0.8581560283687942 0.929078014184397 0.893617021276596 298.99 1.58 
1 3 -0.0 0.0 0.0 0.0 1.0 1.0 1.0 0.0 0.0 
0 302 0.03578922484588708 0.0341124751931737 -0.0 0.0 1.0 0.9922879177377892 0.996143958868895 0.03 0.0 
1 22 -0.0 0.0 0.31 0.55 0.7580645161290323 0.7580645161290323 0.758064516129032 62.0 2.49 
0 76 0.629696481674345 0.33818767185247 0.0 0.01 1.0 0.9929577464788734 0.996478873239437 6.91 0.08 
1 5 0.030372534777978206 0.0227666899680668 -0.0 0.0 1.0 0.9978813559322034 0.998940677966102 0.01 0.0 
0 264 -0.0 0.0 0.0 0.0 1.0 0.125 0.5625 0.0 0.0 
1 4 0.022083380117043378 0.0220833801170434 0.09 0.1 0.981859410430839 0.981859410430839 0.981859410430839 838.91 0.81 
0 362 0.1502751999165481 0.721339526365896 -0.04 0.03 1.0 0.4528301886792453 0.726415094339623 73.57 0.02 
1 4 -0.0 0.0 -0.0 -0.0 1.0 1.0 1.0 0.0 0.0 
0 279 0.057146758033893234 0.223068515598468 -0.01 0.0 0.9346246973365616 0.9782082324455202 0.956416464891041 1.59 0.05 
1 8 0.6895519477750732 0.344775973887537 0.0 -0.0 1.0 1.0 1.0 0.0 0.0 
0 130 0.023546567098459075 0.774941934250284 -0.23 0.02 0.6423690205011389 0.8610478359908883 0.751708428246014 19.71 0.29 
1 4 -0.0 0.0 0.0 0.0 1.0 1.0 1.0 0.0 0.0 
0 19 0.09125460025639655 0.808795950829253 0.27 0.38 0.8610478359908883 0.8724373576309796 0.866742596810934 425.88 0.73 
1 31 -0.0 0.0 0.0 0.0 1.0 1.0 1.0 0.0 0.0 
0 218 -0.0 0.0 0.0 0.0 1.0 0.9978165938864628 0.998908296943231 0.0 0.0 
1 37 -0.0 0.0 0.0 0.0 1.0 1.0 1.0 0.0 0.0 
0 10 0.08718908116625151 0.0521852767127358 0.35 0.43 0.837448559670782 0.839506172839506 0.838477366255144 478.69 2.74 
1 2 -0.0 0.0 0.31 0.55 0.7580645161290323 0.7580645161290323 0.758064516129032 62.0 2.68 
0 128 0.2313519442560678 0.115675972128034 -0.0 0.0 1.0 0.9979466119096508 0.998973305954825 0.07 0.01 
1 192 0.04965097662992789 0.0248254883149639 -0.0 -0.0 1.0 1.0 1.0 0.0 0.0 
0 6 -0.0 0.0 0.39 0.62 0.6935483870967744 0.6935483870967744 0.693548387096774 62.0 2.6 
1 3 -0.0 0.0 -0.0 -0.0 1.0 1.0 1.0 0.0 0.0 
0 370 0.30463609734923813 0.152318048674619 -0.2 0.03 0.42307692307692313 0.5384615384615384 0.480769230769231 1.32 0.19 
1 187 0.666278442414676 0.333139221207338 -0.1 0.06 1.0 0.8846153846153846 0.942307692307692 2.12 0.44 
0 142 0.8645984701429459 0.738696968071116 0.04 0.12 1.0 1.0 1.0 99.18 0.52 
1 127 -0.0 0.0 0.11 0.46 0.5384615384615384 0.6153846153846154 0.576923076923077 18.96 1.68 
0 159 0.01740101312167224 0.00870050656083612 -0.0 0.0 1.0 0.9686746987951808 0.98433734939759 0.0 0.0 
1 135 -0.0 0.0 -0.0 0.0 1.0 0.7083333333333334 0.854166666666667 0.0 0.0 
0 392 0.6365141682948128 0.617391878440035 0.04 0.28 1.0 0.4285714285714285 0.714285714285714 3.33 0.05 
1 12 -0.0 0.0 0.3 0.36 0.8846153846153846 0.8846153846153846 0.884615384615385 26.0 2.14 
0 144 0.17449997006024281 0.0872499850301214 -0.0 0.0 0.9876796714579056 0.9979466119096508 0.992813141683778 0.05 0.01 
1 49 -0.0 0.0 0.0 0.0 1.0 1.0 1.0 0.0 0.0 
0 353 0.06219281179296066 0.0393087564959597 -0.03 0.01 0.6703786191536748 0.9576837416481068 0.814031180400891 5.3 0.19 
1 94 0.09165764788996307 0.0699766348366203 -0.0 0.0 1.0 0.9818181818181818 0.990909090909091 0.1 0.01 
0 244 0.0 0.0 0.0 0.0 0.0 0.0 0.0 0.0 0.0 
1 2 0.01616684129705593 0.00808342064852796 0.02 0.02 0.9977220956719816 0.9977220956719816 0.997722095671982 439.0 0.16 
0 35 0.09650896073594732 0.0482544803679737 0.09 0.37 0.7580645161290323 0.8225806451612901 0.790322580645161 46.62 2.3 
1 176 -0.0 0.0 -0.1 0.06 0.6153846153846154 0.8846153846153846 0.75 2.12 0.61 
0 312 -0.0 0.0 -0.0 0.0 1.0 0.8190045248868777 0.909502262443439 0.0 0.0 
1 28 0.6822056867479602 0.602052179998817 0.05 0.2 0.9222462203023758 0.9546436285097192 0.938444924406048 472.98 0.93 
0 92 -0.0 0.0 0.0 0.0 1.0 1.0 1.0 0.0 0.0 
1 6 -0.0 0.0 0.0 0.0 1.0 1.0 1.0 0.0 0.0 
0 38 0.2797687666312197 0.13988438331561 0.0 0.0 1.0 0.9485714285714286 0.974285714285714 0.0 0.0 
1 4 -0.0 0.0 -0.0 -0.0 1.0 1.0 1.0 0.0 0.0 
0 52 -0.0 0.0 -0.0 -0.0 1.0 0.9966442953020132 0.998322147651007 0.0 0.0 
1 6 -0.0 0.0 -0.0 -0.0 1.0 0.9936034115138594 0.99680170575693 0.0 0.0 
0 12 0.21281101532774768 0.106405507663874 0.06 0.06 0.9886363636363636 0.9886363636363636 0.988636363636364 352.0 0.48 
1 43 -0.0 0.0 0.0 0.0 1.0 1.0 1.0 0.0 0.0 
0 90 0.928529239598717 0.464264619799359 -0.01 0.0 0.7114093959731543 0.9966442953020132 0.854026845637584 1.16 0.03 
1 61 0.0707680768797802 0.351225226630238 -0.0 0.0 1.0 0.997695852534562 0.998847926267281 3.17 0.0 
0 104 0.07540821860749106 0.410755919276121 -0.05 0.02 0.8898488120950323 0.9935205183585314 0.941684665226782 19.61 0.16 
1 5 -0.0 0.0 0.07 0.08 0.9854771784232365 0.9854771784232365 0.985477178423237 482.0 0.65 
0 18 -0.0 0.0 0.0 0.0 1.0 1.0 1.0 0.0 0.0 
1 4 0.07489355301376338 0.0508964017541222 0.5 0.63 0.6807909604519775 0.6807909604519775 0.680790960451977 354.02 2.29 
0 586 0.20707027621364865 0.185552761930425 -0.01 0.0 0.9938775510204082 0.9959183673469388 0.994897959183674 1.05 0.06 
1 2 0.6846162778013049 0.342308138900652 0.15 0.36 0.8846153846153846 0.8846153846153846 0.884615384615385 26.0 0.82 
0 100 0.024054366210821344 0.580976471137888 0.03 0.07 0.9581881533101044 0.9930313588850174 0.975609756097561 99.35 0.49 
1 4 0.8127245415610106 0.428086422879458 0.41 0.59 0.3391521197007481 0.3640897755610973 0.351620947630923 772.17 0.33 
0 632 0.27384907245785556 0.203621277894359 -0.01 0.0 0.9229024943310656 0.9954648526077096 0.959183673469388 1.05 0.06 
1 149 0.0251440699125892 0.0229518966655533 -0.06 0.01 0.6761658031088082 0.8471502590673574 0.761658031088083 4.61 0.18 
0 35 1.2965279137874248 0.648263956893712 -0.04 0.1 0.5223097112860893 0.07611548556430446 0.299212598425197 101.54 0.0 
1 7 0.09908391604753189 0.0495419580237659 0.04 0.04 0.9850746268656718 0.9914712153518124 0.988272921108742 266.27 0.37 
0 331 0.9556998911125344 0.997710330976226 0.01 0.96 1.0 0.5714285714285713 0.785714285714286 14.0 0.97 
1 182 -0.0 0.0 -0.0 0.0 1.0 0.7580645161290323 0.879032258064516 0.0 0.0 
0 186 -0.0 0.0 0.0 0.0 1.0 0.9166666666666664 0.958333333333333 0.0 0.0 
1 12 0.7691223805667942 0.67691926485557 0.66 0.88 0.5571428571428572 0.5857142857142859 0.571428571428571 121.17 2.16 
0 1038 0.8605892830185917 0.430294641509296 0.0 -0.0 1.0 0.9765807962529272 0.988290398126464 0.0 0.0 
1 4 0.022083380117043378 0.0220833801170434 0.09 0.1 0.981859410430839 0.981859410430839 0.981859410430839 838.91 0.85 
0 649 -0.0 0.0 0.0 0.0 1.0 1.0 1.0 0.0 0.0 
1 4 0.030097958257751373 0.0286902185022557 0.1 0.1 0.9793388429752063 0.9834710743801652 0.981404958677686 484.0 0.84 
0 43 0.38535889794541217 0.192679448972706 0.0 0.0 1.0 1.0 1.0 0.0 0.0 
1 2 0.0251440699125892 0.0125720349562946 0.53 0.63 0.6761658031088082 0.6761658031088082 0.676165803108808 386.0 2.33 
0 645 0.016326979454093383 0.00816348972704669 0.0 -0.0 1.0 0.981859410430839 0.99092970521542 0.0 0.0 
1 4 0.3250829733914482 0.162541486695724 -0.0 0.0 1.0 1.0 1.0 0.0 0.0 
0 344 0.6365141682948128 0.318257084147406 -0.0 0.0 1.0 0.6 0.8 0.0 0.0 
1 1 -0.0 0.0 0.43 0.68 0.5842293906810035 0.5842293906810035 0.584229390681004 279.0 2.02 
0 242 0.8216879017449253 0.418991291396077 -0.0 0.0 1.0 0.9815668202764976 0.990783410138249 0.41 0.02 
1 3 -0.0 0.0 0.31 0.55 0.7580645161290323 0.7580645161290323 0.758064516129032 62.0 2.68 
0 291 0.0752483101127402 0.0376241550563701 -0.0 0.0 1.0 0.9897330595482546 0.994866529774127 0.07 0.01 
1 263 0.01789792517672371 0.00894896258836186 -0.01 0.0 1.0 0.7660668380462725 0.883033419023136 0.31 0.03 
0 127 0.6533741452692534 0.571442074077457 -0.01 0.02 0.9948979591836736 0.997448979591837 0.996173469387755 13.24 0.16 
1 3 0.0740225961475812 0.128824279468757 0.41 0.69 0.5590551181102362 0.5748031496062993 0.566929133858268 381.05 2.38 
0 230 0.16403524764720048 0.089502650993655 -0.0 0.0 0.977551020408163 0.9959183673469388 0.986734693877551 0.47 0.03 
