1 3 -0.0 0.0 0.0 0.0 1.0 1.0 1.0 0.0 0.0 
0 219 -0.0 0.0 -0.1 0.33 0.28571428571428564 0.4285714285714285 0.357142857142857 3.73 0.91 
1 49 -0.0 0.0 0.0 0.0 1.0 1.0 1.0 0.0 0.0 
0 26 0.01478431915835523 0.683543565516668 -0.0 0.02 0.9918367346938776 0.9959183673469388 0.993877551020408 257.68 0.03 
1 6 -0.0 0.0 -0.0 -0.0 1.0 1.0 1.0 0.0 0.0 
0 161 0.016556959431630658 0.0667313435820143 -0.0 0.0 1.0 1.0 1.0 0.02 0.0 
1 120 -0.0 0.0 -0.0 -0.0 1.0 0.9977324263038548 0.998866213151927 0.0 0.0 
0 581 0.08392577932363239 0.365591161100632 -0.01 0.01 0.9918367346938776 0.9979591836734693 0.994897959183674 4.78 0.05 
1 7 0.09908391604753189 0.0495419580237659 0.04 0.04 0.9850746268656718 0.9914712153518124 0.988272921108742 266.27 0.37 
0 233 0.244044214043399 0.129507134191754 -0.0 0.0 0.977551020408163 0.989795918367347 0.983673469387755 0.72 0.05 
1 135 -0.0 0.0 -0.0 0.0 1.0 0.7083333333333334 0.854166666666667 0.0 0.0 
0 34 -0.0 0.0 0.0 0.0 1.0 0.75 0.875 0.0 0.0 
1 3 0.0740225961475812 0.128824279468757 0.41 0.69 0.5590551181102362 0.5748031496062993 0.566929133858268 381.05 2.38 
0 174 -0.0 0.0 -0.0 -0.0 1.0 1.0 1.0 0.0 0.0 
1 4 0.6895519477750732 0.344775973887537 0.0 -0.0 1.0 1.0 1.0 0.0 0.0 
0 146 0.3615394778944647 0.180769738947232 -0.04 0.13 1.0 0.7580645161290323 0.879032258064516 17.21 1.07 
1 4 0.0947607483566568 0.0769695270739669 0.09 0.1 0.9806866952789698 0.982832618025751 0.981759656652361 445.71 0.81 
0 276 0.9556998911125344 0.979971182083305 -0.04 0.41 1.0 1.0 1.0 4.67 0.12 
1 4 -0.0 0.0 0.0 0.0 1.0 1.0 1.0 0.0 0.0 
0 160 0.03786400663392116 0.150659996480965 -0.0 0.0 0.9817767653758542 0.988610478359909 0.985193621867882 0.54 0.04 
1 1 -0.0 0.0 0.37 0.44 0.16 0.16 0.16 25.0 0.2 
0 304 0.664316082500306 0.463886034414157 0.0 0.04 0.938496583143508 0.9817767653758542 0.960136674259681 86.45 0.0 
1 22 -0.0 0.0 0.31 0.55 0.7580645161290323 0.7580645161290323 0.758064516129032 62.0 2.49 
0 318 -0.0 0.0 -0.0 -0.0 1.0 1.0 1.0 0.0 0.0 
1 61 0.0707680768797802 0.351225226630238 -0.0 0.0 1.0 0.997695852534562 0.998847926267281 3.17 0.0 
0 162 -0.0 0.0 0.0 0.0 1.0 0.9166666666666664 0.958333333333333 0.0 0.0 
1 33 0.030372534777978206 0.0228364363705995 -0.0 0.0 0.9894067796610168 0.9978813559322034 0.99364406779661 0.04 0.0 
0 490 0.1156185975922761 0.0578092987961381 -0.0 -0.0 1.0 1.0 1.0 0.0 0.0 
1 12 -0.0 0.0 0.3 0.36 0.8846153846153846 0.8846153846153846 0.884615384615385 26.0 2.14 
0 344 0.016103721594124567 0.00805186079706228 -0.0 0.0 0.9932279909706544 0.9932279909706544 0.993227990970655 0.03 0.0 
1 177 -0.0 0.0 -0.0 0.0 1.0 0.6774193548387096 0.838709677419355 0.0 0.0 
0 22 0.016326979454093383 0.00816348972704669 0.07 0.07 0.9863325740318906 0.9863325740318906 0.986332574031891 439.0 0.61 
1 4 -0.0 0.0 0.0 0.0 1.0 1.0 1.0 0.0 0.0 
0 491 0.30463609734923813 0.152318048674619 0.11 0.22 0.42307692307692313 0.8076923076923077 0.615384615384615 9.9 1.37 
1 4 -0.0 0.0 -0.0 -0.0 1.0 1.0 1.0 0.0 0.0 
0 362 0.8984583227127803 0.514409558245428 -0.02 0.01 1.0 0.9794661190965092 0.989733059548255 6.92 0.24 
1 8 0.6895519477750732 0.344775973887537 0.0 -0.0 1.0 1.0 1.0 0.0 0.0 
0 271 0.3563409206018685 0.178170460300934 -0.1 0.15 0.6935483870967744 0.9838709677419354 0.838709677419355 18.09 1.18 
1 4 0.022083380117043378 0.0220833801170434 0.09 0.1 0.981859410430839 0.981859410430839 0.981859410430839 838.91 0.81 
0 140 0.6791932659915256 0.339596632995763 0.16 0.67 0.6153846153846154 0.9230769230769232 0.769230769230769 26.0 0.54 
1 4 -0.0 0.0 -0.0 -0.0 1.0 0.9727463312368972 0.986373165618449 0.0 0.0 
0 159 0.08627855491407438 0.0782353781757346 -0.0 0.0 0.985542168674699 0.9927710843373492 0.989156626506024 0.2 0.02 
1 2 0.6846162778013049 0.342308138900652 0.15 0.36 0.8846153846153846 0.8846153846153846 0.884615384615385 26.0 0.82 
0 192 0.5982695885852573 0.578897049747888 -0.04 0.01 1.0 0.07526881720430106 0.537634408602151 1.46 0.02 
1 4 0.8127245415610106 0.428086422879458 0.41 0.59 0.3391521197007481 0.3640897755610973 0.351620947630923 772.17 0.33 
0 21 -0.0 0.0 0.02 0.02 0.9966442953020132 0.9966442953020132 0.996644295302013 298.0 0.23 
1 4 0.7865364435085352 0.401480572353747 0.08 0.13 0.9728506787330315 0.9728506787330315 0.972850678733032 442.51 0.33 
0 439 -0.0 0.0 0.0 0.0 1.0 0.9166666666666664 0.958333333333333 0.0 0.0 
1 4 0.022083380117043378 0.0220833801170434 0.09 0.1 0.981859410430839 0.981859410430839 0.981859410430839 838.91 0.85 
0 960 0.016897794165734926 0.00844889708286746 -0.0 -0.0 1.0 0.97423887587822 0.98711943793911 0.0 0.0 
1 6 -0.0 0.0 -0.0 -0.0 1.0 0.9936034115138594 0.99680170575693 0.0 0.0 
0 334 0.02013133843277965 0.0100656692163898 -0.06 0.01 0.709205020920502 0.9623430962343098 0.835774058577406 7.75 0.22 
1 187 0.666278442414676 0.333139221207338 -0.1 0.06 1.0 0.8846153846153846 0.942307692307692 2.12 0.44 
0 509 1.134079669988154 0.567039834994077 -0.04 0.02 0.9591836734693876 0.981859410430839 0.970521541950113 14.6 0.26 
1 3 -0.0 0.0 -0.0 -0.0 1.0 1.0 1.0 0.0 0.0 
0 344 -0.0 0.0 0.0 -0.0 1.0 0.959731543624161 0.97986577181208 0.0 0.0 
1 14 0.6846162778013049 0.342308138900652 0.15 0.36 0.8846153846153846 0.8846153846153846 0.884615384615385 26.0 0.82 
0 30 0.3767701612564368 0.188385080628218 0.35 0.53 0.7777777777777779 0.8888888888888888 0.833333333333333 9.0 2.67 
1 9 -0.0 0.0 0.12 0.37 0.7580645161290323 0.8064516129032256 0.782258064516129 46.62 2.14 
0 13 0.8194521312920207 0.42135935501299 -0.01 0.0 0.9094076655052264 0.9965156794425089 0.952961672473868 0.7 0.05 
1 4 0.3250829733914482 0.162541486695724 -0.0 0.0 1.0 1.0 1.0 0.0 0.0 
0 129 0.3615394778944647 0.358940199248167 0.03 0.21 1.0 0.9838709677419354 0.991935483870968 42.77 1.63 
1 127 -0.0 0.0 0.11 0.46 0.5384615384615384 0.6153846153846154 0.576923076923077 18.96 1.68 
0 203 0.2489102793527851 0.124455139676393 -0.01 0.0 0.875 0.9886363636363636 0.931818181818182 0.92 0.07 
1 182 -0.0 0.0 -0.0 0.0 1.0 0.7580645161290323 0.879032258064516 0.0 0.0 
0 113 0.05577279621184249 0.0363527507951497 -0.0 0.0 1.0 0.9686746987951808 0.98433734939759 0.04 0.0 
1 4 -0.0 0.0 -0.0 -0.0 1.0 1.0 1.0 0.0 0.0 
0 551 -0.0 0.0 0.0 0.0 1.0 1.0 1.0 0.0 0.0 
1 3 -0.0 0.0 0.31 0.55 0.7580645161290323 0.7580645161290323 0.758064516129032 62.0 2.68 
0 2 0.015529324822425987 0.007764662411213 0.13 0.15 0.9663157894736842 0.9663157894736842 0.966315789473684 475.0 1.17 
1 4 0.030097958257751373 0.0286902185022557 0.1 0.1 0.9793388429752063 0.9834710743801652 0.981404958677686 484.0 0.84 
0 34 0.04667886203059532 0.0233394310152977 -0.0 -0.0 1.0 0.9929577464788734 0.996478873239437 0.0 0.0 
1 37 -0.0 0.0 0.0 0.0 1.0 1.0 1.0 0.0 0.0 
0 676 0.9030752549500218 0.459866456332432 -0.03 0.02 0.7642105263157895 0.8905263157894738 0.827368421052632 15.82 0.3 
1 24 0.030372534777978206 0.0658985378330168 -0.0 0.0 0.972457627118644 0.9978813559322034 0.985169491525424 0.13 0.01 
0 166 0.016359415015602636 0.00817970750780132 0.0 0.0 1.0 0.9621380846325168 0.981069042316258 0.0 0.0 
1 149 0.0251440699125892 0.0229518966655533 -0.06 0.01 0.6761658031088082 0.8471502590673574 0.761658031088083 4.61 0.18 
0 11 0.5235346720440665 0.261767336022033 0.34 0.39 0.8666666666666668 0.8666666666666668 0.866666666666667 30.0 2.01 
1 3 0.016359415015602636 0.0163594150156026 0.05 0.05 0.9953917050691244 0.9953917050691244 0.995391705069124 868.0 0.39 
0 40 0.664316082500306 0.563638373890867 0.06 0.12 0.8724373576309796 0.938496583143508 0.905466970387244 250.01 0.26 
1 2 -0.0 0.0 0.31 0.55 0.7580645161290323 0.7580645161290323 0.758064516129032 62.0 2.68 
0 21 0.29170992255894307 0.157488250646451 -0.0 0.0 1.0 0.9965156794425089 0.998257839721254 0.11 0.02 
1 4 -0.0 0.0 0.31 0.55 0.7580645161290323 0.7580645161290323 0.758064516129032 62.0 2.49 
0 339 -0.0 0.0 -0.06 0.18 0.6935483870967744 0.7580645161290323 0.725806451612903 22.68 1.48 
1 4 0.017217650311628238 0.0171995612854242 0.37 0.44 0.837448559670782 0.839506172839506 0.838477366255144 964.67 2.36 
0 71 0.09650896073594732 0.0482544803679737 0.0 -0.0 1.0 0.9807692307692306 0.990384615384615 0.0 0.0 
1 25 0.8720635602136072 0.444515665699525 -0.01 0.0 0.2385542168674699 0.9975903614457832 0.618072289156626 0.63 0.0 
0 238 1.351783994289646 1.19575238256478 -0.02 1.08 1.0 0.5714285714285713 0.785714285714286 16.33 0.05 
1 12 0.7691223805667942 0.67691926485557 0.66 0.88 0.5571428571428572 0.5857142857142859 0.571428571428571 121.17 2.16 
0 16 0.08919443275684764 0.0681374736783496 0.49 0.67 0.6423690205011389 0.6423690205011389 0.642369020501139 878.02 2.38 
1 2 0.01616684129705593 0.00808342064852796 0.02 0.02 0.9977220956719816 0.9977220956719816 0.997722095671982 439.0 0.16 
0 709 -0.0 0.0 -0.15 0.04 0.625 0.9166666666666664 0.770833333333333 1.31 0.47 
1 2 0.0251440699125892 0.0125720349562946 0.53 0.63 0.6761658031088082 0.6761658031088082 0.676165803108808 386.0 2.33 
0 94 0.3563409206018685 0.178170460300934 -0.08 0.18 0.6935483870967744 0.9838709677419354 0.838709677419355 20.79 1.42 
1 4 0.022083380117043378 0.0110416900585217 0.06 0.07 0.981859410430839 0.984126984126984 0.982993197278912 384.99 0.69 
0 41 0.01944773452386289 0.600518988843425 0.02 0.15 0.7624190064794816 0.9913606911447084 0.876889848812095 150.91 0.44 
1 3 -0.0 0.0 0.0 0.0 1.0 1.0 1.0 0.0 0.0 
0 531 -0.0 0.0 0.01 0.13 0.3076923076923077 0.8076923076923077 0.557692307692308 7.04 0.65 
1 31 -0.0 0.0 0.0 0.0 1.0 1.0 1.0 0.0 0.0 
0 179 0.17407618745600176 0.151317465349431 -0.04 0.01 0.916083916083916 0.976689976689977 0.946386946386946 3.0 0.09 
1 4 0.5297061990576545 0.439269147450343 -0.1 0.03 1.0 1.0 1.0 0.32 0.45 
0 158 0.6799529039485162 0.666188347485638 -0.04 0.04 1.0 0.99645390070922 0.99822695035461 48.0 0.23 
1 5 0.04131357294242817 0.0206567864712141 0.29 0.33 0.886153846153846 0.8892307692307693 0.887692307692308 315.12 2.04 
0 381 -0.0 0.0 -0.0 0.0 0.959731543624161 0.9966442953020132 0.978187919463087 0.04 0.01 
1 6 -0.0 0.0 0.0 0.0 1.0 1.0 1.0 0.0 0.0 
0 362 -0.0 0.0 -0.06 0.18 0.6935483870967744 0.7580645161290323 0.725806451612903 22.68 1.48 
1 4 0.6730116670092564 0.336505833504628 -0.2 0.33 0.28571428571428564 0.7142857142857143 0.5 3.73 0.53 
0 73 0.3565581205895817 0.178279060294791 -0.01 0.0 1.0 0.9966442953020132 0.998322147651007 0.08 0.01 
1 4 0.07489355301376338 0.0508964017541222 0.5 0.63 0.6807909604519775 0.6807909604519775 0.680790960451977 354.02 2.29 
0 15 0.6472565428776306 0.323628271438815 0.01 0.01 0.9979591836734693 0.9979591836734693 0.997959183673469 490.0 0.04 
1 4 -0.0 0.0 0.0 0.0 1.0 1.0 1.0 0.0 0.0 
0 159 0.06957694070479191 0.0347884703523959 0.01 0.02 0.9726651480637812 0.9954441913439636 0.984054669703872 71.49 0.21 
1 63 -0.0 0.0 0.0 0.0 1.0 1.0 1.0 0.0 0.0 
0 65 -0.0 0.0 0.0 0.0 1.0 1.0 1.0 0.0 0.0 
1 38 0.08509104448327401 0.069552158829183 -0.0 0.0 1.0 1.0 1.0 0.07 0.01 
0 71 0.05755265252972321 0.0398180163233833 -0.01 0.0 0.981859410430839 0.984126984126984 0.982993197278912 0.23 0.02 
1 8 0.0947607483566568 0.232756230915289 0.02 0.03 0.9678111587982832 0.9806866952789698 0.974248927038627 84.69 0.27 
0 197 -0.0 0.0 0.0 0.0 1.0 0.9166666666666664 0.958333333333333 0.0 0.0 
1 265 0.3742549310896416 0.187127465544821 -0.03 0.02 0.7660668380462725 0.9974293059125964 0.881748071979434 15.62 0.69 
0 50 1.01183062848278 1.00703781384133 -0.01 0.2 0.9976525821596244 0.9976525821596244 0.997652582159624 313.29 0.38 
1 94 0.09165764788996307 0.0699766348366203 -0.0 0.0 1.0 0.9818181818181818 0.990909090909091 0.1 0.01 
0 314 0.15377968767542066 0.0768898438377103 -0.0 -0.0 1.0 1.0 1.0 0.0 0.0 
1 43 -0.0 0.0 0.0 0.0 1.0 1.0 1.0 0.0 0.0 
0 35 0.06521436351143224 0.0326071817557161 0.0 0.0 1.0 0.9485714285714286 0.974285714285714 0.0 0.0 
1 1 -0.0 0.0 0.43 0.68 0.5842293906810035 0.5842293906810035 0.584229390681004 279.0 2.02 
0 459 0.26345598632800776 0.259793563361735 -0.06 0.03 0.6400911161731208 0.9817767653758542 0.810933940774488 19.93 0.05 
1 4 0.01475818629482802 0.00737909314741401 0.01 0.01 1.0 0.9979466119096508 0.998973305954825 487.0 0.19 
0 358 0.016294681047229552 0.00814734052361478 -0.0 0.0 1.0 0.9585253456221196 0.97926267281106 0.04 0.0 
1 20 0.08509104448327401 0.042545522241637 0.0 0.0 1.0 1.0 1.0 0.0 0.0 
0 196 0.905891303418349 0.657870537395581 -0.09 0.07 0.6400911161731208 0.990888382687927 0.815489749430524 88.08 0.17 
1 192 0.04965097662992789 0.0248254883149639 -0.0 -0.0 1.0 1.0 1.0 0.0 0.0 
0 385 0.27384907245785556 0.136924536228928 0.0 -0.0 1.0 0.9229024943310656 0.961451247165533 0.0 0.0 
1 4 0.8720635602136072 0.447297852067208 -0.01 0.11 0.2385542168674699 0.7156626506024096 0.47710843373494 466.31 0.11 
0 42 0.5629596827693085 0.281479841384654 -0.01 0.0 1.0 0.9886363636363636 0.994318181818182 0.75 0.07 
1 3 -0.0 0.0 -0.0 -0.0 1.0 1.0 1.0 0.0 0.0 
0 155 0.1040583233565584 0.0520291616782792 -0.0 -0.0 1.0 1.0 1.0 0.0 0.0 
1 263 0.01789792517672371 0.00894896258836186 -0.01 0.0 1.0 0.7660668380462725 0.883033419023136 0.31 0.03 
0 237 0.6730116670092564 0.601358933033455 -0.07 0.22 1.0 0.5555555555555555 0.777777777777778 3.21 0.78 
1 176 -0.0 0.0 -0.1 0.06 0.6153846153846154 0.8846153846153846 0.75 2.12 0.61 
0 3 0.8177953417758714 0.653652672330766 0.02 0.06 0.989795918367347 0.997448979591837 0.993622448979592 192.92 0.39 
