1 135 -0.0 0.0 -0.0 0.0 1.0 0.7083333333333334 0.854166666666667 0.0 0.0 
0 291 -0.0 0.0 0.0 0.0 1.0 1.0 1.0 0.0 0.0 
1 4 0.022083380117043378 0.0220833801170434 0.09 0.1 0.981859410430839 0.981859410430839 0.981859410430839 838.91 0.81 
0 204 0.6013943261660805 0.474625364958893 0.1 0.32 1.0 0.8581560283687942 0.929078014184397 217.34 1.57 
1 4 -0.0 0.0 0.0 0.0 1.0 1.0 1.0 0.0 0.0 
0 35 0.06521436351143224 0.0326071817557161 0.0 0.0 1.0 0.9485714285714286 0.974285714285714 0.0 0.0 
1 5 0.04131357294242817 0.0206567864712141 0.29 0.33 0.886153846153846 0.8892307692307693 0.887692307692308 315.12 2.04 
0 149 0.6799529039485162 0.640673615057298 0.08 0.26 1.0 0.99645390070922 0.99822695035461 223.47 1.33 
1 4 0.030097958257751373 0.0286902185022557 0.1 0.1 0.9793388429752063 0.9834710743801652 0.981404958677686 484.0 0.84 
0 375 0.6822056867479602 0.509660944348057 0.01 0.12 0.937365010799136 0.9546436285097192 0.946004319654428 220.2 0.58 
1 3 0.016359415015602636 0.0163594150156026 0.05 0.05 0.9953917050691244 0.9953917050691244 0.995391705069124 868.0 0.39 
0 225 0.01607235879964646 0.00803617939982323 -0.0 0.0 1.0 0.9931972789115646 0.996598639455782 0.01 0.0 
1 31 -0.0 0.0 0.0 0.0 1.0 1.0 1.0 0.0 0.0 
0 507 0.6829081047004717 0.341454052350236 -0.15 0.23 0.3076923076923077 0.8076923076923077 0.557692307692308 9.73 0.28 
1 9 -0.0 0.0 0.12 0.37 0.7580645161290323 0.8064516129032256 0.782258064516129 46.62 2.14 
0 7 0.965328732544242 1.21939646171053 0.69 1.08 0.5571428571428572 0.5857142857142859 0.571428571428571 154.84 0.46 
1 5 -0.0 0.0 0.07 0.08 0.9854771784232365 0.9854771784232365 0.985477178423237 482.0 0.65 
0 112 -0.0 0.0 0.0 0.0 1.0 1.0 1.0 0.0 0.0 
1 12 0.7691223805667942 0.67691926485557 0.66 0.88 0.5571428571428572 0.5857142857142859 0.571428571428571 121.17 2.16 
0 1284 -0.0 0.0 0.0 0.0 1.0 1.0 1.0 0.0 0.0 
1 120 -0.0 0.0 -0.0 -0.0 1.0 0.9977324263038548 0.998866213151927 0.0 0.0 
0 563 -0.0 0.0 0.0 0.0 1.0 0.9166666666666664 0.958333333333333 0.0 0.0 
1 192 0.04965097662992789 0.0248254883149639 -0.0 -0.0 1.0 1.0 1.0 0.0 0.0 
0 242 -0.0 0.0 0.0 0.0 1.0 0.9166666666666664 0.958333333333333 0.0 0.0 
1 47 -0.0 0.0 -0.0 0.0 1.0 0.6153846153846154 0.807692307692308 0.0 0.0 
0 98 0.9556998911125344 0.682908104700472 0.22 0.41 1.0 1.0 1.0 7.0 1.03 
1 4 0.8127245415610106 0.428086422879458 0.41 0.59 0.3391521197007481 0.3640897755610973 0.351620947630923 772.17 0.33 
0 267 0.5437298474071837 0.271864923703592 -0.01 0.0 0.8835227272727273 0.9886363636363636 0.936079545454545 1.45 0.09 
1 3 0.0740225961475812 0.128824279468757 0.41 0.69 0.5590551181102362 0.5748031496062993 0.566929133858268 381.05 2.38 
0 678 0.3269974743901718 0.174540427253608 -0.03 0.0 0.9342403628117912 0.981859410430839 0.958049886621315 1.36 0.07 
1 3 -0.0 0.0 0.31 0.55 0.7580645161290323 0.7580645161290323 0.758064516129032 62.0 2.68 
0 73 0.6822056867479602 0.35116851259037 0.01 0.07 0.7321814254859611 0.9546436285097192 0.84341252699784 71.14 0.67 
1 4 0.022083380117043378 0.0110416900585217 0.06 0.07 0.981859410430839 0.984126984126984 0.982993197278912 384.99 0.69 
0 441 0.09345740278411808 0.2321328426813 -0.0 0.0 1.0 1.0 1.0 0.7 0.05 
1 2 0.01616684129705593 0.00808342064852796 0.02 0.02 0.9977220956719816 0.9977220956719816 0.997722095671982 439.0 0.16 
0 404 0.016897794165734926 0.00844889708286746 -0.0 -0.0 1.0 0.97423887587822 0.98711943793911 0.0 0.0 
1 12 -0.0 0.0 0.3 0.36 0.8846153846153846 0.8846153846153846 0.884615384615385 26.0 2.14 
0 153 -0.0 0.0 0.0 0.0 1.0 1.0 1.0 0.0 0.0 
1 6 -0.0 0.0 0.0 0.0 1.0 1.0 1.0 0.0 0.0 
0 535 1.3523028118749807 1.20926009128154 0.01 0.64 0.989795918367347 0.9959183673469388 0.992857142857143 486.89 0.01 
1 2 0.0251440699125892 0.0125720349562946 0.53 0.63 0.6761658031088082 0.6761658031088082 0.676165803108808 386.0 2.33 
0 7 0.031216774035490776 0.0243088935785815 0.1 0.12 0.9686746987951808 0.9734939759036146 0.971084337349398 365.65 0.98 
1 68 0.3269547847215813 0.163477392360791 -0.01 0.01 0.9481865284974093 0.9870466321243522 0.967616580310881 3.79 0.05 
0 109 0.41011631828840894 0.744554263082996 -0.12 0.14 1.0 1.0 1.0 1.56 0.47 
1 265 0.3742549310896416 0.187127465544821 -0.03 0.02 0.7660668380462725 0.9974293059125964 0.881748071979434 15.62 0.69 
0 229 0.767183707147163 0.383591853573582 -0.02 0.0 0.909090909090909 0.9886363636363636 0.948863636363636 1.45 0.08 
1 1 -0.0 0.0 0.43 0.68 0.5842293906810035 0.5842293906810035 0.584229390681004 279.0 2.02 
0 17 0.38412048178648794 0.945417238645175 0.09 0.43 0.6263498920086392 0.9136069114470842 0.769978401727862 821.51 0.59 
1 8 0.0947607483566568 0.232756230915289 0.02 0.03 0.9678111587982832 0.9806866952789698 0.974248927038627 84.69 0.27 
0 114 0.01740101312167224 0.0171668592500646 -0.0 0.0 1.0 0.9686746987951808 0.98433734939759 0.03 0.0 
1 5 0.030372534777978206 0.0227666899680668 -0.0 0.0 1.0 0.9978813559322034 0.998940677966102 0.01 0.0 
0 277 0.3805338924281298 0.190266946214065 0.0 -0.0 1.0 0.9922879177377892 0.996143958868895 0.0 0.0 
1 8 0.6895519477750732 0.344775973887537 0.0 -0.0 1.0 1.0 1.0 0.0 0.0 
0 159 0.664316082500306 0.332158041250153 -0.09 0.01 0.6400911161731208 0.938496583143508 0.789293849658314 5.81 0.11 
1 177 -0.0 0.0 -0.0 0.0 1.0 0.6774193548387096 0.838709677419355 0.0 0.0 
0 84 0.35354577145803917 0.17677288572902 -0.01 0.0 0.9498861047835992 0.9863325740318906 0.968109339407745 1.08 0.06 
1 176 -0.0 0.0 -0.1 0.06 0.6153846153846154 0.8846153846153846 0.75 2.12 0.61 
0 52 0.860856141759689 0.840263738432833 0.07 0.6 1.0 0.9447852760736194 0.97239263803681 728.02 2.47 
1 4 0.8720635602136072 0.447297852067208 -0.01 0.11 0.2385542168674699 0.7156626506024096 0.47710843373494 466.31 0.11 
0 245 0.6615632381579821 0.611949191388395 -0.01 0.32 1.0 1.0 1.0 4.44 0.8 
1 1 -0.0 0.0 0.37 0.44 0.16 0.16 0.16 25.0 0.2 
0 485 -0.0 0.0 -0.0 -0.0 1.0 0.9863945578231293 0.993197278911565 0.0 0.0 
1 3 -0.0 0.0 -0.0 -0.0 1.0 1.0 1.0 0.0 0.0 
0 219 -0.0 0.0 -0.0 -0.0 1.0 1.0 1.0 0.0 0.0 
1 63 -0.0 0.0 0.0 0.0 1.0 1.0 1.0 0.0 0.0 
0 165 -0.0 0.0 0.04 0.07 0.8076923076923077 0.9615384615384615 0.884615384615385 4.37 0.71 
1 4 -0.0 0.0 0.0 0.0 1.0 1.0 1.0 0.0 0.0 
0 90 0.3742549310896416 0.187127465544821 -0.02 0.02 0.5732647814910026 0.9974293059125964 0.7853470437018 11.88 0.4 
1 4 -0.0 0.0 0.0 0.0 1.0 1.0 1.0 0.0 0.0 
0 28 0.33711620194815384 0.28025602382811 0.14 0.22 0.937365010799136 0.9676025917926566 0.952483801295896 840.89 1.46 
1 4 0.07489355301376338 0.0508964017541222 0.5 0.63 0.6807909604519775 0.6807909604519775 0.680790960451977 354.02 2.29 
0 212 -0.0 0.0 -0.0 -0.0 1.0 1.0 1.0 0.0 0.0 
1 187 0.666278442414676 0.333139221207338 -0.1 0.06 1.0 0.8846153846153846 0.942307692307692 2.12 0.44 
0 194 0.4811067080592432 0.248605214826684 -0.01 0.01 0.9932279909706544 0.9954853273137698 0.994356659142212 10.17 0.11 
1 14 0.6846162778013049 0.342308138900652 0.15 0.36 0.8846153846153846 0.8846153846153846 0.884615384615385 26.0 0.82 
0 2 0.3742549310896416 0.196076428133183 0.02 0.02 1.0 0.9974293059125964 0.998714652956298 389.0 0.12 
1 38 0.08509104448327401 0.069552158829183 -0.0 0.0 1.0 1.0 1.0 0.07 0.01 
0 65 0.6730116670092564 0.336505833504628 -0.07 0.22 0.5555555555555555 0.7777777777777779 0.666666666666667 3.21 0.67 
1 6 -0.0 0.0 -0.0 -0.0 1.0 1.0 1.0 0.0 0.0 
0 48 0.3565581205895817 0.178279060294791 0.0 -0.0 1.0 1.0 1.0 0.0 0.0 
1 3 -0.0 0.0 0.0 0.0 1.0 1.0 1.0 0.0 0.0 
0 157 0.6533741452692534 0.336049458006968 -0.01 0.01 0.9413265306122448 0.9948979591836736 0.968112244897959 8.3 0.06 
1 4 0.7865364435085352 0.401480572353747 0.08 0.13 0.9728506787330315 0.9728506787330315 0.972850678733032 442.51 0.33 
0 87 0.038691590688165765 0.0193457953440829 -0.0 0.0 1.0 0.9936034115138594 0.99680170575693 0.02 0.0 
1 43 -0.0 0.0 0.0 0.0 1.0 1.0 1.0 0.0 0.0 
0 271 -0.0 0.0 -0.0 -0.0 1.0 0.9953161592505854 0.997658079625293 0.0 0.0 
1 33 0.030372534777978206 0.0228364363705995 -0.0 0.0 0.9894067796610168 0.9978813559322034 0.99364406779661 0.04 0.0 
0 52 0.9423399854873624 0.478934655154894 -0.03 0.1 0.9663157894736842 0.9663157894736842 0.966315789473684 310.36 0.29 
1 4 0.6730116670092564 0.336505833504628 -0.2 0.33 0.28571428571428564 0.7142857142857143 0.5 3.73 0.53 
0 331 0.5437298474071837 0.271864923703592 -0.0 0.0 0.8835227272727273 0.9971590909090908 0.940340909090909 0.36 0.03 
1 4 -0.0 0.0 -0.0 -0.0 1.0 0.9727463312368972 0.986373165618449 0.0 0.0 
0 75 0.6822056867479602 0.850518853525039 -0.07 0.16 0.7321814254859611 0.9546436285097192 0.84341252699784 296.69 0.4 
1 2 -0.0 0.0 0.31 0.55 0.7580645161290323 0.7580645161290323 0.758064516129032 62.0 2.68 
0 58 0.03946489920438848 0.106013066183525 0.09 0.12 0.9578947368421052 0.9642105263157896 0.961052631578947 353.49 0.96 
1 22 -0.0 0.0 0.31 0.55 0.7580645161290323 0.7580645161290323 0.758064516129032 62.0 2.49 
0 298 0.14689728110576386 0.0734486405528819 -0.0 -0.0 1.0 1.0 1.0 0.0 0.0 
1 94 0.09165764788996307 0.0699766348366203 -0.0 0.0 1.0 0.9818181818181818 0.990909090909091 0.1 0.01 
0 27 -0.0 0.0 0.31 0.55 0.7580645161290323 0.7580645161290323 0.758064516129032 62.0 2.49 
1 3 -0.0 0.0 -0.0 -0.0 1.0 1.0 1.0 0.0 0.0 
0 30 0.015617095429556123 0.015573210125991 0.07 0.09 0.96 0.9663157894736842 0.963157894736842 282.74 0.97 
1 4 0.3250829733914482 0.162541486695724 -0.0 0.0 1.0 1.0 1.0 0.0 0.0 
0 160 1.0608569471580211 0.530428473579011 -0.02 0.1 1.0 0.8888888888888888 0.944444444444444 1.41 0.28 
1 4 0.01475818629482802 0.00737909314741401 0.01 0.01 1.0 0.9979466119096508 0.998973305954825 487.0 0.19 
0 54 -0.0 0.0 0.0 0.0 1.0 1.0 1.0 0.0 0.0 
1 25 0.8720635602136072 0.444515665699525 -0.01 0.0 0.2385542168674699 0.9975903614457832 0.618072289156626 0.63 0.0 
0 113 0.3525425103487513 0.176271255174376 -0.06 0.19 1.0 0.7580645161290323 0.879032258064516 24.72 1.53 
1 263 0.01789792517672371 0.00894896258836186 -0.01 0.0 1.0 0.7660668380462725 0.883033419023136 0.31 0.03 
0 664 0.811739998691233 0.414098776165092 -0.03 0.03 0.903157894736842 0.943157894736842 0.923157894736842 31.4 0.07 
1 7 0.09908391604753189 0.0495419580237659 0.04 0.04 0.9850746268656718 0.9914712153518124 0.988272921108742 266.27 0.37 
0 213 0.024901715029831017 0.0233119848543411 0.02 0.05 0.5628997867803837 0.9402985074626864 0.751599147121535 39.73 0.51 
1 4 -0.0 0.0 -0.0 -0.0 1.0 1.0 1.0 0.0 0.0 
0 149 0.09651393728015299 0.149063736582741 0.01 0.02 1.0 1.0 1.0 148.66 0.09 
1 24 0.030372534777978206 0.0658985378330168 -0.0 0.0 0.972457627118644 0.9978813559322034 0.985169491525424 0.13 0.01 
0 306 0.09962338946616205 0.049811694733081 -0.12 0.1 0.6774193548387096 0.7903225806451613 0.733870967741935 13.1 1.28 
1 4 0.0947607483566568 0.0769695270739669 0.09 0.1 0.9806866952789698 0.982832618025751 0.981759656652361 445.71 0.81 
0 14 1.0022449991998803 0.50112249959994 0.0 -0.0 1.0 0.9976525821596244 0.998826291079812 0.0 0.0 
1 2 0.6846162778013049 0.342308138900652 0.15 0.36 0.8846153846153846 0.8846153846153846 0.884615384615385 26.0 0.82 
0 7 0.5287625599288156 0.819501812893358 0.01 0.22 0.24190064794816415 0.9481641468682503 0.595032397408207 168.06 0.0 
1 182 -0.0 0.0 -0.0 0.0 1.0 0.7580645161290323 0.879032258064516 0.0 0.0 
0 519 0.8177953417758714 0.42667338139719 -0.01 0.02 0.8826530612244897 0.989795918367347 0.936224489795918 12.41 0.24 
1 20 0.08509104448327401 0.042545522241637 0.0 0.0 1.0 1.0 1.0 0.0 0.0 
0 29 2.0592945062672934 1.03722767571273 -0.01 0.0 1.0 0.972457627118644 0.986228813559322 4.03 0.01 
1 3 -0.0 0.0 0.0 0.0 1.0 1.0 1.0 0.0 0.0 
0 175 0.6615632381579821 0.611949191388395 -0.01 0.32 1.0 1.0 1.0 4.44 1.01 
1 28 0.6822056867479602 0.602052179998817 0.05 0.2 0.9222462203023758 0.9546436285097192 0.938444924406048 472.98 0.93 
0 187 0.4459524223135379 0.222976211156769 -0.02 0.0 0.919354838709677 0.9838709677419354 0.951612903225806 0.24 0.09 
1 61 0.0707680768797802 0.351225226630238 -0.0 0.0 1.0 0.997695852534562 0.998847926267281 3.17 0.0 
0 207 0.08036852866682491 0.0401842643334124 -0.0 0.0 0.9976580796252928 0.9976580796252928 0.997658079625293 0.02 0.0 
1 4 0.6895519477750732 0.344775973887537 0.0 -0.0 1.0 1.0 1.0 0.0 0.0 
0 297 -0.0 0.0 -0.0 -0.0 1.0 1.0 1.0 0.0 0.0 
1 149 0.0251440699125892 0.0229518966655533 -0.06 0.01 0.6761658031088082 0.8471502590673574 0.761658031088083 4.61 0.18 
0 13 -0.0 0.0 0.0 0.0 1.0 1.0 1.0 0.0 0.0 
1 127 -0.0 0.0 0.11 0.46 0.5384615384615384 0.6153846153846154 0.576923076923077 18.96 1.68 
0 77 0.6331171997564925 0.316558599878246 -0.07 0.04 0.6400911161731208 0.947608200455581 0.793849658314351 24.88 0.06 
1 4 0.017217650311628238 0.0171995612854242 0.37 0.44 0.837448559670782 0.839506172839506 0.838477366255144 964.67 2.36 
0 69 0.2035083444071568 0.101754172203578 -0.0 0.0 1.0 0.9936034115138594 0.99680170575693 0.13 0.01 
1 6 -0.0 0.0 -0.0 -0.0 1.0 0.9936034115138594 0.99680170575693 0.0 0.0 
0 68 0.29170992255894307 0.886831324256552 -0.01 0.12 1.0 0.8641114982578396 0.93205574912892 190.39 0.27 
1 4 -0.0 0.0 -0.0 -0.0 1.0 1.0 1.0 0.0 0.0 
0 19 -0.0 0.0 0.18 0.6 0.28571428571428564 0.28571428571428564 0.285714285714286 7.0 0.54 
