1 4 0.8127245415610106 0.428086422879458 0.41 0.59 0.3391521197007481 0.3640897755610973 0.351620947630923 772.17 0.33 
0 295 0.4459524223135379 0.222976211156769 -0.13 0.2 0.7580645161290323 0.919354838709677 0.838709677419355 26.67 1.54 
1 12 -0.0 0.0 0.3 0.36 0.8846153846153846 0.8846153846153846 0.884615384615385 26.0 2.14 
0 609 0.016457553638951676 0.0159934392306888 -0.01 0.0 0.903157894736842 0.9663157894736842 0.934736842105263 1.94 0.1 
1 4 0.030097958257751373 0.0286902185022557 0.1 0.1 0.9793388429752063 0.9834710743801652 0.981404958677686 484.0 0.84 
0 309 -0.0 0.0 0.01 0.14 0.125 0.375 0.25 1.9 0.09 
1 127 -0.0 0.0 0.11 0.46 0.5384615384615384 0.6153846153846154 0.576923076923077 18.96 1.68 
0 198 1.0022449991998803 0.50112249959994 0.0 -0.0 1.0 0.9976525821596244 0.998826291079812 0.0 0.0 
1 149 0.0251440699125892 0.0229518966655533 -0.06 0.01 0.6761658031088082 0.8471502590673574 0.761658031088083 4.61 0.18 
0 531 -0.0 0.0 0.0 0.0 1.0 1.0 1.0 0.0 0.0 
1 2 0.0251440699125892 0.0125720349562946 0.53 0.63 0.6761658031088082 0.6761658031088082 0.676165803108808 386.0 2.33 
0 306 0.7244657079537894 0.651997415007642 -0.05 0.26 0.3264462809917356 0.4359504132231405 0.381198347107438 232.45 0.21 
1 28 0.6822056867479602 0.602052179998817 0.05 0.2 0.9222462203023758 0.9546436285097192 0.938444924406048 472.98 0.93 
0 197 0.767183707147163 0.401113551556819 -0.01 0.02 1.0 0.909090909090909 0.954545454545455 56.99 0.12 
1 38 0.08509104448327401 0.069552158829183 -0.0 0.0 1.0 1.0 1.0 0.07 0.01 
0 8 0.09503011725564632 0.142356626847313 0.0 0.0 1.0 1.0 1.0 0.04 0.03 
1 33 0.030372534777978206 0.0228364363705995 -0.0 0.0 0.9894067796610168 0.9978813559322034 0.99364406779661 0.04 0.0 
0 309 0.048964887966297055 0.101372287820859 -0.01 0.0 1.0 0.981859410430839 0.99092970521542 0.37 0.03 
1 6 -0.0 0.0 0.0 0.0 1.0 1.0 1.0 0.0 0.0 
0 113 -0.0 0.0 -0.0 -0.0 1.0 1.0 1.0 0.0 0.0 
1 9 -0.0 0.0 0.12 0.37 0.7580645161290323 0.8064516129032256 0.782258064516129 46.62 2.14 
0 233 0.09962338946616205 0.27278790588985 -0.08 0.25 0.7903225806451613 0.919354838709677 0.854838709677419 41.76 1.63 
1 1 -0.0 0.0 0.43 0.68 0.5842293906810035 0.5842293906810035 0.584229390681004 279.0 2.02 
0 188 0.08036852866682491 0.259778135238749 -0.0 0.0 1.0 0.9976580796252928 0.998829039812646 1.23 0.07 
1 1 -0.0 0.0 0.37 0.44 0.16 0.16 0.16 25.0 0.2 
0 35 0.8645984701429459 0.776235117923254 0.29 0.52 1.0 0.997867803837953 0.998933901918976 852.58 0.89 
1 2 0.01616684129705593 0.00808342064852796 0.02 0.02 0.9977220956719816 0.9977220956719816 0.997722095671982 439.0 0.16 
0 29 0.7530888342556183 0.637493753752647 -0.05 0.21 0.5183585313174947 0.9222462203023758 0.720302375809935 660.06 0.39 
1 4 0.3250829733914482 0.162541486695724 -0.0 0.0 1.0 1.0 1.0 0.0 0.0 
0 176 0.5297061990576545 0.264853099528827 -0.06 0.06 1.0 0.7777777777777779 0.888888888888889 0.73 0.74 
1 4 -0.0 0.0 0.0 0.0 1.0 1.0 1.0 0.0 0.0 
0 52 0.9277980308365658 0.496996338173629 -0.01 0.05 0.7871396895787139 0.944567627494457 0.865853658536585 163.29 0.22 
1 4 -0.0 0.0 0.0 0.0 1.0 1.0 1.0 0.0 0.0 
0 151 0.05662157828350273 0.0283107891417514 -0.0 -0.0 1.0 0.9932885906040269 0.996644295302013 0.0 0.0 
1 187 0.666278442414676 0.333139221207338 -0.1 0.06 1.0 0.8846153846153846 0.942307692307692 2.12 0.44 
0 183 0.0 0.0 0.0 0.0 0.0 0.0 0.0 0.0 0.0 
1 4 0.07489355301376338 0.0508964017541222 0.5 0.63 0.6807909604519775 0.6807909604519775 0.680790960451977 354.02 2.29 
0 26 0.6365141682948128 0.318257084147406 0.0 0.0 1.0 0.375 0.6875 0.0 0.0 
1 4 -0.0 0.0 -0.0 -0.0 1.0 0.9727463312368972 0.986373165618449 0.0 0.0 
0 155 -0.0 0.0 -0.0 -0.0 1.0 0.9966442953020132 0.998322147651007 0.0 0.0 
1 20 0.08509104448327401 0.042545522241637 0.0 0.0 1.0 1.0 1.0 0.0 0.0 
0 32 0.6829081047004717 0.341454052350236 -0.02 0.14 1.0 0.8571428571428571 0.928571428571429 1.56 0.74 
1 6 -0.0 0.0 -0.0 -0.0 1.0 1.0 1.0 0.0 0.0 
0 150 0.4656872460148556 0.396321015368219 -0.1 0.02 0.8678756476683936 0.9870466321243522 0.927461139896373 8.69 0.26 
1 5 0.04131357294242817 0.0206567864712141 0.29 0.33 0.886153846153846 0.8892307692307693 0.887692307692308 315.12 2.04 
0 34 0.6128854801054902 0.314926625645467 0.01 0.03 0.7349397590361446 0.9975903614457832 0.866265060240964 466.0 0.08 
1 68 0.3269547847215813 0.163477392360791 -0.01 0.01 0.9481865284974093 0.9870466321243522 0.967616580310881 3.79 0.05 
0 107 0.3894087389731746 0.268153010039469 -0.01 0.0 1.0 1.0 1.0 1.2 0.1 
1 7 0.09908391604753189 0.0495419580237659 0.04 0.04 0.9850746268656718 0.9914712153518124 0.988272921108742 266.27 0.37 
0 103 -0.0 0.0 0.0 0.0 1.0 0.75 0.875 0.0 0.0 
1 4 0.022083380117043378 0.0220833801170434 0.09 0.1 0.981859410430839 0.981859410430839 0.981859410430839 838.91 0.85 
0 20 -0.0 0.0 0.0 -0.0 1.0 0.959731543624161 0.97986577181208 0.0 0.0 
1 37 -0.0 0.0 0.0 0.0 1.0 1.0 1.0 0.0 0.0 
0 46 0.666278442414676 0.333139221207338 -0.0 0.0 1.0 1.0 1.0 0.0 0.0 
1 94 0.09165764788996307 0.0699766348366203 -0.0 0.0 1.0 0.9818181818181818 0.990909090909091 0.1 0.01 
0 105 0.8720635602136072 0.444498132796032 -0.0 0.0 1.0 0.2385542168674699 0.619277108433735 0.31 0.0 
1 4 0.022083380117043378 0.0220833801170434 0.09 0.1 0.981859410430839 0.981859410430839 0.981859410430839 838.91 0.81 
0 14 0.649987881991324 0.332546843661044 -0.0 0.02 0.9753086419753086 0.9876543209876544 0.981481481481481 64.39 0.22 
1 4 -0.0 0.0 -0.0 -0.0 1.0 1.0 1.0 0.0 0.0 
0 202 -0.0 0.0 -0.0 -0.0 1.0 0.9977324263038548 0.998866213151927 0.0 0.0 
1 3 -0.0 0.0 0.31 0.55 0.7580645161290323 0.7580645161290323 0.758064516129032 62.0 2.68 
0 116 0.5310355187960252 0.39144992316739 -0.09 0.03 0.8445595854922278 0.9507772020725388 0.897668393782383 15.66 0.47 
1 4 0.022083380117043378 0.0110416900585217 0.06 0.07 0.981859410430839 0.984126984126984 0.982993197278912 384.99 0.69 
0 45 -0.0 0.0 -0.0 -0.0 1.0 0.9966442953020132 0.998322147651007 0.0 0.0 
1 182 -0.0 0.0 -0.0 0.0 1.0 0.7580645161290323 0.879032258064516 0.0 0.0 
0 269 0.9556998911125344 0.477849945556267 -0.01 0.6 1.0 0.28571428571428564 0.642857142857143 7.0 0.96 
1 63 -0.0 0.0 0.0 0.0 1.0 1.0 1.0 0.0 0.0 
0 118 0.9517673227869262 0.475883661393463 -0.01 0.0 0.9886621315192744 0.9977324263038548 0.993197278911565 0.62 0.02 
1 24 0.030372534777978206 0.0658985378330168 -0.0 0.0 0.972457627118644 0.9978813559322034 0.985169491525424 0.13 0.01 
0 453 0.01478431915835523 0.00739215957917762 -0.0 0.0 0.9918367346938776 0.9979591836734693 0.994897959183674 0.01 0.0 
1 3 0.0740225961475812 0.128824279468757 0.41 0.69 0.5590551181102362 0.5748031496062993 0.566929133858268 381.05 2.38 
0 18 0.8465160453282295 0.696176069278426 -0.0 0.08 0.9979466119096508 0.9979466119096508 0.997946611909651 529.84 0.68 
1 43 -0.0 0.0 0.0 0.0 1.0 1.0 1.0 0.0 0.0 
0 265 0.024901715029831017 0.0124508575149155 0.0 -0.0 1.0 0.5628997867803837 0.781449893390192 0.0 0.0 
1 265 0.3742549310896416 0.187127465544821 -0.03 0.02 0.7660668380462725 0.9974293059125964 0.881748071979434 15.62 0.69 
0 357 0.5287625599288156 0.376079202818441 -0.05 0.02 0.24190064794816415 0.9676025917926566 0.60475161987041 11.71 0.09 
1 6 -0.0 0.0 -0.0 -0.0 1.0 0.9936034115138594 0.99680170575693 0.0 0.0 
0 637 0.6615632381579821 0.330781619078991 -0.16 0.06 1.0 0.125 0.5625 0.69 0.04 
1 3 -0.0 0.0 -0.0 -0.0 1.0 1.0 1.0 0.0 0.0 
0 278 0.25095314470125835 0.125476572350629 -0.0 -0.0 1.0 0.9966442953020132 0.998322147651007 0.0 0.0 
1 4 0.8720635602136072 0.447297852067208 -0.01 0.11 0.2385542168674699 0.7156626506024096 0.47710843373494 466.31 0.11 
0 101 0.057146758033893234 0.0285733790169466 -0.0 -0.0 1.0 0.9782082324455202 0.98910411622276 0.0 0.0 
1 176 -0.0 0.0 -0.1 0.06 0.6153846153846154 0.8846153846153846 0.75 2.12 0.61 
0 660 0.7418244740179352 0.378720784723746 -0.07 0.03 0.7726315789473683 0.96 0.866315789473684 25.55 0.19 
1 120 -0.0 0.0 -0.0 -0.0 1.0 0.9977324263038548 0.998866213151927 0.0 0.0 
0 559 0.6472565428776306 0.42716340954564 -0.01 0.02 0.9938775510204082 0.9979591836734693 0.995918367346939 14.26 0.16 
1 4 0.017217650311628238 0.0171995612854242 0.37 0.44 0.837448559670782 0.839506172839506 0.838477366255144 964.67 2.36 
0 37 -0.0 0.0 0.12 0.37 0.7580645161290323 0.8064516129032256 0.782258064516129 46.62 2.14 
1 5 -0.0 0.0 0.07 0.08 0.9854771784232365 0.9854771784232365 0.985477178423237 482.0 0.65 
0 427 -0.0 0.0 -0.0 -0.0 1.0 1.0 1.0 0.0 0.0 
1 4 0.6730116670092564 0.336505833504628 -0.2 0.33 0.28571428571428564 0.7142857142857143 0.5 3.73 0.53 
0 267 0.09187703676356046 0.0539746977816035 -0.0 0.0 1.0 0.984126984126984 0.992063492063492 0.04 0.0 
1 8 0.6895519477750732 0.344775973887537 0.0 -0.0 1.0 1.0 1.0 0.0 0.0 
0 182 0.0 0.0 0.0 0.0 0.0 0.0 0.0 0.0 0.0 
1 12 0.7691223805667942 0.67691926485557 0.66 0.88 0.5571428571428572 0.5857142857142859 0.571428571428571 121.17 2.16 
0 23 -0.0 0.0 -0.0 0.0 1.0 0.3 0.65 0.0 0.0 
1 3 -0.0 0.0 0.0 0.0 1.0 1.0 1.0 0.0 0.0 
0 52 -0.0 0.0 -0.0 0.0 0.9863325740318906 0.9977220956719816 0.992027334851936 0.01 0.0 
1 4 -0.0 0.0 0.31 0.55 0.7580645161290323 0.7580645161290323 0.758064516129032 62.0 2.49 
0 323 -0.0 0.0 0.0 0.0 1.0 1.0 1.0 0.0 0.0 
1 4 0.6895519477750732 0.344775973887537 0.0 -0.0 1.0 1.0 1.0 0.0 0.0 
0 321 0.532506047065826 0.266253023532913 -0.02 0.01 0.6703786191536748 0.9888641425389754 0.829621380846325 3.54 0.1 
1 135 -0.0 0.0 -0.0 0.0 1.0 0.7083333333333334 0.854166666666667 0.0 0.0 
0 401 0.5232259185839064 0.279388669801207 0.0 0.02 0.8826530612244897 0.989795918367347 0.936224489795918 67.38 0.28 
1 22 -0.0 0.0 0.31 0.55 0.7580645161290323 0.7580645161290323 0.758064516129032 62.0 2.49 
0 62 0.0707680768797802 0.0353840384398901 -0.0 -0.0 1.0 0.997695852534562 0.998847926267281 0.0 0.0 
1 3 -0.0 0.0 -0.0 -0.0 1.0 1.0 1.0 0.0 0.0 
0 153 0.664316082500306 0.343931324799382 -0.08 0.01 0.6423690205011389 0.938496583143508 0.790432801822323 26.69 0.13 
1 49 -0.0 0.0 0.0 0.0 1.0 1.0 1.0 0.0 0.0 
0 253 -0.0 0.0 0.0 0.0 1.0 0.3076923076923077 0.653846153846154 0.0 0.0 
1 177 -0.0 0.0 -0.0 0.0 1.0 0.6774193548387096 0.838709677419355 0.0 0.0 
0 60 1.2543579990085707 1.17565775690996 0.09 0.59 0.8475177304964538 0.918439716312057 0.882978723404255 534.23 0.37 
1 3 0.016359415015602636 0.0163594150156026 0.05 0.05 0.9953917050691244 0.9953917050691244 0.995391705069124 868.0 0.39 
0 21 0.41963577493948573 0.715507617982387 0.06 0.12 0.9929577464788734 0.9976525821596244 0.995305164319249 111.75 0.35 
1 14 0.6846162778013049 0.342308138900652 0.15 0.36 0.8846153846153846 0.8846153846153846 0.884615384615385 26.0 0.82 
0 31 -0.0 0.0 -0.0 -0.0 1.0 0.9914712153518124 0.995735607675906 0.0 0.0 
1 4 -0.0 0.0 0.0 0.0 1.0 1.0 1.0 0.0 0.0 
0 205 0.0707680768797802 0.0353840384398901 -0.0 0.0 0.9953917050691244 0.997695852534562 0.996543778801843 0.03 0.0 
1 263 0.01789792517672371 0.00894896258836186 -0.01 0.0 1.0 0.7660668380462725 0.883033419023136 0.31 0.03 
0 487 0.4435682844142889 0.242325203004728 -0.07 0.02 0.8295454545454547 0.940340909090909 0.884943181818182 12.45 0.25 
1 4 -0.0 0.0 -0.0 -0.0 1.0 1.0 1.0 0.0 0.0 
0 34 -0.0 0.0 0.0 0.0 1.0 1.0 1.0 0.0 0.0 
1 4 0.01475818629482802 0.00737909314741401 0.01 0.01 1.0 0.9979466119096508 0.998973305954825 487.0 0.19 
0 17 -0.0 0.0 0.0 0.0 1.0 0.9615384615384615 0.980769230769231 0.0 0.0 
1 192 0.04965097662992789 0.0248254883149639 -0.0 -0.0 1.0 1.0 1.0 0.0 0.0 
0 55 0.7906389209809128 0.405699322199715 -0.05 0.07 0.8471502590673574 0.9766839378238344 0.911917098445596 178.8 0.24 
1 4 0.0947607483566568 0.0769695270739669 0.09 0.1 0.9806866952789698 0.982832618025751 0.981759656652361 445.71 0.81 
0 296 0.5171809428938084 0.272231710820284 -0.01 0.0 1.0 0.9793388429752063 0.989669421487603 2.26 0.1 
1 2 -0.0 0.0 0.31 0.55 0.7580645161290323 0.7580645161290323 0.758064516129032 62.0 2.68 
0 295 0.09962338946616205 0.049811694733081 -0.12 0.11 0.6935483870967744 0.7903225806451613 0.741935483870968 14.57 1.25 
1 29 0.02253214392080778 0.0197499575531257 -0.0 0.01 0.7156626506024096 0.9975903614457832 0.856626506024096 5.06 0.1 
0 16 -0.0 0.0 0.41 0.62 0.3076923076923077 0.3076923076923077 0.307692307692308 26.0 0.74 
1 25 0.8720635602136072 0.444515665699525 -0.01 0.0 0.2385542168674699 0.9975903614457832 0.618072289156626 0.63 0.0 
0 198 0.13036079377807663 0.0651803968890383 -0.0 0.0 1.0 0.9979466119096508 0.998973305954825 0.03 0.0 
1 2 0.6846162778013049 0.342308138900652 0.15 0.36 0.8846153846153846 0.8846153846153846 0.884615384615385 26.0 0.82 
0 225 -0.0 0.0 -0.0 0.0 1.0 0.7083333333333334 0.854166666666667 0.0 0.0 
1 61 0.0707680768797802 0.351225226630238 -0.0 0.0 1.0 0.997695852534562 0.998847926267281 3.17 0.0 
0 76 0.7906389209809128 0.558796852851247 0.06 0.21 0.9766839378238344 0.9870466321243522 0.981865284974093 484.72 0.79 
1 5 0.030372534777978206 0.0227666899680668 -0.0 0.0 1.0 0.9978813559322034 0.998940677966102 0.01 0.0 
0 200 0.19643645103383003 0.731486634550778 0.13 0.19 1.0 0.9953051643192488 0.997652582159624 415.33 0.38 
