1 94 0.09165764788996307 0.0699766348366203 -0.0 0.0 1.0 0.9818181818181818 0.990909090909091 0.1 0.01 
0 7 0.16165106467262894 0.137102066918662 -0.0 0.0 1.0 1.0 1.0 0.2 0.03 
1 135 -0.0 0.0 -0.0 0.0 1.0 0.7083333333333334 0.854166666666667 0.0 0.0 
0 645 0.016326979454093383 0.00816348972704669 0.0 -0.0 1.0 0.981859410430839 0.99092970521542 0.0 0.0 
1 37 -0.0 0.0 0.0 0.0 1.0 1.0 1.0 0.0 0.0 
0 255 0.5437298474071837 0.378270431367466 -0.01 0.11 0.8835227272727273 0.9886363636363636 0.936079545454545 176.94 0.67 
1 4 0.6730116670092564 0.336505833504628 -0.2 0.33 0.28571428571428564 0.7142857142857143 0.5 3.73 0.53 
0 231 -0.0 0.0 -0.1 0.33 0.28571428571428564 0.4285714285714285 0.357142857142857 3.73 0.6 
1 68 0.3269547847215813 0.163477392360791 -0.01 0.01 0.9481865284974093 0.9870466321243522 0.967616580310881 3.79 0.05 
0 30 0.09494031130388621 0.636817550336764 -0.02 0.16 0.556923076923077 0.9138461538461538 0.735384615384615 195.85 0.13 
1 187 0.666278442414676 0.333139221207338 -0.1 0.06 1.0 0.8846153846153846 0.942307692307692 2.12 0.44 
0 306 -0.0 0.0 -0.0 -0.0 1.0 0.9931972789115646 0.996598639455782 0.0 0.0 
1 6 -0.0 0.0 -0.0 -0.0 1.0 1.0 1.0 0.0 0.0 
0 137 0.3742549310896416 0.187127465544821 0.0 -0.0 1.0 0.9974293059125964 0.998714652956298 0.0 0.0 
1 3 -0.0 0.0 -0.0 -0.0 1.0 1.0 1.0 0.0 0.0 
0 911 0.3250829733914482 0.162541486695724 -0.0 0.0 1.0 1.0 1.0 0.0 0.0 
1 4 -0.0 0.0 0.0 0.0 1.0 1.0 1.0 0.0 0.0 
0 14 0.38412048178648794 0.726775216173958 0.06 0.32 0.6263498920086392 0.8250539956803455 0.725701943844492 456.35 0.15 
1 4 0.6895519477750732 0.344775973887537 0.0 -0.0 1.0 1.0 1.0 0.0 0.0 
0 11 -0.0 0.0 -0.0 -0.0 1.0 1.0 1.0 0.0 0.0 
1 12 -0.0 0.0 0.3 0.36 0.8846153846153846 0.8846153846153846 0.884615384615385 26.0 2.14 
0 94 0.3682924501649143 0.753095513114935 0.06 0.16 1.0 0.9930313588850174 0.996515679442509 506.53 0.61 
1 127 -0.0 0.0 0.11 0.46 0.5384615384615384 0.6153846153846154 0.576923076923077 18.96 1.68 
0 449 0.048964887966297055 0.0244824439831485 0.0 -0.0 1.0 0.981859410430839 0.99092970521542 0.0 0.0 
1 22 -0.0 0.0 0.31 0.55 0.7580645161290323 0.7580645161290323 0.758064516129032 62.0 2.49 
0 424 0.38412048178648794 0.360618341867321 -0.06 0.06 0.6263498920086392 0.937365010799136 0.781857451403888 64.45 0.51 
1 14 0.6846162778013049 0.342308138900652 0.15 0.36 0.8846153846153846 0.8846153846153846 0.884615384615385 26.0 0.82 
0 24 0.8476223817902205 0.833646858448099 0.08 0.54 0.9447852760736194 0.9969325153374232 0.970858895705522 475.12 2.57 
1 4 0.022083380117043378 0.0110416900585217 0.06 0.07 0.981859410430839 0.984126984126984 0.982993197278912 384.99 0.69 
0 152 0.08864403483661465 0.067661448433605 -0.0 0.0 0.9225352112676058 0.9929577464788734 0.957746478873239 0.6 0.04 
1 4 0.022083380117043378 0.0220833801170434 0.09 0.1 0.981859410430839 0.981859410430839 0.981859410430839 838.91 0.85 
0 85 0.01607235879964646 0.00803617939982323 -0.0 -0.0 1.0 1.0 1.0 0.0 0.0 
1 3 -0.0 0.0 0.0 0.0 1.0 1.0 1.0 0.0 0.0 
0 507 0.6829081047004717 0.341454052350236 -0.15 0.23 0.3076923076923077 0.8076923076923077 0.557692307692308 9.73 0.28 
1 263 0.01789792517672371 0.00894896258836186 -0.01 0.0 1.0 0.7660668380462725 0.883033419023136 0.31 0.03 
0 12 0.4514062119967289 0.225703105998364 0.03 0.05 0.9922879177377892 0.9922879177377892 0.992287917737789 389.0 0.21 
1 5 0.030372534777978206 0.0227666899680668 -0.0 0.0 1.0 0.9978813559322034 0.998940677966102 0.01 0.0 
0 283 -0.0 0.0 0.0 0.0 1.0 0.125 0.5625 0.0 0.0 
1 2 -0.0 0.0 0.31 0.55 0.7580645161290323 0.7580645161290323 0.758064516129032 62.0 2.68 
0 321 -0.0 0.0 0.0 0.0 1.0 1.0 1.0 0.0 0.0 
1 3 -0.0 0.0 -0.0 -0.0 1.0 1.0 1.0 0.0 0.0 
0 327 0.26345598632800776 0.894896643865058 -0.04 0.07 0.8610478359908883 0.9817767653758542 0.921412300683371 115.43 0.22 
1 3 -0.0 0.0 0.0 0.0 1.0 1.0 1.0 0.0 0.0 
0 4 -0.0 0.0 0.04 0.04 0.9931972789115646 0.9931972789115646 0.993197278911565 441.0 0.4 
1 149 0.0251440699125892 0.0229518966655533 -0.06 0.01 0.6761658031088082 0.8471502590673574 0.761658031088083 4.61 0.18 
0 540 0.015529324822425987 0.575439919518157 -0.07 0.03 0.9494736842105264 0.9663157894736842 0.957894736842105 20.79 0.2 
1 176 -0.0 0.0 -0.1 0.06 0.6153846153846154 0.8846153846153846 0.75 2.12 0.61 
0 463 0.26345598632800776 0.131727993164004 -0.05 0.03 0.6400911161731208 0.9817767653758542 0.810933940774488 18.22 0.01 
1 4 0.8127245415610106 0.428086422879458 0.41 0.59 0.3391521197007481 0.3640897755610973 0.351620947630923 772.17 0.33 
0 88 0.6465756311813309 0.950466815094951 0.07 0.43 0.918439716312057 0.929078014184397 0.923758865248227 435.39 0.68 
1 4 -0.0 0.0 -0.0 -0.0 1.0 1.0 1.0 0.0 0.0 
0 263 0.04708051459985158 0.0316236779484537 -0.0 0.0 0.6423690205011389 0.9977220956719816 0.82004555808656 3.61 0.08 
1 192 0.04965097662992789 0.0248254883149639 -0.0 -0.0 1.0 1.0 1.0 0.0 0.0 
0 94 1.0662173706881086 0.533108685344054 0.0 0.01 0.989795918367347 0.9979591836734693 0.993877551020408 97.2 0.03 
1 4 0.7865364435085352 0.401480572353747 0.08 0.13 0.9728506787330315 0.9728506787330315 0.972850678733032 442.51 0.33 
0 57 0.9556998911125344 0.776984739848896 -0.11 0.2 1.0 1.0 1.0 2.1 1.15 
1 29 0.02253214392080778 0.0197499575531257 -0.0 0.01 0.7156626506024096 0.9975903614457832 0.856626506024096 5.06 0.1 
0 330 -0.0 0.0 0.0 0.0 1.0 0.6 0.8 0.0 0.0 
1 4 -0.0 0.0 -0.0 -0.0 1.0 0.9727463312368972 0.986373165618449 0.0 0.0 
0 17 0.8605109656798593 0.694636762804338 0.05 0.23 0.24190064794816415 0.9287257019438444 0.585313174946004 172.88 0.01 
1 4 0.5297061990576545 0.439269147450343 -0.1 0.03 1.0 1.0 1.0 0.32 0.45 
0 330 0.24610920772326714 0.123054603861634 0.0 -0.0 1.0 1.0 1.0 0.0 0.0 
1 12 0.7691223805667942 0.67691926485557 0.66 0.88 0.5571428571428572 0.5857142857142859 0.571428571428571 121.17 2.16 
0 123 0.016294681047229552 0.00814734052361478 -0.0 -0.0 1.0 1.0 1.0 0.0 0.0 
1 63 -0.0 0.0 0.0 0.0 1.0 1.0 1.0 0.0 0.0 
0 1 0.15377968767542066 0.0768898438377103 -0.0 -0.0 1.0 1.0 1.0 0.0 0.0 
1 8 0.0947607483566568 0.232756230915289 0.02 0.03 0.9678111587982832 0.9806866952789698 0.974248927038627 84.69 0.27 
0 300 0.6615632381579821 0.649038703226397 -0.2 0.35 1.0 0.375 0.6875 4.59 0.63 
1 33 0.030372534777978206 0.0228364363705995 -0.0 0.0 0.9894067796610168 0.9978813559322034 0.99364406779661 0.04 0.0 
0 101 0.01607235879964646 0.00803617939982323 -0.0 0.0 0.9954853273137698 0.9954853273137698 0.99548532731377 0.01 0.0 
1 5 0.04131357294242817 0.0206567864712141 0.29 0.33 0.886153846153846 0.8892307692307693 0.887692307692308 315.12 2.04 
0 63 0.1897828942670872 0.159170818754974 -0.02 0.01 0.916083916083916 0.993006993006993 0.954545454545455 19.61 0.01 
1 2 0.01616684129705593 0.00808342064852796 0.02 0.02 0.9977220956719816 0.9977220956719816 0.997722095671982 439.0 0.16 
0 79 1.1925287888249987 0.596264394412499 -0.04 0.01 0.9676025917926566 0.9935205183585314 0.980561555075594 11.44 0.07 
1 4 0.017217650311628238 0.0171995612854242 0.37 0.44 0.837448559670782 0.839506172839506 0.838477366255144 964.67 2.36 
0 24 -0.0 0.0 0.0 0.0 1.0 1.0 1.0 0.0 0.0 
1 61 0.0707680768797802 0.351225226630238 -0.0 0.0 1.0 0.997695852534562 0.998847926267281 3.17 0.0 
0 221 -0.0 0.0 -0.0 -0.0 1.0 0.9979591836734693 0.998979591836735 0.0 0.0 
1 4 -0.0 0.0 0.0 0.0 1.0 1.0 1.0 0.0 0.0 
0 36 0.928529239598717 0.587319223660992 0.0 0.11 1.0 0.7114093959731543 0.855704697986577 89.99 0.42 
1 2 0.0251440699125892 0.0125720349562946 0.53 0.63 0.6761658031088082 0.6761658031088082 0.676165803108808 386.0 2.33 
0 265 0.666278442414676 0.333139221207338 -0.1 0.19 1.0 0.3076923076923077 0.653846153846154 7.22 0.47 
1 43 -0.0 0.0 0.0 0.0 1.0 1.0 1.0 0.0 0.0 
0 438 0.33711620194815384 0.703273076254791 -0.17 0.08 0.8250539956803455 0.937365010799136 0.881209503239741 84.46 0.11 
1 4 -0.0 0.0 0.31 0.55 0.7580645161290323 0.7580645161290323 0.758064516129032 62.0 2.49 
0 169 1.351783994289646 0.675891997144823 -0.11 0.6 1.0 0.28571428571428564 0.642857142857143 7.0 0.02 
1 25 0.8720635602136072 0.444515665699525 -0.01 0.0 0.2385542168674699 0.9975903614457832 0.618072289156626 0.63 0.0 
0 406 0.11535314284078033 0.0576765714203902 -0.01 0.0 0.8920187793427231 0.9812206572769951 0.936619718309859 0.16 0.0 
1 8 0.6895519477750732 0.344775973887537 0.0 -0.0 1.0 1.0 1.0 0.0 0.0 
0 11 -0.0 0.0 0.0 0.0 1.0 1.0 1.0 0.0 0.0 
1 4 0.8720635602136072 0.447297852067208 -0.01 0.11 0.2385542168674699 0.7156626506024096 0.47710843373494 466.31 0.11 
0 300 -0.0 0.0 -0.1 0.19 0.3076923076923077 0.6153846153846154 0.461538461538462 7.22 0.72 
1 31 -0.0 0.0 0.0 0.0 1.0 1.0 1.0 0.0 0.0 
0 288 -0.0 0.0 0.0 -0.0 1.0 0.984126984126984 0.992063492063492 0.0 0.0 
1 6 -0.0 0.0 -0.0 -0.0 1.0 0.9936034115138594 0.99680170575693 0.0 0.0 
0 295 -0.0 0.0 0.0 -0.0 1.0 0.5628997867803837 0.781449893390192 0.0 0.0 
1 5 -0.0 0.0 0.07 0.08 0.9854771784232365 0.9854771784232365 0.985477178423237 482.0 0.65 
0 61 0.6730116670092564 0.336505833504628 -0.07 0.22 0.5555555555555555 0.7777777777777779 0.666666666666667 3.21 0.75 
1 4 0.07489355301376338 0.0508964017541222 0.5 0.63 0.6807909604519775 0.6807909604519775 0.680790960451977 354.02 2.29 
0 1469 0.1040583233565584 0.0520291616782792 -0.0 -0.0 1.0 1.0 1.0 0.0 0.0 
1 182 -0.0 0.0 -0.0 0.0 1.0 0.7580645161290323 0.879032258064516 0.0 0.0 
0 465 0.9569181480647492 0.516208466744103 -0.02 0.01 0.989795918367347 0.9979591836734693 0.993877551020408 6.39 0.02 
1 4 -0.0 0.0 0.0 0.0 1.0 1.0 1.0 0.0 0.0 
0 49 1.266536818067726 1.13918372327525 0.18 0.44 0.9953051643192488 0.9976525821596244 0.996478873239437 345.47 0.36 
1 47 -0.0 0.0 -0.0 0.0 1.0 0.6153846153846154 0.807692307692308 0.0 0.0 
0 142 -0.0 0.0 -0.0 0.0 1.0 0.3 0.65 0.0 0.0 
1 3 0.0740225961475812 0.128824279468757 0.41 0.69 0.5590551181102362 0.5748031496062993 0.566929133858268 381.05 2.38 
0 350 -0.0 0.0 0.0 0.0 1.0 0.9917864476386036 0.995893223819302 0.0 0.0 
1 177 -0.0 0.0 -0.0 0.0 1.0 0.6774193548387096 0.838709677419355 0.0 0.0 
0 94 1.8885452026720768 1.69453959370613 0.07 0.58 1.0 0.9930313588850174 0.996515679442509 795.62 0.64 
1 3 0.016359415015602636 0.0163594150156026 0.05 0.05 0.9953917050691244 0.9953917050691244 0.995391705069124 868.0 0.39 
0 317 -0.0 0.0 -0.0 -0.0 1.0 0.9922879177377892 0.996143958868895 0.0 0.0 
1 9 -0.0 0.0 0.12 0.37 0.7580645161290323 0.8064516129032256 0.782258064516129 46.62 2.14 
0 55 0.8194521312920207 0.668160690034292 0.09 0.27 0.9094076655052264 0.9965156794425089 0.952961672473868 299.7 1.2 
1 28 0.6822056867479602 0.602052179998817 0.05 0.2 0.9222462203023758 0.9546436285097192 0.938444924406048 472.98 0.93 
0 50 0.24610920772326714 0.123054603861634 -0.0 0.0 1.0 0.9966442953020132 0.998322147651007 0.07 0.01 
1 4 0.0947607483566568 0.0769695270739669 0.09 0.1 0.9806866952789698 0.982832618025751 0.981759656652361 445.71 0.81 
0 69 0.25095314470125835 0.125476572350629 -0.0 -0.0 1.0 0.9966442953020132 0.998322147651007 0.0 0.0 
1 24 0.030372534777978206 0.0658985378330168 -0.0 0.0 0.972457627118644 0.9978813559322034 0.985169491525424 0.13 0.01 
0 51 0.35190974154003796 0.186020539986409 -0.08 0.01 0.5161987041036717 0.7321814254859611 0.624190064794816 4.77 0.01 
1 4 0.3250829733914482 0.162541486695724 -0.0 0.0 1.0 1.0 1.0 0.0 0.0 
0 649 -0.0 0.0 0.0 0.0 1.0 1.0 1.0 0.0 0.0 
1 1 -0.0 0.0 0.37 0.44 0.16 0.16 0.16 25.0 0.2 
0 229 0.13036079377807663 0.0651803968890383 0.0 0.0 1.0 1.0 1.0 0.0 0.0 
1 4 0.030097958257751373 0.0286902185022557 0.1 0.1 0.9793388429752063 0.9834710743801652 0.981404958677686 484.0 0.84 
0 232 0.09962338946616205 0.27278790588985 -0.08 0.25 0.7903225806451613 0.919354838709677 0.854838709677419 41.76 1.62 
1 265 0.3742549310896416 0.187127465544821 -0.03 0.02 0.7660668380462725 0.9974293059125964 0.881748071979434 15.62 0.69 
0 87 0.8194521312920207 1.07530145372465 -0.11 0.19 0.9094076655052264 0.9930313588850174 0.951219512195122 131.04 0.34 
1 4 0.022083380117043378 0.0220833801170434 0.09 0.1 0.981859410430839 0.981859410430839 0.981859410430839 838.91 0.81 
0 92 0.16764562403823993 0.80651612378478 0.0 0.05 1.0 0.9976525821596244 0.998826291079812 44.1 0.0 
1 20 0.08509104448327401 0.042545522241637 0.0 0.0 1.0 1.0 1.0 0.0 0.0 
0 5 1.4734641908768165 0.797578296777439 0.57 0.76 0.5428571428571428 0.5857142857142859 0.564285714285714 140.0 0.55 
1 3 -0.0 0.0 0.31 0.55 0.7580645161290323 0.7580645161290323 0.758064516129032 62.0 2.68 
0 224 -0.0 0.0 0.0 0.0 1.0 1.0 1.0 0.0 0.0 
1 2 0.6846162778013049 0.342308138900652 0.15 0.36 0.8846153846153846 0.8846153846153846 0.884615384615385 26.0 0.82 
0 64 1.5706088898972186 0.792954613930219 -0.03 0.02 0.5508474576271186 0.9894067796610168 0.770127118644068 13.98 0.11 
1 7 0.09908391604753189 0.0495419580237659 0.04 0.04 0.9850746268656718 0.9914712153518124 0.988272921108742 266.27 0.37 
0 35 0.09187703676356046 0.0688201605622499 0.06 0.07 0.981859410430839 0.984126984126984 0.982993197278912 385.05 0.63 
1 120 -0.0 0.0 -0.0 -0.0 1.0 0.9977324263038548 0.998866213151927 0.0 0.0 
0 129 -0.0 0.0 -0.0 -0.0 1.0 0.9948586118251928 0.997429305912596 0.0 0.0 
