1 12 -0.0 0.0 0.3 0.36 0.8846153846153846 0.8846153846153846 0.884615384615385 26.0 2.14 
0 471 0.08919443275684764 0.176325209542428 -0.05 0.03 0.6423690205011389 0.9817767653758542 0.812072892938497 18.67 0.01 
1 4 0.5297061990576545 0.439269147450343 -0.1 0.03 1.0 1.0 1.0 0.32 0.45 
0 164 0.6331171997564925 0.493331485607266 0.03 0.09 0.947608200455581 0.9498861047835992 0.94874715261959 138.54 0.25 
1 63 -0.0 0.0 0.0 0.0 1.0 1.0 1.0 0.0 0.0 
0 262 -0.0 0.0 0.0 0.0 1.0 0.125 0.5625 0.0 0.0 
1 22 -0.0 0.0 0.31 0.55 0.7580645161290323 0.7580645161290323 0.758064516129032 62.0 2.49 
0 35 0.3805338924281298 0.190266946214065 0.02 0.03 0.9922879177377892 0.9948586118251928 0.993573264781491 258.66 0.17 
1 4 -0.0 0.0 -0.0 -0.0 1.0 0.9727463312368972 0.986373165618449 0.0 0.0 
0 51 0.7843037925952074 0.400331603805405 -0.01 0.01 0.4700460829493088 0.9953917050691244 0.732718894009217 4.29 0.04 
1 38 0.08509104448327401 0.069552158829183 -0.0 0.0 1.0 1.0 1.0 0.07 0.01 
0 188 0.4656872460148556 0.855641130748881 -0.12 0.15 0.6580310880829016 0.8678756476683936 0.762953367875648 104.05 0.07 
1 265 0.3742549310896416 0.187127465544821 -0.03 0.02 0.7660668380462725 0.9974293059125964 0.881748071979434 15.62 0.69 
0 115 -0.0 0.0 0.0 0.0 1.0 0.375 0.6875 0.0 0.0 
1 5 -0.0 0.0 0.07 0.08 0.9854771784232365 0.9854771784232365 0.985477178423237 482.0 0.65 
0 98 0.6615632381579821 0.330781619078991 0.0 0.0 1.0 1.0 1.0 0.0 0.0 
1 4 0.017217650311628238 0.0171995612854242 0.37 0.44 0.837448559670782 0.839506172839506 0.838477366255144 964.67 2.36 
0 30 0.4459524223135379 0.401146671457703 0.04 0.39 0.919354838709677 0.9838709677419354 0.951612903225806 73.48 1.95 
1 4 -0.0 0.0 0.0 0.0 1.0 1.0 1.0 0.0 0.0 
0 262 0.016294681047229552 0.00814734052361478 -0.0 0.0 1.0 0.9953917050691244 0.997695852534562 0.0 0.0 
1 4 0.022083380117043378 0.0110416900585217 0.06 0.07 0.981859410430839 0.984126984126984 0.982993197278912 384.99 0.69 
0 68 0.016326979454093383 0.538591507901421 -0.0 0.01 0.9863325740318906 0.988610478359909 0.9874715261959 25.62 0.07 
1 37 -0.0 0.0 0.0 0.0 1.0 1.0 1.0 0.0 0.0 
0 305 0.6278424309643411 0.328970194611046 0.0 0.01 0.9834710743801652 0.987603305785124 0.985537190082645 69.55 0.02 
1 187 0.666278442414676 0.333139221207338 -0.1 0.06 1.0 0.8846153846153846 0.942307692307692 2.12 0.44 
0 228 0.4629606652814273 0.23964382236776 -0.0 0.01 0.8724373576309796 0.9863325740318906 0.929384965831435 21.6 0.03 
1 33 0.030372534777978206 0.0228364363705995 -0.0 0.0 0.9894067796610168 0.9978813559322034 0.99364406779661 0.04 0.0 
0 22 -0.0 0.0 -0.0 -0.0 1.0 1.0 1.0 0.0 0.0 
1 8 0.0947607483566568 0.232756230915289 0.02 0.03 0.9678111587982832 0.9806866952789698 0.974248927038627 84.69 0.27 
0 9 0.09345740278411808 0.104538000188197 -0.0 0.0 1.0 1.0 1.0 0.15 0.01 
1 127 -0.0 0.0 0.11 0.46 0.5384615384615384 0.6153846153846154 0.576923076923077 18.96 1.68 
0 3 0.41963577493948573 0.209817887469743 0.0 -0.0 1.0 0.9976525821596244 0.998826291079812 0.0 0.0 
1 176 -0.0 0.0 -0.1 0.06 0.6153846153846154 0.8846153846153846 0.75 2.12 0.61 
0 26 0.14689728110576386 0.0734486405528819 -0.0 -0.0 1.0 1.0 1.0 0.0 0.0 
1 14 0.6846162778013049 0.342308138900652 0.15 0.36 0.8846153846153846 0.8846153846153846 0.884615384615385 26.0 0.82 
0 507 0.06957694070479191 0.0465617539016255 -0.04 0.02 0.6423690205011389 0.9726651480637812 0.80751708428246 11.75 0.05 
1 1 -0.0 0.0 0.43 0.68 0.5842293906810035 0.5842293906810035 0.584229390681004 279.0 2.02 
0 294 0.3586144090481995 0.19275682977134 -0.13 0.07 0.6807909604519775 0.7175141242937852 0.699152542372881 51.22 0.71 
1 24 0.030372534777978206 0.0658985378330168 -0.0 0.0 0.972457627118644 0.9978813559322034 0.985169491525424 0.13 0.01 
0 278 0.6365141682948128 0.318257084147406 -0.13 0.39 0.3 0.6 0.45 6.43 0.19 
1 2 -0.0 0.0 0.31 0.55 0.7580645161290323 0.7580645161290323 0.758064516129032 62.0 2.68 
0 116 0.6109007249809115 0.578368409104767 -0.03 0.06 1.0 0.9979466119096508 0.998973305954825 33.54 0.59 
1 4 0.022083380117043378 0.0220833801170434 0.09 0.1 0.981859410430839 0.981859410430839 0.981859410430839 838.91 0.81 
0 568 0.13339348333086204 0.066696741665431 -0.0 0.0 0.9954648526077096 0.9977324263038548 0.996598639455782 0.04 0.0 
1 4 0.6730116670092564 0.336505833504628 -0.2 0.33 0.28571428571428564 0.7142857142857143 0.5 3.73 0.53 
0 461 0.3708082825784814 0.185404141289241 0.0 -0.0 1.0 1.0 1.0 0.0 0.0 
1 3 -0.0 0.0 0.0 0.0 1.0 1.0 1.0 0.0 0.0 
0 96 0.9556998911125344 0.776984739848896 -0.13 0.2 1.0 1.0 1.0 2.1 0.84 
1 4 0.022083380117043378 0.0220833801170434 0.09 0.1 0.981859410430839 0.981859410430839 0.981859410430839 838.91 0.85 
0 36 -0.0 0.0 0.05 0.14 0.375 0.75 0.5625 1.6 0.79 
1 6 -0.0 0.0 -0.0 -0.0 1.0 1.0 1.0 0.0 0.0 
0 145 0.6681369026482501 0.924863572905618 -0.15 0.07 0.9676025917926566 0.9913606911447084 0.979481641468682 61.38 0.22 
1 7 0.09908391604753189 0.0495419580237659 0.04 0.04 0.9850746268656718 0.9914712153518124 0.988272921108742 266.27 0.37 
0 9 1.0042424730540764 0.502121236527038 -0.14 0.33 1.0 0.28571428571428564 0.642857142857143 3.73 0.1 
1 25 0.8720635602136072 0.444515665699525 -0.01 0.0 0.2385542168674699 0.9975903614457832 0.618072289156626 0.63 0.0 
0 95 0.7461036199447514 0.561604053771104 -0.02 0.14 0.8898488120950323 0.9935205183585314 0.941684665226782 411.14 0.6 
1 177 -0.0 0.0 -0.0 0.0 1.0 0.6774193548387096 0.838709677419355 0.0 0.0 
0 188 0.8194521312920207 0.421753248751421 -0.02 0.03 0.9094076655052264 0.9581881533101044 0.933797909407665 27.55 0.29 
1 4 0.030097958257751373 0.0286902185022557 0.1 0.1 0.9793388429752063 0.9834710743801652 0.981404958677686 484.0 0.84 
0 6 0.6829081047004717 0.341454052350236 0.26 0.49 0.8076923076923077 0.8076923076923077 0.807692307692308 26.0 1.4 
1 4 0.7865364435085352 0.401480572353747 0.08 0.13 0.9728506787330315 0.9728506787330315 0.972850678733032 442.51 0.33 
0 296 0.4629606652814273 0.761908350815087 0.07 0.19 0.8724373576309796 0.988610478359909 0.930523917995444 386.81 0.44 
1 3 0.016359415015602636 0.0163594150156026 0.05 0.05 0.9953917050691244 0.9953917050691244 0.995391705069124 868.0 0.39 
0 274 -0.0 0.0 0.0 0.0 1.0 0.9888641425389754 0.994432071269488 0.0 0.0 
1 3 -0.0 0.0 -0.0 -0.0 1.0 1.0 1.0 0.0 0.0 
0 73 0.1520053108362029 0.0760026554181015 0.02 0.15 0.6935483870967744 0.919354838709677 0.806451612903226 17.86 1.39 
1 2 0.6846162778013049 0.342308138900652 0.15 0.36 0.8846153846153846 0.8846153846153846 0.884615384615385 26.0 0.82 
0 1035 0.8605892830185917 0.430294641509296 0.0 -0.0 1.0 0.9765807962529272 0.988290398126464 0.0 0.0 
1 4 0.0947607483566568 0.0769695270739669 0.09 0.1 0.9806866952789698 0.982832618025751 0.981759656652361 445.71 0.81 
0 281 0.08919443275684764 0.0445972163784238 -0.0 0.0 0.6423690205011389 0.9977220956719816 0.82004555808656 1.8 0.04 
1 4 -0.0 0.0 0.0 0.0 1.0 1.0 1.0 0.0 0.0 
0 60 -0.0 0.0 0.0 -0.0 1.0 0.5842293906810035 0.792114695340502 0.0 0.0 
1 4 0.6895519477750732 0.344775973887537 0.0 -0.0 1.0 1.0 1.0 0.0 0.0 
0 336 0.41011631828840894 0.744554263082996 -0.12 0.14 1.0 1.0 1.0 1.56 0.55 
1 94 0.09165764788996307 0.0699766348366203 -0.0 0.0 1.0 0.9818181818181818 0.990909090909091 0.1 0.01 
0 158 0.6533741452692534 0.336159296510496 0.0 0.01 0.9285714285714286 0.9948979591836736 0.961734693877551 18.44 0.12 
1 43 -0.0 0.0 0.0 0.0 1.0 1.0 1.0 0.0 0.0 
0 441 0.016897794165734926 0.00844889708286746 -0.0 -0.0 1.0 0.97423887587822 0.98711943793911 0.0 0.0 
1 3 -0.0 0.0 -0.0 -0.0 1.0 1.0 1.0 0.0 0.0 
0 158 0.821654712766377 0.418206449530602 -0.0 0.0 1.0 0.9917864476386036 0.995893223819302 0.45 0.02 
1 61 0.0707680768797802 0.351225226630238 -0.0 0.0 1.0 0.997695852534562 0.998847926267281 3.17 0.0 
0 27 0.015529324822425987 0.015529324822426 0.14 0.16 0.9663157894736842 0.9663157894736842 0.966315789473684 950.0 1.23 
1 6 -0.0 0.0 0.0 0.0 1.0 1.0 1.0 0.0 0.0 
0 26 0.5623351446188082 0.281167572309404 0.0 0.0 1.0 1.0 1.0 0.0 0.0 
1 12 0.7691223805667942 0.67691926485557 0.66 0.88 0.5571428571428572 0.5857142857142859 0.571428571428571 121.17 2.16 
0 130 -0.0 0.0 -0.0 -0.0 1.0 1.0 1.0 0.0 0.0 
1 8 0.6895519477750732 0.344775973887537 0.0 -0.0 1.0 1.0 1.0 0.0 0.0 
0 364 0.821654712766377 0.410827356383189 -0.0 0.0 1.0 0.9917864476386036 0.995893223819302 0.0 0.0 
1 120 -0.0 0.0 -0.0 -0.0 1.0 0.9977324263038548 0.998866213151927 0.0 0.0 
0 70 0.767183707147163 0.71700241693073 0.16 0.77 0.8835227272727273 0.909090909090909 0.896306818181818 1223.72 2.2 
1 4 -0.0 0.0 0.31 0.55 0.7580645161290323 0.7580645161290323 0.758064516129032 62.0 2.49 
0 21 0.8984583227127803 0.860056517739579 -0.01 0.17 0.9794661190965092 0.9917864476386036 0.985626283367556 306.15 0.54 
1 9 -0.0 0.0 0.12 0.37 0.7580645161290323 0.8064516129032256 0.782258064516129 46.62 2.14 
0 5 0.9030752549500218 0.993660209370369 0.17 0.58 0.7642105263157895 0.9242105263157896 0.84421052631579 745.47 0.17 
1 4 0.01475818629482802 0.00737909314741401 0.01 0.01 1.0 0.9979466119096508 0.998973305954825 487.0 0.19 
0 200 0.031746149071385094 0.0271391464960964 -0.02 0.02 0.7156626506024096 0.9542168674698795 0.834939759036145 8.41 0.24 
1 2 0.0251440699125892 0.0125720349562946 0.53 0.63 0.6761658031088082 0.6761658031088082 0.676165803108808 386.0 2.33 
0 979 0.1040583233565584 0.0520291616782792 -0.0 -0.0 1.0 1.0 1.0 0.0 0.0 
1 49 -0.0 0.0 0.0 0.0 1.0 1.0 1.0 0.0 0.0 
0 6 0.24610920772326714 0.123054603861634 0.0 -0.0 1.0 1.0 1.0 0.0 0.0 
1 4 0.07489355301376338 0.0508964017541222 0.5 0.63 0.6807909604519775 0.6807909604519775 0.680790960451977 354.02 2.29 
0 43 0.26552569572288004 0.13276284786144 0.0 -0.0 1.0 1.0 1.0 0.0 0.0 
1 5 0.030372534777978206 0.0227666899680668 -0.0 0.0 1.0 0.9978813559322034 0.998940677966102 0.01 0.0 
0 167 -0.0 0.0 -0.0 0.0 1.0 0.6935483870967744 0.846774193548387 0.0 0.0 
1 1 -0.0 0.0 0.37 0.44 0.16 0.16 0.16 25.0 0.2 
0 232 0.3615394778944647 0.180769738947232 -0.04 0.12 1.0 0.6774193548387096 0.838709677419355 13.95 1.18 
1 3 -0.0 0.0 0.0 0.0 1.0 1.0 1.0 0.0 0.0 
0 603 0.01497005434010946 0.663436284021907 0.01 0.03 0.40408163265306124 0.977551020408163 0.690816326530612 80.94 0.05 
1 4 0.8127245415610106 0.428086422879458 0.41 0.59 0.3391521197007481 0.3640897755610973 0.351620947630923 772.17 0.33 
0 7 0.900256051268537 1.07047017161097 0.31 0.37 0.11827956989247312 0.08602150537634409 0.102150537634409 279.0 0.01 
1 4 -0.0 0.0 0.0 0.0 1.0 1.0 1.0 0.0 0.0 
0 57 -0.0 0.0 -0.0 0.0 1.0 0.962877030162413 0.981438515081206 0.0 0.0 
1 47 -0.0 0.0 -0.0 0.0 1.0 0.6153846153846154 0.807692307692308 0.0 0.0 
0 116 0.016932705378456925 0.00846635268922846 -0.0 0.0 1.0 0.9638554216867468 0.981927710843373 0.04 0.0 
1 68 0.3269547847215813 0.163477392360791 -0.01 0.01 0.9481865284974093 0.9870466321243522 0.967616580310881 3.79 0.05 
0 97 -0.0 0.0 -0.02 0.09 0.16 0.28 0.22 5.22 0.12 
1 2 0.01616684129705593 0.00808342064852796 0.02 0.02 0.9977220956719816 0.9977220956719816 0.997722095671982 439.0 0.16 
0 524 0.3269974743901718 0.163498737195086 -0.0 0.0 0.9342403628117912 0.9977324263038548 0.965986394557823 0.15 0.01 
1 31 -0.0 0.0 0.0 0.0 1.0 1.0 1.0 0.0 0.0 
0 7 0.5437298474071837 0.493649065910736 0.2 0.53 0.8295454545454547 0.8835227272727273 0.856534090909091 478.08 2.24 
1 29 0.02253214392080778 0.0197499575531257 -0.0 0.01 0.7156626506024096 0.9975903614457832 0.856626506024096 5.06 0.1 
0 282 -0.0 0.0 0.0 0.0 1.0 0.125 0.5625 0.0 0.0 
1 182 -0.0 0.0 -0.0 0.0 1.0 0.7580645161290323 0.879032258064516 0.0 0.0 
0 11 0.4459524223135379 0.29897886657487 0.15 0.34 0.919354838709677 0.919354838709677 0.919354838709677 102.36 1.76 
1 149 0.0251440699125892 0.0229518966655533 -0.06 0.01 0.6761658031088082 0.8471502590673574 0.761658031088083 4.61 0.18 
0 210 -0.0 0.0 0.0 0.0 1.0 0.9166666666666664 0.958333333333333 0.0 0.0 
1 20 0.08509104448327401 0.042545522241637 0.0 0.0 1.0 1.0 1.0 0.0 0.0 
0 172 0.01497005434010946 0.00748502717005473 -0.0 0.0 0.977551020408163 0.9979591836734693 0.987755102040816 0.03 0.0 
1 263 0.01789792517672371 0.00894896258836186 -0.01 0.0 1.0 0.7660668380462725 0.883033419023136 0.31 0.03 
0 43 0.07915888226942422 0.34313356071351 -0.02 0.01 0.8200455580865603 0.9749430523917996 0.89749430523918 5.02 0.05 
1 4 0.8720635602136072 0.447297852067208 -0.01 0.11 0.2385542168674699 0.7156626506024096 0.47710843373494 466.31 0.11 
0 756 0.3708082825784814 0.249680801409846 -0.0 0.0 1.0 0.9953161592505854 0.997658079625293 1.41 0.1 
1 4 -0.0 0.0 -0.0 -0.0 1.0 1.0 1.0 0.0 0.0 
0 79 0.3767701612564368 0.362801128549734 0.17 0.35 1.0 0.8888888888888888 0.944444444444444 9.0 1.91 
1 6 -0.0 0.0 -0.0 -0.0 1.0 0.9936034115138594 0.99680170575693 0.0 0.0 
0 7 1.1857896932009937 0.592894846600497 -0.03 0.02 1.0 0.9727463312368972 0.986373165618449 11.93 0.2 
1 5 0.04131357294242817 0.0206567864712141 0.29 0.33 0.886153846153846 0.8892307692307693 0.887692307692308 315.12 2.04 
0 70 -0.0 0.0 -0.0 0.0 0.959731543624161 0.9966442953020132 0.978187919463087 0.04 0.01 
1 28 0.6822056867479602 0.602052179998817 0.05 0.2 0.9222462203023758 0.9546436285097192 0.938444924406048 472.98 0.93 
0 191 0.905891303418349 0.4764859090091 -0.12 0.01 0.6423690205011389 0.990888382687927 0.816628701594533 10.83 0.12 
