1 6 -0.0 0.0 0.0 0.0 1.0 1.0 1.0 0.0 0.0 
0 73 0.5629596827693085 0.281479841384654 -0.01 0.0 1.0 0.9829545454545452 0.991477272727273 1.13 0.09 
1 4 0.3250829733914482 0.162541486695724 -0.0 0.0 1.0 1.0 1.0 0.0 0.0 
0 54 0.24610920772326714 0.123054603861634 -0.0 0.0 1.0 0.9966442953020132 0.998322147651007 0.07 0.01 
1 4 0.5297061990576545 0.439269147450343 -0.1 0.03 1.0 1.0 1.0 0.32 0.45 
0 513 0.06957694070479191 0.0347884703523959 -0.04 0.02 0.6400911161731208 0.9726651480637812 0.806378132118451 11.67 0.05 
1 37 -0.0 0.0 0.0 0.0 1.0 1.0 1.0 0.0 0.0 
0 343 0.25613114039546225 0.136229059924778 -0.0 0.02 0.6400911161731208 0.9863325740318906 0.813211845102506 49.61 0.01 
1 187 0.666278442414676 0.333139221207338 -0.1 0.06 1.0 0.8846153846153846 0.942307692307692 2.12 0.44 
0 81 0.5623351446188082 0.281167572309404 0.0 0.0 1.0 1.0 1.0 0.0 0.0 
1 4 0.022083380117043378 0.0220833801170434 0.09 0.1 0.981859410430839 0.981859410430839 0.981859410430839 838.91 0.81 
0 78 0.016359415015602636 0.00817970750780132 -0.0 0.0 0.9585253456221196 0.9953917050691244 0.976958525345622 0.13 0.01 
1 3 -0.0 0.0 0.0 0.0 1.0 1.0 1.0 0.0 0.0 
0 23 0.04331307121396799 0.0294650833217621 0.08 0.1 0.96 0.9726315789473684 0.966315789473684 320.8 0.91 
1 4 0.0947607483566568 0.0769695270739669 0.09 0.1 0.9806866952789698 0.982832618025751 0.981759656652361 445.71 0.81 
0 19 0.6878717657035625 0.55991721128128 -0.07 0.04 0.9914712153518124 0.997867803837953 0.994669509594883 25.29 0.33 
1 182 -0.0 0.0 -0.0 0.0 1.0 0.7580645161290323 0.879032258064516 0.0 0.0 
0 32 0.38412048178648794 0.747180773822194 0.14 0.38 0.6263498920086392 0.9481641468682503 0.787257019438445 516.07 0.02 
1 47 -0.0 0.0 -0.0 0.0 1.0 0.6153846153846154 0.807692307692308 0.0 0.0 
0 31 -0.0 0.0 0.01 0.01 0.9979591836734693 0.9979591836734693 0.997959183673469 490.0 0.16 
1 4 0.01475818629482802 0.00737909314741401 0.01 0.01 1.0 0.9979466119096508 0.998973305954825 487.0 0.19 
0 48 0.01789792517672371 0.00894896258836186 -0.0 -0.0 1.0 1.0 1.0 0.0 0.0 
1 135 -0.0 0.0 -0.0 0.0 1.0 0.7083333333333334 0.854166666666667 0.0 0.0 
0 345 0.532506047065826 0.274432731040714 -0.05 0.01 0.6703786191536748 0.9621380846325168 0.816258351893096 9.89 0.27 
1 28 0.6822056867479602 0.602052179998817 0.05 0.2 0.9222462203023758 0.9546436285097192 0.938444924406048 472.98 0.93 
0 194 -0.0 0.0 0.0 0.0 1.0 1.0 1.0 0.0 0.0 
1 1 -0.0 0.0 0.43 0.68 0.5842293906810035 0.5842293906810035 0.584229390681004 279.0 2.02 
0 138 -0.0 0.0 0.0 0.0 1.0 1.0 1.0 0.0 0.0 
1 4 0.6895519477750732 0.344775973887537 0.0 -0.0 1.0 1.0 1.0 0.0 0.0 
0 1018 0.09345740278411808 0.477023342901355 -0.01 0.01 1.0 0.9765807962529272 0.988290398126464 2.91 0.12 
1 3 0.016359415015602636 0.0163594150156026 0.05 0.05 0.9953917050691244 0.9953917050691244 0.995391705069124 868.0 0.39 
0 22 0.038691590688165765 0.121099967547661 -0.0 0.0 1.0 1.0 1.0 0.13 0.01 
1 3 0.0740225961475812 0.128824279468757 0.41 0.69 0.5590551181102362 0.5748031496062993 0.566929133858268 381.05 2.38 
0 303 -0.0 0.0 -0.0 -0.0 1.0 0.9966442953020132 0.998322147651007 0.0 0.0 
1 22 -0.0 0.0 0.31 0.55 0.7580645161290323 0.7580645161290323 0.758064516129032 62.0 2.49 
0 191 0.905891303418349 0.4764859090091 -0.12 0.01 0.6423690205011389 0.990888382687927 0.816628701594533 10.83 0.12 
1 4 0.022083380117043378 0.0110416900585217 0.06 0.07 0.981859410430839 0.984126984126984 0.982993197278912 384.99 0.69 
0 168 0.4656872460148556 0.245415657963722 0.0 0.12 0.6761658031088082 0.8678756476683936 0.772020725388601 85.0 0.69 
1 24 0.030372534777978206 0.0658985378330168 -0.0 0.0 0.972457627118644 0.9978813559322034 0.985169491525424 0.13 0.01 
0 125 0.8465160453282295 0.423258022664115 -0.0 0.0 0.9979466119096508 0.9979466119096508 0.997946611909651 0.38 0.02 
1 2 -0.0 0.0 0.31 0.55 0.7580645161290323 0.7580645161290323 0.758064516129032 62.0 2.68 
0 35 0.8177953417758714 0.408897670887936 -0.01 0.02 0.9413265306122448 0.989795918367347 0.965561224489796 12.72 0.21 
1 2 0.6846162778013049 0.342308138900652 0.15 0.36 0.8846153846153846 0.8846153846153846 0.884615384615385 26.0 0.82 
0 460 0.40984977137281264 0.33665287885041 -0.06 0.03 0.6400911161731208 0.9817767653758542 0.810933940774488 21.6 0.08 
1 120 -0.0 0.0 -0.0 -0.0 1.0 0.9977324263038548 0.998866213151927 0.0 0.0 
0 96 0.629696481674345 0.413066466354088 0.05 0.07 1.0 1.0 1.0 70.16 0.72 
1 4 0.7865364435085352 0.401480572353747 0.08 0.13 0.9728506787330315 0.9728506787330315 0.972850678733032 442.51 0.33 
0 9 0.8923331657077299 0.541058029987409 0.06 0.12 0.993006993006993 0.9953379953379952 0.994172494172494 796.0 0.24 
1 4 -0.0 0.0 0.0 0.0 1.0 1.0 1.0 0.0 0.0 
0 685 0.3269974743901718 0.171662226922133 -0.03 0.0 0.9342403628117912 0.981859410430839 0.958049886621315 1.36 0.09 
1 1 -0.0 0.0 0.37 0.44 0.16 0.16 0.16 25.0 0.2 
0 422 0.6231765258032814 0.311588262901641 -0.0 0.0 1.0 0.943231441048035 0.971615720524017 0.0 0.0 
1 94 0.09165764788996307 0.0699766348366203 -0.0 0.0 1.0 0.9818181818181818 0.990909090909091 0.1 0.01 
0 555 -0.0 0.0 -0.11 0.03 0.7083333333333334 0.9166666666666664 0.8125 0.9 0.41 
1 63 -0.0 0.0 0.0 0.0 1.0 1.0 1.0 0.0 0.0 
0 206 -0.0 0.0 0.0 0.0 1.0 1.0 1.0 0.0 0.0 
1 4 0.030097958257751373 0.0286902185022557 0.1 0.1 0.9793388429752063 0.9834710743801652 0.981404958677686 484.0 0.84 
0 64 0.016391988628871906 0.00819599431443595 -0.0 0.0 1.0 0.962877030162413 0.981438515081206 0.04 0.0 
1 14 0.6846162778013049 0.342308138900652 0.15 0.36 0.8846153846153846 0.8846153846153846 0.884615384615385 26.0 0.82 
0 124 0.016103721594124567 0.00805186079706228 0.0 0.0 1.0 0.9932279909706544 0.996613995485327 0.0 0.0 
1 20 0.08509104448327401 0.042545522241637 0.0 0.0 1.0 1.0 1.0 0.0 0.0 
0 485 0.6829081047004717 0.493772101024855 -0.08 0.28 0.42307692307692313 0.8076923076923077 0.615384615384615 12.33 0.68 
1 192 0.04965097662992789 0.0248254883149639 -0.0 -0.0 1.0 1.0 1.0 0.0 0.0 
0 113 -0.0 0.0 0.07 0.09 0.8846153846153846 0.9615384615384615 0.923076923076923 7.97 1.03 
1 12 -0.0 0.0 0.3 0.36 0.8846153846153846 0.8846153846153846 0.884615384615385 26.0 2.14 
0 1 -0.0 0.0 0.39 0.62 0.6935483870967744 0.6935483870967744 0.693548387096774 62.0 2.6 
1 8 0.6895519477750732 0.344775973887537 0.0 -0.0 1.0 1.0 1.0 0.0 0.0 
0 664 0.9423399854873624 0.479498821601103 -0.05 0.03 0.8905263157894738 0.9663157894736842 0.928421052631579 20.16 0.03 
1 4 -0.0 0.0 0.0 0.0 1.0 1.0 1.0 0.0 0.0 
0 331 0.9556998911125344 0.955699891112534 0.56 0.96 1.0 1.0 1.0 14.0 1.3 
1 33 0.030372534777978206 0.0228364363705995 -0.0 0.0 0.9894067796610168 0.9978813559322034 0.99364406779661 0.04 0.0 
0 61 0.056784913717192464 0.0283924568585962 -0.0 -0.0 1.0 1.0 1.0 0.0 0.0 
1 4 0.017217650311628238 0.0171995612854242 0.37 0.44 0.837448559670782 0.839506172839506 0.838477366255144 964.67 2.36 
0 439 0.308891104846187 0.154445552423093 0.0 -0.0 1.0 0.987780040733198 0.993890020366599 0.0 0.0 
1 25 0.8720635602136072 0.444515665699525 -0.01 0.0 0.2385542168674699 0.9975903614457832 0.618072289156626 0.63 0.0 
0 9 0.27737437324620146 0.19071634830138 -0.0 0.01 1.0 1.0 1.0 10.15 0.09 
1 4 -0.0 0.0 -0.0 -0.0 1.0 1.0 1.0 0.0 0.0 
0 148 0.3525425103487513 0.176271255174376 -0.06 0.19 1.0 0.7580645161290323 0.879032258064516 24.72 1.45 
1 4 0.8127245415610106 0.428086422879458 0.41 0.59 0.3391521197007481 0.3640897755610973 0.351620947630923 772.17 0.33 
0 249 0.19643645103383003 0.604133539758305 -0.02 0.03 1.0 0.9976525821596244 0.998826291079812 16.48 0.23 
1 4 -0.0 0.0 0.0 0.0 1.0 1.0 1.0 0.0 0.0 
0 267 0.9423399854873624 0.522223979468306 -0.0 0.01 1.0 0.9663157894736842 0.983157894736842 4.89 0.0 
1 2 0.01616684129705593 0.00808342064852796 0.02 0.02 0.9977220956719816 0.9977220956719816 0.997722095671982 439.0 0.16 
0 33 -0.0 0.0 -0.0 0.0 0.9829545454545452 0.9971590909090908 0.990056818181818 0.02 0.0 
1 12 0.7691223805667942 0.67691926485557 0.66 0.88 0.5571428571428572 0.5857142857142859 0.571428571428571 121.17 2.16 
0 166 0.664316082500306 0.332158041250153 -0.0 0.01 0.938496583143508 0.9863325740318906 0.962414578587699 10.88 0.04 
1 3 -0.0 0.0 0.0 0.0 1.0 1.0 1.0 0.0 0.0 
0 243 0.01607235879964646 0.00803617939982323 -0.0 -0.0 1.0 1.0 1.0 0.0 0.0 
1 6 -0.0 0.0 -0.0 -0.0 1.0 1.0 1.0 0.0 0.0 
0 155 0.016294681047229552 0.00814734052361478 -0.0 -0.0 1.0 1.0 1.0 0.0 0.0 
1 4 0.8720635602136072 0.447297852067208 -0.01 0.11 0.2385542168674699 0.7156626506024096 0.47710843373494 466.31 0.11 
0 43 0.26552569572288004 0.13276284786144 0.0 -0.0 1.0 1.0 1.0 0.0 0.0 
1 7 0.09908391604753189 0.0495419580237659 0.04 0.04 0.9850746268656718 0.9914712153518124 0.988272921108742 266.27 0.37 
0 224 0.6109007249809115 0.370630759379494 -0.01 0.05 1.0 1.0 1.0 55.09 0.53 
1 8 0.0947607483566568 0.232756230915289 0.02 0.03 0.9678111587982832 0.9806866952789698 0.974248927038627 84.69 0.27 
0 595 0.6622618696488148 0.40213205060694 -0.12 0.07 0.7730496453900709 0.8723404255319149 0.822695035460993 25.79 0.71 
1 4 -0.0 0.0 -0.0 -0.0 1.0 1.0 1.0 0.0 0.0 
0 104 0.09962338946616205 0.226082949907457 -0.03 0.21 1.0 0.7903225806451613 0.895161290322581 29.74 1.63 
1 5 -0.0 0.0 0.07 0.08 0.9854771784232365 0.9854771784232365 0.985477178423237 482.0 0.65 
0 202 0.3525425103487513 0.176271255174376 -0.08 0.14 1.0 0.6774193548387096 0.838709677419355 16.57 1.25 
1 31 -0.0 0.0 0.0 0.0 1.0 1.0 1.0 0.0 0.0 
0 220 0.5623351446188082 0.281167572309404 0.14 0.32 1.0 0.375 0.6875 4.44 1.2 
1 6 -0.0 0.0 -0.0 -0.0 1.0 0.9936034115138594 0.99680170575693 0.0 0.0 
0 34 0.3525425103487513 0.352542510348751 0.11 0.35 1.0 1.0 1.0 62.0 2.1 
1 49 -0.0 0.0 0.0 0.0 1.0 1.0 1.0 0.0 0.0 
0 22 0.6127954659992856 0.306397732999643 -0.0 -0.0 1.0 1.0 1.0 0.0 0.0 
1 3 -0.0 0.0 -0.0 -0.0 1.0 1.0 1.0 0.0 0.0 
0 154 0.09125460025639655 0.0537107207767262 0.0 0.01 0.8724373576309796 0.9977220956719816 0.935079726651481 7.02 0.06 
1 38 0.08509104448327401 0.069552158829183 -0.0 0.0 1.0 1.0 1.0 0.07 0.01 
0 126 0.13371483312373358 0.0668574165618668 -0.0 -0.0 1.0 1.0 1.0 0.0 0.0 
1 4 -0.0 0.0 0.31 0.55 0.7580645161290323 0.7580645161290323 0.758064516129032 62.0 2.49 
0 30 0.9030752549500218 0.459346175189789 -0.03 0.05 0.7642105263157895 0.96 0.862105263157895 60.3 0.3 
1 127 -0.0 0.0 0.11 0.46 0.5384615384615384 0.6153846153846154 0.576923076923077 18.96 1.68 
0 70 0.666278442414676 0.333139221207338 -0.04 0.02 1.0 0.9615384615384615 0.980769230769231 0.65 0.14 
1 3 -0.0 0.0 -0.0 -0.0 1.0 1.0 1.0 0.0 0.0 
0 3 0.016424701198958662 0.0163920581072807 0.16 0.16 0.9576837416481068 0.9621380846325168 0.959910913140312 848.87 1.41 
1 2 0.0251440699125892 0.0125720349562946 0.53 0.63 0.6761658031088082 0.6761658031088082 0.676165803108808 386.0 2.33 
0 244 0.767183707147163 0.509069255752391 -0.01 0.15 0.909090909090909 0.9886363636363636 0.948863636363636 178.51 0.81 
1 149 0.0251440699125892 0.0229518966655533 -0.06 0.01 0.6761658031088082 0.8471502590673574 0.761658031088083 4.61 0.18 
0 331 0.9556998911125344 0.997710330976226 0.01 0.96 1.0 0.5714285714285713 0.785714285714286 14.0 0.97 
1 29 0.02253214392080778 0.0197499575531257 -0.0 0.01 0.7156626506024096 0.9975903614457832 0.856626506024096 5.06 0.1 
0 107 -0.0 0.0 -0.0 0.0 0.9402985074626864 0.9936034115138594 0.966950959488273 0.19 0.02 
1 61 0.0707680768797802 0.351225226630238 -0.0 0.0 1.0 0.997695852534562 0.998847926267281 3.17 0.0 
0 203 0.6128854801054902 0.32205112707049 -0.07 0.02 0.7349397590361446 0.9734939759036146 0.85421686746988 31.5 0.17 
1 176 -0.0 0.0 -0.1 0.06 0.6153846153846154 0.8846153846153846 0.75 2.12 0.61 
0 155 0.3894087389731746 0.320180941837217 0.06 0.07 1.0 0.9966442953020132 0.998322147651007 112.37 0.42 
1 263 0.01789792517672371 0.00894896258836186 -0.01 0.0 1.0 0.7660668380462725 0.883033419023136 0.31 0.03 
0 33 0.8856700740385729 0.866646227914397 0.1 0.44 0.9263803680981594 0.9969325153374232 0.961656441717791 424.42 1.42 
1 68 0.3269547847215813 0.163477392360791 -0.01 0.01 0.9481865284974093 0.9870466321243522 0.967616580310881 3.79 0.05 
0 251 0.767183707147163 0.383591853573582 -0.02 0.01 0.909090909090909 0.9829545454545452 0.946022727272727 2.19 0.11 
1 9 -0.0 0.0 0.12 0.37 0.7580645161290323 0.8064516129032256 0.782258064516129 46.62 2.14 
0 167 0.6829081047004717 0.341454052350236 -0.01 0.07 0.8076923076923077 0.9615384615384615 0.884615384615385 4.37 0.47 
1 177 -0.0 0.0 -0.0 0.0 1.0 0.6774193548387096 0.838709677419355 0.0 0.0 
0 159 0.6533741452692534 0.326687072634627 -0.01 0.01 0.9413265306122448 0.9948979591836736 0.968112244897959 8.11 0.07 
1 265 0.3742549310896416 0.187127465544821 -0.03 0.02 0.7660668380462725 0.9974293059125964 0.881748071979434 15.62 0.69 
0 381 0.6615632381579821 0.330781619078991 -0.16 0.06 1.0 0.125 0.5625 0.69 0.04 
1 43 -0.0 0.0 0.0 0.0 1.0 1.0 1.0 0.0 0.0 
0 391 0.25206432238740556 0.237730084047736 -0.05 0.01 0.9049676025917927 0.9676025917926566 0.936285097192225 6.34 0.01 
1 4 0.07489355301376338 0.0508964017541222 0.5 0.63 0.6807909604519775 0.6807909604519775 0.680790960451977 354.02 2.29 
0 115 0.7461036199447514 0.382775677234307 -0.0 0.12 0.7624190064794816 0.9935205183585314 0.877969762419006 125.73 1.03 
