1.0 1.0 0.09853998374827384 0.130905713629954 0.23 0.43 0.44012944983818764 0.5598705501618124 0.5 423.74 1.84 
0.0 41.0 0.27004803754506446 0.687081281073093 -0.01 0.06 1.0 1.0 1.0 21.59 0.03 
1.0 1.0 0.02767763714259363 0.0138388185712968 0.0 0.0 1.0 1.0 1.0 0.0 0.0 
0.0 493.0 0.02097864624030526 0.095006385650051 -0.0 0.0 1.0 0.9969135802469133 0.998456790123457 0.08 0.01 
1.0 1.0 0.36416639636829046 0.182083198184145 -0.0 -0.0 1.0 1.0 1.0 0.0 0.0 
0.0 44.0 0.07940617799097693 0.0510340695423943 0.0 0.0 1.0 1.0 1.0 0.01 0.0 
1.0 7.0 0.5744285255541567 0.91957641570066 0.03 0.17 0.9761194029850744 0.9761194029850744 0.976119402985075 419.91 0.02 
0.0 30.0 0.0778041344031273 0.0389020672015637 0.02 0.02 0.9962686567164178 0.9962686567164178 0.996268656716418 268.0 0.23 
1.0 5.0 0.054916877700729484 0.0274584388503647 0.0 0.0 1.0 0.9943019943019942 0.997150997150997 0.0 0.0 
0.0 8.0 0.027185575146154974 0.0135927875730775 0.0 0.0 1.0 1.0 1.0 0.0 0.0 
1.0 3.0 0.8502341661361879 0.711380406207482 0.33 0.58 0.9844236760124608 0.9844236760124608 0.984423676012461 621.15 1.61 
0.0 128.0 0.7559727955653189 0.37798639778266 0.0 -0.0 1.0 1.0 1.0 0.0 0.0 
1.0 3.0 0.1384539996346234 0.0692269998173117 0.07 0.07 0.9860724233983286 0.9860724233983286 0.986072423398329 359.0 0.62 
0.0 46.0 1.3107707219665214 0.655385360983261 -0.01 0.01 1.0 0.9892183288409704 0.994609164420485 5.08 0.03 
1.0 1.0 0.6667065900852285 0.392773804929393 0.04 0.07 0.9885057471264372 0.9885057471264372 0.988505747126437 351.4 0.05 
0.0 2.0 1.1642717827887903 0.582135891394395 -0.0 0.0 1.0 1.0 1.0 0.0 0.0 
1.0 0.0 0.3030117818551316 0.303011781855132 -0.05 0.0 0.982300884955752 0.982300884955752 0.982300884955752 0.0 2.49 
0.0 193.0 0.07896307715958502 0.380085611782933 -0.02 0.03 1.0 0.9834437086092715 0.991721854304636 18.19 0.38 
1.0 5.0 -0.0 0.0 -0.0 -0.0 1.0 1.0 1.0 0.0 0.0 
0.0 192.0 0.8606185834564639 0.754936097123309 0.09 0.27 0.9912280701754383 0.9912280701754383 0.991228070175439 146.55 0.13 
1.0 5.0 0.8774257384430043 0.469052876672995 0.02 0.07 0.9890909090909092 0.9890909090909092 0.989090909090909 277.39 0.06 
0.0 101.0 0.23923104111942964 0.119615520559715 -0.0 0.0 1.0 1.0 1.0 0.0 0.0 
1.0 2.0 0.06458143637762753 0.0423563874052036 0.13 0.14 0.9545454545454544 0.9630681818181815 0.958806818181818 283.48 1.23 
0.0 242.0 -0.0 0.0 0.0 0.0 1.0 1.0 1.0 0.0 0.0 
1.0 0.0 -0.0 0.0 -0.0 0.0 1.0 1.0 1.0 0.0 0.0 
0.0 61.0 0.07124533401515272 0.0943875688661203 -0.0 0.0 1.0 1.0 1.0 0.07 0.01 
1.0 4.0 0.03836140891311494 0.0191807044565575 0.0 0.0 1.0 1.0 1.0 0.0 0.0 
0.0 1.0 0.4540115915195649 0.248490513878625 -0.0 0.0 1.0 1.0 1.0 0.38 0.03 
1.0 4.0 1.4843040758083574 1.43418376269015 -0.01 0.23 0.9974554707379136 0.9974554707379136 0.997455470737914 791.91 0.05 
0.0 118.0 0.059178583588216475 0.128418860477175 0.17 0.24 0.8943298969072165 0.9072164948453608 0.900773195876289 343.04 1.68 
1.0 1.0 -0.0 0.0 0.0 0.0 1.0 1.0 1.0 0.0 0.0 
0.0 276.0 0.28119813480372685 0.725025426449576 -0.0 0.08 0.8891752577319588 0.9974226804123713 0.943298969072165 168.4 0.04 
1.0 2.0 -0.0 0.0 -0.0 -0.0 1.0 1.0 1.0 0.0 0.0 
0.0 326.0 0.05594538109009752 0.0419126257792465 -0.0 0.0 0.9913793103448276 0.9956896551724136 0.993534482758621 0.04 0.01 
1.0 3.0 0.5766502953334973 0.966245425876112 -0.0 0.18 1.0 0.9974554707379136 0.998727735368957 129.32 0.25 
0.0 278.0 0.8606185834564639 0.430309291728232 -0.12 0.11 0.8654970760233917 0.9912280701754383 0.928362573099415 56.71 0.12 
1.0 4.0 0.2490268866339084 0.124513443316954 0.02 0.02 0.9968652037617554 0.9968652037617554 0.996865203761755 319.0 0.15 
0.0 299.0 0.08945330656204878 0.385302935860986 -0.04 0.01 1.0 0.9936908517350158 0.996845425867508 3.95 0.0 
1.0 3.0 0.06324068785245751 0.266103055251253 0.01 0.01 1.0 1.0 1.0 79.79 0.08 
0.0 35.0 1.3107707219665214 0.655385360983261 -0.01 0.01 1.0 0.9865229110512128 0.993261455525607 5.69 0.03 
1.0 3.0 0.6048117164172828 0.31315076097317 0.0 0.01 1.0 0.9745222929936304 0.987261146496815 3.84 0.07 
0.0 91.0 0.9504892042958712 0.517802886282375 -0.01 0.01 1.0 0.9923664122137406 0.99618320610687 10.41 0.06 
1.0 6.0 0.018811984226504784 0.00940599211325239 0.06 0.06 0.9892183288409704 0.9892183288409704 0.98921832884097 371.0 0.63 
0.0 805.0 -0.0 0.0 0.0 0.0 1.0 0.96875 0.984375 0.0 0.0 
1.0 1.0 0.10227845426274967 0.0511392271313748 -0.0 0.0 1.0 1.0 1.0 0.0 0.0 
0.0 116.0 0.8606185834564639 0.430309291728232 -0.0 0.0 1.0 0.9912280701754383 0.995614035087719 0.0 0.0 
1.0 1.0 0.5262381232425133 0.263119061621257 -0.0 0.0 1.0 1.0 1.0 0.0 0.0 
0.0 77.0 0.23923104111942964 0.130360423324243 -0.0 0.0 1.0 1.0 1.0 0.05 0.01 
1.0 1.0 0.05204098300862845 0.0260204915043142 -0.0 -0.0 1.0 1.0 1.0 0.0 0.0 
0.0 104.0 0.05031903881167891 0.0251595194058395 -0.0 0.0 1.0 0.9904458598726114 0.995222929936306 0.02 0.0 
1.0 1.0 0.036164585581436086 0.018082292790718 -0.0 -0.0 1.0 1.0 1.0 0.0 0.0 
0.0 34.0 -0.0 0.0 -0.0 -0.0 1.0 1.0 1.0 0.0 0.0 
1.0 3.0 0.3969970036416722 0.317823545810083 0.22 0.32 0.9254237288135592 0.9457627118644067 0.935593220338983 540.53 1.64 
0.0 285.0 0.03661672937971218 0.0183083646898561 -0.0 -0.0 1.0 1.0 1.0 0.0 0.0 
1.0 5.0 0.2361365284781126 0.22743730393549 -0.01 0.0 0.9901315789473684 0.9967105263157896 0.993421052631579 0.99 0.09 
0.0 10.0 0.09206631061558694 0.11084077970958 0.03 0.04 0.9863387978142077 0.9918032786885246 0.989071038251366 218.53 0.29 
1.0 2.0 -0.0 0.0 0.02 0.02 0.9962686567164178 0.9962686567164178 0.996268656716418 268.0 0.28 
0.0 179.0 0.6918672812117752 0.366907479423508 -0.01 0.01 1.0 0.7956656346749225 0.897832817337461 2.8 0.02 
1.0 6.0 0.2338222085409008 0.818238813239901 0.01 0.11 0.9929328621908128 0.9929328621908128 0.992932862190813 434.69 0.22 
0.0 261.0 0.07998269110441508 0.581958749662866 0.0 0.02 1.0 1.0 1.0 29.49 0.08 
1.0 7.0 0.019400799864131086 0.627009486163638 0.01 0.08 0.9585635359116021 0.9779005524861876 0.968232044198895 190.63 0.22 
0.0 100.0 0.4729699125010669 0.392352883518759 -0.02 0.01 1.0 0.9821958456973294 0.991097922848665 2.88 0.18 
1.0 4.0 -0.0 0.0 0.06 0.07 0.9870689655172414 0.9870689655172414 0.987068965517241 232.0 0.68 
0.0 11.0 1.0691042476445762 0.534552123822288 0.0 -0.0 1.0 0.9804469273743016 0.990223463687151 0.0 0.0 
1.0 6.0 0.4778447750241143 0.238922387512057 0.0 0.0 1.0 1.0 1.0 0.0 0.0 
0.0 262.0 0.3397814657230304 1.04476633740312 0.02 0.12 1.0 0.997032640949555 0.998516320474777 126.45 0.11 
1.0 5.0 -0.0 0.0 -0.0 -0.0 1.0 1.0 1.0 0.0 0.0 
0.0 61.0 0.20889975708752803 0.104449878543764 0.0 0.0 1.0 1.0 1.0 0.0 0.0 
1.0 3.0 0.6732723695523724 0.466894253463719 -0.01 0.02 1.0 1.0 1.0 12.85 0.01 
0.0 45.0 0.07940617799097693 0.0736787158732996 0.0 0.0 1.0 1.0 1.0 0.04 0.01 
1.0 1.0 0.24107466687909204 0.131934029991871 -0.0 0.0 1.0 1.0 1.0 0.05 0.01 
0.0 102.0 0.1371731373807102 0.0685865686903551 0.0 0.0 1.0 0.9785407725321889 0.989270386266094 0.0 0.0 
1.0 7.0 0.08378523249349591 0.0710957487134375 0.12 0.16 0.9562289562289562 0.9595959595959596 0.957912457912458 273.24 1.35 
0.0 99.0 0.09931340437300537 0.0756120468829409 0.01 0.01 1.0 1.0 1.0 20.48 0.17 
1.0 7.0 0.07124533401515272 0.0475033435705941 0.02 0.02 1.0 1.0 1.0 279.0 0.21 
0.0 273.0 0.7648871092878222 0.7484831649841 -0.04 0.33 0.9072164948453608 0.9432989690721648 0.925257731958763 263.52 1.5 
1.0 7.0 0.0581557306257278 0.0290778653128639 0.0 0.0 1.0 1.0 1.0 0.0 0.0 
0.0 70.0 1.5775858803633986 1.54033805984132 -0.06 0.23 0.9289617486338798 0.9972677595628417 0.963114754098361 521.95 0.05 
1.0 4.0 0.3083727042963771 0.163505561233362 -0.0 0.0 1.0 1.0 1.0 0.07 0.01 
0.0 122.0 0.06002390931952181 0.209139010735878 -0.0 0.0 1.0 1.0 1.0 0.31 0.03 
1.0 5.0 1.8765175757073675 1.77361367333737 0.04 0.86 0.97953216374269 0.997076023391813 0.988304093567251 895.75 0.83 
0.0 72.0 0.02757769791835 0.013788848959175 0.0 0.0 1.0 1.0 1.0 0.0 0.0 
1.0 5.0 0.5357032236143623 0.797637408429599 0.06 0.32 1.0 1.0 1.0 226.21 0.95 
0.0 66.0 -0.0 0.0 -0.0 0.0 0.9873949579831934 0.9957983193277314 0.991596638655462 0.01 0.0 
1.0 2.0 0.9837100363861178 0.619275269403098 0.05 0.13 0.9869791666666664 0.9869791666666664 0.986979166666667 609.18 0.33 
0.0 125.0 -0.0 0.0 -0.0 -0.0 1.0 1.0 1.0 0.0 0.0 
1.0 4.0 0.04194767763524135 0.0209738388176207 -0.0 -0.0 1.0 1.0 1.0 0.0 0.0 
0.0 3.0 0.15377224993904032 0.0768861249695202 -0.0 -0.0 1.0 1.0 1.0 0.0 0.0 
1.0 6.0 0.08327901470975449 0.0694085357476552 -0.0 0.0 1.0 1.0 1.0 0.03 0.01 
0.0 51.0 0.08327901470975449 0.446046663111233 -0.0 0.0 1.0 1.0 1.0 0.97 0.08 
1.0 2.0 0.030710110846276655 0.0153550554231383 0.04 0.04 0.9933554817275748 0.9966777408637872 0.995016611295681 293.43 0.4 
0.0 86.0 0.05762288789854216 0.282977721255598 -0.04 0.0 0.9781420765027322 0.9972677595628417 0.987704918032787 2.16 0.05 
1.0 2.0 -0.0 0.0 -0.0 -0.0 1.0 1.0 1.0 0.0 0.0 
0.0 2.0 0.6812081464062815 0.406762611814671 0.01 0.05 1.0 1.0 1.0 454.87 0.01 
1.0 4.0 0.021845696904517597 0.0109228484522588 0.02 0.02 0.9967637540453076 0.9967637540453076 0.996763754045307 309.0 0.21 
0.0 93.0 0.4895166735184531 0.255275413064451 -0.01 0.0 1.0 0.3788819875776397 0.68944099378882 2.02 0.04 
1.0 4.0 0.05539603510551136 0.0276980175527557 0.0 0.0 1.0 1.0 1.0 0.0 0.0 
0.0 302.0 0.8267010801842175 0.490606940932875 0.04 0.08 1.0 1.0 1.0 382.74 0.45 
1.0 3.0 0.01770325075828995 0.0177032507582899 0.03 0.03 0.9949494949494948 0.9949494949494948 0.994949494949495 396.0 0.32 
0.0 64.0 0.02689925049448106 0.0134496252472405 0.0 0.0 1.0 1.0 1.0 0.0 0.0 
1.0 0.0 0.19267620766013585 0.192676207660136 -0.05 0.0 0.940721649484536 0.940721649484536 0.940721649484536 0.0 2.69 
0.0 65.0 0.02097864624030526 0.0763039085432006 -0.0 0.0 1.0 0.9845201238390092 0.992260061919505 0.04 0.01 
1.0 6.0 -0.0 0.0 -0.0 -0.0 1.0 1.0 1.0 0.0 0.0 
0.0 232.0 0.8316960826803917 0.415848041340196 -0.01 0.0 0.9968652037617554 0.9968652037617554 0.996865203761755 1.14 0.01 
1.0 1.0 0.05064557459684865 0.0253227872984243 -0.0 -0.0 1.0 1.0 1.0 0.0 0.0 
0.0 78.0 0.021373918555031072 0.0213451971728369 -0.0 0.0 1.0 0.996845425867508 0.998422712933754 0.01 0.0 
1.0 6.0 0.4182909823457828 0.751816382048296 0.22 0.36 0.7908847184986596 0.8766756032171583 0.833780160857909 377.77 1.04 
0.0 64.0 0.28119813480372685 0.810192583606681 -0.01 0.05 1.0 0.9974226804123713 0.998711340206186 76.07 0.07 
1.0 6.0 0.0793921547963163 0.0396960773981582 -0.0 0.0 0.9805825242718446 0.9967637540453076 0.988673139158576 0.03 0.01 
0.0 76.0 0.729096180970133 0.364548090485066 -0.03 0.03 1.0 0.9712041884816756 0.985602094240838 18.31 0.27 
1.0 4.0 -0.0 0.0 0.06 0.07 0.9870689655172414 0.9870689655172414 0.987068965517241 232.0 0.66 
0.0 31.0 0.03865721594315093 0.0193286079715755 -0.0 0.0 1.0 0.9904153354632588 0.995207667731629 0.02 0.0 
1.0 5.0 0.8120455419805839 0.416709730267808 0.01 0.04 0.996845425867508 0.996845425867508 0.996845425867508 422.0 0.09 
0.0 40.0 0.08945330656204878 0.055442500352267 0.04 0.04 0.9936908517350158 0.9936908517350158 0.993690851735016 317.02 0.28 
1.0 2.0 0.07312811735619988 0.0954764809586604 0.01 0.01 1.0 1.0 1.0 40.18 0.17 
0.0 186.0 0.05204098300862845 0.157766644748683 -0.0 0.0 1.0 0.9847560975609758 0.992378048780488 0.22 0.02 
1.0 7.0 -0.0 0.0 -0.0 -0.0 1.0 1.0 1.0 0.0 0.0 
0.0 215.0 0.36640372260383863 0.200356862866681 0.02 0.02 1.0 0.997229916897507 0.998614958448753 69.29 0.24 
1.0 5.0 0.03960910401039758 0.0198045520051988 0.0 0.0 1.0 1.0 1.0 0.0 0.0 
0.0 96.0 0.972890737844 0.495764578007173 -0.0 0.0 1.0 1.0 1.0 0.57 0.02 
1.0 7.0 0.7050575594494202 0.660335504725267 0.18 0.29 0.9935275080906149 0.9967637540453076 0.995145631067961 361.13 1.87 
0.0 133.0 0.5451875650838816 0.511955429291194 -0.01 0.03 0.9885057471264372 0.9942528735632185 0.991379310344828 116.5 0.28 
1.0 1.0 0.9904630261725093 1.26712673929629 -0.0 0.39 0.989795918367347 0.989795918367347 0.989795918367347 724.3 0.1 
0.0 113.0 -0.0 0.0 0.0 0.0 1.0 1.0 1.0 0.0 0.0 
1.0 3.0 0.022090069599185986 0.022090069599186 0.02 0.02 1.0 1.0 1.0 304.0 0.24 
0.0 151.0 0.02059871506110972 0.0102993575305549 -0.0 0.0 0.9909909909909907 0.993993993993994 0.992492492492492 0.02 0.0 
1.0 2.0 0.26732307098197505 0.716231417350779 0.04 0.11 0.9973753280839898 0.9973753280839898 0.99737532808399 608.33 0.05 
0.0 13.0 0.06510641407332453 0.0960864922270594 -0.01 0.02 0.7447552447552448 0.9965034965034965 0.870629370629371 71.43 0.01 
1.0 3.0 0.6274370336771098 0.324348198292955 0.01 0.02 0.9968652037617554 0.9968652037617554 0.996865203761755 319.48 0.03 
0.0 163.0 0.05375055728088882 0.0459956150162851 -0.0 0.0 0.9916897506925209 0.997229916897507 0.994459833795014 0.05 0.01 
1.0 2.0 0.3132216644563332 0.156610832228167 -0.0 -0.0 1.0 1.0 1.0 0.0 0.0 
0.0 136.0 0.13876938584199588 0.61189353019284 -0.01 0.06 1.0 0.8385964912280703 0.919298245614035 134.92 0.1 
1.0 7.0 0.9844036538557088 0.492201826927854 -0.0 0.0 1.0 1.0 1.0 0.0 0.0 
0.0 256.0 0.04624639022456452 0.246128655234199 -0.01 0.0 1.0 0.9930555555555556 0.996527777777778 0.38 0.04 
1.0 6.0 1.0895803914479159 0.544790195723958 0.0 -0.0 1.0 1.0 1.0 0.0 0.0 
0.0 136.0 0.7894866775585219 0.406882974025791 -0.01 0.0 1.0 1.0 1.0 1.06 0.0 
1.0 3.0 0.02013133843277965 0.635426786218179 -0.03 0.04 1.0 0.9630681818181815 0.981534090909091 27.14 0.19 
0.0 114.0 0.19890059851467368 0.733366893614924 -0.01 0.05 0.9890909090909092 0.9963636363636365 0.992727272727273 54.01 0.0 
1.0 6.0 0.7894866775585219 0.406882974025791 -0.0 0.0 1.0 1.0 1.0 1.06 0.0 
0.0 5.0 0.050935213239972035 0.105577388155784 0.04 0.05 0.9922779922779922 0.9922779922779922 0.992277992277992 259.07 0.33 
