1.0 5.0 0.17509560300706856 0.677132544033576 0.01 0.05 0.9970845481049562 0.9970845481049562 0.997084548104956 372.07 0.13 
0.0 209.0 0.32825573769605837 0.173995134657233 -0.0 0.0 1.0 0.994236311239193 0.997118155619596 0.12 0.01 
1.0 0.0 0.059954128784417776 0.0599541287844178 -0.0 0.0 0.9922779922779922 0.9922779922779922 0.992277992277992 0.0 0.84 
0.0 34.0 0.06160671047278965 0.0308033552363948 0.0 0.0 1.0 0.9962686567164178 0.998134328358209 0.0 0.0 
1.0 6.0 0.9099802582506228 0.475478432902873 -0.01 0.03 0.9969969969969968 0.9969969969969968 0.996996996996997 351.55 0.17 
0.0 76.0 0.02376135312603553 0.0118806765630178 -0.0 0.0 1.0 0.9964157706093186 0.998207885304659 0.0 0.0 
1.0 7.0 0.8014815654652077 0.429415473325277 -0.01 0.02 0.994475138121547 0.9972375690607737 0.99585635359116 182.36 0.03 
0.0 146.0 0.2854294445392875 0.153488850133077 -0.0 0.0 1.0 0.97444089456869 0.987220447284345 0.09 0.01 
1.0 2.0 -0.0 0.0 -0.0 -0.0 1.0 1.0 1.0 0.0 0.0 
0.0 30.0 0.02757769791835 0.013788848959175 0.0 0.0 1.0 1.0 1.0 0.0 0.0 
1.0 5.0 0.027778358172627568 0.0138891790863138 0.0 0.0 1.0 1.0 1.0 0.0 0.0 
0.0 61.0 0.15813042339494393 0.079065211697472 -0.0 0.0 1.0 0.9968152866242038 0.998407643312102 0.0 0.0 
1.0 6.0 0.689856498589211 0.414650669839747 -0.05 0.05 0.9352331606217616 0.9585492227979274 0.946891191709845 27.68 0.02 
0.0 40.0 0.02148980552905605 0.0685152552103416 -0.0 0.0 1.0 1.0 1.0 0.02 0.0 
1.0 4.0 0.6020888526113631 0.301044426305682 0.0 -0.0 1.0 1.0 1.0 0.0 0.0 
0.0 76.0 0.09478844509402591 0.0667228305185884 -0.0 0.0 1.0 1.0 1.0 0.04 0.01 
1.0 0.0 0.21052969905042704 0.210529699050427 -0.04 0.0 0.9721362229102168 0.9721362229102168 0.972136222910217 0.0 1.83 
0.0 547.0 0.02097864624030526 0.0209786462403053 -0.0 0.0 0.9969135802469133 0.9969135802469133 0.996913580246914 0.01 0.0 
1.0 2.0 -0.0 0.0 0.02 0.02 0.9962686567164178 0.9962686567164178 0.996268656716418 268.0 0.28 
0.0 324.0 0.04228243415597148 0.0211412170779857 -0.0 -0.0 1.0 1.0 1.0 0.0 0.0 
1.0 7.0 0.06002390931952181 0.0514966727786034 -0.0 0.0 1.0 1.0 1.0 0.02 0.0 
0.0 144.0 0.3270536257119778 0.163526812855989 -0.0 0.0 1.0 1.0 1.0 0.0 0.0 
1.0 5.0 0.574268791184449 0.560560391709356 0.0 0.08 1.0 1.0 1.0 50.8 0.92 
0.0 105.0 -0.0 0.0 0.0 0.0 1.0 1.0 1.0 0.0 0.0 
1.0 2.0 0.2110056878777056 0.201840947768921 0.33 0.38 0.940721649484536 0.9432989690721648 0.94201030927835 1380.6 2.39 
0.0 69.0 -0.0 0.0 -0.0 -0.0 1.0 1.0 1.0 0.0 0.0 
1.0 0.0 -0.0 0.0 -0.0 0.0 1.0 1.0 1.0 0.0 0.0 
0.0 10.0 0.5458278442333655 0.272913922116683 0.0 -0.0 1.0 0.6703910614525139 0.835195530726257 0.0 0.0 
1.0 7.0 0.029504444501537695 0.0295044445015377 -0.0 0.0 1.0 1.0 1.0 0.0 0.0 
0.0 205.0 1.1097297917014308 0.607489503618765 -0.01 0.01 1.0 0.98125 0.990625 4.29 0.16 
1.0 1.0 -0.0 0.0 0.0 0.0 1.0 1.0 1.0 0.0 0.0 
0.0 39.0 0.2574367821110266 0.713144750103225 0.08 0.31 0.8891752577319588 0.9072164948453608 0.89819587628866 446.27 0.65 
1.0 5.0 0.7825244925771258 0.670477425198261 0.02 0.24 0.9417989417989414 0.955026455026455 0.948412698412698 336.9 0.2 
0.0 298.0 -0.0 0.0 0.0 0.0 1.0 0.9960474308300395 0.99802371541502 0.0 0.0 
1.0 4.0 -0.0 0.0 -0.0 -0.0 1.0 1.0 1.0 0.0 0.0 
0.0 40.0 0.9834552612199718 0.500579255989131 -0.01 0.0 1.0 0.9949494949494948 0.997474747474747 1.8 0.0 
1.0 1.0 0.02160704778466883 0.0108035238923344 -0.0 0.0 1.0 0.996794871794872 0.998397435897436 0.0 0.0 
0.0 233.0 1.415503728125571 1.41239515697932 0.06 0.57 1.0 0.878125 0.9390625 523.27 0.59 
1.0 0.0 0.022090069599185986 0.022090069599186 -0.0 0.0 1.0 1.0 1.0 0.0 0.27 
0.0 118.0 0.059178583588216475 0.128418860477175 0.17 0.24 0.8943298969072165 0.9072164948453608 0.900773195876289 343.04 1.68 
1.0 7.0 0.020923452826532903 0.0104617264132664 0.02 0.02 1.0 0.9969135802469133 0.998456790123457 324.0 0.24 
0.0 11.0 0.5988648945735348 0.312929432058532 0.01 0.02 1.0 0.8916666666666668 0.945833333333333 39.16 0.12 
1.0 3.0 -0.0 0.0 0.0 0.0 1.0 1.0 1.0 0.0 0.0 
0.0 13.0 0.7611601600148685 0.500770072063056 0.01 0.05 0.9922779922779922 0.9922779922779922 0.992277992277992 262.42 0.09 
1.0 2.0 0.17848108495697895 0.140251433308815 -0.0 0.0 1.0 1.0 1.0 0.18 0.02 
0.0 85.0 0.7427096949022739 0.396514366856976 -0.01 0.0 1.0 0.9904458598726114 0.995222929936306 0.68 0.05 
1.0 2.0 1.1642717827887903 0.582135891394395 -0.0 0.0 1.0 1.0 1.0 0.0 0.0 
0.0 205.0 0.7445555330020763 0.458979729264895 0.01 0.07 0.9072164948453608 0.9974226804123713 0.952319587628866 514.74 0.4 
1.0 4.0 0.5458278442333655 1.27928244456051 0.21 0.55 0.628491620111732 0.6703910614525139 0.649441340782123 331.06 0.44 
0.0 189.0 -0.0 0.0 -0.0 -0.0 1.0 1.0 1.0 0.0 0.0 
1.0 2.0 0.06685739284696796 0.033428696423484 -0.0 -0.0 1.0 1.0 1.0 0.0 0.0 
0.0 77.0 0.9099802582506228 0.465210308529536 -0.01 0.0 1.0 0.9969969969969968 0.998498498498498 0.42 0.03 
1.0 2.0 0.021845696904517597 0.0109228484522588 0.02 0.02 0.9967637540453076 0.9967637540453076 0.996763754045307 309.0 0.2 
0.0 6.0 0.03855448604303559 0.115226313268083 -0.0 0.0 1.0 1.0 1.0 0.1 0.01 
1.0 6.0 0.021259362908799616 0.0106296814543998 0.02 0.02 0.9968652037617554 0.9968652037617554 0.996865203761755 319.0 0.22 
0.0 16.0 0.8382272584994898 0.419113629249745 0.17 0.26 0.8711340206185567 0.9072164948453608 0.889175257731959 277.42 1.43 
1.0 7.0 0.04194767763524135 0.0314631619377733 -0.0 0.0 1.0 1.0 1.0 0.01 0.0 
0.0 27.0 0.03836140891311494 0.0191807044565575 0.0 0.0 1.0 1.0 1.0 0.0 0.0 
1.0 6.0 0.027185575146154974 0.554775314544545 -0.0 0.01 1.0 1.0 1.0 5.12 0.09 
0.0 15.0 -0.0 0.0 0.0 0.0 1.0 0.9934210526315788 0.996710526315789 0.0 0.0 
1.0 5.0 -0.0 0.0 -0.0 -0.0 1.0 1.0 1.0 0.0 0.0 
0.0 1.0 0.061848503732346585 0.0309242518661733 0.0 0.0 1.0 1.0 1.0 0.0 0.0 
1.0 4.0 0.03971800666273055 0.0198590033313653 0.23 0.24 0.9351851851851855 0.9351851851851855 0.935185185185185 324.0 1.99 
0.0 54.0 0.10357955035375177 0.0517897751768759 0.0 0.0 1.0 1.0 1.0 0.0 0.0 
1.0 2.0 0.07789607193187488 0.0584325274200805 0.04 0.04 1.0 1.0 1.0 310.0 0.35 
0.0 62.0 0.05031903881167891 0.204286575481956 -0.0 0.0 1.0 1.0 1.0 0.2 0.02 
1.0 2.0 0.07851576409890412 0.0392578820494521 0.13 0.15 0.9649122807017546 0.9649122807017546 0.964912280701754 342.0 1.23 
0.0 65.0 0.7320792206803771 0.50894338498318 -0.05 0.02 0.9432989690721648 0.9974226804123713 0.970360824742268 13.69 0.01 
1.0 3.0 0.1577337439071949 0.824756820332959 0.08 0.18 0.946875 0.975 0.9609375 676.34 0.22 
0.0 209.0 0.060891489457790514 0.0456744235076038 -0.0 0.0 1.0 1.0 1.0 0.01 0.0 
1.0 2.0 1.1638765731629854 0.581938286581493 -0.0 0.0 1.0 1.0 1.0 0.0 0.0 
0.0 242.0 -0.0 0.0 -0.0 0.0 0.9968652037617554 0.9968652037617554 0.996865203761755 0.0 0.0 
1.0 2.0 0.06905856764132845 0.061987722671029 0.02 0.02 0.9971428571428574 0.9971428571428574 0.997142857142857 350.04 0.17 
0.0 29.0 0.06411543007697888 0.0320577150384894 -0.0 -0.0 1.0 1.0 1.0 0.0 0.0 
1.0 5.0 0.3782971445079927 0.189148572253996 0.07 0.08 0.9845201238390092 0.9845201238390092 0.984520123839009 323.0 0.48 
0.0 143.0 0.8664601284276787 0.493030837797292 -0.01 0.01 1.0 0.9944134078212288 0.997206703910614 2.28 0.13 
1.0 6.0 0.9547866641040146 0.498053653056293 0.01 0.01 1.0 1.0 1.0 217.42 0.04 
0.0 261.0 0.046659453836944406 0.231796565504392 0.01 0.03 0.9 0.9827586206896552 0.941379310344828 74.84 0.09 
1.0 5.0 0.913972938784685 0.793082292618551 -0.03 0.12 0.9867724867724866 0.9867724867724866 0.986772486772487 414.99 0.37 
0.0 37.0 0.5310542528871021 0.285064184196001 -0.0 0.0 1.0 1.0 1.0 0.58 0.04 
1.0 4.0 0.036343991116405766 0.188062728419718 -0.0 0.0 1.0 1.0 1.0 0.17 0.02 
0.0 53.0 0.04750981331278936 0.0237549066563947 -0.0 0.0 1.0 0.9964157706093186 0.998207885304659 0.01 0.0 
1.0 1.0 0.9207139363490046 0.460356968174502 0.07 0.11 0.9769736842105264 0.9769736842105264 0.976973684210526 304.0 0.38 
0.0 178.0 0.8346941474420994 0.41734707372105 -0.0 0.0 1.0 1.0 1.0 0.0 0.0 
1.0 7.0 0.704433045823142 0.667410196677028 0.01 0.06 1.0 1.0 1.0 30.55 0.3 
0.0 212.0 0.2533863028638452 0.137294439933912 -0.0 0.0 1.0 0.9968652037617554 0.998432601880878 0.06 0.01 
1.0 1.0 0.6866352316362762 0.403408251739597 0.05 0.07 0.9923664122137406 0.9923664122137406 0.99236641221374 525.33 0.15 
0.0 90.0 0.9548978214921024 0.477448910746051 -0.0 0.0 1.0 0.9923664122137406 0.99618320610687 0.0 0.0 
1.0 4.0 0.027185575146154974 0.0135927875730775 0.0 0.0 1.0 1.0 1.0 0.0 0.0 
0.0 78.0 1.1722713019000035 0.586135650950002 -0.0 0.0 1.0 0.9966555183946488 0.998327759197324 0.0 0.0 
1.0 1.0 0.3692056007821668 0.28343236907415 0.21 0.3 0.9072164948453608 0.9097938144329896 0.908505154639175 397.67 1.49 
0.0 78.0 0.08945330656204878 0.112529412849508 0.01 0.01 0.981072555205047 0.9936908517350158 0.987381703470032 38.09 0.08 
1.0 1.0 0.0863128372055108 0.0691117632991936 -0.0 0.0 1.0 1.0 1.0 0.05 0.01 
0.0 6.0 0.061848503732346585 0.0309242518661733 0.0 0.0 1.0 1.0 1.0 0.0 0.0 
1.0 2.0 0.0581557306257278 0.127798827643854 0.01 0.01 1.0 1.0 1.0 14.59 0.21 
0.0 594.0 0.9767999691326616 0.999405095724908 -0.01 0.2 1.0 1.0 1.0 92.2 0.56 
1.0 3.0 0.019215460994747392 0.0096077304973737 -0.0 -0.0 1.0 1.0 1.0 0.0 0.0 
0.0 17.0 0.02376135312603553 0.0237613531260355 -0.0 0.0 1.0 1.0 1.0 0.0 0.0 
1.0 6.0 0.06437341627073791 0.348308110244601 -0.01 0.0 1.0 1.0 1.0 2.0 0.09 
0.0 173.0 0.8382272584994898 0.808853050624269 0.05 0.15 1.0 0.9072164948453608 0.95360824742268 260.76 0.41 
1.0 1.0 1.160869305594259 1.09787712335657 0.03 0.48 1.0 0.996551724137931 0.998275862068966 304.28 0.82 
0.0 163.0 0.02883072855956151 0.0144153642797808 0.0 0.0 1.0 1.0 1.0 0.0 0.0 
1.0 1.0 0.08658995362655052 0.0624608032366192 -0.0 0.0 1.0 1.0 1.0 0.03 0.0 
0.0 112.0 0.03855448604303559 0.138892763581233 -0.0 0.0 1.0 1.0 1.0 0.1 0.01 
1.0 5.0 0.13878696020966902 0.0693934801048345 0.0 0.0 1.0 0.996894409937888 0.998447204968944 0.0 0.0 
0.0 313.0 0.7642232507044483 0.40041999004208 0.0 0.01 1.0 1.0 1.0 1.66 0.05 
1.0 5.0 0.8606185834564639 0.450956744795717 -0.01 0.05 0.9619883040935674 0.9912280701754383 0.976608187134503 86.88 0.12 
0.0 49.0 0.09082115907725631 0.0781174876816488 0.03 0.03 1.0 1.0 1.0 191.01 0.28 
1.0 7.0 -0.0 0.0 0.0 -0.0 1.0 0.9842105263157896 0.992105263157895 0.0 0.0 
0.0 92.0 0.5272617660706461 0.435200551811616 -0.0 0.03 1.0 1.0 1.0 9.82 0.47 
1.0 0.0 0.03851501073265697 0.038515010732657 -0.0 0.0 1.0 1.0 1.0 0.0 0.33 
0.0 257.0 0.08373481733391841 0.0528816228272365 -0.0 0.0 1.0 0.9967213114754097 0.998360655737705 0.02 0.0 
1.0 3.0 1.1532957369804067 0.576647868490203 -0.0 0.0 1.0 1.0 1.0 0.0 0.0 
0.0 58.0 0.09167492896130204 0.199632818432215 -0.0 0.0 1.0 1.0 1.0 0.4 0.05 
1.0 2.0 0.08762905025492956 0.444225436539663 0.22 0.29 0.9176136363636364 0.9176136363636364 0.917613636363636 369.07 1.25 
0.0 3.0 -0.0 0.0 0.04 0.04 0.9933110367892976 0.9933110367892976 0.993311036789298 299.0 0.4 
1.0 2.0 0.8694098504199583 0.95301317236857 -0.01 0.32 0.9942693409742118 0.9942693409742118 0.994269340974212 521.26 0.13 
0.0 95.0 0.028085307477329197 0.0140426537386646 0.0 0.0 1.0 0.9870689655172414 0.993534482758621 0.0 0.0 
1.0 2.0 0.9548978214921024 0.590549375958326 0.03 0.1 0.9923664122137406 0.9923664122137406 0.99236641221374 436.16 0.35 
0.0 36.0 0.36434859208232206 0.75725934150749 -0.0 0.06 1.0 0.98125 0.990625 179.35 0.17 
1.0 6.0 0.9363694874611495 0.601909736153785 0.02 0.07 0.9963235294117646 0.9963235294117646 0.996323529411765 291.07 0.06 
0.0 10.0 0.020080804663228723 0.0200808046632287 0.02 0.02 0.9912536443148688 0.9912536443148688 0.991253644314869 151.11 0.3 
1.0 0.0 0.13876938584199588 0.138769385841996 -0.0 0.0 1.0 1.0 1.0 0.0 0.93 
0.0 63.0 0.0649157045465794 0.140842981331453 -0.0 0.0 1.0 0.993006993006993 0.996503496503496 0.2 0.03 
1.0 7.0 -0.0 0.0 0.0 0.0 1.0 1.0 1.0 0.0 0.0 
0.0 183.0 0.9215857165728834 1.16543615120298 0.09 0.4 1.0 0.878125 0.9390625 499.11 0.68 
1.0 1.0 -0.0 0.0 0.0 0.0 1.0 1.0 1.0 0.0 0.0 
0.0 177.0 0.42271570507772094 0.230635095560378 -0.0 0.0 1.0 0.9808917197452226 0.990445859872611 0.35 0.04 
1.0 1.0 0.03907653443838127 0.0293094358335897 -0.0 0.0 1.0 1.0 1.0 0.01 0.0 
0.0 114.0 0.4303910229252441 0.215195511462622 -0.0 0.0 1.0 0.9946091644204854 0.997304582210243 0.23 0.02 
1.0 2.0 0.5262381232425133 0.263119061621257 -0.0 0.0 1.0 1.0 1.0 0.0 0.0 
0.0 82.0 0.4895166735184531 0.391633031733873 -0.01 0.06 1.0 0.3788819875776397 0.68944099378882 43.22 0.43 
1.0 1.0 -0.0 0.0 0.0 0.0 1.0 1.0 1.0 0.0 0.0 
0.0 342.0 0.18902343369184288 0.678938075893634 -0.15 0.05 0.8891752577319588 0.9149484536082472 0.902061855670103 54.28 0.03 
1.0 5.0 0.05594538109009752 0.0419126257792465 0.05 0.05 0.9913793103448276 0.9956896551724136 0.993534482758621 347.5 0.48 
0.0 133.0 0.050935213239972035 0.0990815594115694 -0.01 0.0 0.9922779922779922 0.9922779922779922 0.992277992277992 0.13 0.02 
1.0 7.0 0.02097864624030526 0.0209786462403053 0.02 0.02 1.0 1.0 1.0 323.0 0.23 
0.0 1.0 0.02108997467516504 0.790900490222644 0.14 0.31 0.9067796610169492 0.9067796610169492 0.906779661016949 355.38 0.45 
1.0 7.0 -0.0 0.0 -0.0 -0.0 1.0 1.0 1.0 0.0 0.0 
0.0 75.0 0.022859724367924498 0.0114298621839623 -0.0 -0.0 1.0 0.9668874172185432 0.983443708609272 0.0 0.0 
