1.0 7.0 0.7353576859029652 1.15893051155897 0.09 0.79 0.8993055555555556 0.9305555555555556 0.914930555555556 498.04 0.39 
0.0 272.0 0.8712535457073128 0.522206650731207 -0.07 0.03 0.971786833855799 0.9968652037617554 0.984326018808777 17.53 0.01 
1.0 5.0 0.019734531618407967 0.0751725974848146 -0.0 0.0 1.0 1.0 1.0 0.03 0.0 
0.0 136.0 0.7445555330020763 0.390211847893313 0.0 0.01 1.0 0.9974226804123713 0.998711340206186 12.2 0.05 
1.0 2.0 0.476305553807033 0.238152776903516 0.0 0.0 1.0 0.9957983193277314 0.997899159663866 0.0 0.0 
0.0 87.0 0.38630736765474943 0.279698145169514 -0.0 0.0 1.0 1.0 1.0 4.04 0.02 
1.0 3.0 0.6577769648382245 0.443096285210512 0.38 0.62 0.5526315789473684 0.5935672514619882 0.573099415204678 340.71 1.26 
0.0 5.0 -0.0 0.0 0.0 -0.0 1.0 0.9963898916967509 0.998194945848375 0.0 0.0 
1.0 4.0 0.36416639636829046 0.182083198184145 -0.0 -0.0 1.0 1.0 1.0 0.0 0.0 
0.0 232.0 0.8316960826803917 0.415848041340196 -0.01 0.0 0.9968652037617554 0.9968652037617554 0.996865203761755 1.14 0.01 
1.0 2.0 0.0678872387735005 0.98436432351018 -0.01 0.01 1.0 1.0 1.0 4.88 0.01 
0.0 79.0 0.6252530466827269 0.312626523341363 0.01 0.01 1.0 0.9964664310954064 0.998233215547703 46.33 0.1 
1.0 4.0 0.5311485121515958 0.531101382519349 -0.06 0.0 1.0 1.0 1.0 0.34 0.02 
0.0 282.0 0.3176998989466621 0.225284969518659 0.04 0.08 1.0 0.9072164948453608 0.95360824742268 398.42 0.46 
1.0 2.0 -0.0 0.0 0.0 0.0 1.0 1.0 1.0 0.0 0.0 
0.0 2.0 -0.0 0.0 -0.0 -0.0 1.0 1.0 1.0 0.0 0.0 
1.0 2.0 -0.0 0.0 -0.0 -0.0 1.0 1.0 1.0 0.0 0.0 
0.0 9.0 0.3875489036643238 0.193774451832162 -0.0 -0.0 1.0 1.0 1.0 0.0 0.0 
1.0 3.0 0.11775585848106193 0.60084533335119 -0.01 0.01 1.0 1.0 1.0 7.37 0.03 
0.0 88.0 0.5567565061040037 0.278378253052002 -0.01 0.0 1.0 0.977077363896848 0.988538681948424 1.27 0.1 
1.0 2.0 0.02757769791835 0.013788848959175 0.0 0.0 1.0 1.0 1.0 0.0 0.0 
0.0 15.0 0.06588148795610516 0.734268452947503 0.01 0.06 0.9929328621908128 0.9929328621908128 0.992932862190813 316.18 0.09 
1.0 0.0 0.72369587573823 0.72369587573823 -0.09 0.0 0.9661016949152542 0.9661016949152542 0.966101694915254 0.0 2.22 
0.0 207.0 0.0605098655008392 0.0302549327504196 -0.0 0.0 1.0 0.9935691318327972 0.996784565916399 0.02 0.0 
1.0 4.0 0.9594164352658762 1.10064686088691 0.15 0.71 0.9935691318327972 0.9967845659163987 0.995176848874598 710.92 1.39 
0.0 111.0 1.1755406770639067 0.642131188578935 -0.01 0.02 1.0 0.9973958333333331 0.998697916666667 21.27 0.0 
1.0 2.0 0.6812081464062815 0.406762611814671 0.01 0.05 1.0 1.0 1.0 454.87 0.01 
0.0 340.0 -0.0 0.0 -0.0 -0.0 1.0 1.0 1.0 0.0 0.0 
1.0 4.0 1.7774068038561743 1.61291101665131 0.23 1.04 0.901060070671378 0.9187279151943462 0.909893992932862 1051.75 0.46 
0.0 10.0 -0.0 0.0 0.12 0.13 0.971786833855799 0.971786833855799 0.971786833855799 319.0 0.98 
1.0 6.0 1.3216157393666046 0.72096804947044 0.06 0.13 0.9802259887005648 0.9802259887005648 0.980225988700565 384.96 0.32 
0.0 159.0 1.7774068038561743 1.43862534578985 0.07 0.73 1.0 0.9187279151943462 0.959363957597173 501.46 0.16 
1.0 6.0 0.07610740857867801 0.146557687192833 -0.0 0.0 1.0 1.0 1.0 0.28 0.03 
0.0 212.0 -0.0 0.0 0.01 0.01 0.924778761061947 0.9955752212389378 0.960176991150443 12.35 0.17 
1.0 7.0 0.476305553807033 0.251745564476594 -0.0 0.0 1.0 0.9957983193277314 0.997899159663866 0.13 0.02 
0.0 23.0 0.9374723317261004 0.46873616586305 -0.0 0.0 1.0 0.9870689655172414 0.993534482758621 0.0 0.0 
1.0 7.0 0.09368049545705534 0.0663785149477183 -0.0 0.0 1.0 1.0 1.0 0.03 0.0 
0.0 46.0 0.15303827878085166 0.0765191393904258 -0.0 0.0 1.0 0.9941002949852508 0.997050147492625 0.05 0.01 
1.0 5.0 0.696576102069623 0.983056991472788 0.19 0.5 1.0 1.0 1.0 659.95 1.01 
0.0 623.0 0.9096610437814356 0.64860497372288 -0.0 0.05 1.0 0.9591836734693876 0.979591836734694 19.67 0.4 
1.0 3.0 0.051975747718785686 0.0405695750963615 -0.0 0.0 1.0 1.0 1.0 0.01 0.0 
0.0 22.0 1.4387339901104848 0.771156770232118 -0.01 0.01 1.0 0.9974554707379136 0.998727735368957 8.43 0.14 
1.0 0.0 0.21873807939286777 0.218738079392868 -0.01 0.0 0.9967105263157896 0.9967105263157896 0.996710526315789 0.0 1.42 
0.0 319.0 1.8213206943708171 0.910660347185409 -0.0 0.0 1.0 1.0 1.0 0.0 0.0 
1.0 1.0 0.5923940706928204 0.583483961441018 0.36 0.57 1.0 1.0 1.0 371.0 2.17 
0.0 114.0 0.0693153717009415 0.0346576858504707 0.0 0.0 1.0 0.9956896551724136 0.997844827586207 0.0 0.0 
1.0 7.0 0.06989355605515787 0.0349467780275789 -0.0 -0.0 1.0 1.0 1.0 0.0 0.0 
0.0 39.0 0.04824430334970792 0.137356751593459 -0.0 0.0 1.0 0.9927536231884057 0.996376811594203 0.22 0.03 
1.0 2.0 0.944729522285408 0.624539254261196 0.02 0.16 0.9148264984227128 0.9621451104100947 0.938485804416404 224.37 0.33 
0.0 22.0 0.06002390931952181 0.0600239093195218 -0.0 0.0 1.0 1.0 1.0 0.03 0.0 
1.0 6.0 0.6752066242484 0.358577150941821 -0.0 0.01 1.0 1.0 1.0 2.95 0.05 
0.0 80.0 0.8774062514504307 0.594571052993441 -0.02 0.06 1.0 1.0 1.0 189.23 0.23 
1.0 2.0 1.6321156904601775 0.880776654566554 0.13 0.25 0.943859649122807 0.943859649122807 0.943859649122807 323.2 0.37 
0.0 12.0 0.850713860611364 0.425356930305682 0.0 -0.0 1.0 1.0 1.0 0.0 0.0 
1.0 4.0 0.8322867037097866 0.535057421189793 0.06 0.1 1.0 1.0 1.0 82.54 0.78 
0.0 303.0 0.026166434420869997 0.013083217210435 -0.0 -0.0 1.0 1.0 1.0 0.0 0.0 
1.0 1.0 -0.0 0.0 0.0 0.0 1.0 1.0 1.0 0.0 0.0 
0.0 49.0 0.6859711247283636 0.353474885484334 0.01 0.02 0.9907407407407408 0.9969135802469133 0.993827160493827 112.46 0.15 
1.0 2.0 -0.0 0.0 0.0 0.0 1.0 1.0 1.0 0.0 0.0 
0.0 107.0 0.06002390931952181 0.125961024906326 -0.0 0.0 1.0 1.0 1.0 0.15 0.02 
1.0 6.0 0.04107719423124237 0.116994643367164 -0.0 0.0 1.0 1.0 1.0 0.1 0.02 
0.0 30.0 0.055740919119538684 0.0278704595597693 0.02 0.02 0.9870689655172414 0.9956896551724136 0.991379310344828 76.68 0.23 
1.0 5.0 0.023266578733959636 0.0116332893669798 -0.0 -0.0 1.0 1.0 1.0 0.0 0.0 
0.0 98.0 0.41349129023238873 0.217578737510394 -0.0 0.0 1.0 1.0 1.0 0.09 0.01 
1.0 4.0 0.06184819574705822 0.0420001388341368 0.09 0.1 0.9805825242718446 0.9805825242718446 0.980582524271845 309.01 0.89 
0.0 45.0 0.6452750205454816 0.322637510272741 0.0 0.01 0.9802631578947366 0.9967105263157896 0.988486842105263 3.28 0.13 
1.0 4.0 0.3492386707806156 0.301517960635358 0.02 0.03 0.9972677595628417 0.9972677595628417 0.997267759562842 368.61 0.11 
0.0 51.0 0.06506264053338344 0.0517120247232492 -0.0 0.0 1.0 1.0 1.0 0.01 0.0 
1.0 6.0 0.049314561447631994 0.024657280723816 -0.0 -0.0 1.0 1.0 1.0 0.0 0.0 
0.0 11.0 0.42261527491331197 0.231795941234217 -0.0 0.0 1.0 1.0 1.0 0.24 0.03 
1.0 3.0 0.1373768512200766 0.0686884256100383 0.14 0.17 0.9598765432098764 0.9598765432098764 0.959876543209877 324.0 1.58 
0.0 745.0 0.08591550133466311 0.0429577506673315 -0.02 0.0 0.9551020408163264 0.9632653061224488 0.959183673469388 0.65 0.1 
1.0 2.0 -0.0 0.0 0.0 0.0 1.0 1.0 1.0 0.0 0.0 
0.0 102.0 0.30759070790312737 0.153795353951564 -0.0 0.0 1.0 1.0 1.0 0.0 0.0 
1.0 3.0 0.02376135312603553 0.0118806765630178 -0.0 -0.0 1.0 1.0 1.0 0.0 0.0 
0.0 306.0 0.12964727676560514 0.0648236383828026 -0.0 -0.0 1.0 1.0 1.0 0.0 0.0 
1.0 3.0 0.23564914246808455 0.641346658829547 -0.02 0.03 1.0 1.0 1.0 18.08 0.02 
0.0 5.0 0.03201815963903439 0.125565214667869 0.02 0.04 0.8448275862068965 0.9956896551724136 0.920258620689655 239.51 0.01 
1.0 7.0 0.628362243986335 0.516766892441639 0.2 0.46 0.94017094017094 0.9444444444444444 0.942307692307692 643.23 1.97 
0.0 184.0 -0.0 0.0 0.0 0.0 1.0 1.0 1.0 0.0 0.0 
1.0 2.0 0.02160704778466883 0.0216070477846688 -0.0 0.0 1.0 1.0 1.0 0.0 0.0 
0.0 12.0 0.8575603360850413 0.947088415201111 -0.04 0.26 0.9942693409742118 0.9942693409742118 0.994269340974212 388.06 0.12 
1.0 3.0 0.06002390931952181 0.0514966727786034 -0.0 0.0 1.0 1.0 1.0 0.02 0.0 
0.0 78.0 0.8792724601879401 0.467094668944335 0.01 0.02 1.0 1.0 1.0 246.35 0.01 
1.0 3.0 0.5707096708311864 0.506661141895308 0.08 0.15 1.0 1.0 1.0 187.32 1.26 
0.0 55.0 0.2533863028638452 0.126693151431923 -0.0 -0.0 1.0 0.9968652037617554 0.998432601880878 0.0 0.0 
1.0 7.0 -0.0 0.0 0.0 0.0 1.0 1.0 1.0 0.0 0.0 
0.0 137.0 0.01497005434010946 0.00748502717005473 -0.0 0.0 1.0 0.9979123173277662 0.998956158663883 0.0 0.0 
1.0 2.0 0.5800804508011576 0.318643655846746 0.05 0.09 0.986784140969163 0.986784140969163 0.986784140969163 250.29 0.52 
0.0 10.0 -0.0 0.0 0.0 0.0 1.0 1.0 1.0 0.0 0.0 
1.0 2.0 0.23742589404963216 1.15229634338085 0.04 0.15 0.9911764705882354 0.9941176470588236 0.992647058823529 800.84 0.11 
0.0 24.0 0.03836140891311494 0.11982765363027 -0.0 0.0 1.0 1.0 1.0 0.04 0.01 
1.0 6.0 0.04296943623768491 0.0792550705646561 -0.0 0.0 1.0 1.0 1.0 0.04 0.01 
0.0 18.0 0.6577769648382245 0.339187839949667 -0.03 0.03 0.5935672514619882 0.9649122807017546 0.779239766081871 19.41 0.22 
1.0 2.0 0.07789607193187488 0.0584325274200805 0.04 0.04 1.0 1.0 1.0 310.0 0.35 
0.0 177.0 0.07586122011969715 0.172811421398085 0.01 0.01 1.0 0.990625 0.9953125 52.33 0.09 
1.0 0.0 1.004007329106983 1.00400732910698 -0.49 0.0 0.9747899159663864 0.9747899159663864 0.974789915966387 0.0 1.61 
0.0 6.0 0.09946508824765289 0.0600585873636565 -0.0 0.0 1.0 0.9939209726443768 0.996960486322188 0.02 0.0 
1.0 3.0 0.2537972504901004 0.806498715836768 -0.03 0.03 0.9972677595628417 0.9972677595628417 0.997267759562842 370.91 0.15 
0.0 23.0 0.6812081464062815 0.352033935387103 -0.0 0.04 1.0 0.9668874172185432 0.983443708609272 22.38 0.44 
1.0 4.0 0.9557241905338406 0.605282346476959 -0.01 0.1 0.9869791666666664 0.9895833333333331 0.98828125 413.4 0.31 
0.0 35.0 0.696576102069623 0.870686963916474 0.14 0.49 1.0 0.9154518950437318 0.957725947521866 462.23 2.01 
1.0 6.0 1.6278845533520208 1.48335255097543 0.28 0.86 0.948051948051948 0.951298701298701 0.949675324675325 766.47 0.61 
0.0 74.0 0.6084829666228696 0.304241483311435 -0.09 0.07 0.784256559766764 0.9970845481049562 0.89067055393586 33.06 0.8 
1.0 4.0 0.027778358172627568 0.0138891790863138 0.0 0.0 1.0 1.0 1.0 0.0 0.0 
0.0 222.0 1.3625000663430344 1.26567639221923 0.04 0.41 1.0 0.8891752577319588 0.944587628865979 972.22 0.3 
1.0 2.0 0.11884101977355725 0.0594205098867786 0.06 0.06 0.9885057471264372 0.9885057471264372 0.988505747126437 348.0 0.58 
0.0 302.0 0.027778358172627568 0.0138891790863138 -0.0 0.0 1.0 0.9870689655172414 0.993534482758621 0.01 0.0 
1.0 2.0 0.08762905025492956 0.444225436539663 0.22 0.29 0.9176136363636364 0.9176136363636364 0.917613636363636 369.07 1.25 
0.0 388.0 0.04854497464319881 0.0364501100685325 -0.0 0.0 1.0 0.9963235294117646 0.998161764705882 0.01 0.0 
1.0 7.0 0.04896685616960211 0.0488449832637151 0.03 0.03 1.0 0.9944134078212288 0.997206703910614 170.0 0.3 
0.0 120.0 1.2681577537929265 0.691019070380892 -0.04 0.12 0.9666666666666665 0.9933333333333332 0.98 281.51 0.19 
1.0 4.0 0.8299582291348218 0.511317218397479 0.17 0.3 0.940721649484536 0.9432989690721648 0.94201030927835 790.1 1.39 
0.0 6.0 0.787007043964789 0.393503521982395 -0.0 0.0 1.0 1.0 1.0 0.0 0.0 
1.0 7.0 1.4648964059479197 1.28178458277823 0.01 0.24 1.0 0.994910941475827 0.997455470737914 718.96 0.02 
0.0 86.0 0.6697401318544347 0.334870065927217 -0.0 0.0 1.0 1.0 1.0 0.0 0.0 
1.0 6.0 0.8548387522121371 0.604734637758164 -0.04 0.04 1.0 1.0 1.0 24.73 0.03 
0.0 114.0 -0.0 0.0 -0.0 -0.0 1.0 0.9919137466307276 0.995956873315364 0.0 0.0 
1.0 7.0 0.8232494764969268 0.477410393746989 0.07 0.07 1.0 1.0 1.0 330.93 0.12 
0.0 216.0 0.06542834919134329 0.0327141745956716 0.0 0.0 1.0 1.0 1.0 0.0 0.0 
1.0 2.0 0.6313687456193695 0.379753906663702 0.01 0.03 0.9968253968253968 0.9968253968253968 0.996825396825397 322.33 0.19 
0.0 277.0 0.4057145749616423 0.202857287480821 -0.02 0.03 0.8654970760233917 0.9912280701754383 0.928362573099415 14.87 0.32 
1.0 6.0 -0.0 0.0 -0.0 -0.0 1.0 1.0 1.0 0.0 0.0 
0.0 224.0 0.6756916479515236 0.337845823975762 -0.0 0.0 1.0 0.8007968127490038 0.900398406374502 0.0 0.0 
1.0 5.0 2.017355397925815 1.65176672662507 0.08 0.54 0.9692307692307695 0.9743589743589745 0.971794871794872 1034.41 0.02 
0.0 267.0 0.42478094256309645 0.212390471281548 -0.02 0.02 1.0 0.968944099378882 0.984472049689441 14.77 0.08 
1.0 7.0 0.6732723695523724 0.35013316954795 -0.0 0.0 1.0 1.0 1.0 0.23 0.02 
0.0 12.0 0.04557509793548258 0.0227875489677413 -0.0 -0.0 1.0 0.9701986754966888 0.985099337748344 0.0 0.0 
1.0 6.0 -0.0 0.0 -0.0 -0.0 1.0 1.0 1.0 0.0 0.0 
0.0 0.0 0.022214468734433918 0.0222144687344339 -0.0 0.0 1.0 1.0 1.0 0.0 0.22 
1.0 2.0 0.6573879873908814 0.328693993695441 -0.0 0.0 1.0 1.0 1.0 0.0 0.0 
0.0 213.0 0.4540115915195649 0.227005795759782 -0.01 0.0 1.0 0.9904458598726114 0.995222929936306 0.57 0.05 
1.0 6.0 -0.0 0.0 0.0 0.0 1.0 1.0 1.0 0.0 0.0 
0.0 13.0 0.9005595058270913 1.14679654196805 -0.06 0.19 0.9929328621908128 0.9929328621908128 0.992932862190813 467.91 0.0 
1.0 6.0 -0.0 0.0 0.0 0.0 1.0 1.0 1.0 0.0 0.0 
0.0 289.0 -0.0 0.0 0.0 -0.0 1.0 0.909375 0.9546875 0.0 0.0 
1.0 1.0 0.5578069309782849 0.341028884183958 -0.01 0.01 1.0 1.0 1.0 4.23 0.06 
0.0 6.0 0.04004863019043305 0.0200243150952165 -0.0 -0.0 1.0 1.0 1.0 0.0 0.0 
1.0 3.0 0.03907653443838127 0.0195382672191906 0.0 0.0 1.0 1.0 1.0 0.0 0.0 
0.0 30.0 0.9291544317080916 0.560915319684114 0.09 0.24 0.9355670103092784 0.940721649484536 0.938144329896907 439.83 0.73 
