1.0 3.0 0.06542834919134329 0.0327141745956716 0.0 0.0 1.0 1.0 1.0 0.0 0.0 
0.0 96.0 0.9548978214921024 0.486319822026914 -0.0 0.0 1.0 0.9923664122137406 0.99618320610687 0.8 0.03 
1.0 1.0 0.22565525233063266 0.112827626165316 -0.0 -0.0 1.0 0.9940828402366864 0.997041420118343 0.0 0.0 
0.0 41.0 0.0404576242354559 0.020228812117728 0.0 0.01 0.9825072886297378 0.9883381924198252 0.985422740524781 12.74 0.12 
1.0 4.0 -0.0 0.0 0.0 0.0 1.0 1.0 1.0 0.0 0.0 
0.0 50.0 0.6424220210762541 0.341015562543326 -0.01 0.0 1.0 1.0 1.0 1.05 0.05 
1.0 2.0 0.05539603510551136 0.0387430523523487 -0.0 0.0 1.0 1.0 1.0 0.01 0.0 
0.0 27.0 0.023405674664599526 0.0117028373322998 0.0 0.0 1.0 1.0 1.0 0.0 0.0 
1.0 3.0 0.1888272419192105 0.875466320703211 0.04 0.13 0.9892761394101875 0.991957104557641 0.990616621983914 543.38 0.14 
0.0 40.0 0.09826205653251838 0.0787203200603674 0.22 0.28 0.8943298969072165 0.8994845360824743 0.896907216494845 346.29 2.26 
1.0 5.0 0.1615982333492403 0.670079182846307 -0.0 0.04 1.0 0.9881305637982196 0.99406528189911 62.83 0.2 
0.0 140.0 0.6623464715562162 0.331173235778108 -0.0 0.0 1.0 0.9969135802469133 0.998456790123457 0.61 0.02 
1.0 2.0 0.5262381232425133 0.263119061621257 -0.0 0.0 1.0 1.0 1.0 0.0 0.0 
0.0 133.0 0.09242652130229471 0.0462132606511474 0.0 0.0 1.0 1.0 1.0 0.0 0.0 
1.0 6.0 -0.0 0.0 -0.0 -0.0 1.0 1.0 1.0 0.0 0.0 
0.0 60.0 0.2744380346223698 0.137219017311185 -0.0 -0.0 1.0 1.0 1.0 0.0 0.0 
1.0 7.0 0.619066288955174 0.333797472180627 0.01 0.02 1.0 1.0 1.0 12.1 0.22 
0.0 27.0 1.4606626971723649 0.730331348586182 -0.02 0.01 1.0 0.9865229110512128 0.993261455525607 3.17 0.08 
1.0 6.0 0.3875489036643238 0.193774451832162 -0.0 -0.0 1.0 1.0 1.0 0.0 0.0 
0.0 104.0 0.17374999186400675 0.0868749959320034 -0.0 0.0 1.0 0.5950704225352113 0.797535211267606 0.0 0.0 
1.0 7.0 -0.0 0.0 0.0 0.0 1.0 1.0 1.0 0.0 0.0 
0.0 54.0 0.02097864624030526 0.0104893231201526 0.01 0.02 0.9351851851851855 0.9969135802469133 0.966049382716049 29.04 0.27 
1.0 3.0 0.913972938784685 0.456986469392343 0.03 0.05 0.9867724867724866 0.9894179894179894 0.988095238095238 301.59 0.15 
0.0 135.0 0.02390689630310245 0.023834124714569 -0.0 0.0 1.0 0.992831541218638 0.996415770609319 0.01 0.0 
1.0 2.0 0.026077832983397647 0.0130389164916988 -0.0 -0.0 1.0 1.0 1.0 0.0 0.0 
0.0 6.0 0.9339842147523802 0.766606581744176 -0.0 0.08 1.0 1.0 1.0 148.72 0.39 
1.0 3.0 0.022090069599185986 0.022090069599186 0.02 0.02 1.0 1.0 1.0 304.0 0.26 
0.0 188.0 0.850713860611364 0.425356930305682 -0.0 0.01 1.0 0.9880239520958086 0.994011976047904 2.48 0.05 
1.0 6.0 1.3216157393666046 0.72096804947044 0.06 0.13 0.9802259887005648 0.9802259887005648 0.980225988700565 384.96 0.32 
0.0 113.0 0.3923943017619282 0.210612515160745 -0.0 0.0 1.0 1.0 1.0 0.12 0.02 
1.0 7.0 0.09962338946616205 0.146552850398037 -0.0 0.0 1.0 1.0 1.0 0.17 0.03 
0.0 168.0 0.051910689392876415 0.0259553446964382 0.0 0.0 1.0 1.0 1.0 0.0 0.0 
1.0 3.0 0.02376135312603553 0.0118806765630178 -0.0 -0.0 1.0 1.0 1.0 0.0 0.0 
0.0 168.0 0.035868162784549934 0.569043692630161 -0.0 0.01 1.0 0.8994845360824743 0.949742268041237 7.32 0.03 
1.0 2.0 0.757078891007547 0.480712382197962 0.11 0.16 0.9853801169590644 0.9853801169590644 0.985380116959064 709.25 0.52 
0.0 8.0 0.3875489036643238 0.193774451832162 -0.0 -0.0 1.0 1.0 1.0 0.0 0.0 
1.0 7.0 0.08378523249349591 0.0710957487134375 0.12 0.16 0.9562289562289562 0.9595959595959596 0.957912457912458 273.24 1.35 
0.0 151.0 0.02059871506110972 0.0102993575305549 -0.0 0.0 0.9909909909909907 0.993993993993994 0.992492492492492 0.02 0.0 
1.0 5.0 0.6812081464062815 0.340604073203141 0.0 -0.0 1.0 1.0 1.0 0.0 0.0 
0.0 150.0 0.059954128784417776 0.0528212589292007 -0.0 0.0 0.9884169884169884 0.9922779922779922 0.99034749034749 0.08 0.01 
1.0 1.0 0.09498223910622348 0.0578439970936564 0.13 0.14 0.973293768545994 0.973293768545994 0.973293768545994 674.0 0.98 
0.0 15.0 0.2979800776557417 0.148990038827871 -0.0 -0.0 1.0 1.0 1.0 0.0 0.0 
1.0 7.0 0.5292626842151888 0.527797379602209 0.09 0.2 0.96875 0.96875 0.96875 563.04 0.31 
0.0 51.0 0.7320792206803771 0.494758001395702 0.04 0.19 0.9072164948453608 0.9432989690721648 0.925257731958763 270.39 0.69 
1.0 7.0 0.7769308610348622 0.417276874466702 0.01 0.13 0.9726775956284152 0.9781420765027322 0.975409836065574 366.64 0.33 
0.0 77.0 0.061848503732346585 0.0440520944101354 -0.0 0.0 1.0 1.0 1.0 0.01 0.0 
1.0 2.0 0.6812081464062815 0.406762611814671 0.01 0.05 1.0 1.0 1.0 454.87 0.01 
0.0 4.0 0.05031903881167891 0.121108589652405 0.01 0.01 1.0 1.0 1.0 17.99 0.12 
1.0 0.0 -0.0 0.0 -0.0 0.0 1.0 1.0 1.0 0.0 0.0 
0.0 16.0 0.1690444325621294 0.786428659233836 -0.01 0.04 1.0 0.9972677595628417 0.998633879781421 37.13 0.09 
1.0 1.0 0.4495690211533613 0.341174987431528 0.01 0.03 1.0 1.0 1.0 78.19 0.14 
0.0 170.0 0.04750981331278936 0.0357083548079459 -0.0 0.0 1.0 0.992831541218638 0.996415770609319 0.02 0.0 
1.0 5.0 -0.0 0.0 -0.0 -0.0 1.0 1.0 1.0 0.0 0.0 
0.0 2.0 -0.0 0.0 -0.0 -0.0 1.0 1.0 1.0 0.0 0.0 
1.0 7.0 0.9363694874611495 0.745240733230783 -0.03 0.02 1.0 0.9963235294117646 0.998161764705882 7.85 0.22 
0.0 306.0 -0.0 0.0 -0.0 0.0 1.0 0.927927927927928 0.963963963963964 0.0 0.0 
1.0 6.0 0.3051261550840174 0.152563077542009 0.0 -0.0 1.0 0.9945652173913044 0.997282608695652 0.0 0.0 
0.0 62.0 0.33144534490516464 0.176048715692412 -0.01 0.0 1.0 0.9791666666666664 0.989583333333333 0.66 0.06 
1.0 3.0 0.7059754019314555 0.560412973571748 0.21 0.39 0.8550295857988166 0.9230769230769232 0.88905325443787 1027.75 1.93 
0.0 6.0 0.07371681675582349 0.0368584083779118 0.0 0.01 0.9146757679180888 0.9965870307167234 0.955631399317406 10.76 0.14 
1.0 4.0 0.9011818521020956 0.463498852128487 0.02 0.03 1.0 1.0 1.0 253.0 0.08 
0.0 118.0 0.9825998047366316 0.491299902368316 -0.04 0.01 1.0 0.974137931034483 0.987068965517241 7.45 0.06 
1.0 2.0 -0.0 0.0 0.0 0.0 1.0 1.0 1.0 0.0 0.0 
0.0 165.0 0.04084371786340105 0.0318185554840255 -0.0 0.0 1.0 1.0 1.0 0.01 0.0 
1.0 6.0 0.08068769483073149 0.684178319146932 0.02 0.07 0.9845201238390092 0.9876160990712074 0.986068111455108 262.26 0.09 
0.0 403.0 0.7050575594494202 0.363421532808112 -0.0 0.0 1.0 0.9967637540453076 0.998381877022654 0.28 0.02 
1.0 6.0 0.02450873730849492 0.0122543686542475 0.01 0.02 0.9962962962962962 0.9962962962962962 0.996296296296296 270.0 0.26 
0.0 171.0 0.16540542161065488 0.0827027108053274 -0.05 0.02 0.6165413533834586 0.9661654135338344 0.791353383458647 6.27 0.25 
1.0 4.0 0.043680818046858444 0.0327935316811507 0.26 0.29 0.921921921921922 0.9249249249249246 0.923423423423423 666.0 2.15 
0.0 54.0 0.0748929709006422 0.133926679214908 0.02 0.02 1.0 0.9914285714285714 0.995714285714286 99.07 0.23 
1.0 7.0 -0.0 0.0 0.04 0.04 0.982300884955752 0.9911504424778762 0.986725663716814 111.99 0.45 
0.0 180.0 0.6639768993661407 0.55915518533883 -0.03 0.05 1.0 0.997032640949555 0.998516320474777 29.93 0.29 
1.0 2.0 2.0558728982121255 2.03661414806897 0.12 0.94 0.8615384615384614 0.9743589743589745 0.917948717948718 1215.74 0.03 
0.0 460.0 0.4617289949210573 0.810606718886021 -0.04 0.15 0.8488372093023255 0.9825581395348836 0.915697674418605 210.4 0.15 
1.0 1.0 0.5272617660706461 0.476115822808781 -0.03 0.02 1.0 1.0 1.0 6.73 0.39 
0.0 3.0 0.023266578733959636 0.0754435270506198 -0.0 0.0 1.0 1.0 1.0 0.03 0.01 
1.0 6.0 -0.0 0.0 -0.0 -0.0 1.0 1.0 1.0 0.0 0.0 
0.0 1.0 0.09413158654282627 0.0737578084098054 -0.0 0.0 1.0 1.0 1.0 0.03 0.01 
1.0 3.0 -0.0 0.0 -0.0 -0.0 1.0 1.0 1.0 0.0 0.0 
0.0 113.0 0.08236798922581003 0.041183994612905 -0.0 -0.0 1.0 0.9904153354632588 0.995207667731629 0.0 0.0 
1.0 3.0 -0.0 0.0 -0.0 -0.0 1.0 1.0 1.0 0.0 0.0 
0.0 527.0 0.5262381232425133 0.263119061621257 -0.0 0.0 1.0 1.0 1.0 0.0 0.0 
1.0 6.0 -0.0 0.0 0.0 0.0 1.0 1.0 1.0 0.0 0.0 
0.0 48.0 0.05539603510551136 0.0276980175527557 0.0 0.0 1.0 1.0 1.0 0.0 0.0 
1.0 1.0 0.27247270908984417 0.690136223314692 0.14 0.26 0.9482758620689656 0.9482758620689656 0.948275862068966 465.8 0.51 
0.0 19.0 0.6750708230780188 0.360987985830208 -0.03 0.02 1.0 0.96875 0.984375 4.72 0.06 
1.0 1.0 -0.0 0.0 -0.0 -0.0 1.0 1.0 1.0 0.0 0.0 
0.0 73.0 0.15813042339494393 0.079065211697472 -0.0 0.0 1.0 0.9968152866242038 0.998407643312102 0.0 0.0 
1.0 2.0 0.022214468734433918 0.011107234367217 -0.0 -0.0 1.0 1.0 1.0 0.0 0.0 
0.0 48.0 0.2649184889799976 0.132459244489999 -0.0 -0.0 1.0 0.990625 0.9953125 0.0 0.0 
1.0 7.0 0.6979812953056618 0.371388947350847 -0.01 0.0 1.0 1.0 1.0 1.43 0.04 
0.0 123.0 0.5661954279814504 0.42720340904574 0.01 0.17 0.8675078864353312 0.996845425867508 0.93217665615142 267.45 0.76 
1.0 6.0 0.2658313188847421 0.132915659442371 0.0 0.0 1.0 1.0 1.0 0.0 0.0 
0.0 43.0 0.8774062514504307 0.438703125725215 -0.0 0.0 1.0 1.0 1.0 0.0 0.0 
1.0 0.0 0.060891489457790514 0.0608914894577905 -0.0 0.0 1.0 1.0 1.0 0.0 0.49 
0.0 20.0 0.6894279090057608 0.411521023660068 0.03 0.07 0.971518987341772 0.9841772151898734 0.977848101265823 177.46 0.18 
1.0 0.0 0.08665418601251205 0.0866541860125121 -0.01 0.0 0.9842105263157896 0.9842105263157896 0.984210526315789 0.0 1.21 
0.0 190.0 0.0572068608923343 0.0286034304461672 0.0 -0.0 1.0 0.986784140969163 0.993392070484582 0.0 0.0 
1.0 5.0 0.08148309234242727 0.0707535008309745 0.02 0.02 1.0 1.0 1.0 156.51 0.16 
0.0 170.0 0.4592541629795401 0.242077939004685 -0.0 0.0 0.5112781954887218 0.9924812030075189 0.75187969924812 1.38 0.04 
1.0 1.0 0.14388731815037328 0.0719436590751866 0.0 0.0 1.0 1.0 1.0 0.0 0.0 
0.0 243.0 -0.0 0.0 0.0 0.0 1.0 1.0 1.0 0.0 0.0 
1.0 0.0 0.6717335817358335 0.671733581735833 -0.06 0.0 1.0 1.0 1.0 0.0 2.18 
0.0 136.0 0.059954128784417776 0.0554446710121949 -0.0 0.0 0.9922779922779922 0.9922779922779922 0.992277992277992 0.06 0.01 
1.0 6.0 0.5643495367034677 0.309678400898427 -0.01 0.0 1.0 0.9973544973544972 0.998677248677249 0.54 0.04 
0.0 37.0 0.018768269049291516 0.0187033436098189 -0.0 0.0 1.0 0.9919137466307276 0.995956873315364 0.01 0.0 
1.0 6.0 0.2338222085409008 0.818238813239901 0.01 0.11 0.9929328621908128 0.9929328621908128 0.992932862190813 434.69 0.22 
0.0 73.0 0.05465882361802751 0.0382221648924157 -0.0 0.0 1.0 1.0 1.0 0.01 0.0 
1.0 4.0 0.13287004009065523 0.0664350200453276 0.18 0.24 0.8711340206185567 0.9072164948453608 0.889175257731959 276.57 1.96 
0.0 122.0 0.06002390931952181 0.209139010735878 -0.0 0.0 1.0 1.0 1.0 0.31 0.03 
1.0 0.0 0.8229610390544123 0.822961039054412 -0.44 0.0 1.0 1.0 1.0 0.0 0.15 
0.0 69.0 0.020652086479660176 0.0761900542628517 -0.0 0.0 1.0 1.0 1.0 0.02 0.0 
1.0 0.0 0.2979800776557417 0.297980077655742 -0.02 0.0 1.0 1.0 1.0 0.0 1.8 
0.0 41.0 0.055740919119538684 0.0417596386460831 0.03 0.03 1.0 0.9956896551724136 0.997844827586207 232.0 0.26 
1.0 1.0 0.045541071757015265 0.0355081390522498 0.04 0.05 0.9922779922779922 0.9922779922779922 0.992277992277992 259.01 0.36 
0.0 11.0 -0.0 0.0 0.0 0.0 1.0 1.0 1.0 0.0 0.0 
1.0 7.0 -0.0 0.0 0.0 0.0 1.0 1.0 1.0 0.0 0.0 
0.0 177.0 0.7387103130230372 0.369355156511519 -0.0 0.0 1.0 1.0 1.0 0.0 0.0 
1.0 6.0 0.025225984937911266 0.0126129924689556 0.04 0.04 0.9923664122137406 0.9923664122137406 0.99236641221374 262.0 0.46 
0.0 30.0 0.1267535669658005 0.0633767834829003 0.0 0.0 1.0 1.0 1.0 0.0 0.0 
1.0 4.0 0.7756467599439204 0.420430561727676 0.0 0.01 1.0 1.0 1.0 5.27 0.11 
0.0 166.0 0.19472278175077523 0.0973613908753876 -0.0 -0.0 1.0 0.9963636363636365 0.998181818181818 0.0 0.0 
1.0 7.0 0.09292501557745118 0.142411578035291 -0.0 0.0 1.0 0.9936305732484078 0.996815286624204 0.36 0.04 
0.0 87.0 0.027879870468395514 0.0139399352341978 0.0 0.0 1.0 0.9956896551724136 0.997844827586207 0.0 0.0 
1.0 5.0 0.9548978214921024 1.28303336348964 0.0 0.4 0.9923664122137406 0.994910941475827 0.993638676844784 598.5 0.54 
0.0 44.0 -0.0 0.0 0.0 0.0 1.0 1.0 1.0 0.0 0.0 
1.0 2.0 0.9767999691326616 1.32447020245857 0.11 0.37 1.0 0.996527777777778 0.998263888888889 533.32 0.15 
0.0 74.0 -0.0 0.0 0.08 0.13 0.9190751445086704 0.953757225433526 0.936416184971098 190.52 1.24 
1.0 3.0 0.5510799280869728 0.275539964043486 0.0 -0.0 1.0 1.0 1.0 0.0 0.0 
0.0 116.0 0.4672840948363696 0.3777477424732 -0.01 0.14 0.8706624605678234 0.996845425867508 0.933753943217666 162.43 0.77 
1.0 3.0 0.02059871506110972 0.0102993575305549 -0.0 -0.0 1.0 0.9909909909909907 0.995495495495496 0.0 0.0 
0.0 358.0 0.16833630179621267 0.0841681508981063 -0.0 0.0 1.0 0.984567901234568 0.992283950617284 0.21 0.03 
1.0 3.0 0.020080804663228723 0.0100404023316144 0.05 0.05 0.9912536443148688 0.9912536443148688 0.991253644314869 343.0 0.47 
0.0 12.0 0.04557509793548258 0.0227875489677413 -0.0 -0.0 1.0 0.9701986754966888 0.985099337748344 0.0 0.0 
1.0 6.0 0.02376135312603553 0.0118806765630178 -0.0 -0.0 1.0 1.0 1.0 0.0 0.0 
0.0 61.0 0.3501315990123993 0.30519764699501 0.02 0.1 0.5217391304347826 0.9802371541501976 0.75098814229249 76.32 0.0 
1.0 7.0 0.5928243344808257 0.910868314735189 0.37 0.64 0.9605263157894736 0.9638157894736842 0.962171052631579 548.98 1.94 
0.0 122.0 0.06391944714166062 0.0514442150249733 -0.0 0.0 1.0 0.9779179810725552 0.988958990536278 0.09 0.01 
1.0 0.0 -0.0 0.0 -0.0 0.0 1.0 1.0 1.0 0.0 0.0 
0.0 867.0 -0.0 0.0 0.0 0.0 1.0 0.96875 0.984375 0.0 0.0 
