1.0 4.0 0.9594164352658762 1.10064686088691 0.15 0.71 0.9935691318327972 0.9967845659163987 0.995176848874598 710.92 1.39 
0.0 64.0 0.03661672937971218 0.0183083646898561 -0.0 -0.0 1.0 1.0 1.0 0.0 0.0 
1.0 1.0 0.05204098300862845 0.0260204915043142 -0.0 -0.0 1.0 1.0 1.0 0.0 0.0 
0.0 5.0 0.020923452826532903 0.0104617264132664 0.02 0.02 1.0 0.9969135802469133 0.998456790123457 324.0 0.22 
1.0 4.0 0.0649157045465794 0.0962680899569297 -0.0 0.0 1.0 1.0 1.0 0.09 0.01 
0.0 126.0 0.7894866775585219 0.394743338779261 -0.0 0.0 1.0 1.0 1.0 0.0 0.0 
1.0 2.0 0.8882682823936063 0.458125233019442 0.12 0.32 0.9019607843137256 0.9019607843137256 0.901960784313726 256.67 1.08 
0.0 34.0 0.03775336847879649 0.0188766842393982 -0.0 0.0 1.0 0.9813664596273292 0.990683229813665 0.02 0.01 
1.0 2.0 1.1642717827887903 0.582135891394395 -0.0 0.0 1.0 1.0 1.0 0.0 0.0 
0.0 8.0 -0.0 0.0 -0.0 -0.0 1.0 1.0 1.0 0.0 0.0 
1.0 4.0 0.2490268866339084 0.124513443316954 0.02 0.02 0.9968652037617554 0.9968652037617554 0.996865203761755 319.0 0.15 
0.0 56.0 0.6812081464062815 0.896083926881704 -0.06 0.13 1.0 1.0 1.0 62.21 0.94 
1.0 5.0 0.027185575146154974 0.0135927875730775 0.0 0.0 1.0 1.0 1.0 0.0 0.0 
0.0 66.0 1.3391870324096355 1.29558344768769 0.07 0.33 1.0 0.9896907216494846 0.994845360824742 369.64 0.63 
1.0 3.0 0.2387884541794901 0.128756612462087 0.05 0.05 0.9946091644204854 0.9946091644204854 0.994609164420485 742.0 0.38 
0.0 10.0 0.6812081464062815 0.340604073203141 0.0 -0.0 1.0 1.0 1.0 0.0 0.0 
1.0 6.0 -0.0 0.0 -0.0 -0.0 1.0 1.0 1.0 0.0 0.0 
0.0 39.0 0.02757769791835 0.013788848959175 0.0 0.0 1.0 1.0 1.0 0.0 0.0 
1.0 7.0 0.6775861075254633 0.338793053762732 0.02 0.02 0.9966555183946488 0.9966555183946488 0.996655518394649 299.0 0.07 
0.0 47.0 0.3740849632507476 0.196404866997715 0.02 0.02 0.9838274932614556 0.9946091644204854 0.98921832884097 122.46 0.15 
1.0 5.0 0.7794788427490477 0.389739421374524 0.0 0.0 1.0 1.0 1.0 0.0 0.0 
0.0 167.0 0.5311485121515958 0.265574256075798 -0.0 0.0 1.0 1.0 1.0 0.0 0.0 
1.0 6.0 0.6639699041842487 0.331984952092124 -0.0 0.0 1.0 1.0 1.0 0.0 0.0 
0.0 44.0 0.08559185023757454 0.722396015710505 -0.01 0.03 0.994535519125683 0.9972677595628417 0.995901639344262 30.1 0.03 
1.0 5.0 0.13878696020966902 0.0693934801048345 0.0 0.0 1.0 0.996894409937888 0.998447204968944 0.0 0.0 
0.0 124.0 0.7756467599439204 0.38782337997196 0.0 -0.0 1.0 1.0 1.0 0.0 0.0 
1.0 0.0 0.03851501073265697 0.038515010732657 -0.0 0.0 1.0 1.0 1.0 0.0 0.33 
0.0 11.0 0.4307479110971219 0.944779002579171 -0.0 0.1 0.9943181818181815 0.9971590909090908 0.995738636363636 282.73 0.13 
1.0 6.0 1.5607110057701228 0.780355502885062 0.14 0.31 0.9067796610169492 0.9067796610169492 0.906779661016949 354.0 0.48 
0.0 14.0 0.020652086479660176 0.0800078049633666 -0.0 0.0 1.0 1.0 1.0 0.02 0.0 
1.0 5.0 0.8700558516117761 0.445222001390814 0.01 0.05 0.9910979228486648 0.9910979228486648 0.991097922848665 338.35 0.13 
0.0 17.0 0.5885447830548003 0.414809724966946 -0.01 0.02 1.0 0.9897610921501706 0.994880546075085 13.64 0.19 
1.0 2.0 0.043321997190798975 0.0216609985953995 0.05 0.05 0.9904153354632588 0.9936102236421724 0.992012779552716 313.0 0.51 
0.0 20.0 0.041376510935953376 0.0206882554679767 0.0 0.0 1.0 1.0 1.0 0.0 0.0 
1.0 3.0 0.4960050189255151 0.248002509462758 -0.0 0.0 1.0 1.0 1.0 0.0 0.0 
0.0 35.0 0.28200170355497134 0.141000851777486 -0.0 -0.0 1.0 1.0 1.0 0.0 0.0 
1.0 7.0 0.02757769791835 0.013788848959175 0.0 0.0 1.0 1.0 1.0 0.0 0.0 
0.0 3.0 0.5412404766975164 0.350698353587271 0.01 0.02 1.0 0.993710691823899 0.99685534591195 104.68 0.02 
1.0 7.0 0.7405106565548961 0.397584740086462 -0.0 0.01 1.0 1.0 1.0 2.29 0.04 
0.0 1.0 0.1196015471669042 0.0598007735834521 -0.0 -0.0 1.0 1.0 1.0 0.0 0.0 
1.0 2.0 0.2979800776557417 0.148990038827871 -0.0 -0.0 1.0 1.0 1.0 0.0 0.0 
0.0 84.0 0.5079790030444618 0.27582991054566 -0.0 0.0 1.0 0.9935064935064936 0.996753246753247 0.3 0.03 
1.0 2.0 0.020923452826532903 0.0209234528265329 0.02 0.02 1.0 1.0 1.0 324.0 0.25 
0.0 195.0 0.8299582291348218 0.819292863279564 0.06 0.34 0.9432989690721648 0.9974226804123713 0.970360824742268 263.9 2.01 
1.0 7.0 0.628362243986335 0.516766892441639 0.2 0.46 0.94017094017094 0.9444444444444444 0.942307692307692 643.23 1.97 
0.0 10.0 0.18333112347374717 0.0916655617368736 -0.0 0.0 0.9969604863221886 0.9969604863221886 0.996960486322188 0.04 0.01 
1.0 1.0 0.06771320579037995 0.119629157982956 0.03 0.04 0.9968553459119496 0.9968553459119496 0.99685534591195 396.82 0.22 
0.0 5.0 0.13878696020966902 0.0693934801048345 0.0 0.0 1.0 0.996894409937888 0.998447204968944 0.0 0.0 
1.0 1.0 0.05101804678019193 0.0510180467801919 0.43 0.55 0.7943262411347519 0.7943262411347519 0.794326241134752 564.0 2.52 
0.0 62.0 0.023266578733959636 0.120018418425143 -0.0 0.0 1.0 0.993006993006993 0.996503496503496 0.07 0.01 
1.0 3.0 0.026993969543528583 0.0269939695435286 -0.0 0.0 1.0 1.0 1.0 0.0 0.0 
0.0 6.0 0.24107466687909204 0.120537333439546 0.0 -0.0 1.0 1.0 1.0 0.0 0.0 
1.0 6.0 0.09392065538765544 0.0933384962827259 0.09 0.12 0.9685534591194968 0.9779874213836478 0.973270440251572 507.23 1.05 
0.0 149.0 0.09826205653251838 0.0580997338993836 -0.0 0.0 1.0 0.8994845360824743 0.949742268041237 0.13 0.01 
1.0 2.0 0.17848108495697895 0.140251433308815 -0.0 0.0 1.0 1.0 1.0 0.18 0.02 
0.0 180.0 1.7340618956888827 1.52929032414776 -0.05 0.59 0.8904593639575972 0.9929328621908128 0.941696113074205 377.88 0.07 
1.0 0.0 -0.0 0.0 -0.0 0.0 1.0 1.0 1.0 0.0 0.0 
0.0 72.0 0.018384397223606727 0.0626734832079346 -0.0 0.0 1.0 0.9973544973544972 0.998677248677249 0.04 0.0 
1.0 4.0 0.902230540632502 1.17394026869478 0.02 0.62 0.5165745856353591 0.9751381215469612 0.74585635359116 407.06 0.34 
0.0 32.0 0.0413206420085714 0.0739823690801339 -0.0 0.0 1.0 0.9974554707379136 0.998727735368957 0.04 0.01 
1.0 7.0 0.5923940706928204 0.305516244431583 -0.0 0.0 1.0 1.0 1.0 0.36 0.02 
0.0 25.0 0.017741822561726052 0.700902636066836 0.0 0.0 1.0 0.9974554707379136 0.998727735368957 1.51 0.01 
1.0 5.0 0.027778358172627568 0.0138891790863138 0.0 0.0 1.0 1.0 1.0 0.0 0.0 
0.0 1.0 0.4495690211533613 0.341174987431528 0.01 0.03 1.0 1.0 1.0 78.19 0.14 
1.0 5.0 -0.0 0.0 -0.0 -0.0 1.0 1.0 1.0 0.0 0.0 
0.0 163.0 0.777296027024073 0.406582094904312 0.0 0.02 1.0 0.8994845360824743 0.949742268041237 80.07 0.08 
1.0 5.0 1.3129302809647256 0.656465140482363 0.01 0.01 0.9918032786885246 0.9972677595628417 0.994535519125683 121.33 0.03 
0.0 4.0 0.03676173986471086 0.0275730685441588 0.02 0.02 0.9973544973544972 0.9973544973544972 0.997354497354497 378.01 0.16 
1.0 1.0 -0.0 0.0 0.11 0.12 0.9754601226993864 0.9754601226993864 0.975460122699387 326.0 1.08 
0.0 126.0 0.4654645413525627 0.243625023759683 -0.0 0.0 1.0 1.0 1.0 0.13 0.01 
1.0 6.0 0.5999542937923429 0.427397398106211 0.07 0.11 0.9869791666666664 0.9921875 0.989583333333333 769.91 0.22 
0.0 64.0 0.14308054531628536 0.0715402726581427 -0.0 -0.0 1.0 0.96875 0.984375 0.0 0.0 
1.0 1.0 0.9504892042958712 0.497797211365513 0.01 0.05 0.9923664122137406 0.9923664122137406 0.99236641221374 395.26 0.05 
0.0 43.0 0.06537470973391662 0.0326873548669583 -0.0 -0.0 1.0 0.9969879518072285 0.998493975903614 0.0 0.0 
1.0 2.0 0.0727705510930352 0.16631672166803 -0.0 0.0 1.0 1.0 1.0 0.32 0.03 
0.0 131.0 -0.0 0.0 0.0 -0.0 1.0 0.8787878787878787 0.939393939393939 0.0 0.0 
1.0 6.0 0.7894866775585219 0.406882974025791 -0.0 0.0 1.0 1.0 1.0 1.06 0.0 
0.0 215.0 -0.0 0.0 -0.0 -0.0 1.0 1.0 1.0 0.0 0.0 
1.0 5.0 0.0586151312253593 0.0481354379270188 0.02 0.02 0.9969135802469133 0.9969135802469133 0.996913580246914 324.02 0.17 
0.0 98.0 0.022214468734433918 0.011107234367217 -0.0 -0.0 1.0 1.0 1.0 0.0 0.0 
1.0 1.0 0.7756467599439204 0.38782337997196 0.0 -0.0 1.0 1.0 1.0 0.0 0.0 
0.0 11.0 0.06687878438883882 0.248634903657041 -0.03 0.01 1.0 0.7439353099730459 0.871967654986523 2.58 0.06 
1.0 3.0 0.020080804663228723 0.0100404023316144 0.05 0.05 0.9912536443148688 0.9912536443148688 0.991253644314869 343.0 0.47 
0.0 63.0 0.020440358808449285 0.0723455980990401 -0.0 0.0 1.0 1.0 1.0 0.03 0.0 
1.0 2.0 0.021431694142485247 0.0966953396678518 0.04 0.04 0.9936908517350158 0.9936908517350158 0.993690851735016 317.04 0.25 
0.0 222.0 1.3625000663430344 1.26567639221923 0.04 0.41 1.0 0.8891752577319588 0.944587628865979 972.22 0.3 
1.0 1.0 0.14388731815037328 0.0719436590751866 0.0 0.0 1.0 1.0 1.0 0.0 0.0 
0.0 39.0 0.04004863019043305 0.0200243150952165 -0.0 -0.0 1.0 1.0 1.0 0.0 0.0 
1.0 1.0 -0.0 0.0 0.02 0.02 0.9964285714285714 0.9964285714285714 0.996428571428571 280.0 0.25 
0.0 104.0 0.17374999186400675 0.0868749959320034 -0.0 0.0 1.0 0.5950704225352113 0.797535211267606 0.0 0.0 
1.0 2.0 0.05846043455080426 0.213833017666485 0.24 0.32 0.9072164948453608 0.9097938144329896 0.908505154639175 467.36 1.76 
0.0 97.0 0.7547305887995075 0.377365294399754 -0.0 0.0 1.0 0.9968652037617554 0.998432601880878 0.64 0.02 
1.0 1.0 -0.0 0.0 0.12 0.13 0.971786833855799 0.971786833855799 0.971786833855799 319.0 1.02 
0.0 2.0 0.2533863028638452 0.137322832886322 0.02 0.02 0.9968652037617554 0.9968652037617554 0.996865203761755 319.06 0.12 
1.0 7.0 -0.0 0.0 0.0 0.0 1.0 1.0 1.0 0.0 0.0 
0.0 323.0 0.3875489036643238 0.193774451832162 -0.0 -0.0 1.0 1.0 1.0 0.0 0.0 
1.0 3.0 1.645066860288707 1.38698472502804 0.05 0.58 0.5710059171597633 0.7958579881656804 0.683431952662722 447.04 0.2 
0.0 3.0 0.05076907587532184 0.0253845379376609 0.02 0.02 0.9970501474926252 0.9970501474926252 0.997050147492625 339.0 0.17 
1.0 0.0 0.1692260910787219 0.169226091078722 -0.0 0.0 1.0 1.0 1.0 0.0 1.26 
0.0 8.0 0.04392359467299709 0.0219617973364985 0.0 0.0 1.0 1.0 1.0 0.0 0.0 
1.0 4.0 0.4895166735184531 0.255275413064451 -0.0 0.0 1.0 0.3788819875776397 0.68944099378882 2.02 0.04 
0.0 3.0 0.4895166735184531 0.255275413064451 0.01 0.02 1.0 0.3788819875776397 0.68944099378882 322.0 0.02 
1.0 5.0 0.027778358172627568 0.0138891790863138 0.0 0.0 1.0 1.0 1.0 0.0 0.0 
0.0 214.0 -0.0 0.0 0.01 0.01 0.924778761061947 0.9955752212389378 0.960176991150443 12.35 0.17 
1.0 1.0 0.1768985029702941 0.0884492514851471 0.06 0.13 0.9726775956284152 0.9726775956284152 0.972677595628415 366.0 0.87 
0.0 47.0 0.061848503732346585 0.0309242518661733 0.0 0.0 1.0 1.0 1.0 0.0 0.0 
1.0 7.0 0.05191557784790981 0.0259577889239549 0.31 0.35 0.8859649122807017 0.8859649122807017 0.885964912280702 342.0 2.27 
0.0 101.0 0.23923104111942964 0.119615520559715 -0.0 0.0 1.0 1.0 1.0 0.0 0.0 
1.0 3.0 0.9655422987145736 0.767167605847684 0.5 0.55 0.19931271477663232 0.20618556701030927 0.202749140893471 818.53 0.12 
0.0 221.0 0.09001124790298305 0.0450056239514915 0.0 -0.0 1.0 0.9817073170731708 0.990853658536585 0.0 0.0 
1.0 4.0 0.21263524295523997 0.10631762147762 0.0 -0.0 1.0 1.0 1.0 0.0 0.0 
0.0 61.0 0.8530331465071359 0.596407306115083 -0.02 0.04 1.0 0.997032640949555 0.998516320474777 20.24 0.31 
1.0 7.0 0.027185575146154974 0.027185575146155 0.03 0.03 1.0 1.0 1.0 238.0 0.28 
0.0 344.0 0.08591550133466311 0.0429577506673315 0.0 -0.0 1.0 0.9632653061224488 0.981632653061224 0.0 0.0 
1.0 7.0 0.06537470973391662 0.144801931870635 0.01 0.02 0.9909638554216867 0.9969879518072285 0.993975903614458 110.21 0.08 
0.0 3.0 0.08955952716594741 0.61225550354938 0.04 0.09 0.980544747081712 0.9922178988326849 0.986381322957198 415.52 0.28 
1.0 6.0 0.5576080435520234 0.306133433585025 0.02 0.02 1.0 1.0 1.0 18.25 0.25 
0.0 3.0 0.6794877718346207 0.33974388591731 -0.0 0.0 1.0 1.0 1.0 0.0 0.0 
1.0 4.0 0.04194767763524135 0.0209738388176207 -0.0 -0.0 1.0 1.0 1.0 0.0 0.0 
0.0 142.0 0.9099802582506228 0.485637085869327 -0.01 0.0 1.0 0.9969969969969968 0.998498498498498 1.26 0.07 
1.0 3.0 1.6355172536750597 0.81775862683753 -0.0 0.0 1.0 1.0 1.0 0.0 0.0 
0.0 5.0 0.40341648962637855 0.353961070866171 0.01 0.03 0.9969604863221886 0.9969604863221886 0.996960486322188 349.07 0.01 
1.0 0.0 0.06049829410230215 0.0604982941023021 -0.0 0.0 1.0 1.0 1.0 0.0 0.67 
0.0 68.0 0.3063770164173898 0.153188508208695 0.0 0.0 1.0 1.0 1.0 0.0 0.0 
1.0 2.0 0.6812081464062815 0.406762611814671 0.01 0.05 1.0 1.0 1.0 454.87 0.01 
0.0 203.0 0.3785515851909734 0.189275792595487 -0.0 0.0 1.0 0.922360248447205 0.961180124223602 0.0 0.0 
1.0 4.0 0.2338222085409008 0.91636596470673 -0.01 0.09 0.9929328621908128 0.9929328621908128 0.992932862190813 313.39 0.03 
0.0 224.0 0.04693925777474807 0.0351724662196738 -0.0 0.0 1.0 0.9964788732394366 0.998239436619718 0.01 0.0 
1.0 2.0 0.08364970461058929 0.36956912045249 0.24 0.69 0.6630434782608695 0.6630434782608695 0.66304347826087 368.0 1.86 
0.0 351.0 0.03907411550489949 0.0195370577524497 -0.0 0.0 1.0 0.9967637540453076 0.998381877022654 0.01 0.0 
1.0 7.0 0.599228948735972 0.823136561963491 -0.02 0.07 1.0 1.0 1.0 39.09 0.27 
0.0 88.0 0.06031775118951819 0.173590614256905 -0.01 0.02 0.946236559139785 0.9820788530465951 0.96415770609319 23.04 0.11 
1.0 4.0 0.046659453836944406 0.148879335144451 0.11 0.12 0.9827586206896552 0.9827586206896552 0.982758620689655 611.31 0.88 
0.0 24.0 0.184459293937032 0.858757089349773 -0.01 0.02 1.0 1.0 1.0 11.08 0.0 
1.0 3.0 -0.0 0.0 -0.0 -0.0 1.0 1.0 1.0 0.0 0.0 
0.0 102.0 0.2712510130456789 0.195426280106292 -0.01 0.0 1.0 0.9972067039106144 0.998603351955307 0.54 0.05 
1.0 5.0 0.018384397223606727 0.0884430653340612 0.02 0.02 0.9973544973544972 0.9973544973544972 0.997354497354497 378.03 0.12 
0.0 32.0 0.4778447750241143 0.404645059964639 -0.0 0.01 1.0 1.0 1.0 10.33 0.21 
1.0 5.0 0.3188611311351594 0.15943056556758 0.0 0.0 1.0 1.0 1.0 0.0 0.0 
0.0 114.0 -0.0 0.0 -0.0 -0.0 1.0 1.0 1.0 0.0 0.0 
