1.0 2.0 0.8571024332964365 0.51278938620703 0.04 0.07 0.9973544973544972 0.9973544973544972 0.997354497354497 502.33 0.39 
0.0 37.0 0.06795125375562225 0.0905726818878045 -0.0 0.0 1.0 1.0 1.0 0.05 0.01 
1.0 4.0 -0.0 0.0 -0.0 -0.0 1.0 1.0 1.0 0.0 0.0 
0.0 93.0 0.3270536257119778 0.177415991942303 -0.0 0.0 1.0 1.0 1.0 0.07 0.01 
1.0 4.0 0.06184819574705822 0.0420001388341368 0.09 0.1 0.9805825242718446 0.9805825242718446 0.980582524271845 309.01 0.89 
0.0 118.0 0.09123646704090793 0.48124500637411 -0.01 0.0 1.0 0.9968652037617554 0.998432601880878 0.38 0.01 
1.0 6.0 -0.0 0.0 0.2 0.24 0.924778761061947 0.9292035398230089 0.926991150442478 211.69 1.74 
0.0 320.0 -0.0 0.0 0.0 0.0 1.0 1.0 1.0 0.0 0.0 
1.0 5.0 0.3978647591522306 0.367640191254933 -0.05 0.03 1.0 1.0 1.0 45.55 0.1 
0.0 38.0 -0.0 0.0 -0.0 -0.0 1.0 1.0 1.0 0.0 0.0 
1.0 7.0 0.1323170772230607 0.0661585386115303 -0.0 -0.0 1.0 1.0 1.0 0.0 0.0 
0.0 345.0 0.7320792206803771 0.962813043459029 -0.16 0.09 0.8994845360824743 0.9432989690721648 0.92139175257732 115.02 0.26 
1.0 0.0 -0.0 0.0 -0.0 0.0 1.0 1.0 1.0 0.0 0.0 
0.0 85.0 1.3150535041077596 0.65752675205388 -0.02 0.03 1.0 0.977077363896848 0.988538681948424 16.02 0.06 
1.0 2.0 0.04228243415597148 0.203315513119147 0.02 0.02 1.0 1.0 1.0 320.08 0.1 
0.0 12.0 0.4303910229252441 0.224579645987268 -0.0 0.0 1.0 0.9919137466307276 0.995956873315364 0.46 0.04 
1.0 3.0 0.04514347369652727 0.0225717368482636 0.27 0.68 0.5701754385964911 0.5701754385964911 0.570175438596491 342.0 2.19 
0.0 1.0 0.08327901470975449 0.0416395073548772 0.0 0.0 1.0 1.0 1.0 0.0 0.0 
1.0 2.0 0.16833630179621267 0.0841681508981063 -0.0 -0.0 1.0 1.0 1.0 0.0 0.0 
0.0 9.0 0.07575108500341506 0.0378755425017075 0.0 0.01 0.953757225433526 0.9971098265895952 0.975433526011561 20.9 0.08 
1.0 3.0 0.4689654226500483 0.25556781839102 0.01 0.01 1.0 1.0 1.0 79.64 0.09 
0.0 67.0 -0.0 0.0 0.0 0.0 1.0 1.0 1.0 0.0 0.0 
1.0 0.0 0.13876938584199588 0.138769385841996 -0.0 0.0 1.0 1.0 1.0 0.0 0.93 
0.0 89.0 0.8197940750221262 0.409897037511063 -0.0 0.0 1.0 0.9968051118210864 0.998402555910543 2.73 0.08 
1.0 3.0 0.6192536084580995 0.913239114226958 0.09 0.25 0.9691358024691356 0.972222222222222 0.970679012345679 441.61 0.32 
0.0 3.0 0.043680818046858444 0.0218404090234292 0.1 0.12 0.9249249249249246 0.957957957957958 0.941441441441441 180.05 1.17 
1.0 4.0 0.9011818521020956 0.463498852128487 0.02 0.03 1.0 1.0 1.0 253.0 0.08 
0.0 7.0 1.4026554179389017 1.36358708527277 0.16 0.76 0.9929328621908128 0.9929328621908128 0.992932862190813 685.34 0.11 
1.0 1.0 0.06201998821945535 0.0310099941097277 -0.0 -0.0 1.0 1.0 1.0 0.0 0.0 
0.0 21.0 1.2681577537929265 0.695557376564936 -0.04 0.12 1.0 0.9933333333333332 0.996666666666667 300.0 0.23 
1.0 7.0 0.8585818504987296 1.11315610872573 -0.0 0.27 1.0 1.0 1.0 159.37 0.11 
0.0 4.0 0.07940617799097693 0.0510340695423943 -0.0 0.0 1.0 1.0 1.0 0.01 0.0 
1.0 4.0 0.6020888526113631 0.301044426305682 0.0 -0.0 1.0 1.0 1.0 0.0 0.0 
0.0 71.0 1.6892055335566576 1.58397213877565 0.09 0.75 0.9886363636363636 0.9943181818181815 0.991477272727273 503.64 1.33 
1.0 1.0 0.6183362527188963 1.04690053373423 0.12 0.46 0.9617834394904456 0.9617834394904456 0.961783439490446 574.43 1.39 
0.0 14.0 0.043321997190798975 0.0884680677525874 0.08 0.1 0.9841772151898734 0.9841772151898734 0.984177215189873 394.25 0.68 
1.0 1.0 0.09413158654282627 0.0737578084098054 -0.0 0.0 1.0 1.0 1.0 0.03 0.01 
0.0 19.0 0.1758366535025723 0.0879183267512861 -0.0 0.0 1.0 1.0 1.0 0.0 0.0 
1.0 4.0 0.3922912171596764 0.196145608579838 0.31 0.33 1.0 0.8986784140969162 0.949339207048458 226.45 2.46 
0.0 113.0 -0.0 0.0 0.0 0.0 1.0 1.0 1.0 0.0 0.0 
1.0 2.0 0.08578017223261401 0.042890086116307 0.0 0.0 1.0 1.0 1.0 0.0 0.0 
0.0 329.0 -0.0 0.0 0.0 0.0 1.0 1.0 1.0 0.0 0.0 
1.0 7.0 0.9363694874611495 0.745240733230783 -0.03 0.02 1.0 0.9963235294117646 0.998161764705882 7.85 0.22 
0.0 71.0 0.5773540491432572 0.288677024571629 0.0 -0.0 1.0 1.0 1.0 0.0 0.0 
1.0 5.0 -0.0 0.0 0.01 0.01 0.9662447257383966 0.9957805907172994 0.981012658227848 28.75 0.22 
0.0 134.0 0.9625015702444812 0.481250785122241 -0.01 0.0 0.9178470254957506 0.9943342776203966 0.956090651558074 0.91 0.05 
1.0 4.0 0.6316066864192929 0.315803343209646 -0.0 0.0 1.0 1.0 1.0 0.0 0.0 
0.0 81.0 0.8502341661361879 0.44409221520683 -0.02 0.0 0.9844236760124608 0.9968847352024922 0.990654205607477 1.69 0.07 
1.0 1.0 1.160869305594259 1.09787712335657 0.03 0.48 1.0 0.996551724137931 0.998275862068966 304.28 0.82 
0.0 3.0 0.4879314978688672 0.483327395683686 0.13 0.17 0.9942528735632185 0.9971264367816092 0.995689655172414 984.6 0.74 
1.0 0.0 0.018768269049291516 0.0187682690492915 -0.0 0.0 0.9919137466307276 0.9919137466307276 0.991913746630728 0.0 0.53 
0.0 429.0 1.2036756519884226 0.601837825994211 -0.08 0.04 0.8711340206185567 0.9020618556701032 0.88659793814433 33.25 0.05 
1.0 5.0 0.4117033751863163 0.376903780095535 0.11 0.15 0.9723502304147464 0.976958525345622 0.974654377880184 260.79 0.5 
0.0 28.0 0.020284588054283816 0.0101422940271419 0.0 0.0 1.0 1.0 1.0 0.0 0.0 
1.0 4.0 0.15460357244269188 0.0773017862213459 0.02 0.03 0.9955357142857144 0.9955357142857144 0.995535714285714 224.0 0.23 
0.0 99.0 0.3397814657230304 0.310601431011081 0.13 0.14 1.0 0.9881305637982196 0.99406528189911 251.14 1.39 
1.0 6.0 0.2752798693414078 0.147886361523816 0.13 0.16 0.9679300291545188 0.9679300291545188 0.967930029154519 686.0 0.98 
0.0 139.0 0.03860739588192891 0.182458069004835 -0.0 0.0 1.0 0.9944134078212288 0.997206703910614 0.45 0.05 
1.0 2.0 -0.0 0.0 0.02 0.02 0.9971098265895952 0.9971098265895952 0.997109826589595 346.0 0.25 
0.0 62.0 0.04016016340566409 0.523156851587955 0.01 0.02 1.0 1.0 1.0 74.15 0.03 
1.0 1.0 0.2164140891932277 0.108207044596614 -0.0 0.0 1.0 1.0 1.0 0.0 0.0 
0.0 94.0 0.2110056878777056 0.689929202986565 0.02 0.21 0.8891752577319588 0.9432989690721648 0.916237113402062 391.45 0.54 
1.0 7.0 0.906379347110516 0.46259566566851 0.06 0.1 0.976063829787234 0.9787234042553192 0.977393617021277 334.51 0.21 
0.0 59.0 0.3582541121522332 0.179127056076117 -0.0 0.0 1.0 1.0 1.0 0.0 0.0 
1.0 4.0 0.8171797694773422 0.526560800632692 0.04 0.09 0.9966216216216216 0.9966216216216216 0.996621621621622 446.43 0.31 
0.0 188.0 0.05465882361802751 0.609465303203409 -0.0 0.01 1.0 1.0 1.0 3.61 0.02 
1.0 5.0 0.3188611311351594 0.15943056556758 0.0 0.0 1.0 1.0 1.0 0.0 0.0 
0.0 200.0 0.3270536257119778 0.177415991942303 -0.0 0.0 1.0 1.0 1.0 0.07 0.01 
1.0 7.0 0.9048271974415416 0.705686162545055 0.18 0.39 0.964968152866242 0.9681528662420382 0.96656050955414 495.05 1.59 
0.0 43.0 0.07124533401515272 0.197807230669213 -0.0 0.0 1.0 0.9784946236559142 0.989247311827957 0.34 0.04 
1.0 2.0 -0.0 0.0 0.02 0.02 0.9964285714285714 0.9964285714285714 0.996428571428571 280.0 0.25 
0.0 62.0 0.04991801430261973 0.0348262729605138 -0.0 0.0 1.0 0.994236311239193 0.997118155619596 0.01 0.0 
1.0 1.0 0.09103978309017076 0.0981672194388858 0.03 0.04 0.994236311239193 0.994236311239193 0.994236311239193 347.09 0.22 
0.0 45.0 0.7518032288728125 0.375901614436406 0.0 0.0 1.0 0.9968847352024922 0.998442367601246 0.0 0.0 
1.0 4.0 0.7387103130230372 0.435200934777727 0.05 0.06 1.0 1.0 1.0 55.83 0.54 
0.0 179.0 0.6639004844764248 0.400986080464725 -0.0 0.03 1.0 0.9904458598726114 0.995222929936306 95.1 0.17 
1.0 6.0 0.30595700122045694 0.927434499269668 0.02 0.14 0.986449864498645 0.989159891598916 0.98780487804878 586.69 0.0 
0.0 239.0 0.7480481802472602 0.583309983161583 0.0 0.1 1.0 1.0 1.0 47.27 0.27 
1.0 7.0 -0.0 0.0 -0.0 -0.0 1.0 0.9964157706093186 0.998207885304659 0.0 0.0 
0.0 119.0 0.2262009304245485 0.805132189998248 -0.02 0.03 0.9923664122137406 0.9974554707379136 0.994910941475827 29.45 0.09 
1.0 1.0 0.06771320579037995 0.0445148407905113 0.03 0.04 0.9968553459119496 0.9968553459119496 0.99685534591195 396.75 0.33 
0.0 51.0 0.09826205653251838 0.645267624463902 0.11 0.29 0.8943298969072165 0.8994845360824743 0.896907216494845 353.76 1.22 
1.0 4.0 -0.0 0.0 0.0 0.0 1.0 1.0 1.0 0.0 0.0 
0.0 78.0 0.08203060371551939 0.133155663717563 -0.02 0.0 0.9729729729729728 0.9954954954954957 0.984234234234234 0.49 0.08 
1.0 4.0 0.5311485121515958 0.531101382519349 -0.06 0.0 1.0 1.0 1.0 0.34 0.02 
0.0 197.0 0.05465882361802751 0.0273294118090137 0.0 0.0 1.0 1.0 1.0 0.0 0.0 
1.0 7.0 1.768368459618994 1.70671765995385 0.1 0.9 0.7840236686390532 0.7958579881656804 0.789940828402367 726.05 0.26 
0.0 152.0 0.8664601284276787 1.43959858665767 -0.02 0.21 0.628491620111732 0.9944134078212288 0.81145251396648 358.68 0.17 
1.0 6.0 0.6994688751825571 0.408472333379477 -0.0 0.01 1.0 1.0 1.0 2.18 0.12 
0.0 185.0 -0.0 0.0 0.0 0.0 1.0 0.996774193548387 0.998387096774194 0.0 0.0 
1.0 7.0 0.6924009874615964 0.346200493730798 -0.0 0.0 1.0 1.0 1.0 0.0 0.0 
0.0 219.0 0.09826205653251838 0.0491310282662592 0.0 0.0 1.0 0.8994845360824743 0.949742268041237 0.0 0.0 
1.0 0.0 0.08770501640138596 0.0877050164013859 -0.0 0.0 1.0 1.0 1.0 0.0 0.74 
0.0 150.0 0.18333112347374717 0.180221155522416 0.01 0.02 1.0 0.9969604863221886 0.998480243161094 164.45 0.05 
1.0 3.0 0.08403108191743977 0.38653620024024 -0.0 0.01 1.0 1.0 1.0 2.22 0.08 
0.0 168.0 0.6945608059609114 0.360825107118155 0.0 0.01 1.0 0.9958333333333332 0.997916666666667 4.89 0.07 
1.0 7.0 0.8086274974243058 0.413282454345277 -0.0 0.0 1.0 0.9974226804123713 0.998711340206186 0.43 0.03 
0.0 2.0 0.02757769791835 0.013788848959175 0.0 0.0 1.0 1.0 1.0 0.0 0.0 
1.0 3.0 0.05762288789854216 0.117260695434418 0.06 0.13 0.9726775956284152 0.9781420765027322 0.975409836065574 366.03 0.85 
0.0 123.0 -0.0 0.0 -0.0 0.0 0.9933110367892976 0.9966555183946488 0.994983277591973 0.01 0.0 
1.0 7.0 0.1892089805381669 0.0946044902690835 -0.01 0.0 1.0 0.984375 0.9921875 0.1 0.03 
0.0 155.0 0.9848735565226934 0.824387020499559 0.08 0.22 1.0 0.9968152866242038 0.998407643312102 291.82 0.81 
1.0 4.0 0.07356553436155207 0.0878976081140928 0.06 0.06 0.9880952380952382 0.9880952380952382 0.988095238095238 336.09 0.45 
0.0 11.0 0.04869773529126096 0.0243488676456305 0.03 0.03 0.9957983193277314 0.9957983193277314 0.995798319327731 238.0 0.24 
1.0 7.0 0.1731597557551002 0.777229101941638 0.01 0.16 0.971786833855799 0.971786833855799 0.971786833855799 339.3 0.08 
0.0 30.0 0.9291544317080916 0.560915319684114 0.09 0.24 0.9355670103092784 0.940721649484536 0.938144329896907 439.83 0.73 
1.0 4.0 0.6452750205454816 0.322637510272741 0.02 0.02 0.9967105263157896 0.9967105263157896 0.996710526315789 304.0 0.07 
0.0 164.0 0.07586122011969715 0.578499509625763 -0.0 0.02 1.0 1.0 1.0 15.89 0.05 
1.0 0.0 -0.0 0.0 -0.0 0.0 1.0 1.0 1.0 0.0 0.0 
0.0 88.0 0.28119813480372685 0.22730103016572 -0.01 0.02 0.9072164948453608 0.9974226804123713 0.952319587628866 25.68 0.12 
1.0 1.0 1.3812984481281763 0.690649224064088 0.04 0.13 0.971786833855799 0.971786833855799 0.971786833855799 319.0 0.24 
0.0 88.0 0.4249698795469157 0.276018224963855 -0.03 0.04 1.0 0.7447552447552448 0.872377622377622 29.44 0.52 
1.0 4.0 0.05734938118534689 0.19798254140158 0.04 0.05 0.9917127071823204 0.994475138121547 0.993093922651934 362.17 0.27 
0.0 62.0 0.3270536257119778 0.163526812855989 -0.0 0.0 1.0 0.9956896551724136 0.997844827586207 0.07 0.01 
1.0 4.0 0.09826205653251838 0.6459044613851 0.22 0.33 0.8994845360824743 0.8994845360824743 0.899484536082474 396.81 1.08 
0.0 435.0 2.0102414277758704 1.00512071388794 -0.1 0.07 0.7603092783505153 0.8711340206185567 0.815721649484536 44.18 0.18 
1.0 4.0 0.024901715029831017 0.024901715029831 0.02 0.02 1.0 1.0 1.0 264.0 0.28 
0.0 2.0 0.020652086479660176 0.0833230295884865 -0.0 0.0 1.0 1.0 1.0 0.03 0.0 
1.0 2.0 0.08364970461058929 0.36956912045249 0.24 0.69 0.6630434782608695 0.6630434782608695 0.66304347826087 368.0 1.86 
0.0 143.0 0.3176998989466621 0.760687775467543 -0.0 0.08 1.0 0.9020618556701032 0.951030927835051 77.15 0.1 
1.0 2.0 0.09673420869083983 0.167692148334667 0.2 0.26 0.9254237288135592 0.9457627118644067 0.935593220338983 378.24 1.64 
0.0 55.0 0.4527410230171909 0.226370511508595 0.0 -0.0 1.0 1.0 1.0 0.0 0.0 
1.0 4.0 0.7642232507044483 0.40041999004208 0.01 0.02 1.0 1.0 1.0 41.0 0.09 
0.0 29.0 0.02376135312603553 0.0237613531260355 -0.0 0.0 1.0 1.0 1.0 0.0 0.0 
1.0 1.0 0.02160704778466883 0.0108035238923344 -0.0 0.0 1.0 0.996794871794872 0.998397435897436 0.0 0.0 
0.0 31.0 0.04077488405523778 0.0203874420276189 0.0 0.0 1.0 1.0 1.0 0.0 0.0 
1.0 7.0 0.655041883754151 0.984066336714262 0.14 0.56 0.9305135951661632 0.9335347432024168 0.93202416918429 708.66 0.79 
0.0 86.0 -0.0 0.0 0.0 0.0 1.0 1.0 1.0 0.0 0.0 
1.0 7.0 0.7894866775585219 0.469358683678885 -0.02 0.01 1.0 1.0 1.0 2.87 0.01 
0.0 38.0 0.03855448604303559 0.0983424547189898 -0.0 0.0 1.0 0.9968152866242038 0.998407643312102 0.07 0.01 
1.0 7.0 0.5744285255541567 0.91957641570066 0.03 0.17 0.9761194029850744 0.9761194029850744 0.976119402985075 419.91 0.02 
0.0 33.0 0.2079623570068468 0.103981178503423 -0.0 -0.0 1.0 1.0 1.0 0.0 0.0 
1.0 2.0 0.729096180970133 0.511752904661972 -0.02 0.05 1.0 1.0 1.0 37.07 0.47 
0.0 11.0 -0.0 0.0 -0.0 -0.0 1.0 0.9937888198757762 0.996894409937888 0.0 0.0 
1.0 1.0 0.6737228364112204 1.00103353557482 0.01 0.15 1.0 1.0 1.0 201.14 0.33 
0.0 69.0 0.054916877700729484 0.0372296074647638 -0.0 0.0 1.0 0.9943019943019942 0.997150997150997 0.01 0.0 
1.0 0.0 0.8575603360850413 0.857560336085041 -0.14 0.0 0.9942693409742118 0.9942693409742118 0.994269340974212 0.0 2.45 
0.0 104.0 -0.0 0.0 0.0 0.0 1.0 1.0 1.0 0.0 0.0 
1.0 0.0 0.08665418601251205 0.0866541860125121 -0.01 0.0 0.9842105263157896 0.9842105263157896 0.984210526315789 0.0 1.21 
0.0 491.0 1.3812984481281763 0.690649224064088 0.0 -0.0 1.0 0.971786833855799 0.9858934169279 0.0 0.0 
