1.0 6.0 0.020705755081089284 0.0207057550810893 0.02 0.02 1.0 1.0 1.0 328.0 0.24 
0.0 392.0 0.4077018288308928 0.300189018245514 -0.0 0.06 0.8943298969072165 0.940721649484536 0.917525773195876 80.34 0.24 
1.0 6.0 0.918722914685611 0.560058658929651 0.02 0.06 0.9879518072289154 0.9939759036144576 0.990963855421687 181.05 0.09 
0.0 93.0 0.09338697037523398 0.0569928427181719 -0.0 0.0 1.0 0.993939393939394 0.996969696969697 0.02 0.0 
1.0 4.0 0.9246811048591118 0.547605480653312 -0.0 0.01 1.0 1.0 1.0 4.13 0.13 
0.0 283.0 0.045182252980910435 0.0331641840930204 -0.0 0.0 1.0 0.925 0.9625 0.09 0.01 
1.0 6.0 0.03375101207781669 0.0289774072348474 0.01 0.02 0.9854014598540148 0.9963503649635038 0.990875912408759 67.76 0.18 
0.0 119.0 0.04205863046985207 0.0399059994743243 0.03 0.04 0.9817073170731708 0.9817073170731708 0.981707317073171 143.1 0.61 
1.0 6.0 0.502071399812433 0.260552635987375 -0.0 0.0 1.0 1.0 1.0 0.16 0.02 
0.0 2.0 -0.0 0.0 0.03 0.03 0.9955752212389378 0.9955752212389378 0.995575221238938 226.0 0.29 
1.0 4.0 1.4387339901104848 1.41139871984122 0.08 0.3 0.9974554707379136 0.9974554707379136 0.997455470737914 1001.73 0.18 
0.0 1.0 0.5766502953334973 0.83766152747102 0.08 0.15 1.0 0.9974554707379136 0.998727735368957 231.81 0.1 
1.0 4.0 0.582038460656839 0.414881932547163 0.24 0.28 0.9244604316546762 0.9244604316546762 0.924460431654676 287.48 1.03 
0.0 176.0 0.4981655356263516 0.476088563572958 -0.06 0.02 1.0 0.9968152866242038 0.998407643312102 10.18 0.4 
1.0 5.0 0.972562700997891 1.37141989571468 -0.05 0.38 1.0 1.0 1.0 429.09 0.43 
0.0 310.0 0.03775336847879649 0.0188766842393982 -0.0 -0.0 1.0 0.9817073170731708 0.990853658536585 0.0 0.0 
1.0 2.0 0.024742910712718332 0.0637342643417528 0.02 0.02 1.0 1.0 1.0 266.0 0.23 
0.0 243.0 1.3391870324096355 1.27143134219903 -0.09 0.23 1.0 0.9020618556701032 0.951030927835051 144.76 0.13 
1.0 6.0 0.053801745293687565 0.0376167197180864 0.04 0.04 0.9936908517350158 0.9936908517350158 0.993690851735016 317.01 0.31 
0.0 295.0 -0.0 0.0 0.0 0.0 1.0 1.0 1.0 0.0 0.0 
1.0 4.0 0.9011818521020956 0.463498852128487 0.02 0.03 1.0 1.0 1.0 253.0 0.08 
0.0 2.0 0.09685065652160472 0.144374398507368 0.0 0.0 1.0 1.0 1.0 5.52 0.09 
1.0 4.0 0.08212106930523713 0.0655439627374196 0.06 0.06 1.0 0.9944134078212288 0.997206703910614 323.38 0.64 
0.0 53.0 0.2574367821110266 0.225056494885581 0.12 0.18 0.9072164948453608 0.940721649484536 0.923969072164949 261.77 1.39 
1.0 3.0 0.0582807055404028 0.0415293549977869 -0.0 0.0 1.0 1.0 1.0 0.01 0.0 
0.0 128.0 0.11972735798888015 0.0598636789944401 0.0 0.0 1.0 1.0 1.0 0.0 0.0 
1.0 5.0 0.574268791184449 0.560560391709356 0.0 0.08 1.0 1.0 1.0 50.8 0.92 
0.0 91.0 0.024054366210821344 0.645943777462998 -0.0 0.0 1.0 0.9890909090909092 0.994545454545455 1.26 0.01 
1.0 4.0 0.953235176620348 0.488644771415585 -0.0 0.0 1.0 1.0 1.0 1.6 0.02 
0.0 5.0 0.01872477074468281 0.708920962962009 0.02 0.05 0.9946091644204854 0.9946091644204854 0.994609164420485 742.0 0.09 
1.0 0.0 -0.0 0.0 -0.0 0.0 1.0 1.0 1.0 0.0 0.0 
0.0 193.0 0.7400050906933933 0.525870472614922 -0.03 0.03 1.0 1.0 1.0 10.63 0.39 
1.0 1.0 0.11899883524905565 0.111241166627599 0.38 0.46 0.8425655976676385 0.8454810495626822 0.84402332361516 876.87 2.26 
0.0 51.0 0.0800824403230777 0.0400412201615388 0.06 0.07 0.9817073170731708 0.9847560975609758 0.983231707317073 272.49 0.7 
1.0 3.0 0.02625568508792424 0.0131278425439621 0.0 0.0 1.0 1.0 1.0 0.0 0.0 
0.0 151.0 0.0665854743974204 0.0332927371987102 0.0 0.0 1.0 0.9790575916230366 0.989528795811518 0.0 0.0 
1.0 3.0 0.7614096993709722 0.453487310290658 0.06 0.21 0.9535864978902951 0.9535864978902951 0.953586497890295 254.07 0.63 
0.0 148.0 0.7417183166471224 0.370859158323561 -0.01 0.0 1.0 0.994011976047904 0.997005988023952 0.8 0.02 
1.0 5.0 0.9649080587362384 0.540791450603071 0.02 0.05 0.983221476510067 0.9932885906040269 0.988255033557047 179.82 0.05 
0.0 28.0 0.5643495367034677 0.300555638284089 -0.0 0.01 0.9973544973544972 0.9973544973544972 0.997354497354497 8.82 0.05 
1.0 3.0 0.6928970806025976 0.346448540301299 0.02 0.02 0.9968152866242038 0.9968152866242038 0.996815286624204 314.0 0.05 
0.0 108.0 0.022152081921215285 0.0110760409606076 0.0 0.0 1.0 0.9967105263157896 0.998355263157895 0.0 0.0 
1.0 0.0 -0.0 0.0 -0.0 0.0 1.0 1.0 1.0 0.0 0.0 
0.0 163.0 0.777296027024073 0.406582094904312 0.0 0.02 1.0 0.8994845360824743 0.949742268041237 80.07 0.08 
1.0 7.0 -0.0 0.0 0.0 0.0 1.0 1.0 1.0 0.0 0.0 
0.0 57.0 0.09167492896130204 0.057977099727181 -0.0 0.0 1.0 1.0 1.0 0.02 0.0 
1.0 0.0 0.6138129038747236 0.613812903874724 -0.14 0.0 0.9968652037617554 0.9968652037617554 0.996865203761755 0.0 2.1 
0.0 96.0 0.2929006197311461 0.146450309865573 -0.0 -0.0 1.0 0.996875 0.9984375 0.0 0.0 
1.0 3.0 0.655041883754151 0.381756611395033 0.18 0.25 0.9305135951661632 0.9335347432024168 0.93202416918429 334.43 1.09 
0.0 64.0 0.06002390931952181 0.125961024906326 0.0 0.01 1.0 1.0 1.0 9.09 0.12 
1.0 3.0 0.06049829410230215 0.113195746270004 0.04 0.05 1.0 1.0 1.0 89.99 0.5 
0.0 203.0 0.05204098300862845 0.0260204915043142 -0.0 0.0 1.0 0.9786585365853658 0.989329268292683 0.07 0.01 
1.0 6.0 -0.0 0.0 0.0 0.0 1.0 1.0 1.0 0.0 0.0 
0.0 15.0 0.326308742127741 1.1695228935077 -0.03 0.1 1.0 0.628491620111732 0.814245810055866 56.28 0.19 
1.0 2.0 0.09242159139376704 0.0873158627710814 0.07 0.08 0.9842105263157896 0.9842105263157896 0.984210526315789 190.05 0.58 
0.0 59.0 -0.0 0.0 -0.0 -0.0 1.0 0.9813664596273292 0.990683229813665 0.0 0.0 
1.0 7.0 0.6183362527188963 0.309168126359448 0.09 0.11 0.9617834394904456 0.9713375796178344 0.96656050955414 233.18 0.6 
0.0 96.0 0.07124533401515272 0.0475033435705941 -0.0 0.0 1.0 1.0 1.0 0.01 0.0 
1.0 7.0 0.7794788427490477 1.07098945454604 0.14 0.25 1.0 1.0 1.0 560.18 0.22 
0.0 60.0 0.2744380346223698 0.137219017311185 -0.0 -0.0 1.0 1.0 1.0 0.0 0.0 
1.0 3.0 0.030092344610339425 0.0150461723051697 0.03 0.03 0.9952830188679246 0.9952830188679246 0.995283018867924 212.0 0.29 
0.0 122.0 0.02059871506110972 0.0102993575305549 -0.0 0.0 0.9909909909909907 0.9969969969969968 0.993993993993994 0.01 0.0 
1.0 2.0 0.7648871092878222 0.481273123326978 0.17 0.37 0.9072164948453608 0.9072164948453608 0.907216494845361 686.03 1.32 
0.0 59.0 0.022152081921215285 0.0110760409606076 0.0 0.0 1.0 0.9967105263157896 0.998355263157895 0.0 0.0 
1.0 3.0 0.05251546963977522 0.0450223016966085 0.12 0.13 0.970976253298153 0.970976253298153 0.970976253298153 379.02 1.0 
0.0 80.0 0.7794788427490477 0.770968805579728 0.0 0.08 1.0 0.9561855670103092 0.978092783505155 195.63 0.16 
1.0 3.0 0.07546791682907909 0.0566106426539378 0.04 0.04 1.0 1.0 1.0 161.0 0.36 
0.0 12.0 0.2533863028638452 0.137294439933912 0.02 0.02 1.0 0.9968652037617554 0.998432601880878 319.0 0.14 
1.0 6.0 -0.0 0.0 -0.0 -0.0 1.0 1.0 1.0 0.0 0.0 
0.0 391.0 0.024355245493866216 0.0243172579934631 -0.0 0.0 1.0 0.9963235294117646 0.998161764705882 0.01 0.0 
1.0 4.0 -0.0 0.0 0.0 0.0 1.0 1.0 1.0 0.0 0.0 
0.0 5.0 0.2361365284781126 0.22743730393549 -0.01 0.0 0.9901315789473684 0.9967105263157896 0.993421052631579 0.99 0.09 
1.0 3.0 -0.0 0.0 0.02 0.02 0.9969135802469133 0.9969135802469133 0.996913580246914 324.0 0.21 
0.0 89.0 0.7391520823968456 0.573068964488322 0.01 0.05 1.0 0.9967105263157896 0.998355263157895 46.36 0.39 
1.0 6.0 0.9672482270893722 0.571396344290136 -0.02 0.03 1.0 1.0 1.0 8.39 0.1 
0.0 337.0 0.7648871092878222 0.382443554643911 -0.11 0.04 0.8711340206185567 0.9072164948453608 0.889175257731959 21.66 0.67 
1.0 5.0 -0.0 0.0 -0.0 -0.0 1.0 1.0 1.0 0.0 0.0 
0.0 186.0 0.6359689346369413 0.339469185437313 -0.0 0.0 1.0 1.0 1.0 0.9 0.05 
1.0 6.0 0.0914736159053587 0.0563664894070791 -0.0 0.0 1.0 1.0 1.0 0.02 0.0 
0.0 51.0 0.7320792206803771 0.494758001395702 0.04 0.19 0.9072164948453608 0.9432989690721648 0.925257731958763 270.39 0.69 
1.0 5.0 0.06859321793659608 0.0342966089682981 0.0 0.0 1.0 0.968944099378882 0.984472049689441 0.0 0.0 
0.0 261.0 0.8086274974243058 0.564542129543723 -0.07 0.11 0.8891752577319588 0.9974226804123713 0.943298969072165 131.75 0.35 
1.0 7.0 0.6775861075254633 0.338793053762732 0.02 0.02 0.9966555183946488 0.9966555183946488 0.996655518394649 299.0 0.07 
0.0 12.0 0.02086856966292297 0.0104342848314615 -0.0 -0.0 1.0 1.0 1.0 0.0 0.0 
1.0 0.0 0.1566711530327376 0.156671153032738 -0.0 0.0 0.9939577039274926 0.9939577039274926 0.993957703927492 0.0 1.63 
0.0 86.0 -0.0 0.0 -0.0 -0.0 1.0 1.0 1.0 0.0 0.0 
1.0 3.0 0.1888272419192105 0.875466320703211 0.04 0.13 0.9892761394101875 0.991957104557641 0.990616621983914 543.38 0.14 
0.0 126.0 0.08049874386882527 0.695634732917673 -0.02 0.01 1.0 1.0 1.0 26.86 0.0 
1.0 6.0 0.8548387522121371 0.604734637758164 -0.04 0.04 1.0 1.0 1.0 24.73 0.03 
0.0 358.0 0.4770044031104321 0.238502201555216 -0.0 0.0 1.0 0.996774193548387 0.998387096774194 0.0 0.0 
1.0 7.0 0.3457085726649886 0.233226050856628 0.39 0.57 0.761609907120743 0.761609907120743 0.761609907120743 496.36 2.08 
0.0 39.0 -0.0 0.0 -0.0 -0.0 1.0 1.0 1.0 0.0 0.0 
1.0 0.0 0.19280178846601487 0.192801788466015 -0.0 0.0 0.9958847736625512 0.9958847736625512 0.995884773662551 0.0 1.35 
0.0 102.0 0.7962755610748498 1.24274054731575 0.11 0.62 0.9886363636363636 0.9943181818181815 0.991477272727273 552.83 0.53 
1.0 5.0 -0.0 0.0 0.02 0.02 0.9963369963369966 0.9963369963369966 0.996336996336996 273.0 0.25 
0.0 101.0 0.08327901470975449 0.0695099669146466 -0.0 0.0 1.0 0.9956896551724136 0.997844827586207 0.04 0.01 
1.0 7.0 0.4058002799145737 0.212890413819468 0.14 0.17 0.9525139664804468 0.9553072625698322 0.95391061452514 336.05 1.1 
0.0 122.0 0.07081491984621154 0.0354074599231058 -0.0 -0.0 1.0 0.878125 0.9390625 0.0 0.0 
1.0 1.0 0.9142180417820328 0.46788314875445 -0.0 0.0 1.0 1.0 1.0 1.85 0.02 
0.0 166.0 1.4484152294464514 1.33663825253837 0.01 0.56 0.901060070671378 0.9929328621908128 0.946996466431095 487.66 0.87 
1.0 6.0 0.2555210288721024 0.127760514436051 -0.0 -0.0 1.0 1.0 1.0 0.0 0.0 
0.0 38.0 0.04228243415597148 0.0211412170779857 0.0 0.0 1.0 0.9968847352024922 0.998442367601246 0.0 0.0 
1.0 1.0 0.2164140891932277 0.108207044596614 -0.0 0.0 1.0 1.0 1.0 0.0 0.0 
0.0 58.0 0.5272617660706461 0.340032114442999 -0.01 0.01 1.0 1.0 1.0 2.33 0.16 
1.0 1.0 -0.0 0.0 0.0 0.0 1.0 1.0 1.0 0.0 0.0 
0.0 68.0 0.043560505023086844 0.0217802525115434 -0.0 0.0 0.956656346749226 0.9845201238390092 0.970588235294118 0.26 0.03 
1.0 3.0 0.913972938784685 0.880433999291602 0.03 0.21 0.9867724867724866 0.9867724867724866 0.986772486772487 508.17 0.71 
0.0 411.0 -0.0 0.0 -0.0 0.0 0.9859154929577466 0.9929577464788734 0.98943661971831 0.01 0.01 
1.0 0.0 0.022214468734433918 0.0222144687344339 -0.0 0.0 1.0 1.0 1.0 0.0 0.22 
0.0 127.0 0.8579133774485439 0.438340823248918 0.0 0.0 0.9919137466307276 0.9919137466307276 0.991913746630728 2.08 0.08 
1.0 3.0 0.04392359467299709 0.1603119470259 0.04 0.04 1.0 1.0 1.0 612.0 0.36 
0.0 28.0 0.03851501073265697 0.0192575053663285 -0.0 0.0 1.0 0.9943977591036414 0.997198879551821 0.01 0.0 
1.0 6.0 0.5744285255541567 1.16223694878112 0.07 0.28 0.9731343283582092 0.9761194029850744 0.974626865671642 911.53 0.33 
0.0 123.0 0.1430319537999055 0.0715159768999528 -0.0 0.0 0.8956228956228957 0.9966329966329966 0.946127946127946 0.14 0.02 
1.0 3.0 0.06002390931952181 0.0514966727786034 -0.0 0.0 1.0 1.0 1.0 0.02 0.0 
0.0 17.0 0.07124533401515272 0.0356226670075764 -0.0 0.0 1.0 0.9964157706093186 0.998207885304659 0.01 0.0 
1.0 5.0 -0.0 0.0 -0.0 -0.0 1.0 1.0 1.0 0.0 0.0 
0.0 56.0 0.6048117164172828 0.353871859247922 -0.01 0.01 1.0 0.9745222929936304 0.987261146496815 5.16 0.02 
1.0 3.0 0.4770694171030895 1.24721240751445 -0.04 0.25 0.9743589743589745 0.9923076923076926 0.983333333333333 311.39 0.17 
0.0 68.0 0.07747972025146718 0.0387398601257336 -0.0 -0.0 1.0 0.968944099378882 0.984472049689441 0.0 0.0 
1.0 2.0 -0.0 0.0 0.01 0.02 0.9963898916967509 0.9963898916967509 0.996389891696751 277.0 0.25 
0.0 331.0 0.027778358172627568 0.0138891790863138 -0.0 0.0 1.0 0.9870689655172414 0.993534482758621 0.01 0.0 
1.0 2.0 0.4573386430810641 1.00056454775057 0.07 0.75 0.5153061224489796 0.989795918367347 0.752551020408163 546.42 0.14 
0.0 0.0 -0.0 0.0 -0.0 0.0 1.0 1.0 1.0 0.0 0.0 
1.0 2.0 -0.0 0.0 0.0 0.0 1.0 1.0 1.0 0.0 0.0 
0.0 34.0 0.03851501073265697 0.613151106363496 -0.0 0.01 1.0 0.9943977591036414 0.997198879551821 7.26 0.06 
1.0 5.0 0.3978647591522306 0.367640191254933 -0.05 0.03 1.0 1.0 1.0 45.55 0.1 
0.0 31.0 -0.0 0.0 -0.0 0.01 0.9662447257383966 0.9915611814345991 0.978902953586498 13.44 0.2 
1.0 5.0 0.020705755081089284 0.0103528775405446 -0.0 -0.0 1.0 1.0 1.0 0.0 0.0 
0.0 23.0 0.05580273082586285 0.0516562720693261 -0.0 0.0 1.0 1.0 1.0 0.01 0.0 
1.0 6.0 -0.0 0.0 0.0 0.0 1.0 1.0 1.0 0.0 0.0 
0.0 152.0 0.1446094575817333 0.123770729830147 -0.01 0.0 1.0 0.9904458598726114 0.995222929936306 0.18 0.02 
1.0 7.0 0.0689522373440046 0.0344761186720023 -0.0 -0.0 1.0 1.0 1.0 0.0 0.0 
0.0 48.0 0.020652086479660176 0.0103260432398301 -0.0 0.0 1.0 0.9969604863221886 0.998480243161094 0.0 0.0 
1.0 6.0 0.09392065538765544 0.0933384962827259 0.09 0.12 0.9685534591194968 0.9779874213836478 0.973270440251572 507.23 1.05 
0.0 88.0 0.0892795288691111 0.060313429136712 -0.0 0.0 0.9605911330049262 0.9901477832512318 0.975369458128079 0.17 0.03 
1.0 3.0 0.9011818521020956 0.450590926051048 -0.0 0.0 1.0 1.0 1.0 0.0 0.0 
0.0 201.0 0.09608527084080484 0.388618918000364 -0.01 0.01 1.0 1.0 1.0 6.94 0.08 
1.0 1.0 0.5189955544231425 0.259497777211571 0.01 0.02 0.9968652037617554 0.9968652037617554 0.996865203761755 319.0 0.09 
0.0 30.0 0.4787162347879282 0.253849428412852 -0.0 0.0 1.0 1.0 1.0 0.11 0.01 
