1.0 3.0 0.14423448269607075 0.140664603126605 0.53 0.66 0.7118644067796609 0.7152542372881358 0.713559322033898 880.13 3.24 
0.0 205.0 0.7445555330020763 0.458979729264895 0.01 0.07 0.9072164948453608 0.9974226804123713 0.952319587628866 514.74 0.4 
1.0 6.0 -0.0 0.0 0.2 0.28 0.9190751445086704 0.9190751445086704 0.919075144508671 346.0 1.95 
0.0 623.0 0.0754150149140886 0.37434369223323 0.02 0.03 1.0 0.9958333333333332 0.997916666666667 33.6 0.26 
1.0 1.0 0.12425083738963087 0.0621254186948154 -0.0 -0.0 1.0 1.0 1.0 0.0 0.0 
0.0 13.0 0.08148309234242727 0.158944089084559 -0.0 0.0 1.0 1.0 1.0 0.22 0.03 
1.0 6.0 0.0727705510930352 0.0363852755465176 0.0 0.0 1.0 1.0 1.0 0.0 0.0 
0.0 191.0 0.6359689346369413 0.620390325527112 0.0 0.08 1.0 0.9745222929936304 0.987261146496815 36.49 0.76 
1.0 0.0 0.08578017223261401 0.085780172232614 -0.0 0.0 1.0 1.0 1.0 0.0 0.62 
0.0 95.0 0.805578043115938 0.457118287128881 0.02 0.03 1.0 0.9496124031007752 0.974806201550388 95.97 0.08 
1.0 5.0 0.018900071884481635 0.689050126533959 0.0 0.02 0.9972677595628417 0.9972677595628417 0.997267759562842 366.97 0.0 
0.0 151.0 0.717885385512262 0.503048387811146 -0.05 0.05 0.9589905362776026 0.996845425867508 0.977917981072555 21.8 0.15 
1.0 1.0 0.02178550616680388 0.0108927530834019 0.0 0.0 1.0 1.0 1.0 0.0 0.0 
0.0 293.0 0.045182252980910435 0.730342990553241 -0.05 0.04 1.0 0.925 0.9625 25.4 0.32 
1.0 0.0 -0.0 0.0 -0.0 0.0 1.0 1.0 1.0 0.0 0.0 
0.0 52.0 0.06002390931952181 0.0407568574242889 -0.0 0.0 1.0 1.0 1.0 0.01 0.0 
1.0 6.0 0.7894866775585219 0.406882974025791 -0.0 0.0 1.0 1.0 1.0 1.06 0.0 
0.0 152.0 -0.0 0.0 0.0 0.0 1.0 1.0 1.0 0.0 0.0 
1.0 3.0 0.026993969543528583 0.0269939695435286 -0.0 0.0 1.0 1.0 1.0 0.0 0.0 
0.0 156.0 0.040976607555122384 0.0204883037775612 -0.0 -0.0 1.0 0.9969969969969968 0.998498498498498 0.0 0.0 
1.0 2.0 0.9151926554023 0.974628996723946 0.08 0.46 0.9928571428571425 0.9928571428571425 0.992857142857143 468.37 0.3 
0.0 287.0 0.7794788427490477 0.973449876464291 0.11 0.25 1.0 0.8917525773195876 0.945876288659794 520.52 0.47 
1.0 3.0 0.054916877700729484 0.267879159445029 -0.0 0.0 1.0 0.9943019943019942 0.997150997150997 1.09 0.08 
0.0 3.0 -0.0 0.0 -0.0 -0.0 1.0 1.0 1.0 0.0 0.0 
1.0 2.0 0.043321997190798975 0.0216609985953995 0.05 0.05 0.9904153354632588 0.9936102236421724 0.992012779552716 313.0 0.51 
0.0 4.0 -0.0 0.0 0.0 0.0 1.0 1.0 1.0 0.0 0.0 
1.0 0.0 0.21873807939286777 0.218738079392868 -0.01 0.0 0.9967105263157896 0.9967105263157896 0.996710526315789 0.0 1.42 
0.0 4.0 0.8316960826803917 0.426477722794596 0.01 0.02 0.9968652037617554 0.9968652037617554 0.996865203761755 320.14 0.07 
1.0 2.0 0.08985109231047711 0.0599119236717872 0.03 0.03 1.0 1.0 1.0 212.0 0.24 
0.0 84.0 0.07597745058064577 0.0905405148819253 -0.0 0.0 1.0 0.9973958333333331 0.998697916666667 0.09 0.01 
1.0 4.0 -0.0 0.0 -0.0 -0.0 1.0 1.0 1.0 0.0 0.0 
0.0 49.0 0.9363694874611495 0.858898674413712 0.16 0.57 0.8823529411764705 0.9963235294117646 0.939338235294118 247.33 0.33 
1.0 5.0 0.5458278442333655 0.807466045938971 0.03 0.2 0.6703910614525139 0.9804469273743016 0.825418994413408 447.56 0.38 
0.0 110.0 0.24482387760407764 0.122411938802039 -0.0 0.0 1.0 0.9847560975609758 0.992378048780488 0.28 0.03 
1.0 2.0 0.3854992865139399 0.733539346682201 0.06 0.13 0.9897435897435898 0.9897435897435898 0.98974358974359 214.26 0.64 
0.0 23.0 0.6812081464062815 0.352033935387103 -0.0 0.04 1.0 0.9668874172185432 0.983443708609272 22.38 0.44 
1.0 4.0 1.1733996360333463 1.1357163608728 0.06 0.55 1.0 1.0 1.0 357.8 0.01 
0.0 5.0 0.3210106478398682 0.684027411515439 -0.05 0.03 1.0 1.0 1.0 23.76 0.06 
1.0 5.0 0.08150346432745215 0.135635940524247 -0.04 0.02 0.7062314540059346 0.9762611275964392 0.841246290801187 8.74 0.37 
0.0 2.0 0.5412404766975164 0.384278076426132 0.03 0.05 0.993710691823899 0.993710691823899 0.993710691823899 321.4 0.07 
1.0 4.0 0.09551752959899933 0.377812212589941 0.0 0.01 1.0 1.0 1.0 2.35 0.11 
0.0 28.0 0.23923104111942964 0.23781806347306 0.01 0.02 1.0 1.0 1.0 53.67 0.12 
1.0 6.0 0.027185575146154974 0.554775314544545 -0.0 0.01 1.0 1.0 1.0 5.12 0.09 
0.0 87.0 0.09685065652160472 0.120730057051669 -0.0 0.0 1.0 0.9904458598726114 0.995222929936306 0.18 0.02 
1.0 3.0 -0.0 0.0 0.0 0.0 1.0 1.0 1.0 0.0 0.0 
0.0 7.0 -0.0 0.0 0.0 0.0 1.0 1.0 1.0 0.0 0.0 
1.0 0.0 -0.0 0.0 -0.0 0.0 1.0 1.0 1.0 0.0 0.0 
0.0 3.0 0.024355245493866216 0.0121776227469331 0.02 0.02 0.9963235294117646 0.9963235294117646 0.996323529411765 272.0 0.22 
1.0 5.0 0.778815694507566 0.389407847253783 0.0 0.0 1.0 0.9807692307692306 0.990384615384615 0.0 0.0 
0.0 3.0 -0.0 0.0 0.03 0.03 0.9952153110047846 0.9952153110047846 0.995215311004785 209.0 0.33 
1.0 4.0 0.887731895101687 0.664006903180505 0.01 0.06 1.0 1.0 1.0 59.93 0.78 
0.0 78.0 -0.0 0.0 -0.0 -0.0 1.0 1.0 1.0 0.0 0.0 
1.0 6.0 -0.0 0.0 -0.0 -0.0 1.0 1.0 1.0 0.0 0.0 
0.0 126.0 0.6794877718346207 0.495611813185536 -0.04 0.01 1.0 1.0 1.0 2.78 0.08 
1.0 1.0 0.1296152488035736 0.605501372292297 0.0 0.07 0.9890710382513662 0.9918032786885246 0.990437158469945 365.51 0.04 
0.0 124.0 0.8086274974243058 0.776591515213191 -0.01 0.1 0.9974226804123713 0.9974226804123713 0.997422680412371 103.55 0.66 
1.0 6.0 -0.0 0.0 -0.0 -0.0 1.0 1.0 1.0 0.0 0.0 
0.0 113.0 0.09464575331965379 0.0797782809795176 -0.0 0.0 1.0 1.0 1.0 0.05 0.01 
1.0 1.0 0.04004863019043305 0.0200243150952165 -0.0 -0.0 1.0 1.0 1.0 0.0 0.0 
0.0 5.0 0.05338403027678455 0.0266920151383923 0.02 0.02 0.9937304075235106 0.9968652037617554 0.995297805642633 159.0 0.18 
1.0 5.0 0.2555210288721024 0.642166600716909 0.02 0.04 1.0 1.0 1.0 39.79 0.01 
0.0 188.0 0.04754172800178546 0.129185101658421 -0.0 0.0 1.0 1.0 1.0 0.04 0.01 
1.0 4.0 0.15460357244269188 0.0773017862213459 0.02 0.03 0.9955357142857144 0.9955357142857144 0.995535714285714 224.0 0.23 
0.0 326.0 0.05594538109009752 0.0419126257792465 -0.0 0.0 0.9913793103448276 0.9956896551724136 0.993534482758621 0.04 0.01 
1.0 4.0 -0.0 0.0 0.0 0.0 1.0 1.0 1.0 0.0 0.0 
0.0 22.0 0.5272617660706461 0.41310289856603 -0.02 0.02 1.0 0.9965034965034965 0.998251748251748 6.73 0.38 
1.0 2.0 0.675019446883856 0.50912283696233 0.14 0.3 0.9288537549407112 0.9288537549407112 0.928853754940711 514.96 0.37 
0.0 351.0 0.6660457221467777 0.917449220121101 -0.13 0.28 0.8891752577319588 0.9097938144329896 0.899484536082474 233.12 0.47 
1.0 3.0 1.3266321664918628 1.23248203338398 0.05 0.45 0.9419354838709676 0.9870967741935486 0.964516129032258 600.22 0.14 
0.0 20.0 0.022090069599185986 0.011045034799593 0.0 0.0 1.0 1.0 1.0 0.0 0.0 
1.0 7.0 0.476305553807033 0.238152776903516 0.0 0.0 1.0 0.9957983193277314 0.997899159663866 0.0 0.0 
0.0 21.0 0.022090069599185986 0.011045034799593 0.0 0.0 1.0 1.0 1.0 0.0 0.0 
1.0 1.0 -0.0 0.0 -0.0 -0.0 1.0 1.0 1.0 0.0 0.0 
0.0 1.0 0.07882447527889594 0.0618932030990702 0.16 0.18 0.9702602230483272 0.9702602230483272 0.970260223048327 531.39 1.38 
1.0 4.0 0.8968395853420664 0.744831959911446 0.03 0.31 0.9638157894736842 0.9638157894736842 0.963815789473684 378.58 0.21 
0.0 27.0 0.03836140891311494 0.0191807044565575 0.0 0.0 1.0 1.0 1.0 0.0 0.0 
1.0 1.0 0.0289826220377758 0.109962148221354 -0.0 0.0 1.0 1.0 1.0 0.04 0.01 
0.0 120.0 1.372638337931848 0.686319168965924 -0.0 0.0 1.0 0.9451476793248944 0.972573839662447 0.0 0.0 
1.0 6.0 1.3815813341835952 1.38041801771607 0.09 0.77 0.8023255813953487 0.9534883720930234 0.877906976744186 189.01 0.33 
0.0 82.0 0.9363694874611495 0.468184743730575 -0.0 0.0 1.0 0.9963235294117646 0.998161764705882 0.0 0.0 
1.0 1.0 0.03833165284668794 0.019165826423344 0.0 0.0 1.0 1.0 1.0 0.0 0.0 
0.0 10.0 0.4548575204760618 0.237675187091143 0.1 0.14 0.9650145772594751 0.9679300291545188 0.966472303206997 319.05 0.76 
1.0 3.0 0.04049882608523513 0.0202494130426176 0.02 0.02 0.9966329966329966 0.9966329966329966 0.996632996632997 297.0 0.22 
0.0 85.0 0.04296943623768491 0.0214847181188425 0.0 0.0 1.0 1.0 1.0 0.0 0.0 
1.0 5.0 0.07676618398854067 0.354186435203917 -0.01 0.0 1.0 1.0 1.0 1.24 0.02 
0.0 251.0 0.03775336847879649 0.0188766842393982 -0.0 0.0 1.0 0.968944099378882 0.984472049689441 0.03 0.01 
1.0 6.0 0.3051261550840174 0.152563077542009 0.0 -0.0 1.0 0.9945652173913044 0.997282608695652 0.0 0.0 
0.0 26.0 0.06160671047278965 0.0308033552363948 0.02 0.02 0.9962686567164178 0.9962686567164178 0.996268656716418 268.0 0.24 
1.0 5.0 0.32745885731353896 0.22316277447127 0.02 0.03 1.0 0.9937888198757762 0.996894409937888 145.15 0.18 
0.0 40.0 0.022090069599185986 0.011045034799593 0.0 0.0 1.0 1.0 1.0 0.0 0.0 
1.0 4.0 0.7391520823968456 0.422670769387807 0.01 0.03 0.9967105263157896 0.9967105263157896 0.996710526315789 314.36 0.06 
0.0 230.0 0.027879870468395514 0.0139399352341978 0.0 0.0 1.0 0.9956896551724136 0.997844827586207 0.0 0.0 
1.0 6.0 0.6866352316362762 0.424829430565321 0.02 0.06 0.9923664122137406 0.9923664122137406 0.99236641221374 210.42 0.65 
0.0 5.0 0.8482986230898207 0.601674205751484 0.08 0.15 0.9370860927152318 0.9635761589403972 0.950331125827815 327.22 0.19 
1.0 1.0 1.301893331738055 1.28502554276549 0.11 0.56 0.9933333333333332 0.9933333333333332 0.993333333333333 777.43 0.16 
0.0 253.0 -0.0 0.0 0.0 0.0 1.0 1.0 1.0 0.0 0.0 
1.0 7.0 0.7444566706707163 0.401922775795896 -0.01 0.03 0.9380530973451328 0.9970501474926252 0.967551622418879 33.11 0.0 
0.0 164.0 0.04228925478114467 0.90984802931866 -0.01 0.04 0.9187279151943462 0.9929328621908128 0.955830388692579 159.63 0.04 
1.0 6.0 0.04004863019043305 0.0200243150952165 -0.0 -0.0 1.0 1.0 1.0 0.0 0.0 
0.0 85.0 0.02059871506110972 0.0656247388683904 -0.0 0.0 1.0 0.9181818181818182 0.959090909090909 0.11 0.01 
1.0 7.0 1.0720119323996455 0.536005966199823 0.01 0.02 0.9969418960244648 0.9969418960244648 0.996941896024465 327.0 0.04 
0.0 281.0 0.7648871092878222 0.547399435384143 -0.11 0.05 0.9072164948453608 0.9329896907216496 0.920103092783505 26.19 0.63 
1.0 4.0 0.9557241905338406 0.605282346476959 -0.01 0.1 0.9869791666666664 0.9895833333333331 0.98828125 413.4 0.31 
0.0 29.0 0.02466432081248941 0.0123321604062447 -0.0 -0.0 1.0 1.0 1.0 0.0 0.0 
1.0 6.0 -0.0 0.0 0.0 0.0 1.0 1.0 1.0 0.0 0.0 
0.0 100.0 0.04296943623768491 0.100549929816314 0.01 0.01 1.0 0.9968152866242038 0.998407643312102 77.77 0.14 
1.0 1.0 0.6866352316362762 0.403408251739597 0.05 0.07 0.9923664122137406 0.9923664122137406 0.99236641221374 525.33 0.15 
0.0 1.0 0.35504978841314766 0.188988129743608 0.16 0.18 0.9635761589403972 0.9635761589403972 0.963576158940397 604.0 1.08 
1.0 2.0 0.04869182683753661 0.0347801982502298 0.02 0.02 1.0 0.9969325153374232 0.998466257668712 294.08 0.18 
0.0 40.0 0.0914852535930533 0.0457426267965266 0.0 0.0 1.0 0.9942028985507246 0.997101449275362 0.0 0.0 
1.0 4.0 -0.0 0.0 0.0 0.0 1.0 1.0 1.0 0.0 0.0 
0.0 48.0 0.808814311512711 0.418296334842669 -0.0 0.0 1.0 1.0 1.0 0.32 0.03 
1.0 6.0 0.028399643095318942 0.0283468350559013 0.23 0.27 0.922448979591837 0.926530612244898 0.924489795918367 245.0 1.79 
0.0 450.0 0.7034665456711977 0.351733272835599 -0.05 0.01 0.9786585365853658 0.9847560975609758 0.981707317073171 6.9 0.05 
1.0 1.0 -0.0 0.0 0.12 0.13 0.971786833855799 0.971786833855799 0.971786833855799 319.0 1.02 
0.0 7.0 0.16488320739843235 0.0824416036992162 -0.0 0.0 1.0 0.9820788530465951 0.991039426523298 0.15 0.02 
1.0 5.0 0.8705270591591469 0.473252254869896 -0.0 0.01 1.0 1.0 1.0 2.44 0.1 
0.0 143.0 0.1446648641446663 0.0723324320723332 0.0 0.0 1.0 1.0 1.0 0.0 0.0 
1.0 5.0 0.40517154089694396 0.329954935431751 0.13 0.25 0.94017094017094 0.9444444444444444 0.942307692307692 364.37 1.38 
0.0 37.0 0.5310542528871021 0.285064184196001 -0.0 0.0 1.0 1.0 1.0 0.58 0.04 
1.0 7.0 0.09478844509402591 0.0667228305185884 -0.0 0.0 1.0 1.0 1.0 0.04 0.01 
0.0 130.0 0.7417183166471224 0.370859158323561 -0.01 0.01 1.0 0.9880239520958086 0.994011976047904 1.61 0.03 
1.0 1.0 0.2446883027728781 0.782152384145976 -0.0 0.06 0.9972527472527472 0.9972527472527472 0.997252747252747 422.7 0.01 
0.0 3.0 0.5766502953334973 0.966245425876112 -0.0 0.18 1.0 0.9974554707379136 0.998727735368957 129.32 0.25 
1.0 4.0 0.2983173313715373 0.271502817072208 0.03 0.03 1.0 0.9972527472527472 0.998626373626374 98.78 0.23 
0.0 275.0 0.7794788427490477 0.985876017572166 -0.03 0.16 1.0 0.8943298969072165 0.947164948453608 246.98 0.34 
1.0 2.0 0.06685739284696796 0.033428696423484 -0.0 -0.0 1.0 1.0 1.0 0.0 0.0 
0.0 41.0 1.2977148224599075 0.648857411229954 -0.0 0.0 1.0 1.0 1.0 0.0 0.0 
1.0 4.0 0.054916877700729484 0.780898599268884 0.02 0.04 0.9971428571428574 0.9971428571428574 0.997142857142857 530.21 0.07 
0.0 169.0 -0.0 0.0 0.0 0.0 1.0 0.9923664122137406 0.99618320610687 0.0 0.0 
1.0 2.0 1.3930335781090064 1.35877616535782 0.1 0.67 0.9929328621908128 0.9929328621908128 0.992932862190813 668.63 0.09 
0.0 15.0 0.8579133774485439 0.428956688724272 -0.0 -0.0 1.0 0.9919137466307276 0.995956873315364 0.0 0.0 
1.0 1.0 0.06201998821945535 0.0310099941097277 -0.0 -0.0 1.0 1.0 1.0 0.0 0.0 
0.0 99.0 0.14051223512385375 0.0702561175619269 0.0 -0.0 1.0 0.9632653061224488 0.981632653061224 0.0 0.0 
1.0 6.0 -0.0 0.0 0.0 0.0 1.0 1.0 1.0 0.0 0.0 
0.0 0.0 -0.0 0.0 -0.0 0.0 1.0 1.0 1.0 0.0 0.0 
1.0 4.0 1.4387339901104848 1.41139871984122 0.08 0.3 0.9974554707379136 0.9974554707379136 0.997455470737914 1001.73 0.18 
0.0 7.0 -0.0 0.0 0.0 0.0 1.0 1.0 1.0 0.0 0.0 
1.0 2.0 0.09685065652160472 0.144374398507368 0.0 0.0 1.0 1.0 1.0 5.52 0.09 
0.0 110.0 0.05031903881167891 0.0466442375246819 -0.0 0.0 1.0 1.0 1.0 0.01 0.0 
