1.0 5.0 0.8292750607643095 0.511302899240642 0.0 0.03 0.9972375690607737 0.9972375690607737 0.997237569060773 365.82 0.01 
0.0 71.0 0.5786436813610616 0.289321840680531 0.0 -0.0 1.0 0.99250936329588 0.99625468164794 0.0 0.0 
1.0 5.0 0.05500726509338646 0.204818894198789 0.03 0.03 1.0 1.0 1.0 471.81 0.18 
0.0 20.0 -0.0 0.0 -0.01 0.0 0.5701754385964911 0.997076023391813 0.783625730994152 0.76 0.03 
1.0 1.0 0.12425083738963087 0.0621254186948154 -0.0 -0.0 1.0 1.0 1.0 0.0 0.0 
0.0 69.0 0.5594656917154643 0.279732845857732 -0.0 0.0 1.0 0.8980263157894735 0.949013157894737 0.0 0.0 
1.0 2.0 0.061293913488030774 0.0927723754388308 -0.0 0.0 1.0 1.0 1.0 0.08 0.01 
0.0 31.0 0.702568290441558 0.351284145220779 0.0 -0.0 1.0 1.0 1.0 0.0 0.0 
1.0 7.0 0.704433045823142 0.667410196677028 0.01 0.06 1.0 1.0 1.0 30.55 0.3 
0.0 99.0 -0.0 0.0 -0.01 0.0 0.9210526315789472 0.9941520467836256 0.957602339181286 0.17 0.02 
1.0 1.0 -0.0 0.0 -0.0 -0.0 1.0 1.0 1.0 0.0 0.0 
0.0 177.0 1.6321156904601775 1.47377193628476 -0.0 0.73 1.0 0.943859649122807 0.971929824561404 784.32 0.77 
1.0 1.0 0.36416639636829046 0.182083198184145 -0.0 -0.0 1.0 1.0 1.0 0.0 0.0 
0.0 43.0 0.5272617660706461 0.332816370728885 -0.02 0.01 1.0 1.0 1.0 2.03 0.15 
1.0 3.0 0.27004803754506446 0.208096391776814 -0.0 0.0 1.0 1.0 1.0 0.59 0.07 
0.0 122.0 0.08148309234242727 0.119806757868686 -0.0 0.0 1.0 0.9968152866242038 0.998407643312102 0.13 0.02 
1.0 4.0 0.3922912171596764 0.196145608579838 0.31 0.33 1.0 0.8986784140969162 0.949339207048458 226.45 2.46 
0.0 47.0 0.696576102069623 0.639139647306866 0.09 0.25 1.0 0.9679300291545188 0.983965014577259 214.39 1.05 
1.0 4.0 0.8579133774485439 0.438319074096613 0.04 0.05 0.9919137466307276 0.9946091644204854 0.993261455525607 371.0 0.15 
0.0 12.0 0.2091944709230944 0.772822937262021 -0.02 0.05 1.0 0.9224598930481283 0.961229946524064 62.6 0.13 
1.0 5.0 -0.0 0.0 -0.0 -0.0 1.0 1.0 1.0 0.0 0.0 
0.0 23.0 0.06176848511688386 0.0308842425584419 -0.0 -0.0 1.0 1.0 1.0 0.0 0.0 
1.0 2.0 -0.0 0.0 0.02 0.02 0.9971098265895952 0.9971098265895952 0.997109826589595 346.0 0.25 
0.0 86.0 0.09338697037523398 0.0569928427181719 -0.0 0.0 1.0 0.993939393939394 0.996969696969697 0.02 0.0 
1.0 5.0 0.019734531618407967 0.0751725974848146 -0.0 0.0 1.0 1.0 1.0 0.03 0.0 
0.0 72.0 0.27004803754506446 0.192666965753941 -0.0 0.0 1.0 1.0 1.0 0.36 0.05 
1.0 2.0 1.4480453751443052 0.724022687572153 0.02 0.04 0.9941002949852508 0.9941002949852508 0.994100294985251 339.0 0.05 
0.0 3.0 1.8263691661755623 1.45234112650238 0.05 0.41 1.0 1.0 1.0 281.85 0.05 
1.0 7.0 -0.0 0.0 0.0 0.0 1.0 1.0 1.0 0.0 0.0 
0.0 365.0 0.6918672812117752 0.345933640605888 0.0 -0.0 1.0 0.7956656346749225 0.897832817337461 0.0 0.0 
1.0 5.0 0.05158802644565516 0.752133806394589 0.11 0.23 0.9361702127659574 0.9404255319148936 0.938297872340426 250.06 0.57 
0.0 214.0 0.5705909754161566 0.808817575303583 -0.01 0.12 1.0 1.0 1.0 170.65 0.21 
1.0 1.0 0.017741822561726052 0.0606606864577389 -0.0 0.0 1.0 1.0 1.0 0.02 0.0 
0.0 141.0 0.19765913736613375 0.682540023772834 0.11 0.27 0.8917525773195876 0.9072164948453608 0.899484536082474 346.43 0.46 
1.0 6.0 0.07935767315304856 0.0693732770370619 0.13 0.14 0.9380530973451328 0.9557522123893804 0.946902654867257 222.66 1.43 
0.0 38.0 0.830237670572683 0.423989746567205 -0.0 0.0 1.0 1.0 1.0 0.33 0.02 
1.0 3.0 0.3969970036416722 0.317823545810083 0.22 0.32 0.9254237288135592 0.9457627118644067 0.935593220338983 540.53 1.64 
0.0 237.0 -0.0 0.0 0.0 -0.0 1.0 0.8986784140969162 0.949339207048458 0.0 0.0 
1.0 6.0 0.5154250939514233 0.257712546975712 0.0 0.0 1.0 1.0 1.0 0.0 0.0 
0.0 79.0 0.06736955992739492 0.115320501719514 -0.0 0.04 0.44012944983818764 0.9644012944983817 0.702265372168285 18.9 0.39 
1.0 7.0 0.12207546366084696 0.0610377318304235 0.09 0.11 0.887218045112782 0.9586466165413536 0.922932330827068 99.71 1.1 
0.0 35.0 0.696576102069623 0.870686963916474 0.14 0.49 1.0 0.9154518950437318 0.957725947521866 462.23 2.01 
1.0 6.0 -0.0 0.0 0.0 0.0 1.0 1.0 1.0 0.0 0.0 
0.0 345.0 0.9212855164250124 0.788387026359701 -0.09 0.09 1.0 0.6630434782608695 0.831521739130435 45.36 0.0 
1.0 7.0 0.5923940706928204 0.305516244431583 -0.0 0.0 1.0 1.0 1.0 0.36 0.02 
0.0 379.0 0.09786130924602802 0.130121963425376 -0.0 0.0 1.0 1.0 1.0 0.19 0.03 
1.0 2.0 0.020284588054283816 0.0101422940271419 0.0 0.0 1.0 1.0 1.0 0.0 0.0 
0.0 65.0 0.6980961448177825 0.434576873736553 -0.01 0.01 1.0 1.0 1.0 9.0 0.22 
1.0 1.0 1.3812984481281763 0.690649224064088 0.04 0.13 0.971786833855799 0.971786833855799 0.971786833855799 319.0 0.24 
0.0 166.0 1.4484152294464514 1.33663825253837 0.01 0.56 0.901060070671378 0.9929328621908128 0.946996466431095 487.66 0.87 
1.0 6.0 0.9339842147523802 0.627497431296124 -0.01 0.06 1.0 1.0 1.0 141.01 0.19 
0.0 2.0 -0.0 0.0 0.0 0.0 1.0 1.0 1.0 0.0 0.0 
1.0 7.0 0.5493625663800342 0.428826970734771 0.01 0.04 1.0 0.7263157894736842 0.863157894736842 36.28 0.25 
0.0 206.0 1.1688527180954242 1.11969760457255 -0.02 0.14 1.0 0.8891752577319588 0.944587628865979 142.46 0.08 
1.0 4.0 0.8575603360850413 0.514752012059708 0.01 0.04 0.9942693409742118 0.997134670487106 0.995702005730659 207.38 0.01 
0.0 119.0 -0.0 0.0 -0.0 -0.0 1.0 1.0 1.0 0.0 0.0 
1.0 2.0 0.020652086479660176 0.0833230295884865 -0.0 0.0 1.0 1.0 1.0 0.03 0.0 
0.0 16.0 -0.0 0.0 -0.0 -0.0 1.0 0.9971098265895952 0.998554913294798 0.0 0.0 
1.0 4.0 0.33095312557948003 0.684376049142457 -0.0 0.05 1.0 1.0 1.0 79.46 0.23 
0.0 174.0 0.3582541121522332 0.189871958840645 -0.0 0.0 1.0 1.0 1.0 0.1 0.01 
1.0 5.0 0.026993969543528583 0.831255611609294 0.0 0.01 1.0 1.0 1.0 5.02 0.0 
0.0 168.0 -0.0 0.0 0.0 0.0 1.0 1.0 1.0 0.0 0.0 
1.0 1.0 -0.0 0.0 0.11 0.12 0.9754601226993864 0.9754601226993864 0.975460122699387 326.0 1.08 
0.0 117.0 0.4540115915195649 0.346621316319497 -0.01 0.01 1.0 1.0 1.0 2.98 0.18 
1.0 3.0 0.05762288789854216 0.117260695434418 0.06 0.13 0.9726775956284152 0.9781420765027322 0.975409836065574 366.03 0.85 
0.0 14.0 0.5458278442333655 1.05534593729885 -0.0 0.24 1.0 0.6703910614525139 0.835195530726257 285.17 0.15 
1.0 7.0 -0.0 0.0 -0.0 -0.0 1.0 1.0 1.0 0.0 0.0 
0.0 3.0 0.6794877718346207 0.33974388591731 -0.0 0.0 1.0 1.0 1.0 0.0 0.0 
1.0 2.0 0.42380180699756154 0.822531245985305 -0.02 0.13 0.9935691318327972 0.9935691318327972 0.993569131832797 377.28 0.04 
0.0 96.0 0.060680014902986086 0.12979030670883 -0.0 0.0 0.9890909090909092 0.9963636363636365 0.992727272727273 0.28 0.04 
1.0 6.0 0.05227572834868318 0.084985338811081 0.02 0.03 0.991957104557641 0.9946380697050938 0.993297587131367 248.06 0.23 
0.0 49.0 0.11949293989298446 0.0597464699464922 -0.0 -0.0 1.0 1.0 1.0 0.0 0.0 
1.0 4.0 0.04852865540608026 0.0378571152761176 -0.0 0.0 1.0 1.0 1.0 0.01 0.0 
0.0 62.0 1.5775858803633986 1.44525808066406 -0.02 0.26 0.9289617486338798 0.9918032786885246 0.960382513661202 343.34 0.06 
1.0 2.0 -0.0 0.0 0.12 0.13 0.971786833855799 0.971786833855799 0.971786833855799 319.0 1.06 
0.0 16.0 0.9885301521120642 0.594529244157457 -0.04 0.08 0.982142857142857 0.9872448979591836 0.98469387755102 209.53 0.18 
1.0 2.0 0.09242159139376704 0.0873158627710814 0.07 0.08 0.9842105263157896 0.9842105263157896 0.984210526315789 190.05 0.58 
0.0 593.0 0.0800824403230777 0.110087099675333 -0.01 0.0 0.9542682926829268 0.9817073170731708 0.967987804878049 0.82 0.08 
1.0 5.0 0.08177127940433396 0.196721760970262 0.03 0.05 0.9920948616600794 0.9920948616600794 0.992094861660079 253.35 0.2 
0.0 76.0 -0.0 0.0 0.0 -0.0 1.0 0.9842105263157896 0.992105263157895 0.0 0.0 
1.0 7.0 0.8548387522121371 0.709594144457802 -0.05 0.12 1.0 0.9973544973544972 0.998677248677249 90.25 0.9 
0.0 69.0 -0.0 0.0 -0.0 -0.0 1.0 1.0 1.0 0.0 0.0 
1.0 6.0 0.3943211619593595 0.776902802405172 0.04 0.12 0.9825581395348836 0.9825581395348836 0.982558139534884 382.61 0.07 
0.0 135.0 0.6623464715562162 0.341634962191375 -0.0 0.0 1.0 1.0 1.0 0.61 0.02 
1.0 2.0 0.021845696904517597 0.0109228484522588 0.02 0.02 0.9967637540453076 0.9967637540453076 0.996763754045307 309.0 0.2 
0.0 159.0 0.7445555330020763 0.95670412554875 0.05 0.22 0.8891752577319588 0.9974226804123713 0.943298969072165 477.08 0.53 
1.0 5.0 0.03960910401039758 0.0198045520051988 0.0 0.0 1.0 1.0 1.0 0.0 0.0 
0.0 122.0 0.02059871506110972 0.0102993575305549 -0.0 0.0 0.9909909909909907 0.9969969969969968 0.993993993993994 0.01 0.0 
1.0 3.0 -0.0 0.0 0.0 0.0 1.0 1.0 1.0 0.0 0.0 
0.0 105.0 0.022152081921215285 0.0110760409606076 0.0 0.0 1.0 0.9967105263157896 0.998355263157895 0.0 0.0 
1.0 3.0 0.3026815035828914 0.151340751791446 0.0 0.0 1.0 1.0 1.0 0.0 0.0 
0.0 41.0 0.027982183645278484 0.0139910918226392 -0.01 0.0 0.970464135021097 0.9915611814345991 0.981012658227848 0.07 0.01 
1.0 3.0 -0.0 0.0 0.08 0.09 0.9823943661971832 0.9823943661971832 0.982394366197183 284.0 0.82 
0.0 108.0 0.059954128784417776 0.0527476002707165 -0.0 0.0 0.9922779922779922 0.9922779922779922 0.992277992277992 0.06 0.01 
1.0 3.0 0.913972938784685 0.880433999291602 0.03 0.21 0.9867724867724866 0.9867724867724866 0.986772486772487 508.17 0.71 
0.0 5.0 -0.0 0.0 -0.0 -0.0 1.0 1.0 1.0 0.0 0.0 
1.0 4.0 0.09006047508429844 0.0695136656269503 0.05 0.05 1.0 0.9944134078212288 0.997206703910614 165.66 0.56 
0.0 0.0 -0.0 0.0 -0.0 0.0 0.9935691318327972 0.9935691318327972 0.993569131832797 0.0 0.37 
1.0 5.0 0.1341766528978053 0.0670883264489027 0.08 0.1 0.9712041884816756 0.9764397905759162 0.973821989528796 310.88 1.03 
0.0 94.0 0.8712535457073128 0.7650795778404 0.06 0.31 1.0 0.9968652037617554 0.998432601880878 179.43 0.79 
1.0 5.0 0.7663816776588379 0.383190838829419 -0.0 0.0 1.0 1.0 1.0 0.0 0.0 
0.0 47.0 -0.0 0.0 0.0 0.0 1.0 1.0 1.0 0.0 0.0 
1.0 7.0 0.029504444501537695 0.0295044445015377 -0.0 0.0 1.0 1.0 1.0 0.0 0.0 
0.0 25.0 0.5130993011185021 0.256549650559251 -0.0 0.0 0.36042402826855113 0.9964664310954064 0.678445229681979 0.57 0.02 
1.0 6.0 0.7568055046080526 0.443121561640492 0.18 0.22 0.943859649122807 0.943859649122807 0.943859649122807 286.31 0.98 
0.0 25.0 0.049314561447631994 0.024657280723816 -0.0 -0.0 1.0 1.0 1.0 0.0 0.0 
1.0 1.0 0.2121176853665875 0.106058842683294 -0.0 -0.0 1.0 1.0 1.0 0.0 0.0 
0.0 130.0 0.3299117614804645 0.83454939694505 -0.08 0.05 1.0 0.9329896907216496 0.966494845360825 28.4 0.33 
1.0 3.0 0.04061308921059742 0.0203065446052987 0.0 0.0 1.0 1.0 1.0 0.0 0.0 
0.0 3.0 0.02013133843277965 0.635426786218179 -0.03 0.04 1.0 0.9630681818181815 0.981534090909091 27.14 0.19 
1.0 3.0 0.131629170846096 0.065814585423048 0.08 0.08 0.9845201238390092 0.9845201238390092 0.984520123839009 323.0 0.6 
0.0 300.0 0.2498350096792427 0.124917504839621 -0.0 0.0 0.904225352112676 0.9971830985915492 0.950704225352113 0.19 0.02 
1.0 2.0 0.5661954279814504 0.478739639798251 0.25 0.62 0.8675078864353312 0.8675078864353312 0.867507886435331 701.14 2.78 
0.0 114.0 0.06736955992739492 0.0336847799636975 -0.0 0.0 0.9644012944983817 0.9967637540453076 0.980582524271845 0.05 0.01 
1.0 2.0 0.03641887534057641 0.0313372802142503 -0.0 0.0 1.0 1.0 1.0 0.0 0.0 
0.0 57.0 0.2950183134145514 0.147509156707276 -0.0 -0.0 1.0 1.0 1.0 0.0 0.0 
1.0 3.0 0.02572977627813256 0.0128648881390663 0.06 0.06 0.9883268482490272 0.9883268482490272 0.988326848249027 257.0 0.54 
0.0 282.0 0.3176998989466621 0.225284969518659 0.04 0.08 1.0 0.9072164948453608 0.95360824742268 398.42 0.46 
1.0 5.0 0.05227572834868318 0.120551485133947 0.03 0.04 0.9892761394101875 0.991957104557641 0.990616621983914 279.11 0.3 
0.0 136.0 0.043321997190798975 0.0410412678532346 -0.0 0.0 1.0 0.996794871794872 0.998397435897436 0.02 0.0 
1.0 4.0 -0.0 0.0 -0.0 -0.0 1.0 1.0 1.0 0.0 0.0 
0.0 104.0 0.055740919119538684 0.0417596386460831 -0.0 0.0 1.0 0.9956896551724136 0.997844827586207 0.01 0.0 
1.0 5.0 0.7050575594494202 0.35252877972471 0.01 0.02 0.9967637540453076 0.9967637540453076 0.996763754045307 309.0 0.08 
0.0 34.0 0.9948493212862942 0.497424660643147 -0.0 0.0 1.0 0.997134670487106 0.998567335243553 1.48 0.0 
1.0 2.0 0.027778358172627568 0.0772659625692141 -0.0 0.0 1.0 1.0 1.0 0.02 0.01 
0.0 4.0 0.9246811048591118 0.547605480653312 -0.0 0.01 1.0 1.0 1.0 4.13 0.13 
1.0 1.0 0.026077832983397647 0.0826404003285788 0.17 0.21 0.9541984732824428 0.9541984732824428 0.954198473282443 524.0 1.83 
0.0 22.0 0.8346941474420994 0.436884131473499 -0.0 0.0 1.0 1.0 1.0 3.36 0.05 
1.0 7.0 -0.0 0.0 -0.0 -0.0 1.0 1.0 1.0 0.0 0.0 
0.0 79.0 0.17340392552771366 0.64699091858159 -0.12 0.04 1.0 0.9072164948453608 0.95360824742268 44.92 0.23 
1.0 0.0 0.6717335817358335 0.671733581735833 -0.06 0.0 1.0 1.0 1.0 0.0 2.18 
0.0 308.0 -0.0 0.0 -0.0 -0.0 1.0 1.0 1.0 0.0 0.0 
1.0 1.0 0.04578717482093773 0.7103479348736 0.01 0.03 0.9973958333333331 0.9973958333333331 0.997395833333333 397.59 0.02 
0.0 373.0 0.7320792206803771 0.917149221578075 -0.07 0.22 0.8994845360824743 0.9432989690721648 0.92139175257732 316.68 0.66 
1.0 3.0 0.6928970806025976 0.346448540301299 0.02 0.02 0.9968152866242038 0.9968152866242038 0.996815286624204 314.0 0.05 
0.0 233.0 0.08373481733391841 0.255766411855334 -0.01 0.0 1.0 0.9967213114754097 0.998360655737705 0.75 0.07 
1.0 2.0 0.8548387522121371 0.742544679355502 -0.04 0.08 1.0 1.0 1.0 67.63 0.86 
0.0 4.0 0.13287004009065523 0.0664350200453276 0.18 0.24 0.8711340206185567 0.9072164948453608 0.889175257731959 276.57 1.96 
1.0 2.0 1.3930335781090064 1.35877616535782 0.1 0.67 0.9929328621908128 0.9929328621908128 0.992932862190813 668.63 0.09 
0.0 24.0 0.8267010801842175 0.434491757170094 -0.01 0.0 1.0 1.0 1.0 0.86 0.06 
