1.0 4.0 0.3204567616631412 0.160228380831571 0.22 0.3 0.8711340206185567 0.8891752577319588 0.880154639175258 326.99 1.87 
0.0 21.0 0.2814213962991312 0.140710698149566 0.0 0.0 1.0 0.9881305637982196 0.99406528189911 0.0 0.0 
1.0 4.0 0.027185575146154974 0.0135927875730775 0.0 0.0 1.0 1.0 1.0 0.0 0.0 
0.0 1.0 0.9547866641040146 0.762748167467601 -0.03 0.07 1.0 1.0 1.0 49.29 0.11 
1.0 6.0 -0.0 0.0 0.0 0.0 1.0 1.0 1.0 0.0 0.0 
0.0 0.0 -0.0 0.0 -0.0 0.0 0.996794871794872 0.996794871794872 0.996794871794872 0.0 0.22 
1.0 7.0 0.696576102069623 0.415164024880877 -0.02 0.03 1.0 0.9970845481049562 0.998542274052478 349.97 0.01 
0.0 189.0 -0.0 0.0 -0.0 -0.0 1.0 0.957957957957958 0.978978978978979 0.0 0.0 
1.0 1.0 0.7569038589091573 0.670823271352091 0.03 0.17 1.0 1.0 1.0 171.04 0.95 
0.0 593.0 0.0800824403230777 0.110087099675333 -0.01 0.0 0.9542682926829268 0.9817073170731708 0.967987804878049 0.82 0.08 
1.0 7.0 0.15813042339494393 0.079065211697472 -0.0 0.0 1.0 0.9968152866242038 0.998407643312102 0.0 0.0 
0.0 125.0 0.9548978214921024 1.21960094865023 -0.04 0.3 0.9923664122137406 0.9974554707379136 0.994910941475827 233.41 0.37 
1.0 3.0 0.6812081464062815 0.351711307570358 -0.0 0.0 1.0 1.0 1.0 1.97 0.06 
0.0 115.0 0.6584298908958386 0.449404937503541 -0.01 0.02 0.9922779922779922 0.996138996138996 0.994208494208494 34.9 0.1 
1.0 3.0 0.23564914246808455 0.641346658829547 -0.02 0.03 1.0 1.0 1.0 18.08 0.02 
0.0 356.0 0.9011818521020956 0.491476565753215 -0.03 0.01 1.0 0.9920948616600794 0.99604743083004 4.22 0.17 
1.0 3.0 0.06500189380978766 0.0325009469048938 -0.0 -0.0 1.0 1.0 1.0 0.0 0.0 
0.0 96.0 0.5643495367034677 0.335656052947865 -0.0 0.01 1.0 0.9973544973544972 0.998677248677249 13.46 0.15 
1.0 6.0 0.09946508824765289 0.0600585873636565 -0.0 0.0 1.0 0.9939209726443768 0.996960486322188 0.02 0.0 
0.0 4.0 0.7022393805288216 0.363146873369821 -0.0 0.0 1.0 1.0 1.0 0.6 0.03 
1.0 1.0 -0.0 0.0 -0.0 -0.0 1.0 1.0 1.0 0.0 0.0 
0.0 611.0 0.846039359308129 0.616794131486226 -0.0 0.05 1.0 0.9836734693877552 0.991836734693878 23.02 0.34 
1.0 6.0 0.22298278589189438 0.111491392945947 0.0 0.0 1.0 1.0 1.0 0.0 0.0 
0.0 64.0 0.06002390931952181 0.125961024906326 0.0 0.01 1.0 1.0 1.0 9.09 0.12 
1.0 1.0 0.061848503732346585 0.0309242518661733 0.0 0.0 1.0 1.0 1.0 0.0 0.0 
0.0 59.0 0.4543334713115185 0.397057468517274 -0.01 0.01 1.0 0.997032640949555 0.998516320474777 2.75 0.17 
1.0 7.0 1.8357722187453 1.63872861688347 0.01 0.34 0.9346590909090908 0.9943181818181815 0.964488636363636 563.2 0.05 
0.0 9.0 0.5478811250566409 0.359912406545507 0.08 0.09 0.9025787965616044 0.997134670487106 0.949856733524355 311.33 0.38 
1.0 7.0 0.8014815654652077 0.429415473325277 -0.01 0.02 0.994475138121547 0.9972375690607737 0.99585635359116 182.36 0.03 
0.0 63.0 0.24107466687909204 0.176946114163327 -0.0 0.0 1.0 1.0 1.0 0.36 0.04 
1.0 6.0 0.6048117164172828 0.529411653968424 0.2 0.29 1.0 0.9745222929936304 0.987261146496815 206.28 1.76 
0.0 27.0 0.2638574155153741 0.143666654804486 -0.0 0.0 1.0 1.0 1.0 0.07 0.01 
1.0 1.0 0.017741822561726052 0.0606606864577389 -0.0 0.0 1.0 1.0 1.0 0.02 0.0 
0.0 104.0 -0.0 0.0 0.0 0.0 1.0 1.0 1.0 0.0 0.0 
1.0 4.0 0.06489622226875695 0.0324481111343785 -0.0 -0.0 1.0 1.0 1.0 0.0 0.0 
0.0 202.0 0.7320792206803771 0.619751484934774 0.05 0.15 1.0 0.9432989690721648 0.971649484536082 123.16 1.04 
1.0 0.0 0.020923452826532903 0.0209234528265329 -0.0 0.0 1.0 1.0 1.0 0.0 0.23 
0.0 48.0 0.025559460044411435 0.0255173331959479 0.03 0.04 0.9884169884169884 0.9922779922779922 0.99034749034749 172.0 0.38 
1.0 5.0 0.13014412253968405 0.124866890502885 0.02 0.03 1.0 1.0 1.0 55.05 0.42 
0.0 227.0 -0.0 0.0 -0.0 -0.0 1.0 0.9965870307167234 0.998293515358362 0.0 0.0 
1.0 5.0 0.8171797694773422 0.428953910204852 -0.01 0.0 0.9932432432432432 0.9966216216216216 0.994932432432432 1.4 0.11 
0.0 325.0 0.02097864624030526 0.0104893231201526 -0.0 0.0 0.9969135802469133 0.9969135802469133 0.996913580246914 0.01 0.0 
1.0 3.0 0.2164140891932277 0.162442714114572 0.0 0.0 1.0 1.0 1.0 0.05 0.04 
0.0 132.0 0.04241473185811745 0.0212073659290587 -0.0 0.0 1.0 0.9964285714285714 0.998214285714286 0.01 0.0 
1.0 3.0 -0.0 0.0 0.11 0.15 0.9662447257383966 0.9662447257383966 0.966244725738397 237.0 1.21 
0.0 14.0 0.40522682240917607 0.202613411204588 -0.0 -0.0 1.0 1.0 1.0 0.0 0.0 
1.0 7.0 0.06685739284696796 0.033428696423484 -0.0 -0.0 1.0 1.0 1.0 0.0 0.0 
0.0 78.0 0.8829901277461703 1.12894941133622 -0.01 0.12 1.0 0.9973958333333331 0.998697916666667 87.7 0.28 
1.0 6.0 0.5107904450998305 0.329697873908943 0.0 0.02 1.0 1.0 1.0 48.59 0.02 
0.0 90.0 0.055740919119538684 0.0417596386460831 -0.0 0.0 1.0 0.9956896551724136 0.997844827586207 0.01 0.0 
1.0 4.0 0.047947600679718 0.0359639943246892 0.02 0.02 1.0 1.0 1.0 276.0 0.25 
0.0 1.0 -0.0 0.0 0.05 0.05 0.991111111111111 0.991111111111111 0.991111111111111 225.0 0.47 
1.0 7.0 0.8393153654289303 0.455450099560925 0.09 0.15 0.9668874172185432 0.9801324503311258 0.973509933774835 151.0 0.43 
0.0 54.0 0.02097864624030526 0.0104893231201526 0.01 0.02 0.9351851851851855 0.9969135802469133 0.966049382716049 29.04 0.27 
1.0 6.0 0.3051261550840174 0.152563077542009 0.0 -0.0 1.0 0.9945652173913044 0.997282608695652 0.0 0.0 
0.0 182.0 -0.0 0.0 0.0 0.0 1.0 1.0 1.0 0.0 0.0 
1.0 4.0 0.10564048160168153 0.0528202408008408 0.0 0.0 1.0 1.0 1.0 0.0 0.0 
0.0 13.0 0.738206170569417 0.37846547065705 0.04 0.05 0.9946091644204854 0.9946091644204854 0.994609164420485 742.0 0.18 
1.0 1.0 0.09834019134509142 0.126698645976933 0.14 0.2 0.965217391304348 0.965217391304348 0.965217391304348 526.78 1.36 
0.0 275.0 -0.0 0.0 -0.0 -0.0 1.0 1.0 1.0 0.0 0.0 
1.0 7.0 0.022340379843483558 0.0111701899217418 0.0 0.0 1.0 1.0 1.0 0.0 0.0 
0.0 21.0 0.6905732476717221 0.445550791937286 -0.05 0.03 0.982142857142857 0.9948979591836736 0.988520408163265 117.3 0.18 
1.0 4.0 0.8968395853420664 0.744831959911446 0.03 0.31 0.9638157894736842 0.9638157894736842 0.963815789473684 378.58 0.21 
0.0 31.0 0.03836140891311494 0.0383614089131149 -0.0 0.0 1.0 1.0 1.0 0.0 0.0 
1.0 3.0 0.9099802582506228 0.465236555978423 -0.01 0.02 0.9969969969969968 0.9969969969969968 0.996996996996997 333.42 0.04 
0.0 20.0 0.07124533401515272 0.0356226670075764 -0.0 -0.0 1.0 1.0 1.0 0.0 0.0 
1.0 3.0 0.08665418601251205 0.043327093006256 0.07 0.08 0.9842105263157896 0.9842105263157896 0.984210526315789 190.0 0.72 
0.0 38.0 0.08737578590590865 0.0989764849388469 -0.0 0.0 1.0 0.996551724137931 0.998275862068966 0.09 0.01 
1.0 5.0 -0.0 0.0 0.0 0.0 1.0 1.0 1.0 0.0 0.0 
0.0 33.0 0.8499752840277293 0.457701816609536 -0.01 0.0 1.0 1.0 1.0 0.4 0.01 
1.0 4.0 0.21263524295523997 0.10631762147762 0.0 -0.0 1.0 1.0 1.0 0.0 0.0 
0.0 161.0 0.1615982333492403 0.0807991166746202 0.0 0.0 1.0 1.0 1.0 0.0 0.0 
1.0 1.0 0.1384539996346234 0.0692269998173117 0.01 0.01 0.9860724233983286 0.9972144846796656 0.991643454038997 71.0 0.15 
0.0 94.0 -0.0 0.0 0.0 0.0 1.0 0.9948453608247422 0.997422680412371 0.0 0.0 
1.0 2.0 0.04869182683753661 0.0347801982502298 0.02 0.02 1.0 0.9969325153374232 0.998466257668712 294.08 0.18 
0.0 44.0 0.06685739284696796 0.033428696423484 -0.01 0.0 1.0 0.968944099378882 0.984472049689441 0.06 0.02 
1.0 4.0 0.7975126912869489 0.570369459163876 0.13 0.29 0.9288537549407112 0.9288537549407112 0.928853754940711 508.82 0.45 
0.0 116.0 0.06491080863938135 0.260033624013062 -0.0 0.01 1.0 0.997134670487106 0.998567335243553 4.99 0.04 
1.0 7.0 -0.0 0.0 0.0 0.0 1.0 1.0 1.0 0.0 0.0 
0.0 387.0 1.533054884762514 0.766527442381257 -0.01 0.0 1.0 0.9967637540453076 0.998381877022654 2.13 0.01 
1.0 5.0 0.055740919119538684 0.0418103947939671 0.03 0.03 0.9956896551724136 0.9956896551724136 0.995689655172414 232.01 0.25 
0.0 118.0 0.6048117164172828 0.302405858208641 -0.0 0.0 1.0 0.9745222929936304 0.987261146496815 0.0 0.0 
1.0 4.0 0.03876053851567018 0.0301837931501695 -0.0 0.0 1.0 1.0 1.0 0.01 0.0 
0.0 3.0 0.2929006197311461 0.146450309865573 0.02 0.02 0.996875 0.996875 0.996875 320.0 0.15 
1.0 4.0 0.22739863511081604 0.124216393860632 0.01 0.02 1.0 0.3788819875776397 0.68944099378882 160.5 0.02 
0.0 93.0 -0.0 0.0 0.0 0.0 1.0 1.0 1.0 0.0 0.0 
1.0 2.0 0.027879870468395514 0.0139399352341978 0.0 0.0 1.0 0.9956896551724136 0.997844827586207 0.0 0.0 
0.0 114.0 0.028085307477329197 0.0140426537386646 -0.0 0.0 1.0 0.9870689655172414 0.993534482758621 0.0 0.0 
1.0 3.0 1.4648964059479197 1.41036848118332 0.18 0.75 1.0 0.994910941475827 0.997455470737914 735.0 0.17 
0.0 3.0 0.06749436060911201 0.033747180304556 -0.0 -0.0 1.0 1.0 1.0 0.0 0.0 
1.0 2.0 0.7962755610748498 1.16515517632232 0.2 0.73 0.9857954545454544 0.9886363636363636 0.987215909090909 629.39 0.7 
0.0 74.0 0.0697628876274182 0.0465147331806889 -0.0 0.0 1.0 1.0 1.0 0.01 0.0 
1.0 5.0 0.4117033751863163 0.376903780095535 0.11 0.15 0.9723502304147464 0.976958525345622 0.974654377880184 260.79 0.5 
0.0 27.0 0.028506110579847158 0.0142530552899236 -0.0 0.0 1.0 0.991111111111111 0.995555555555556 0.01 0.0 
1.0 5.0 0.2845273821634549 0.227393438686945 0.02 0.03 1.0 1.0 1.0 63.06 0.22 
0.0 210.0 0.9089089417480326 0.454454470874016 -0.0 0.0 1.0 0.997032640949555 0.998516320474777 0.0 0.0 
1.0 0.0 0.021906245315443034 0.021906245315443 -0.03 0.0 0.921921921921922 0.921921921921922 0.921921921921922 0.0 2.51 
0.0 3.0 0.058311668402293314 0.0291558342011467 0.0 0.0 1.0 0.9969325153374232 0.998466257668712 0.0 0.0 
1.0 1.0 -0.0 0.0 0.0 0.0 1.0 1.0 1.0 0.0 0.0 
0.0 42.0 1.374908694926262 0.75158012028857 0.02 0.12 0.8177083333333331 0.9973958333333331 0.907552083333333 105.18 0.11 
1.0 3.0 0.3083727042963771 0.154186352148188 -0.0 -0.0 1.0 1.0 1.0 0.0 0.0 
0.0 88.0 0.8299582291348218 0.999405473615123 0.07 0.54 0.8891752577319588 0.9432989690721648 0.916237113402062 509.96 1.47 
1.0 3.0 0.3738843291083899 0.186942164554195 0.02 0.02 0.996774193548387 0.996774193548387 0.996774193548387 310.0 0.13 
0.0 43.0 0.02625568508792424 0.0262556850879242 -0.0 0.0 1.0 1.0 1.0 0.0 0.0 
1.0 1.0 -0.0 0.0 0.0 0.0 1.0 1.0 1.0 0.0 0.0 
0.0 5.0 0.03988835734939116 0.1202701288851 -0.0 0.02 1.0 1.0 1.0 171.14 0.21 
1.0 7.0 0.03896898290828606 0.0303473263850239 0.19 0.23 0.9393939393939392 0.9393939393939392 0.939393939393939 330.01 1.78 
0.0 31.0 1.384063449571947 0.692031724785973 -0.0 0.0 1.0 0.9974554707379136 0.998727735368957 0.0 0.0 
1.0 3.0 -0.0 0.0 0.0 0.0 1.0 1.0 1.0 0.0 0.0 
0.0 94.0 0.7278036907270602 0.390982463486135 -0.01 0.01 1.0 0.7740585774058578 0.887029288702929 4.57 0.01 
1.0 7.0 0.043560505023086844 0.788307694892801 -0.01 0.01 1.0 1.0 1.0 4.27 0.01 
0.0 37.0 0.05580273082586285 0.0279013654129314 -0.0 -0.0 1.0 1.0 1.0 0.0 0.0 
1.0 3.0 0.06542834919134329 0.0327141745956716 0.0 0.0 1.0 1.0 1.0 0.0 0.0 
0.0 132.0 0.032720686106879206 0.0945479343115218 -0.0 0.0 1.0 0.9790575916230366 0.989528795811518 0.06 0.01 
1.0 5.0 0.01872477074468281 0.708920962962009 0.02 0.05 0.9946091644204854 0.9946091644204854 0.994609164420485 742.0 0.09 
0.0 5.0 -0.0 0.0 0.0 0.0 1.0 1.0 1.0 0.0 0.0 
1.0 1.0 0.05539603510551136 0.0276980175527557 0.0 0.0 1.0 1.0 1.0 0.0 0.0 
0.0 21.0 1.2681577537929265 0.695557376564936 -0.04 0.12 1.0 0.9933333333333332 0.996666666666667 300.0 0.23 
1.0 3.0 0.06049829410230215 0.113195746270004 0.04 0.05 1.0 1.0 1.0 89.99 0.5 
0.0 496.0 0.04241473185811745 0.0212073659290587 -0.0 0.0 1.0 0.9964285714285714 0.998214285714286 0.01 0.0 
1.0 0.0 -0.0 0.0 -0.0 0.0 1.0 1.0 1.0 0.0 0.0 
0.0 12.0 0.01872477074468281 0.0093623853723414 0.03 0.03 0.9946091644204854 0.9946091644204854 0.994609164420485 371.0 0.39 
1.0 7.0 0.850713860611364 0.425356930305682 0.0 -0.0 1.0 1.0 1.0 0.0 0.0 
0.0 40.0 0.6945608059609114 0.899337665281017 0.07 0.25 1.0 1.0 1.0 131.37 0.44 
1.0 4.0 0.7036346556089521 0.351817327804476 0.01 0.02 0.9972144846796656 0.9972144846796656 0.997214484679666 359.0 0.05 
0.0 298.0 0.09006047508429833 0.0450302375421492 -0.0 -0.0 1.0 1.0 1.0 0.0 0.0 
1.0 7.0 0.7437507895853274 1.28880771479288 0.19 0.74 0.5111731843575418 0.5335195530726257 0.522346368715084 473.19 0.53 
0.0 264.0 0.01872477074468281 0.600840030797076 -0.01 0.01 1.0 0.9946091644204854 0.997304582210243 5.22 0.02 
1.0 2.0 0.667925508689651 0.445635537272051 -0.03 0.02 1.0 0.9831460674157304 0.991573033707865 11.62 0.12 
0.0 283.0 -0.0 0.0 -0.0 -0.0 1.0 1.0 1.0 0.0 0.0 
1.0 7.0 0.08378523249349591 0.0710957487134375 0.12 0.16 0.9562289562289562 0.9595959595959596 0.957912457912458 273.24 1.35 
0.0 326.0 0.04049882608523513 0.59182764643049 -0.0 0.01 0.8956228956228957 0.9966329966329966 0.946127946127946 6.84 0.04 
1.0 6.0 0.736181438737093 0.391420446287019 0.07 0.11 0.9827586206896552 0.9827586206896552 0.982758620689655 581.55 0.31 
0.0 52.0 0.15688080647144514 0.633305299086438 -0.02 0.08 0.946875 0.98125 0.9640625 213.31 0.1 
1.0 1.0 0.07918395726884886 0.119000988942827 0.1 0.11 0.9768976897689768 0.9768976897689768 0.976897689768977 303.16 0.69 
0.0 81.0 0.6756916479515236 0.394635550225944 -0.02 0.01 0.8007968127490038 0.99203187250996 0.896414342629482 4.08 0.21 
1.0 1.0 0.9547866641040146 0.762748167467601 -0.03 0.07 1.0 1.0 1.0 49.29 0.11 
0.0 219.0 0.055740919119538684 0.0557409191195387 -0.0 0.0 0.9956896551724136 0.9956896551724136 0.995689655172414 0.04 0.01 
1.0 5.0 0.03423054971755021 0.0816544064400647 -0.0 0.0 1.0 1.0 1.0 0.02 0.01 
0.0 314.0 0.022028428320554547 0.0110142141602773 -0.0 0.0 0.97444089456869 0.9968051118210864 0.985623003194888 0.03 0.01 
