1.0 0.0 -0.0 0.0 -0.0 0.0 1.0 1.0 1.0 0.0 0.0 
0.0 245.0 0.021906245315443034 0.0109531226577215 -0.0 -0.0 1.0 0.921921921921922 0.960960960960961 0.0 0.0 
1.0 3.0 0.02376135312603553 0.0118806765630178 -0.0 -0.0 1.0 1.0 1.0 0.0 0.0 
0.0 68.0 0.2744380346223698 0.137219017311185 -0.0 -0.0 1.0 1.0 1.0 0.0 0.0 
1.0 3.0 0.06018495865622546 0.0574698651762209 -0.0 0.0 1.0 0.9968152866242038 0.998407643312102 0.02 0.0 
0.0 24.0 0.09826205653251838 0.600240639504146 0.19 0.32 0.8994845360824743 0.8994845360824743 0.899484536082474 375.62 0.68 
1.0 0.0 0.9548978214921024 0.954897821492103 -0.3 0.0 0.9923664122137406 0.9923664122137406 0.99236641221374 0.0 1.89 
0.0 79.0 0.022661961093811658 0.0113309805469058 -0.0 0.0 0.9546925566343042 0.9967637540453076 0.975728155339806 0.05 0.01 
1.0 7.0 0.06365667239085103 0.0318283361954255 0.0 0.0 1.0 1.0 1.0 0.0 0.0 
0.0 366.0 0.777296027024073 0.484986117342104 -0.12 0.04 0.8994845360824743 0.940721649484536 0.920103092783505 20.92 0.52 
1.0 3.0 0.03855448604303559 0.0192772430215178 0.07 0.08 0.9751552795031057 0.9813664596273292 0.978260869565217 119.99 0.88 
0.0 94.0 0.9548978214921024 0.486319822026914 -0.0 0.0 1.0 0.9923664122137406 0.99618320610687 0.8 0.03 
1.0 1.0 -0.0 0.0 0.11 0.12 0.9754601226993864 0.9754601226993864 0.975460122699387 326.0 1.08 
0.0 297.0 0.045182252980910435 0.0225911264904552 -0.0 -0.0 1.0 0.925 0.9625 0.0 0.0 
1.0 6.0 0.07978404380165302 0.82373805233792 0.01 0.04 1.0 1.0 1.0 216.87 0.04 
0.0 48.0 0.08945330656204878 0.38522622491373 -0.03 0.02 0.9936908517350158 0.9936908517350158 0.993690851735016 82.65 0.02 
1.0 3.0 1.4648964059479197 1.41036848118332 0.18 0.75 1.0 0.994910941475827 0.997455470737914 735.0 0.17 
0.0 50.0 0.06541381628604136 0.0327069081430207 0.0 0.0 1.0 1.0 1.0 0.0 0.0 
1.0 3.0 0.9553895593906424 0.792375692165706 0.11 0.3 1.0 1.0 1.0 519.9 1.64 
0.0 745.0 0.08591550133466311 0.0429577506673315 -0.02 0.0 0.9551020408163264 0.9632653061224488 0.959183673469388 0.65 0.1 
1.0 5.0 0.09420498859979856 0.0471024942998993 0.0 0.0 1.0 1.0 1.0 0.0 0.0 
0.0 136.0 0.06961268786108545 0.365979579708651 -0.02 0.01 1.0 0.9938271604938274 0.996913580246914 3.78 0.05 
1.0 3.0 0.2767002993788032 0.138350149689402 0.0 0.0 1.0 1.0 1.0 0.0 0.0 
0.0 149.0 -0.0 0.0 0.0 0.0 1.0 0.9956896551724136 0.997844827586207 0.0 0.0 
1.0 6.0 -0.0 0.0 0.2 0.28 0.9190751445086704 0.9190751445086704 0.919075144508671 346.0 1.95 
0.0 16.0 0.027879870468395514 0.0278291143205115 -0.0 0.0 1.0 0.9956896551724136 0.997844827586207 0.01 0.0 
1.0 3.0 0.026993969543528583 0.0269939695435286 -0.0 0.0 1.0 1.0 1.0 0.0 0.0 
0.0 126.0 0.045688389073983635 0.0228441945369918 0.0 0.0 1.0 1.0 1.0 0.0 0.0 
1.0 2.0 0.027879870468395514 0.0139399352341978 0.0 0.0 1.0 0.9956896551724136 0.997844827586207 0.0 0.0 
0.0 120.0 0.23923104111942964 0.130360423324243 -0.0 0.0 1.0 1.0 1.0 0.05 0.01 
1.0 4.0 0.09551752959899933 0.377812212589941 0.0 0.01 1.0 1.0 1.0 2.35 0.11 
0.0 6.0 -0.0 0.0 -0.0 -0.0 1.0 1.0 1.0 0.0 0.0 
1.0 4.0 0.027185575146154974 0.0135927875730775 0.0 0.0 1.0 1.0 1.0 0.0 0.0 
0.0 119.0 0.6809991432654108 0.351157809528027 -0.0 0.0 1.0 0.9936908517350158 0.996845425867508 0.74 0.02 
1.0 7.0 1.0720119323996455 0.536005966199823 0.01 0.02 0.9969418960244648 0.9969418960244648 0.996941896024465 327.0 0.04 
0.0 114.0 0.022661961093811658 0.0929667023027229 -0.04 0.04 0.44012944983818764 0.9546925566343042 0.697411003236246 21.14 0.5 
1.0 7.0 0.08591550133466311 0.067739075695627 0.17 0.21 0.946938775510204 0.9632653061224488 0.955102040816327 245.0 1.75 
0.0 81.0 0.02757769791835 0.114435798132887 -0.0 0.0 1.0 1.0 1.0 0.04 0.01 
1.0 1.0 0.07918395726884886 0.119000988942827 0.1 0.11 0.9768976897689768 0.9768976897689768 0.976897689768977 303.16 0.69 
0.0 19.0 0.0582807055404028 0.0896707189818633 -0.0 0.0 1.0 0.9973753280839898 0.998687664041995 0.1 0.01 
1.0 3.0 0.3738843291083899 0.186942164554195 0.02 0.02 0.996774193548387 0.996774193548387 0.996774193548387 310.0 0.13 
0.0 39.0 0.2574367821110266 0.713144750103225 0.08 0.31 0.8891752577319588 0.9072164948453608 0.89819587628866 446.27 0.65 
1.0 5.0 0.02376135312603553 0.0237613531260355 -0.0 0.0 1.0 1.0 1.0 0.0 0.0 
0.0 37.0 -0.0 0.0 0.0 -0.0 1.0 0.968944099378882 0.984472049689441 0.0 0.0 
1.0 4.0 0.887731895101687 0.664006903180505 0.01 0.06 1.0 1.0 1.0 59.93 0.78 
0.0 171.0 0.08104826118919567 0.236166056402123 -0.01 0.02 0.8675078864353312 0.996845425867508 0.93217665615142 51.61 0.18 
1.0 0.0 -0.0 0.0 -0.0 0.0 1.0 1.0 1.0 0.0 0.0 
0.0 91.0 0.6305810283860147 0.315290514193007 -0.0 0.0 1.0 1.0 1.0 0.0 0.0 
1.0 6.0 0.07158483369291901 0.0357924168464595 0.0 0.01 0.33333333333333326 0.9954954954954957 0.664414414414414 2.05 0.05 
0.0 121.0 0.09000620146362419 0.0450031007318121 -0.0 -0.0 1.0 1.0 1.0 0.0 0.0 
1.0 1.0 0.08658995362655052 0.0624608032366192 -0.0 0.0 1.0 1.0 1.0 0.03 0.0 
0.0 46.0 0.2979800776557417 0.148990038827871 -0.0 0.0 1.0 0.9944903581267218 0.997245179063361 0.17 0.02 
1.0 4.0 0.11281756144756208 0.056408780723781 -0.0 -0.0 1.0 1.0 1.0 0.0 0.0 
0.0 1.0 0.05539603510551136 0.0276980175527557 0.0 0.0 1.0 1.0 1.0 0.0 0.0 
1.0 2.0 0.06184819574705822 0.0530707156621879 0.09 0.1 0.9805825242718446 0.9805825242718446 0.980582524271845 309.02 0.8 
0.0 6.0 0.7220357838736617 0.46747367599248 0.0 0.02 1.0 1.0 1.0 8.86 0.16 
1.0 4.0 0.42468301451472845 0.271079403045562 0.0 0.02 1.0 0.5628415300546449 0.781420765027322 9.8 0.09 
0.0 95.0 0.6275799371167496 1.09763599899547 -0.06 0.2 1.0 0.9733333333333332 0.986666666666667 184.27 0.5 
1.0 7.0 0.2693739018407884 0.146320240287374 0.11 0.14 0.9493243243243246 0.9662162162162162 0.95777027027027 489.87 0.94 
0.0 104.0 0.0254752063474844 0.0863515559653256 -0.01 0.0 0.9922779922779922 0.9922779922779922 0.992277992277992 0.1 0.02 
1.0 3.0 0.4770694171030895 1.24721240751445 -0.04 0.25 0.9743589743589745 0.9923076923076926 0.983333333333333 311.39 0.17 
0.0 125.0 0.06219281179296066 0.0422350226615157 -0.0 0.0 0.9966887417218544 0.9966887417218544 0.996688741721854 0.03 0.0 
1.0 6.0 0.024203802391878144 0.0121019011959391 0.02 0.02 0.9963503649635038 0.9963503649635038 0.996350364963504 274.0 0.24 
0.0 317.0 0.09826205653251838 0.513708244120305 -0.14 0.02 0.8994845360824743 0.9355670103092784 0.917525773195876 12.99 0.11 
1.0 4.0 0.9246811048591118 0.547605480653312 -0.0 0.01 1.0 1.0 1.0 4.13 0.13 
0.0 91.0 -0.0 0.0 0.0 0.0 1.0 0.9912280701754383 0.995614035087719 0.0 0.0 
1.0 1.0 -0.0 0.0 0.12 0.13 0.971786833855799 0.971786833855799 0.971786833855799 319.0 1.02 
0.0 48.0 0.029972755033097268 0.0875285319120811 0.02 0.02 1.0 1.0 1.0 29.42 0.26 
1.0 4.0 -0.0 0.0 0.0 0.0 1.0 1.0 1.0 0.0 0.0 
0.0 1.0 0.8359334027148267 1.13379370522369 0.16 0.28 0.99375 0.99375 0.99375 525.71 0.54 
1.0 5.0 0.8120455419805839 0.416709730267808 0.01 0.04 0.996845425867508 0.996845425867508 0.996845425867508 422.0 0.09 
0.0 21.0 0.03836140891311494 0.0191807044565575 0.0 0.0 1.0 1.0 1.0 0.0 0.0 
1.0 2.0 0.06458143637762753 0.239112250991822 0.16 0.19 0.9545454545454544 0.9545454545454544 0.954545454545455 352.67 0.85 
0.0 180.0 1.070542491049683 0.535271245524841 -0.03 0.02 1.0 0.8711340206185567 0.935567010309278 7.83 0.1 
1.0 0.0 1.2408260737149903 1.24082607371499 -0.75 0.0 0.9385964912280702 0.9385964912280702 0.93859649122807 0.0 0.42 
0.0 149.0 0.8086274974243058 0.958859402196123 0.13 0.46 0.9561855670103092 0.9974226804123713 0.97680412371134 371.81 1.83 
1.0 6.0 1.6278845533520208 1.48335255097543 0.28 0.86 0.948051948051948 0.951298701298701 0.949675324675325 766.47 0.61 
0.0 216.0 0.06160671047278965 0.207828924908858 -0.01 0.0 0.9850746268656718 0.9962686567164178 0.990671641791045 0.59 0.06 
1.0 5.0 -0.0 0.0 0.01 0.01 0.9979123173277662 0.9979123173277662 0.997912317327766 479.0 0.17 
0.0 103.0 0.3043489862369836 0.162832731013813 -0.0 0.0 1.0 0.9621451104100947 0.981072555205047 0.11 0.02 
1.0 2.0 0.08955952716594741 0.808569984802386 -0.02 0.06 0.9883268482490272 0.9922178988326849 0.990272373540856 182.98 0.0 
0.0 177.0 0.9128763258808285 0.553799553815802 0.02 0.04 1.0 0.9963636363636365 0.998181818181818 20.6 0.28 
1.0 6.0 0.09478844509402591 0.0689373582520068 -0.0 0.0 1.0 1.0 1.0 0.04 0.01 
0.0 32.0 0.7405106565548961 0.602987598953729 -0.02 0.03 1.0 1.0 1.0 43.36 0.18 
1.0 5.0 0.6310778821855729 0.62816546443415 -0.02 0.02 1.0 0.9964664310954064 0.998233215547703 5.7 0.32 
0.0 153.0 1.6348980298549605 0.81744901492748 -0.01 0.0 0.9972375690607737 0.9972375690607737 0.997237569060773 2.18 0.02 
1.0 1.0 0.7034665456711977 0.351733272835599 0.06 0.1 0.9786585365853658 0.9786585365853658 0.978658536585366 328.0 0.26 
0.0 69.0 0.06002390931952181 0.0573893405078691 -0.0 0.0 1.0 1.0 1.0 0.02 0.0 
1.0 4.0 0.07940617799097693 0.0510340695423943 -0.0 0.0 1.0 1.0 1.0 0.01 0.0 
0.0 5.0 -0.0 0.0 0.0 0.0 1.0 1.0 1.0 0.0 0.0 
1.0 7.0 0.5493625663800342 0.428826970734771 0.01 0.04 1.0 0.7263157894736842 0.863157894736842 36.28 0.25 
0.0 201.0 0.027879870468395514 0.0139399352341978 0.0 0.0 1.0 0.9956896551724136 0.997844827586207 0.0 0.0 
1.0 6.0 0.05227572834868318 0.084985338811081 0.02 0.03 0.991957104557641 0.9946380697050938 0.993297587131367 248.06 0.23 
0.0 16.0 0.2129115681112977 0.117085465510049 -0.0 0.0 1.0 1.0 1.0 0.04 0.01 
1.0 4.0 1.5896786777542251 1.33494349508728 0.09 0.61 0.9916434540389972 0.9916434540389972 0.991643454038997 1029.55 0.16 
0.0 16.0 0.17194368803437407 0.604280091175777 -0.01 0.05 0.9942693409742118 0.997134670487106 0.995702005730659 220.52 0.13 
1.0 6.0 -0.0 0.0 0.0 0.0 1.0 1.0 1.0 0.0 0.0 
0.0 14.0 0.09420498859979856 0.0568736629142983 -0.0 0.0 1.0 1.0 1.0 0.02 0.0 
1.0 1.0 0.5259944016150062 0.341353177153578 0.0 0.04 0.9944134078212288 0.9944134078212288 0.994413407821229 361.56 0.07 
0.0 140.0 0.023266578733959636 0.0116332893669798 -0.0 -0.0 1.0 1.0 1.0 0.0 0.0 
1.0 2.0 0.15813961427940887 0.0790698071397044 0.03 0.03 0.9956331877729256 0.9956331877729256 0.995633187772926 229.0 0.21 
0.0 23.0 0.03836140891311494 0.0383614089131149 -0.0 0.0 1.0 1.0 1.0 0.0 0.0 
1.0 4.0 -0.0 0.0 0.0 0.0 1.0 1.0 1.0 0.0 0.0 
0.0 25.0 0.05475477169621643 0.078843386887389 -0.0 0.0 1.0 1.0 1.0 0.03 0.01 
1.0 6.0 -0.0 0.0 0.0 0.0 1.0 1.0 1.0 0.0 0.0 
0.0 17.0 0.027879870468395514 0.0139399352341978 0.0 0.0 1.0 0.9956896551724136 0.997844827586207 0.0 0.0 
1.0 2.0 0.27200698739507007 0.208236301225745 -0.0 0.0 1.0 1.0 1.0 2.09 0.04 
0.0 1.0 0.05204098300862845 0.0260204915043142 -0.0 -0.0 1.0 1.0 1.0 0.0 0.0 
1.0 5.0 -0.0 0.0 0.02 0.02 0.9968652037617554 0.9968652037617554 0.996865203761755 319.0 0.25 
0.0 13.0 0.07575108500341506 0.0378755425017075 -0.0 -0.0 1.0 0.9971098265895952 0.998554913294798 0.0 0.0 
1.0 1.0 0.08875963408977584 0.0550094984992877 0.02 0.02 1.0 1.0 1.0 318.0 0.19 
0.0 130.0 0.18902343369184288 0.764105233050739 -0.1 0.04 1.0 0.9149484536082472 0.957474226804124 31.58 0.07 
1.0 6.0 0.8792724601879401 0.43963623009397 -0.0 0.0 1.0 1.0 1.0 0.0 0.0 
0.0 69.0 0.7794788427490477 1.0157293528574 0.02 0.14 1.0 0.9896907216494846 0.994845360824742 391.78 0.35 
1.0 3.0 -0.0 0.0 0.26 0.27 0.9245283018867924 0.9245283018867924 0.924528301886792 265.0 1.78 
0.0 23.0 0.3073817631731982 0.226023313658932 -0.0 0.0 1.0 1.0 1.0 1.44 0.12 
1.0 5.0 1.2676791086147792 0.63383955430739 0.0 0.08 0.9692832764505122 0.9863481228668942 0.977815699658703 147.18 0.09 
0.0 296.0 0.9011818521020956 0.450590926051048 -0.01 0.0 1.0 0.9960474308300395 0.99802371541502 0.69 0.04 
1.0 3.0 0.06049829410230215 0.113195746270004 0.04 0.05 1.0 1.0 1.0 89.99 0.5 
0.0 77.0 0.9099802582506228 0.465210308529536 -0.01 0.0 1.0 0.9969969969969968 0.998498498498498 0.42 0.03 
1.0 2.0 0.5800804508011576 0.318643655846746 0.05 0.09 0.986784140969163 0.986784140969163 0.986784140969163 250.29 0.52 
0.0 85.0 1.533054884762514 0.766527442381257 -0.0 0.0 1.0 1.0 1.0 0.0 0.0 
1.0 1.0 -0.0 0.0 0.0 0.0 1.0 1.0 1.0 0.0 0.0 
0.0 55.0 0.03960910401039758 0.0198045520051988 0.0 0.0 1.0 1.0 1.0 0.0 0.0 
1.0 3.0 0.6597836437229203 0.397694581429943 0.08 0.1 0.981072555205047 0.981072555205047 0.981072555205047 320.17 0.27 
0.0 84.0 0.5310542528871021 0.276419879526953 -0.0 0.0 1.0 1.0 1.0 0.29 0.02 
1.0 5.0 0.972890737844 0.701640880384622 -0.0 0.04 1.0 1.0 1.0 73.04 0.16 
0.0 11.0 0.03888742113579279 0.775401939269882 -0.04 0.04 0.5165745856353591 0.9751381215469612 0.74585635359116 132.66 0.07 
1.0 7.0 -0.0 0.0 0.0 0.0 1.0 1.0 1.0 0.0 0.0 
0.0 12.0 0.05553805678555587 0.0277690283927779 0.0 0.0 1.0 1.0 1.0 0.0 0.0 
1.0 7.0 0.06685739284696796 0.033428696423484 -0.0 -0.0 1.0 1.0 1.0 0.0 0.0 
0.0 93.0 0.7794788427490477 0.599821739961133 0.06 0.1 1.0 1.0 1.0 432.18 0.51 
1.0 5.0 0.055893380003212575 0.0279466900016063 0.02 0.02 1.0 0.9973045822102424 0.998652291105121 371.0 0.19 
0.0 162.0 0.7379973708368502 0.521173178536917 -0.04 0.02 0.9621451104100947 0.996845425867508 0.979495268138801 10.16 0.01 
1.0 5.0 0.06859321793659608 0.0342966089682981 0.0 0.0 1.0 0.968944099378882 0.984472049689441 0.0 0.0 
0.0 477.0 0.7725591870833923 0.386279593541696 -0.11 0.05 0.8711340206185567 0.8917525773195876 0.881443298969072 23.94 0.61 
1.0 5.0 0.541952602754964 0.33778337053467 0.05 0.11 0.9841772151898734 0.9841772151898734 0.984177215189873 402.15 0.46 
0.0 72.0 0.7756467599439204 0.38782337997196 0.0 -0.0 1.0 1.0 1.0 0.0 0.0 
1.0 1.0 0.032720686106879206 0.0295331392229723 -0.0 0.0 1.0 0.7732793522267206 0.88663967611336 0.3 0.03 
0.0 78.0 0.09685065652160472 0.106195680706616 0.01 0.01 1.0 1.0 1.0 51.21 0.13 
