1.0 1.0 0.40411826492136166 0.202059132460681 -0.0 -0.0 1.0 1.0 1.0 0.0 0.0 
0.0 102.0 0.9848735565226934 0.519814164109455 -0.0 0.0 1.0 0.9968152866242038 0.998407643312102 1.3 0.05 
1.0 3.0 0.043680818046858444 0.0218404090234292 0.1 0.12 0.9249249249249246 0.957957957957958 0.941441441441441 180.05 1.17 
0.0 4.0 0.13147462230374174 0.121062692489706 0.2 0.29 0.8909090909090908 0.9181818181818182 0.904545454545455 922.98 1.87 
1.0 1.0 0.07610740857867801 0.150814568165537 -0.0 0.0 1.0 1.0 1.0 0.3 0.03 
0.0 9.0 0.6359689346369413 0.567067235131646 0.0 0.07 1.0 0.9968152866242038 0.998407643312102 29.13 0.72 
1.0 7.0 -0.0 0.0 -0.0 -0.0 1.0 1.0 1.0 0.0 0.0 
0.0 1.0 0.036164585581436086 0.018082292790718 -0.0 -0.0 1.0 1.0 1.0 0.0 0.0 
1.0 3.0 0.17009280776188 0.152444646514581 0.03 0.04 0.9932659932659934 0.9932659932659934 0.993265993265993 297.35 0.19 
0.0 5.0 0.06859321793659608 0.0342966089682981 0.0 0.0 1.0 0.968944099378882 0.984472049689441 0.0 0.0 
1.0 6.0 0.05840626493337912 0.0408710846399929 0.14 0.17 0.9595959595959596 0.9595959595959596 0.95959595959596 297.01 1.36 
0.0 140.0 0.035868162784549934 0.614707514511115 0.0 0.01 1.0 0.8994845360824743 0.949742268041237 64.48 0.01 
1.0 4.0 0.08511656826887955 0.0943480593113157 -0.0 0.0 1.0 1.0 1.0 0.09 0.01 
0.0 243.0 0.02120257700397865 0.701250512566078 -0.0 0.0 1.0 0.971786833855799 0.9858934169279 1.17 0.04 
1.0 5.0 1.491779896758723 0.810297690247468 0.05 0.16 0.946875 0.975 0.9609375 369.02 0.25 
0.0 0.0 0.03836140891311494 0.0383614089131149 -0.0 0.0 1.0 1.0 1.0 0.0 0.25 
1.0 7.0 0.04250880575670441 0.0212544028783522 0.02 0.02 0.9968652037617554 0.9968652037617554 0.996865203761755 319.0 0.21 
0.0 150.0 0.09420498859979856 0.0471024942998993 -0.02 0.0 1.0 0.8917378917378918 0.945868945868946 0.74 0.07 
1.0 7.0 0.10529465578760076 0.0526473278938004 0.02 0.02 0.994236311239193 0.9971181556195966 0.995677233429395 173.0 0.16 
0.0 5.0 0.04004863019043305 0.0200243150952165 -0.0 -0.0 1.0 1.0 1.0 0.0 0.0 
1.0 0.0 0.3326958231564261 0.332695823156426 -0.02 0.0 0.9973958333333331 0.9973958333333331 0.997395833333333 0.0 1.78 
0.0 17.0 0.5661954279814504 0.34911806937433 0.15 0.37 0.8675078864353312 0.8832807570977917 0.875394321766562 308.68 1.96 
1.0 7.0 0.043560505023086844 0.788307694892801 -0.01 0.01 1.0 1.0 1.0 4.27 0.01 
0.0 722.0 0.846039359308129 0.493275797215991 -0.08 0.03 0.9632653061224488 0.9836734693877552 0.973469387755102 7.89 0.36 
1.0 6.0 0.8682075750923891 0.681132168371152 0.06 0.17 0.963172804532578 0.9745042492917848 0.968838526912181 322.03 0.04 
0.0 5.0 0.028085307477329197 0.0140426537386646 0.06 0.07 0.9870689655172414 0.9870689655172414 0.987068965517241 232.0 0.66 
1.0 5.0 -0.0 0.0 0.0 0.0 1.0 1.0 1.0 0.0 0.0 
0.0 331.0 -0.0 0.0 0.0 0.0 1.0 1.0 1.0 0.0 0.0 
1.0 6.0 0.025225984937911266 0.0126129924689556 0.04 0.04 0.9923664122137406 0.9923664122137406 0.99236641221374 262.0 0.46 
0.0 30.0 0.3582541121522332 0.248162894302629 0.02 0.04 1.0 0.9904458598726114 0.995222929936306 180.33 0.22 
1.0 6.0 0.9363694874611495 0.601909736153785 0.02 0.07 0.9963235294117646 0.9963235294117646 0.996323529411765 291.07 0.06 
0.0 27.0 0.027778358172627568 0.0138891790863138 0.0 0.0 1.0 1.0 1.0 0.0 0.0 
1.0 3.0 0.9906696414695386 0.495334820734769 0.14 0.39 0.8654970760233917 0.8654970760233917 0.865497076023392 342.0 0.87 
0.0 169.0 0.1276204753672799 0.127343522874037 -0.02 0.01 1.0 0.7447552447552448 0.872377622377622 3.09 0.21 
1.0 2.0 0.021845696904517597 0.0109228484522588 0.02 0.02 0.9967637540453076 0.9967637540453076 0.996763754045307 309.0 0.2 
0.0 100.0 0.06437341627073791 0.162318555624179 0.01 0.01 1.0 0.9802371541501976 0.990118577075099 16.3 0.27 
1.0 1.0 0.06002390931952181 0.0814779556990417 0.04 0.04 1.0 1.0 1.0 314.01 0.31 
0.0 3.0 -0.0 0.0 0.05 0.05 0.991111111111111 0.991111111111111 0.991111111111111 225.0 0.46 
1.0 0.0 0.020705755081089284 0.0207057550810893 -0.01 0.0 0.973293768545994 0.973293768545994 0.973293768545994 0.0 1.05 
0.0 6.0 0.04004863019043305 0.0200243150952165 -0.0 -0.0 1.0 1.0 1.0 0.0 0.0 
1.0 1.0 0.020233227837119512 0.0101166139185598 0.08 0.09 0.9825072886297378 0.9825072886297378 0.982507288629738 343.0 0.76 
0.0 83.0 0.06537470973391662 0.0326873548669583 -0.0 -0.0 1.0 0.9969879518072285 0.998493975903614 0.0 0.0 
1.0 5.0 -0.0 0.0 0.0 0.0 1.0 1.0 1.0 0.0 0.0 
0.0 120.0 0.027879870468395514 0.0278291143205115 -0.0 0.0 1.0 0.9956896551724136 0.997844827586207 0.01 0.0 
1.0 1.0 0.5243535929883677 0.338089917908632 0.03 0.05 0.9972144846796656 0.9972144846796656 0.997214484679666 386.2 0.38 
0.0 99.0 1.374908694926262 0.741815197510112 -0.0 0.03 0.9973958333333331 0.9973958333333331 0.997395833333333 131.47 0.0 
1.0 3.0 0.5705909754161566 0.285295487708078 0.0 0.0 1.0 1.0 1.0 0.0 0.0 
0.0 54.0 0.10357955035375177 0.0517897751768759 0.0 0.0 1.0 1.0 1.0 0.0 0.0 
1.0 6.0 -0.0 0.0 -0.0 -0.0 1.0 1.0 1.0 0.0 0.0 
0.0 1.0 -0.0 0.0 0.02 0.02 0.9971098265895952 0.9971098265895952 0.997109826589595 346.0 0.25 
1.0 5.0 0.8575603360850413 0.702720730570841 0.05 0.13 0.9025787965616044 0.9942693409742118 0.948424068767908 145.0 0.35 
0.0 34.0 0.018384397223606727 0.0183635878661739 -0.0 0.0 1.0 0.9973544973544972 0.998677248677249 0.01 0.0 
1.0 1.0 0.08578017223261401 0.042890086116307 0.0 0.0 1.0 1.0 1.0 0.0 0.0 
0.0 107.0 0.019980547724361777 0.00999027386218089 -0.0 0.0 1.0 0.8859649122807017 0.942982456140351 0.13 0.02 
1.0 2.0 0.0322952391734162 0.0824597834205578 -0.0 0.0 1.0 1.0 1.0 0.03 0.01 
0.0 308.0 0.027879870468395514 0.0278291143205115 -0.0 0.0 1.0 0.9956896551724136 0.997844827586207 0.01 0.0 
1.0 3.0 0.9011818521020956 0.450590926051048 -0.0 0.0 1.0 1.0 1.0 0.0 0.0 
0.0 110.0 0.03680102213006247 0.0184005110650312 -0.0 -0.0 1.0 1.0 1.0 0.0 0.0 
1.0 3.0 0.3501315990123993 0.237302046497987 0.32 0.65 0.5138339920948617 0.5217391304347826 0.517786561264822 245.68 1.57 
0.0 67.0 1.1642717827887903 0.582135891394395 -0.0 0.0 1.0 1.0 1.0 0.0 0.0 
1.0 1.0 0.6965583997186036 0.684145990727218 -0.09 0.04 1.0 1.0 1.0 20.81 0.46 
0.0 98.0 0.04228243415597148 0.0211412170779857 -0.0 -0.0 1.0 1.0 1.0 0.0 0.0 
1.0 7.0 0.07223335113958412 0.0914052675556846 -0.0 0.0 1.0 0.996551724137931 0.998275862068966 0.07 0.01 
0.0 341.0 0.24482387760407764 0.122411938802039 0.01 0.01 1.0 0.9786585365853658 0.989329268292683 11.43 0.17 
1.0 6.0 0.6424220210762541 0.348909028090883 -0.02 0.0 1.0 1.0 1.0 1.58 0.07 
0.0 215.0 0.024279270493060005 0.01213963524653 0.0 0.0 1.0 1.0 1.0 0.0 0.0 
1.0 2.0 0.451330770166906 0.240080749363234 0.02 0.02 1.0 1.0 1.0 73.33 0.15 
0.0 5.0 1.5989097208725602 1.4617142367396 0.06 0.63 0.9929328621908128 0.9929328621908128 0.992932862190813 607.89 0.18 
1.0 6.0 -0.0 0.0 -0.0 -0.0 1.0 1.0 1.0 0.0 0.0 
0.0 193.0 0.021259362908799616 0.0106296814543998 -0.0 0.0 0.9968652037617554 0.9968652037617554 0.996865203761755 0.01 0.0 
1.0 1.0 0.06795125375562225 0.0453066074247169 0.0 0.0 1.0 1.0 1.0 0.01 0.0 
0.0 1.0 0.7736147214708392 1.05503306253589 0.12 0.4 0.9224598930481283 0.927807486631016 0.925133689839572 892.34 0.3 
1.0 5.0 0.2712510130456789 0.705242260511257 0.08 0.15 0.9972067039106144 0.9972067039106144 0.997206703910614 558.02 0.74 
0.0 802.0 -0.0 0.0 -0.0 0.0 0.96875 0.9921875 0.98046875 0.03 0.01 
1.0 6.0 0.6098226262345923 1.20224086211646 0.04 0.19 1.0 0.9971751412429378 0.998587570621469 184.94 0.49 
0.0 41.0 0.04228243415597148 0.576006112928701 -0.0 0.01 1.0 0.98125 0.990625 15.64 0.02 
1.0 3.0 0.6794877718346207 0.33974388591731 -0.0 0.0 1.0 1.0 1.0 0.0 0.0 
0.0 17.0 0.02376135312603553 0.0237613531260355 -0.0 0.0 1.0 1.0 1.0 0.0 0.0 
1.0 5.0 0.04004863019043305 0.0200243150952165 -0.0 -0.0 1.0 1.0 1.0 0.0 0.0 
0.0 276.0 -0.0 0.0 -0.0 0.0 0.9351851851851855 0.9969135802469133 0.966049382716049 0.07 0.01 
1.0 5.0 -0.0 0.0 -0.0 -0.0 1.0 1.0 1.0 0.0 0.0 
0.0 125.0 0.07714258307334852 0.213772562866841 0.05 0.11 0.9541984732824428 0.9694656488549618 0.961832061068702 172.26 0.62 
1.0 6.0 -0.0 0.0 0.0 0.0 1.0 1.0 1.0 0.0 0.0 
0.0 52.0 0.808814311512711 0.513963290604707 0.03 0.05 1.0 0.9956896551724136 0.997844827586207 33.6 0.6 
1.0 0.0 0.6812081464062815 0.681208146406281 -0.22 0.0 1.0 1.0 1.0 0.0 2.27 
0.0 33.0 0.020652086479660176 0.0103260432398301 0.0 0.0 1.0 0.9791666666666664 0.989583333333333 0.0 0.0 
1.0 2.0 0.03641887534057641 0.0313372802142503 -0.0 0.0 1.0 1.0 1.0 0.0 0.0 
0.0 213.0 0.06986794993891596 0.0460412093366749 -0.0 0.0 1.0 0.9901639344262296 0.995081967213115 0.05 0.01 
1.0 2.0 -0.0 0.0 0.0 0.0 1.0 1.0 1.0 0.0 0.0 
0.0 214.0 -0.0 0.0 -0.0 -0.0 1.0 1.0 1.0 0.0 0.0 
1.0 1.0 0.9904630261725093 1.26712673929629 -0.0 0.39 0.989795918367347 0.989795918367347 0.989795918367347 724.3 0.1 
0.0 184.0 0.28119813480372685 0.236937171231931 -0.02 0.01 0.940721649484536 0.9974226804123713 0.969072164948454 2.27 0.18 
1.0 7.0 0.2596277339508934 0.129813866975447 -0.0 0.0 1.0 1.0 1.0 0.0 0.0 
0.0 97.0 0.7547305887995075 0.377365294399754 -0.0 0.0 1.0 0.9968652037617554 0.998432601880878 0.64 0.02 
1.0 5.0 -0.0 0.0 0.0 0.0 1.0 1.0 1.0 0.0 0.0 
0.0 9.0 0.2979800776557417 0.148990038827871 -0.0 -0.0 1.0 1.0 1.0 0.0 0.0 
1.0 6.0 -0.0 0.0 0.01 0.01 0.9662447257383966 0.9957805907172994 0.981012658227848 28.75 0.21 
0.0 193.0 0.11318189800450115 0.599995204197429 -0.07 0.1 0.8931297709923663 0.9974554707379136 0.94529262086514 443.36 0.31 
1.0 4.0 0.22739863511081604 0.124216393860632 0.01 0.02 1.0 0.3788819875776397 0.68944099378882 160.5 0.02 
0.0 16.0 0.0914736159053587 0.40675469988951 -0.0 0.01 1.0 1.0 1.0 2.88 0.09 
1.0 5.0 0.05594538109009752 0.0419126257792465 0.05 0.05 0.9913793103448276 0.9956896551724136 0.993534482758621 347.5 0.48 
0.0 52.0 0.3299117614804645 0.719501534224202 0.04 0.19 0.9329896907216496 0.9561855670103092 0.944587628865979 286.05 0.15 
1.0 7.0 0.7894866775585219 0.469358683678885 -0.02 0.01 1.0 1.0 1.0 2.87 0.01 
0.0 86.0 -0.0 0.0 0.0 -0.0 1.0 0.9190751445086704 0.959537572254335 0.0 0.0 
1.0 0.0 0.9548978214921024 0.954897821492103 -0.3 0.0 0.9923664122137406 0.9923664122137406 0.99236641221374 0.0 1.89 
0.0 10.0 0.599228948735972 0.299614474367986 0.0 0.0 1.0 1.0 1.0 0.0 0.0 
1.0 1.0 -0.0 0.0 0.0 0.0 1.0 1.0 1.0 0.0 0.0 
0.0 36.0 -0.0 0.0 -0.0 -0.0 1.0 1.0 1.0 0.0 0.0 
1.0 6.0 0.08403108191743977 0.663526273047888 0.0 0.02 1.0 1.0 1.0 50.14 0.02 
0.0 32.0 0.0413206420085714 0.0739823690801339 -0.0 0.0 1.0 0.9974554707379136 0.998727735368957 0.04 0.01 
1.0 1.0 0.2555210288721024 0.127760514436051 -0.0 -0.0 1.0 1.0 1.0 0.0 0.0 
0.0 626.0 0.045688389073983635 0.117448684806075 -0.0 0.0 1.0 1.0 1.0 0.05 0.02 
1.0 3.0 1.3266321664918628 1.23248203338398 0.05 0.45 0.9419354838709676 0.9870967741935486 0.964516129032258 600.22 0.14 
0.0 247.0 0.021725669861761727 0.0108628349308809 0.0 -0.0 1.0 0.9337349397590362 0.966867469879518 0.0 0.0 
1.0 2.0 -0.0 0.0 0.0 0.0 1.0 1.0 1.0 0.0 0.0 
0.0 196.0 0.021906245315443034 0.0109531226577215 -0.0 -0.0 1.0 0.921921921921922 0.960960960960961 0.0 0.0 
1.0 3.0 -0.0 0.0 0.0 0.0 1.0 1.0 1.0 0.0 0.0 
0.0 56.0 0.06002390931952181 0.0300119546597609 0.0 0.0 1.0 1.0 1.0 0.0 0.0 
1.0 1.0 -0.0 0.0 0.0 0.0 1.0 1.0 1.0 0.0 0.0 
0.0 89.0 0.8712535457073128 0.81299206725341 0.03 0.31 1.0 0.9968652037617554 0.998432601880878 178.43 0.82 
1.0 2.0 0.06031775118951819 0.213272031332037 -0.01 0.03 0.6523297491039427 0.9820788530465951 0.817204301075269 15.45 0.33 
0.0 7.0 0.9963357706111988 0.508712872643182 0.21 0.31 0.9039548022598872 0.9067796610169492 0.905367231638418 400.59 1.3 
1.0 5.0 0.6812081464062815 0.340604073203141 0.0 -0.0 1.0 1.0 1.0 0.0 0.0 
0.0 16.0 0.051103601422108215 0.0510194073310401 0.03 0.04 0.9884169884169884 0.9922779922779922 0.99034749034749 172.01 0.35 
1.0 3.0 0.018855917943417073 0.00942795897170854 0.05 0.05 0.9865229110512128 0.9892183288409704 0.987870619946092 295.99 0.61 
0.0 99.0 0.055740919119538684 0.0418103947939671 -0.0 0.0 0.9956896551724136 0.9956896551724136 0.995689655172414 0.03 0.01 
1.0 6.0 0.061848503732346585 0.0309242518661733 0.0 0.0 1.0 1.0 1.0 0.0 0.0 
0.0 100.0 0.06687878438883882 0.0428017775667608 -0.01 0.0 0.7439353099730459 0.9946091644204854 0.869272237196765 1.09 0.07 
1.0 7.0 0.022214468734433918 0.011107234367217 -0.0 -0.0 1.0 1.0 1.0 0.0 0.0 
0.0 288.0 0.7480481802472602 0.498387212008496 0.0 0.03 1.0 1.0 1.0 17.61 0.13 
1.0 5.0 0.023405674664599526 0.0117028373322998 0.0 0.0 1.0 1.0 1.0 0.0 0.0 
0.0 203.0 0.035868162784549934 0.114272185222343 -0.0 0.0 1.0 0.940721649484536 0.970360824742268 0.21 0.02 
1.0 3.0 0.06049829410230215 0.113195746270004 0.04 0.05 1.0 1.0 1.0 89.99 0.5 
0.0 364.0 1.0839348082213172 0.541967404110659 -0.02 0.0 1.0 0.9937694704049844 0.996884735202492 1.44 0.05 
1.0 7.0 -0.0 0.0 0.04 0.04 0.982300884955752 0.9911504424778762 0.986725663716814 111.99 0.45 
0.0 1.0 0.09280364653160081 0.0464018232658004 -0.0 -0.0 1.0 1.0 1.0 0.0 0.0 
1.0 2.0 0.9363694874611495 0.480362366477508 0.01 0.03 0.9963235294117646 0.9963235294117646 0.996323529411765 273.52 0.07 
0.0 102.0 0.31173585453645114 0.296578625417791 -0.01 0.01 1.0 0.9881305637982196 0.99406528189911 2.55 0.2 
1.0 6.0 -0.0 0.0 0.0 0.0 1.0 1.0 1.0 0.0 0.0 
0.0 5.0 -0.0 0.0 -0.0 -0.0 1.0 1.0 1.0 0.0 0.0 
