1.0 2.0 0.06184819574705822 0.0530707156621879 0.09 0.1 0.9805825242718446 0.9805825242718446 0.980582524271845 309.02 0.8 
0.0 372.0 0.8909796726328211 0.470873842368754 -0.09 0.04 0.8514851485148514 0.8679867986798679 0.85973597359736 18.78 0.39 
1.0 1.0 -0.0 0.0 0.0 0.0 1.0 1.0 1.0 0.0 0.0 
0.0 85.0 0.28119813480372685 0.23942863608493 -0.01 0.02 0.9072164948453608 0.9974226804123713 0.952319587628866 25.84 0.1 
1.0 5.0 -0.0 0.0 -0.0 -0.0 1.0 1.0 1.0 0.0 0.0 
0.0 101.0 -0.0 0.0 -0.0 -0.0 1.0 1.0 1.0 0.0 0.0 
1.0 2.0 0.9099802582506228 0.454990129125311 0.01 0.04 0.993993993993994 0.9969969969969968 0.995495495495496 333.0 0.12 
0.0 123.0 0.7794788427490477 0.486077525204592 0.05 0.11 1.0 0.940721649484536 0.970360824742268 350.73 0.27 
1.0 6.0 0.3943211619593595 0.776902802405172 0.04 0.12 0.9825581395348836 0.9825581395348836 0.982558139534884 382.61 0.07 
0.0 27.0 0.04809546099204767 0.119972627577429 -0.0 0.0 1.0 1.0 1.0 0.09 0.01 
1.0 3.0 0.6918377933858482 0.888119120240052 0.13 0.26 0.9555555555555556 0.9555555555555556 0.955555555555556 261.02 0.06 
0.0 25.0 0.7812341605774255 0.390617080288713 0.0 -0.0 1.0 1.0 1.0 0.0 0.0 
1.0 1.0 -0.0 0.0 0.0 0.0 1.0 1.0 1.0 0.0 0.0 
0.0 116.0 0.20700622049932121 0.103503110249661 -0.0 0.0 1.0 0.9535864978902951 0.976793248945148 0.0 0.0 
1.0 4.0 1.1733996360333463 1.1357163608728 0.06 0.55 1.0 1.0 1.0 357.8 0.01 
0.0 104.0 0.6589056099734881 0.643171321825299 0.01 0.18 1.0 0.9968652037617554 0.998432601880878 113.41 0.67 
1.0 7.0 0.06325195083657176 0.335484024105997 -0.0 0.0 1.0 1.0 1.0 1.35 0.03 
0.0 21.0 0.019400799864131086 0.765658628634052 -0.04 0.02 0.5165745856353591 0.9779005524861876 0.747237569060773 11.6 0.06 
1.0 2.0 0.06905856764132845 0.061987722671029 0.02 0.02 0.9971428571428574 0.9971428571428574 0.997142857142857 350.04 0.17 
0.0 110.0 0.7405106565548961 0.370255328277448 -0.0 0.0 1.0 1.0 1.0 0.0 0.0 
1.0 2.0 0.02398038796966051 0.0119901939848302 -0.0 -0.0 1.0 1.0 1.0 0.0 0.0 
0.0 110.0 0.11810740365695928 0.0590537018284797 0.0 0.0 1.0 1.0 1.0 0.0 0.0 
1.0 2.0 0.11884101977355725 0.0594205098867786 0.06 0.06 0.9885057471264372 0.9885057471264372 0.988505747126437 348.0 0.58 
0.0 95.0 0.35463052330419126 0.230796546248227 -0.0 0.0 1.0 1.0 1.0 0.51 0.04 
1.0 5.0 0.04296943623768491 0.0322296208833705 -0.0 0.0 1.0 1.0 1.0 0.01 0.0 
0.0 35.0 -0.0 0.0 -0.0 -0.0 1.0 1.0 1.0 0.0 0.0 
1.0 6.0 1.3391870324096355 1.20486476172966 -0.0 0.11 1.0 1.0 1.0 89.65 0.12 
0.0 268.0 0.3692056007821668 0.280940904221151 -0.04 0.04 0.9097938144329896 0.940721649484536 0.925257731958763 89.14 0.12 
1.0 5.0 0.04296943623768491 0.0214847181188425 0.0 0.0 1.0 1.0 1.0 0.0 0.0 
0.0 4.0 0.061848503732346585 0.0309242518661733 0.0 0.0 1.0 1.0 1.0 0.0 0.0 
1.0 4.0 -0.0 0.0 0.0 0.0 1.0 1.0 1.0 0.0 0.0 
0.0 20.0 0.11422050999865882 0.0571102549993294 -0.0 -0.0 1.0 1.0 1.0 0.0 0.0 
1.0 7.0 0.6445490932262417 0.322274546613121 -0.0 0.0 1.0 1.0 1.0 0.0 0.0 
0.0 1.0 0.1918981404931311 0.0959490702465655 0.0 0.0 1.0 1.0 1.0 0.0 0.0 
1.0 4.0 0.8299582291348218 0.511317218397479 0.17 0.3 0.940721649484536 0.9432989690721648 0.94201030927835 790.1 1.39 
0.0 240.0 0.0800824403230777 0.177260237472724 -0.01 0.0 1.0 0.9817073170731708 0.990853658536585 0.9 0.09 
1.0 7.0 0.5928243344808257 0.910868314735189 0.37 0.64 0.9605263157894736 0.9638157894736842 0.962171052631579 548.98 1.94 
0.0 84.0 1.3812984481281763 0.690649224064088 -0.01 0.01 0.971786833855799 0.9968652037617554 0.984326018808777 5.53 0.04 
1.0 6.0 0.2944096283538114 0.156293964130359 -0.0 0.0 1.0 1.0 1.0 0.09 0.01 
0.0 238.0 0.02178550616680388 0.593028644477797 -0.01 0.0 1.0 1.0 1.0 1.2 0.01 
1.0 3.0 0.04049882608523513 0.0202494130426176 0.02 0.02 0.9966329966329966 0.9966329966329966 0.996632996632997 297.0 0.22 
0.0 63.0 0.1918981404931311 0.147415071285846 0.0 0.01 1.0 1.0 1.0 9.18 0.09 
1.0 4.0 -0.0 0.0 0.0 0.0 1.0 1.0 1.0 0.0 0.0 
0.0 411.0 0.7725591870833923 0.482617697371764 -0.12 0.04 0.8917525773195876 0.940721649484536 0.916237113402062 20.7 0.54 
1.0 4.0 0.08511656826887955 0.0943480593113157 -0.0 0.0 1.0 1.0 1.0 0.09 0.01 
0.0 282.0 0.6274370336771098 0.400298394716105 -0.03 0.04 0.971786833855799 0.9968652037617554 0.984326018808777 25.11 0.32 
1.0 5.0 0.15505710060877428 0.762866760730055 -0.01 0.18 0.9623188405797102 0.965217391304348 0.963768115942029 362.16 0.26 
0.0 275.0 0.7794788427490477 0.985876017572166 -0.03 0.16 1.0 0.8943298969072165 0.947164948453608 246.98 0.34 
1.0 7.0 1.768368459618994 1.70671765995385 0.1 0.9 0.7840236686390532 0.7958579881656804 0.789940828402367 726.05 0.26 
0.0 92.0 -0.0 0.0 0.0 -0.0 1.0 0.9190751445086704 0.959537572254335 0.0 0.0 
1.0 5.0 -0.0 0.0 0.0 0.0 1.0 1.0 1.0 0.0 0.0 
0.0 44.0 0.6089326205650871 0.304466310282544 -0.0 0.0 1.0 1.0 1.0 0.0 0.0 
1.0 7.0 -0.0 0.0 0.0 0.0 1.0 1.0 1.0 0.0 0.0 
0.0 90.0 0.3770275829828065 0.200503985476233 -0.0 0.0 1.0 0.9094202898550722 0.954710144927536 0.19 0.02 
1.0 3.0 0.14373931159777967 0.788301718966914 -0.0 0.02 1.0 1.0 1.0 39.76 0.04 
0.0 84.0 0.5555836425507357 0.277791821275368 -0.01 0.0 1.0 0.9962686567164178 0.998134328358209 0.24 0.03 
1.0 1.0 0.9848735565226934 0.741519546074523 0.09 0.2 0.9968152866242038 0.9968152866242038 0.996815286624204 428.02 1.07 
0.0 42.0 0.05475477169621643 0.146992906407823 -0.0 0.0 1.0 1.0 1.0 0.1 0.01 
1.0 5.0 0.06391944714166062 0.0426755706420729 0.02 0.02 1.0 0.9936908517350158 0.996845425867508 158.01 0.18 
0.0 92.0 -0.0 0.0 0.0 0.0 1.0 0.9948453608247422 0.997422680412371 0.0 0.0 
1.0 3.0 0.03888742113579279 0.636752796799469 0.01 0.09 0.9585635359116021 0.9751381215469612 0.966850828729282 216.28 0.21 
0.0 15.0 0.2979800776557417 0.148990038827871 -0.0 -0.0 1.0 1.0 1.0 0.0 0.0 
1.0 6.0 0.06806224792969214 0.779921072344208 0.02 0.07 0.946875 0.984375 0.965625 137.37 0.13 
0.0 5.0 0.08148309234242727 0.0707535008309745 0.02 0.02 1.0 1.0 1.0 156.51 0.16 
1.0 6.0 0.24107466687909204 0.120537333439546 0.0 -0.0 1.0 1.0 1.0 0.0 0.0 
0.0 43.0 0.02279339310465005 0.011396696552325 -0.0 0.0 1.0 0.9965870307167234 0.998293515358362 0.0 0.0 
1.0 2.0 -0.0 0.0 0.0 0.0 1.0 1.0 1.0 0.0 0.0 
0.0 45.0 0.02178550616680388 0.0108927530834019 0.0 0.0 1.0 1.0 1.0 0.0 0.0 
1.0 7.0 0.20031516410096323 0.186137074647091 0.04 0.04 0.9936908517350158 0.9936908517350158 0.993690851735016 323.72 0.36 
0.0 266.0 -0.0 0.0 0.0 0.0 1.0 0.9957081545064378 0.997854077253219 0.0 0.0 
1.0 6.0 0.65548853629439 0.327744268147195 0.22 0.64 0.6630434782608695 0.6630434782608695 0.66304347826087 184.0 1.63 
0.0 3.0 0.8499752840277293 0.502972559234144 0.03 0.08 1.0 1.0 1.0 80.27 0.61 
1.0 0.0 -0.0 0.0 -0.0 0.0 0.9935691318327972 0.9935691318327972 0.993569131832797 0.0 0.37 
0.0 99.0 0.7547305887995075 0.691083811238309 0.07 0.26 1.0 0.9968652037617554 0.998432601880878 154.64 0.83 
1.0 6.0 0.024901715029831017 0.024901715029831 0.02 0.02 1.0 1.0 1.0 264.0 0.27 
0.0 97.0 0.5310542528871021 0.357756773412067 -0.01 0.0 1.0 1.0 1.0 0.55 0.09 
1.0 7.0 0.15813042339494393 0.079065211697472 -0.0 0.0 1.0 0.9968152866242038 0.998407643312102 0.0 0.0 
0.0 18.0 0.07668224356121618 0.0936297137665007 0.03 0.03 1.0 0.9931034482758618 0.996551724137931 180.34 0.33 
1.0 2.0 0.5988648945735348 0.385681438572135 0.38 0.49 0.8458333333333332 0.8916666666666668 0.86875 591.22 2.64 
0.0 459.0 0.8905616504463674 1.0297071842709 -0.19 0.17 0.8891752577319588 0.8969072164948454 0.893041237113402 228.96 0.32 
1.0 4.0 0.7387103130230372 0.435200934777727 0.05 0.06 1.0 1.0 1.0 55.83 0.54 
0.0 80.0 0.8641129473491947 0.442302900527709 -0.06 0.01 0.9533527696793002 0.9679300291545188 0.96064139941691 5.12 0.21 
1.0 2.0 0.07851576409890412 0.0392578820494521 0.13 0.15 0.9649122807017546 0.9649122807017546 0.964912280701754 342.0 1.23 
0.0 83.0 0.03865721594315093 0.0193286079715755 -0.0 -0.0 1.0 1.0 1.0 0.0 0.0 
1.0 6.0 -0.0 0.0 -0.0 -0.0 1.0 1.0 1.0 0.0 0.0 
0.0 37.0 0.808814311512711 0.404407155756355 -0.0 0.0 1.0 0.9870689655172414 0.993534482758621 0.97 0.08 
1.0 6.0 -0.0 0.0 -0.0 -0.0 1.0 1.0 1.0 0.0 0.0 
0.0 39.0 0.08148309234242727 0.0985118986170273 -0.0 0.0 1.0 1.0 1.0 0.08 0.01 
1.0 6.0 0.8546388517476876 1.06870395978662 0.09 0.3 1.0 1.0 1.0 258.74 0.25 
0.0 330.0 -0.0 0.0 0.0 0.0 1.0 0.9870689655172414 0.993534482758621 0.0 0.0 
1.0 4.0 0.08236798922581003 0.0628449932083045 0.05 0.05 0.9904153354632588 0.9936102236421724 0.992012779552716 313.01 0.43 
0.0 205.0 0.021666184788399698 0.0108330923941999 -0.0 0.0 0.9628482972136226 0.9845201238390092 0.973684210526316 0.21 0.02 
1.0 5.0 0.10357955035375177 0.0517897751768759 0.0 0.0 1.0 1.0 1.0 0.0 0.0 
0.0 12.0 0.06002390931952181 0.0877823071055745 -0.0 0.0 1.0 1.0 1.0 0.06 0.01 
1.0 2.0 1.3525520919415797 0.730511715488748 0.16 0.27 0.9305135951661632 0.9305135951661632 0.930513595166163 350.92 0.51 
0.0 81.0 0.040560291944698436 0.0405089580900772 -0.01 0.0 0.9795918367346939 0.9825072886297378 0.981049562682216 0.22 0.03 
1.0 3.0 0.0582807055404028 0.0415293549977869 -0.0 0.0 1.0 1.0 1.0 0.01 0.0 
0.0 6.0 0.07312811735619988 0.11912164231759 0.02 0.02 1.0 0.995967741935484 0.997983870967742 123.55 0.15 
1.0 1.0 0.04004863019043305 0.0200243150952165 -0.0 -0.0 1.0 1.0 1.0 0.0 0.0 
0.0 278.0 0.7642232507044483 0.382111625352224 0.0 -0.0 1.0 1.0 1.0 0.0 0.0 
1.0 1.0 0.07575108500341506 0.0378755425017075 0.02 0.02 0.9971098265895952 0.9971098265895952 0.997109826589595 346.0 0.17 
0.0 105.0 0.022152081921215285 0.0110760409606076 0.0 0.0 1.0 0.9967105263157896 0.998355263157895 0.0 0.0 
1.0 3.0 -0.0 0.0 0.08 0.09 0.9823943661971832 0.9823943661971832 0.982394366197183 284.0 0.82 
0.0 295.0 1.1625363955943298 0.581268197797165 0.0 -0.0 1.0 0.948170731707317 0.974085365853659 0.0 0.0 
1.0 0.0 0.21873807939286777 0.218738079392868 -0.01 0.0 0.9967105263157896 0.9967105263157896 0.996710526315789 0.0 1.42 
0.0 464.0 1.1922731923952847 0.596136596197642 -0.12 0.05 0.8711340206185567 0.8943298969072165 0.882731958762887 28.76 0.91 
1.0 4.0 0.0352954379540603 0.079585681077477 -0.0 0.0 1.0 1.0 1.0 0.04 0.01 
0.0 33.0 0.08853099300531124 0.460113537842852 -0.0 0.01 1.0 0.9968652037617554 0.998432601880878 5.8 0.05 
1.0 6.0 0.9235692339395724 0.526503426306252 0.04 0.1 0.743859649122807 0.943859649122807 0.843859649122807 61.97 0.38 
0.0 51.0 0.03855448604303559 0.0192772430215178 -0.0 0.0 0.9751552795031057 0.9937888198757762 0.984472049689441 0.03 0.01 
1.0 6.0 -0.0 0.0 0.11 0.12 0.9609375 0.96875 0.96484375 101.57 1.13 
0.0 113.0 0.08236798922581003 0.041183994612905 -0.0 -0.0 1.0 0.9904153354632588 0.995207667731629 0.0 0.0 
1.0 3.0 -0.0 0.0 0.0 0.0 1.0 1.0 1.0 0.0 0.0 
0.0 149.0 0.035868162784549934 0.643924012875148 -0.0 0.01 1.0 0.9896907216494846 0.994845360824742 4.74 0.01 
1.0 3.0 0.022090069599185986 0.022090069599186 0.02 0.02 1.0 1.0 1.0 304.0 0.24 
0.0 27.0 0.02466432081248941 0.0123321604062447 -0.0 -0.0 1.0 1.0 1.0 0.0 0.0 
1.0 0.0 0.15988581957786882 0.159885819577869 -0.01 0.0 0.9914529914529912 0.9914529914529912 0.991452991452991 0.0 1.72 
0.0 1.0 -0.0 0.0 0.0 0.0 1.0 1.0 1.0 0.0 0.0 
1.0 4.0 0.06184819574705822 0.0420001388341368 0.09 0.1 0.9805825242718446 0.9805825242718446 0.980582524271845 309.01 0.89 
0.0 270.0 0.7320792206803771 0.550642410731272 -0.13 0.04 0.9097938144329896 0.9432989690721648 0.926546391752577 32.74 0.13 
1.0 7.0 0.04038525502705401 0.020192627513527 0.04 0.04 0.9933110367892976 0.9933110367892976 0.993311036789298 299.0 0.36 
0.0 315.0 0.02097864624030526 0.0209510495334191 -0.0 0.0 1.0 0.9969135802469133 0.998456790123457 0.01 0.0 
1.0 2.0 0.08104826118919567 0.0618930260349027 0.04 0.04 0.996845425867508 0.996845425867508 0.996845425867508 634.01 0.33 
0.0 9.0 -0.0 0.0 -0.0 -0.0 1.0 1.0 1.0 0.0 0.0 
1.0 3.0 0.019215460994747392 0.0096077304973737 -0.0 -0.0 1.0 1.0 1.0 0.0 0.0 
0.0 47.0 0.20129389834742445 0.100646949173712 -0.0 0.0 1.0 1.0 1.0 0.0 0.0 
1.0 5.0 1.5989097208725602 1.4617142367396 0.06 0.63 0.9929328621908128 0.9929328621908128 0.992932862190813 607.89 0.18 
0.0 7.0 -0.0 0.0 0.05 0.05 0.991111111111111 0.991111111111111 0.991111111111111 225.0 0.49 
1.0 5.0 0.09420498859979856 0.0471024942998993 0.0 0.0 1.0 1.0 1.0 0.0 0.0 
0.0 242.0 0.4307479110971219 0.936216463059379 0.01 0.08 0.9943181818181815 0.9971590909090908 0.995738636363636 45.02 0.02 
1.0 4.0 0.42547835826440616 0.302356878431779 -0.01 0.01 1.0 1.0 1.0 7.23 0.03 
0.0 64.0 0.2658313188847421 0.132915659442371 -0.0 0.0 1.0 1.0 1.0 0.0 0.0 
1.0 3.0 0.08415278012328666 0.054103573167054 -0.0 0.0 1.0 1.0 1.0 0.01 0.0 
0.0 22.0 0.02625568508792424 0.0131278425439621 0.0 0.0 1.0 1.0 1.0 0.0 0.0 
1.0 2.0 0.09242159139376704 0.0873158627710814 0.07 0.08 0.9842105263157896 0.9842105263157896 0.984210526315789 190.05 0.58 
0.0 398.0 0.19267620766013585 0.69247470002771 -0.12 0.06 0.8943298969072165 0.940721649484536 0.917525773195876 72.28 0.79 
1.0 5.0 0.0800824403230777 0.0589179044009371 0.08 0.09 0.9817073170731708 0.9817073170731708 0.981707317073171 328.03 0.88 
0.0 38.0 0.2965102655998246 0.21178841799031 -0.03 0.03 1.0 0.7447552447552448 0.872377622377622 10.27 0.54 
1.0 3.0 0.05762288789854216 0.117260695434418 0.06 0.13 0.9726775956284152 0.9781420765027322 0.975409836065574 366.03 0.85 
0.0 30.0 0.4465340893780313 0.223267044689016 0.0 0.0 1.0 1.0 1.0 0.0 0.0 
