1.0 5.0 0.07253489020862718 0.610328961878761 -0.01 0.01 1.0 1.0 1.0 7.41 0.04 
0.0 47.0 0.9363694874611495 0.468184743730575 -0.0 0.0 1.0 0.9963235294117646 0.998161764705882 0.0 0.0 
1.0 7.0 0.5923940706928204 0.305516244431583 -0.0 0.0 1.0 1.0 1.0 0.36 0.02 
0.0 318.0 0.16903412505979679 0.168685213428005 -0.0 0.0 1.0 1.0 1.0 0.52 0.06 
1.0 0.0 0.03775336847879649 0.0377533684787965 -0.0 0.0 1.0 1.0 1.0 0.0 0.44 
0.0 2.0 0.08364970461058929 0.36956912045249 0.24 0.69 0.6630434782608695 0.6630434782608695 0.66304347826087 368.0 1.86 
1.0 5.0 -0.0 0.0 0.08 0.09 0.9825072886297378 0.9825072886297378 0.982507288629738 343.0 0.87 
0.0 135.0 0.02390689630310245 0.023834124714569 -0.0 0.0 1.0 0.992831541218638 0.996415770609319 0.01 0.0 
1.0 4.0 0.7103682023888913 0.485315948683256 0.08 0.15 0.9802371541501976 0.9802371541501976 0.980237154150198 278.93 0.68 
0.0 22.0 0.2403799841112443 0.20029977359142 0.04 0.05 0.9922779922779922 0.9922779922779922 0.992277992277992 259.44 0.19 
1.0 2.0 0.9363694874611495 0.480362366477508 0.01 0.03 0.9963235294117646 0.9963235294117646 0.996323529411765 273.52 0.07 
0.0 163.0 1.1594844428509845 0.579742221425492 0.0 -0.0 1.0 0.9825581395348836 0.991279069767442 0.0 0.0 
1.0 0.0 -0.0 0.0 -0.0 0.0 1.0 1.0 1.0 0.0 0.0 
0.0 39.0 0.5682375550724528 1.02348814953355 -0.02 0.13 0.9886363636363636 0.9971590909090908 0.992897727272727 109.48 0.16 
1.0 2.0 0.476305553807033 0.238152776903516 0.0 0.0 1.0 0.9957983193277314 0.997899159663866 0.0 0.0 
0.0 90.0 0.9291544317080916 1.13417073205886 0.14 0.52 1.0 0.9355670103092784 0.967783505154639 708.01 0.81 
1.0 7.0 0.9963357706111988 0.508712872643182 0.21 0.31 0.9039548022598872 0.9067796610169492 0.905367231638418 400.59 1.3 
0.0 158.0 0.15230387487719962 0.0761519374385998 -0.0 0.0 0.9892183288409704 0.9919137466307276 0.990566037735849 0.16 0.02 
1.0 1.0 0.40411826492136166 0.202059132460681 -0.0 -0.0 1.0 1.0 1.0 0.0 0.0 
0.0 7.0 0.07124533401515272 0.0475033435705941 0.02 0.02 1.0 1.0 1.0 279.0 0.21 
1.0 2.0 0.19112604967982927 0.729641901736378 -0.01 0.06 0.9933333333333332 0.9933333333333332 0.993333333333333 311.9 0.05 
0.0 778.0 0.1892089805381669 0.0946044902690835 0.0 0.0 1.0 1.0 1.0 0.0 0.0 
1.0 6.0 0.05196381076639665 0.0439964987513909 -0.0 0.0 1.0 1.0 1.0 0.01 0.0 
0.0 5.0 -0.0 0.0 0.0 0.0 1.0 1.0 1.0 0.0 0.0 
1.0 1.0 -0.0 0.0 0.0 0.0 1.0 1.0 1.0 0.0 0.0 
0.0 109.0 0.5510799280869728 0.295564279138703 -0.0 0.0 1.0 1.0 1.0 0.32 0.05 
1.0 2.0 0.3665053293883657 0.291595596882987 0.07 0.13 0.9747634069400634 0.9779179810725552 0.976340694006309 711.54 0.74 
0.0 320.0 0.22425247311514207 0.112126236557571 0.01 0.01 0.97444089456869 0.9968051118210864 0.985623003194888 16.44 0.16 
1.0 7.0 0.060634473626361325 0.0398117604457037 -0.0 0.0 1.0 1.0 1.0 0.01 0.0 
0.0 33.0 0.08853099300531124 0.460113537842852 -0.0 0.01 1.0 0.9968652037617554 0.998432601880878 5.8 0.05 
1.0 4.0 0.020388151169850696 0.0101940755849253 0.02 0.02 0.9970149253731344 0.9970149253731344 0.997014925373134 335.0 0.24 
0.0 34.0 0.9207139363490046 0.569726007870936 -0.01 0.04 0.9769736842105264 0.9967105263157896 0.986842105263158 38.07 0.15 
1.0 6.0 0.08770501640138596 0.456434039053221 0.01 0.01 1.0 1.0 1.0 4.53 0.11 
0.0 301.0 0.027879870468395514 0.0664528069235329 -0.0 0.0 1.0 0.9956896551724136 0.997844827586207 0.04 0.01 
1.0 1.0 0.2633500763696781 0.205977689543867 0.01 0.02 1.0 1.0 1.0 34.08 0.1 
0.0 455.0 1.2036756519884226 1.18626418504192 -0.17 0.3 0.8891752577319588 0.9020618556701032 0.895618556701031 236.76 0.05 
1.0 7.0 0.850713860611364 0.425356930305682 0.0 -0.0 1.0 1.0 1.0 0.0 0.0 
0.0 25.0 0.03775336847879649 0.0783100300538985 -0.0 0.0 1.0 1.0 1.0 0.02 0.01 
1.0 6.0 0.8548387522121371 0.604734637758164 -0.04 0.04 1.0 1.0 1.0 24.73 0.03 
0.0 0.0 -0.0 0.0 -0.0 0.0 1.0 1.0 1.0 0.0 0.0 
1.0 6.0 1.0288121725617163 0.514406086280858 0.0 -0.0 1.0 1.0 1.0 0.0 0.0 
0.0 7.0 0.1731597557551002 0.777229101941638 0.01 0.16 0.971786833855799 0.971786833855799 0.971786833855799 339.3 0.08 
1.0 6.0 0.4778447750241143 0.238922387512057 0.0 0.0 1.0 1.0 1.0 0.0 0.0 
0.0 167.0 0.059178583588216475 0.188439241267439 -0.02 0.02 1.0 0.8943298969072165 0.947164948453608 78.7 0.03 
1.0 4.0 0.9594164352658762 1.10064686088691 0.15 0.71 0.9935691318327972 0.9967845659163987 0.995176848874598 710.92 1.39 
0.0 34.0 0.027879870468395514 0.0139399352341978 0.0 0.0 1.0 0.9956896551724136 0.997844827586207 0.0 0.0 
1.0 1.0 0.11949293989298446 0.0597464699464922 -0.0 -0.0 1.0 1.0 1.0 0.0 0.0 
0.0 38.0 0.7962755610748498 1.00099294225986 -0.01 0.29 0.9857954545454544 0.9886363636363636 0.987215909090909 216.01 0.45 
1.0 4.0 0.052855735235040675 0.0396459494384617 -0.0 0.0 1.0 1.0 1.0 0.01 0.0 
0.0 180.0 1.7340618956888827 1.52929032414776 -0.05 0.59 0.8904593639575972 0.9929328621908128 0.941696113074205 377.88 0.07 
1.0 2.0 0.9619011358089464 0.633833887497885 0.2 0.55 0.7888446215139443 0.8007968127490038 0.794820717131474 801.51 0.95 
0.0 56.0 0.7694998781133422 0.384749939056671 0.0 -0.0 1.0 0.9852507374631267 0.992625368731563 0.0 0.0 
1.0 1.0 0.01872477074468281 0.708920962962009 0.02 0.05 0.9946091644204854 0.9946091644204854 0.994609164420485 742.0 0.08 
0.0 27.0 0.028506110579847158 0.0142530552899236 -0.0 0.0 1.0 0.991111111111111 0.995555555555556 0.01 0.0 
1.0 2.0 0.05822889373687884 0.0291144468684394 -0.0 -0.0 1.0 1.0 1.0 0.0 0.0 
0.0 121.0 0.9548978214921024 1.16948063553203 -0.06 0.16 0.9923664122137406 0.9974554707379136 0.994910941475827 110.82 0.08 
1.0 6.0 0.024203802391878144 0.0121019011959391 0.02 0.02 0.9963503649635038 0.9963503649635038 0.996350364963504 274.0 0.24 
0.0 327.0 0.08957802666754391 0.044789013333772 0.0 0.0 1.0 1.0 1.0 0.0 0.0 
1.0 0.0 0.06002390931952181 0.0600239093195218 -0.0 0.0 1.0 1.0 1.0 0.0 0.53 
0.0 11.0 -0.0 0.0 0.0 0.0 1.0 1.0 1.0 0.0 0.0 
1.0 1.0 0.40522682240917607 0.202613411204588 -0.0 -0.0 1.0 1.0 1.0 0.0 0.0 
0.0 126.0 0.018768269049291516 0.00938413452464576 -0.0 0.0 0.9919137466307276 0.9946091644204854 0.993261455525607 0.02 0.0 
1.0 4.0 0.6465904702079327 0.617280351090911 0.49 0.79 0.75 0.75 0.75 770.03 1.87 
0.0 25.0 0.4981655356263516 0.318118606039688 -0.01 0.02 0.9904458598726114 0.9968152866242038 0.993630573248408 18.49 0.13 
1.0 4.0 0.0649157045465794 0.0962680899569297 -0.0 0.0 1.0 1.0 1.0 0.09 0.01 
0.0 5.0 0.030092344610339425 0.0300325498217183 0.03 0.03 1.0 0.9952830188679246 0.997641509433962 212.0 0.28 
1.0 6.0 0.8585818504987296 1.43636768224616 0.04 0.56 1.0 1.0 1.0 401.65 0.97 
0.0 140.0 0.3922912171596764 0.21029262208808 -0.0 0.0 1.0 1.0 1.0 0.12 0.02 
1.0 3.0 0.13038985857872243 0.123532350524313 0.08 0.08 0.9932885906040269 0.9966442953020132 0.99496644295302 386.1 0.71 
0.0 9.0 0.186970843565626 0.093485421782813 -0.0 -0.0 1.0 1.0 1.0 0.0 0.0 
1.0 1.0 0.4764511118846591 0.341526458700847 0.07 0.13 0.9746835443037976 0.9746835443037976 0.974683544303797 323.44 0.44 
0.0 186.0 0.6989835274161789 0.406281489958271 -0.02 0.0 1.0 0.99203187250996 0.99601593625498 1.04 0.09 
1.0 5.0 0.08150346432745215 0.135635940524247 -0.04 0.02 0.7062314540059346 0.9762611275964392 0.841246290801187 8.74 0.37 
0.0 88.0 0.055740919119538684 0.0278704595597693 0.0 0.0 1.0 0.9956896551724136 0.997844827586207 0.0 0.0 
1.0 5.0 -0.0 0.0 0.02 0.02 0.996875 0.996875 0.996875 320.0 0.22 
0.0 27.0 -0.0 0.0 -0.0 0.0 0.971786833855799 0.9968652037617554 0.984326018808777 0.03 0.0 
1.0 1.0 -0.0 0.0 0.0 0.0 1.0 1.0 1.0 0.0 0.0 
0.0 115.0 1.4133183550562096 1.2086628420816 0.12 0.59 1.0 0.9747899159663864 0.987394957983193 507.36 0.65 
1.0 3.0 0.5841362106973034 0.292068105348652 0.05 0.09 0.9825072886297378 0.9825072886297378 0.982507288629738 343.0 0.33 
0.0 100.0 0.02376135312603553 0.0118806765630178 -0.0 -0.0 1.0 1.0 1.0 0.0 0.0 
1.0 1.0 -0.0 0.0 -0.0 -0.0 1.0 1.0 1.0 0.0 0.0 
0.0 25.0 0.05741792303006031 0.0287089615150302 0.0 0.0 1.0 1.0 1.0 0.0 0.0 
1.0 1.0 0.08665418601251205 0.043327093006256 0.07 0.08 0.9842105263157896 0.9842105263157896 0.984210526315789 190.0 0.72 
0.0 67.0 0.4839166435874528 0.241958321793726 -0.0 0.0 1.0 1.0 1.0 0.0 0.0 
1.0 3.0 0.052436153002648894 0.109485626219717 0.04 0.05 0.9575757575757576 0.9848484848484848 0.971212121212121 114.74 0.52 
0.0 43.0 0.06986794993891596 0.0459481891297353 -0.0 0.0 1.0 1.0 1.0 0.01 0.0 
1.0 6.0 0.24107466687909204 0.120537333439546 0.0 -0.0 1.0 1.0 1.0 0.0 0.0 
0.0 2.0 -0.0 0.0 -0.0 -0.0 1.0 1.0 1.0 0.0 0.0 
1.0 4.0 0.9557241905338406 0.605282346476959 -0.01 0.1 0.9869791666666664 0.9895833333333331 0.98828125 413.4 0.31 
0.0 154.0 1.7407953509462348 0.925864858913354 -0.03 0.07 0.9504373177842562 0.9883381924198252 0.969387755102041 399.2 0.04 
1.0 2.0 0.05970457751036834 0.0597045775103683 0.19 0.19 0.969325153374233 0.969325153374233 0.969325153374233 978.0 1.21 
0.0 5.0 0.04296943623768491 0.0322296208833705 -0.0 0.0 1.0 1.0 1.0 0.01 0.0 
1.0 1.0 0.05064557459684865 0.0253227872984243 -0.0 -0.0 1.0 1.0 1.0 0.0 0.0 
0.0 216.0 0.4761414557722609 0.23807072788613 0.0 -0.0 1.0 0.9163636363636364 0.958181818181818 0.0 0.0 
1.0 4.0 0.09006047508429844 0.0695136656269503 0.05 0.05 1.0 0.9944134078212288 0.997206703910614 165.66 0.56 
0.0 22.0 0.8712535457073128 0.446228061355646 -0.0 0.0 1.0 0.9968652037617554 0.998432601880878 0.71 0.03 
1.0 0.0 -0.0 0.0 -0.0 0.0 1.0 1.0 1.0 0.0 0.0 
0.0 341.0 0.7417183166471224 0.370859158323561 0.0 -0.0 1.0 1.0 1.0 0.0 0.0 
1.0 6.0 0.9339842147523802 0.627497431296124 -0.01 0.06 1.0 1.0 1.0 141.01 0.19 
0.0 42.0 0.8229610390544123 0.411480519527206 0.0 -0.0 1.0 1.0 1.0 0.0 0.0 
1.0 5.0 0.11198449260177885 0.0559922463008894 0.0 0.0 1.0 1.0 1.0 0.0 0.0 
0.0 121.0 0.08088257950091116 0.0764360326183332 -0.01 0.0 0.9299719887955182 0.9971988795518208 0.963585434173669 0.54 0.05 
1.0 7.0 0.628362243986335 0.473866002259932 0.23 0.44 0.9444444444444444 0.9529914529914528 0.948717948717949 683.09 1.81 
0.0 53.0 0.06184819574705822 0.0832348100900911 -0.01 0.0 0.9805825242718446 0.9967637540453076 0.988673139158576 0.18 0.02 
1.0 6.0 0.07774111978661197 0.0593588636708672 -0.0 0.0 1.0 1.0 1.0 0.02 0.01 
0.0 116.0 0.01872477074468281 0.0093623853723414 -0.0 0.0 0.9865229110512128 0.9946091644204854 0.990566037735849 0.04 0.01 
1.0 2.0 0.04228243415597148 0.203315513119147 0.02 0.02 1.0 1.0 1.0 320.08 0.1 
0.0 9.0 0.6430164980766218 1.05924065641309 0.14 0.44 0.9617834394904456 0.9713375796178344 0.96656050955414 514.44 1.21 
1.0 7.0 -0.0 0.0 -0.0 -0.0 1.0 1.0 1.0 0.0 0.0 
0.0 85.0 0.22422915400735358 0.112114577003677 -0.0 -0.0 1.0 0.9909638554216867 0.995481927710843 0.0 0.0 
1.0 0.0 0.6717335817358335 0.671733581735833 -0.06 0.0 1.0 1.0 1.0 0.0 2.18 
0.0 113.0 0.022090069599185986 0.011045034799593 0.0 0.0 1.0 1.0 1.0 0.0 0.0 
1.0 5.0 -0.0 0.0 -0.0 -0.0 1.0 1.0 1.0 0.0 0.0 
0.0 12.0 0.1323170772230607 0.0661585386115303 -0.0 -0.0 1.0 1.0 1.0 0.0 0.0 
1.0 2.0 2.356590977368515 1.81392548321679 0.23 0.83 0.9164265129682996 0.9308357348703168 0.923631123919308 1977.75 0.24 
0.0 134.0 0.2820265733514615 0.997661455341064 -0.13 0.1 0.4855643044619424 0.9973753280839898 0.741469816272966 103.96 0.1 
1.0 6.0 0.6252530466827269 0.44455523109905 -0.0 0.01 1.0 1.0 1.0 3.83 0.24 
0.0 94.0 0.9548978214921024 0.486319822026914 -0.0 0.0 1.0 0.9923664122137406 0.99618320610687 0.8 0.03 
1.0 6.0 0.018811984226504784 0.00940599211325239 0.06 0.06 0.9892183288409704 0.9892183288409704 0.98921832884097 371.0 0.63 
0.0 129.0 0.2858075492859829 0.142903774642992 0.01 0.04 0.8711340206185567 0.9974226804123713 0.934278350515464 50.33 0.45 
1.0 5.0 0.022214468734433918 0.011107234367217 -0.0 -0.0 1.0 1.0 1.0 0.0 0.0 
0.0 24.0 0.8229610390544123 0.411480519527206 0.0 -0.0 1.0 1.0 1.0 0.0 0.0 
1.0 3.0 0.28516022523556966 0.244753049311973 0.05 0.08 0.9853801169590644 0.9853801169590644 0.985380116959064 342.99 0.33 
0.0 254.0 -0.0 0.0 -0.0 0.0 1.0 0.9896907216494846 0.994845360824742 0.0 0.0 
1.0 4.0 -0.0 0.0 0.0 0.0 1.0 1.0 1.0 0.0 0.0 
0.0 4.0 0.9717808533221 0.49605854085087 -0.0 0.0 1.0 1.0 1.0 1.19 0.01 
1.0 5.0 0.1399047781492455 0.0699523890746228 0.03 0.03 0.9817708333333331 0.9921875 0.986979166666667 162.92 0.29 
0.0 104.0 0.6639768993661407 0.41278756635769 -0.0 0.03 1.0 1.0 1.0 15.66 0.2 
1.0 4.0 -0.0 0.0 0.0 0.0 1.0 1.0 1.0 0.0 0.0 
0.0 25.0 -0.0 0.0 0.0 0.0 1.0 1.0 1.0 0.0 0.0 
1.0 0.0 0.08177127940433396 0.081771279404334 -0.01 0.0 0.9920948616600794 0.9920948616600794 0.992094861660079 0.0 0.91 
0.0 116.0 -0.0 0.0 -0.0 -0.0 1.0 1.0 1.0 0.0 0.0 
1.0 3.0 0.7320792206803771 0.669591511316654 0.15 0.31 0.9432989690721648 0.9432989690721648 0.943298969072165 1186.31 0.62 
0.0 115.0 0.6584298908958386 0.449404937503541 -0.01 0.02 0.9922779922779922 0.996138996138996 0.994208494208494 34.9 0.1 
1.0 6.0 0.4069858465797981 0.275825355362232 -0.0 0.0 1.0 1.0 1.0 0.35 0.0 
0.0 85.0 0.6639004844764248 0.35122748525973 -0.0 0.0 1.0 1.0 1.0 0.5 0.04 
1.0 4.0 0.020652086479660176 0.0858537862787745 0.03 0.04 0.9969696969696968 0.9969696969696968 0.996969696969697 439.33 0.28 
0.0 242.0 -0.0 0.0 0.0 0.0 1.0 1.0 1.0 0.0 0.0 
1.0 4.0 1.3051116481758671 1.30026752924757 -0.01 0.47 0.9921465968586388 0.9973821989528798 0.994764397905759 416.05 0.01 
0.0 161.0 0.02148980552905605 0.0797807409910405 -0.0 0.0 1.0 0.9904458598726114 0.995222929936306 0.03 0.01 
