1.0 6.0 0.6048117164172828 0.529411653968424 0.2 0.29 1.0 0.9745222929936304 0.987261146496815 206.28 1.76 
0.0 102.0 0.6697401318544347 0.348912719665882 -0.01 0.02 1.0 0.9870689655172414 0.993534482758621 6.31 0.15 
1.0 2.0 0.6313687456193695 0.379753906663702 0.01 0.03 0.9968253968253968 0.9968253968253968 0.996825396825397 322.33 0.19 
0.0 19.0 0.030097958257751373 0.0150489791288757 0.01 0.01 0.9937369519832986 0.9979123173277662 0.995824634655532 159.0 0.13 
1.0 3.0 0.052436153002648894 0.109485626219717 0.04 0.05 0.9575757575757576 0.9848484848484848 0.971212121212121 114.74 0.52 
0.0 169.0 0.06002390931952181 0.0300119546597609 0.0 0.0 1.0 1.0 1.0 0.0 0.0 
1.0 5.0 0.830237670572683 0.450582973704973 -0.0 0.0 1.0 1.0 1.0 1.34 0.07 
0.0 58.0 0.9548978214921024 0.892567746032393 0.06 0.37 1.0 0.9923664122137406 0.99618320610687 355.58 1.31 
1.0 1.0 0.07546791682907909 0.0377339584145396 0.0 0.0 1.0 1.0 1.0 0.0 0.0 
0.0 74.0 1.5380115431515229 0.769005771575761 -0.01 0.01 0.9327485380116958 0.9941520467836256 0.963450292397661 7.29 0.03 
1.0 4.0 0.08572157070354136 0.157115360996111 0.11 0.12 0.9916201117318434 0.9916201117318434 0.991620111731844 643.17 0.88 
0.0 178.0 0.9848735565226934 0.513921496380189 -0.0 0.0 1.0 0.9968152866242038 0.998407643312102 1.37 0.05 
1.0 6.0 -0.0 0.0 -0.0 -0.0 1.0 1.0 1.0 0.0 0.0 
0.0 297.0 0.38644555526388236 0.193222777631941 0.0 -0.0 1.0 0.9938461538461536 0.996923076923077 0.0 0.0 
1.0 3.0 0.044543392842512845 0.0222716964212564 0.02 0.02 0.9966887417218544 0.9966887417218544 0.996688741721854 302.0 0.2 
0.0 2.0 -0.0 0.0 0.0 0.0 1.0 1.0 1.0 0.0 0.0 
1.0 6.0 0.024203802391878144 0.0121019011959391 0.02 0.02 0.9963503649635038 0.9963503649635038 0.996350364963504 274.0 0.24 
0.0 78.0 0.022090069599185986 0.0641397629889768 -0.0 0.0 1.0 0.9967105263157896 0.998355263157895 0.02 0.0 
1.0 1.0 0.0289826220377758 0.109962148221354 -0.0 0.0 1.0 1.0 1.0 0.04 0.01 
0.0 2.0 0.65548853629439 0.572384230284715 0.22 0.75 0.6630434782608695 0.6847826086956521 0.673913043478261 287.94 1.96 
1.0 5.0 -0.0 0.0 0.02 0.02 0.9968652037617554 0.9968652037617554 0.996865203761755 319.0 0.25 
0.0 90.0 0.01499699576815311 0.00749849788407655 -0.0 0.0 0.9979123173277662 0.9979123173277662 0.997912317327766 0.0 0.0 
1.0 4.0 0.6615641740566868 0.417031078313711 0.33 0.42 0.8458333333333332 0.9333333333333332 0.889583333333333 1008.69 2.21 
0.0 63.0 0.07851576409890412 0.0392578820494521 0.08 0.13 0.9190751445086704 0.953757225433526 0.936416184971098 190.61 1.09 
1.0 3.0 0.02240391125486527 0.0112019556274326 0.0 0.0 1.0 1.0 1.0 0.0 0.0 
0.0 130.0 0.8908200643875142 0.445410032193757 -0.01 0.0 0.9979123173277662 0.9979123173277662 0.997912317327766 1.39 0.01 
1.0 3.0 -0.0 0.0 -0.0 -0.0 1.0 1.0 1.0 0.0 0.0 
0.0 6.0 0.02086856966292297 0.0104342848314615 -0.0 -0.0 1.0 1.0 1.0 0.0 0.0 
1.0 3.0 0.5576080435520234 0.344649800042221 0.05 0.06 1.0 1.0 1.0 55.83 0.66 
0.0 136.0 0.7320792206803771 0.884653180417685 -0.04 0.24 0.8402061855670103 0.9432989690721648 0.891752577319588 301.84 0.02 
1.0 5.0 0.9900166885347488 0.580537145595036 0.0 0.02 1.0 0.9453551912568307 0.972677595628415 49.55 0.11 
0.0 304.0 0.027879870468395514 0.0139399352341978 0.0 0.0 1.0 0.9956896551724136 0.997844827586207 0.0 0.0 
1.0 7.0 0.02292647107406736 0.0114632355370337 0.04 0.05 0.9635761589403972 0.9867549668874174 0.975165562913907 107.24 0.54 
0.0 44.0 0.06685739284696796 0.033428696423484 -0.01 0.0 1.0 0.968944099378882 0.984472049689441 0.06 0.02 
1.0 6.0 0.9672482270893722 0.571396344290136 -0.02 0.03 1.0 1.0 1.0 8.39 0.1 
0.0 79.0 0.6915949697499599 0.34579748487498 0.0 -0.0 1.0 1.0 1.0 0.0 0.0 
1.0 2.0 0.09737823614486597 0.101338342797111 -0.0 0.0 1.0 1.0 1.0 0.09 0.02 
0.0 17.0 0.830237670572683 0.415118835286342 -0.0 0.0 1.0 1.0 1.0 0.0 0.0 
1.0 2.0 0.15813961427940887 0.0790698071397044 0.03 0.03 0.9956331877729256 0.9956331877729256 0.995633187772926 229.0 0.21 
0.0 1.0 0.09280364653160081 0.0464018232658004 -0.0 -0.0 1.0 1.0 1.0 0.0 0.0 
1.0 4.0 -0.0 0.0 0.0 0.0 1.0 1.0 1.0 0.0 0.0 
0.0 128.0 0.020705755081089284 0.0103528775405446 -0.0 -0.0 1.0 1.0 1.0 0.0 0.0 
1.0 2.0 0.05822889373687884 0.0291144468684394 -0.0 -0.0 1.0 1.0 1.0 0.0 0.0 
0.0 3.0 0.2537972504901004 0.806498715836768 -0.03 0.03 0.9972677595628417 0.9972677595628417 0.997267759562842 370.91 0.15 
1.0 6.0 1.3571663066434942 0.732826425092825 0.01 0.03 1.0 0.9973958333333331 0.998697916666667 210.58 0.02 
0.0 232.0 0.06685739284696796 0.0928620422379842 0.06 0.07 1.0 1.0 1.0 157.02 0.62 
1.0 7.0 0.09676034952812122 0.163406033278046 -0.0 0.0 1.0 1.0 1.0 0.27 0.03 
0.0 93.0 0.7794788427490477 0.599821739961133 0.06 0.1 1.0 1.0 1.0 432.18 0.51 
1.0 5.0 0.06905856764132845 0.0345292838206642 -0.0 0.0 1.0 0.997134670487106 0.998567335243553 0.01 0.0 
0.0 6.0 0.03896898290828606 0.202737156148326 0.06 0.1 0.9747634069400634 0.9779179810725552 0.976340694006309 276.62 0.77 
1.0 7.0 0.050319038811679005 0.121108589652405 0.01 0.01 1.0 1.0 1.0 18.99 0.14 
0.0 89.0 0.06002390931952181 0.149627475219476 0.01 0.01 1.0 1.0 1.0 44.09 0.11 
1.0 0.0 -0.0 0.0 -0.0 0.0 1.0 1.0 1.0 0.0 0.0 
0.0 1.0 -0.0 0.0 -0.0 -0.0 1.0 1.0 1.0 0.0 0.0 
1.0 0.0 0.021725669861761727 0.0217256698617617 -0.02 0.0 0.9337349397590362 0.9337349397590362 0.933734939759036 0.0 1.9 
0.0 427.0 0.08373481733391841 0.103480172766263 -0.0 0.01 0.9081967213114754 0.9967213114754097 0.952459016393443 37.29 0.05 
1.0 7.0 0.06685739284696796 0.033428696423484 -0.0 -0.0 1.0 1.0 1.0 0.0 0.0 
0.0 29.0 0.03851501073265697 0.0192575053663285 -0.0 0.0 1.0 0.9971988795518208 0.99859943977591 0.01 0.0 
1.0 4.0 0.03860739588192891 0.0289575250751642 0.07 0.13 0.9726775956284152 0.9726775956284152 0.972677595628415 366.01 0.97 
0.0 491.0 0.08591550133466311 0.363991392328285 -0.02 0.02 0.9632653061224488 0.9918367346938776 0.977551020408163 8.02 0.22 
1.0 1.0 -0.0 0.0 0.0 0.0 1.0 1.0 1.0 0.0 0.0 
0.0 186.0 0.9128763258808285 0.516405443723411 -0.0 0.03 1.0 0.9854545454545452 0.992727272727273 17.88 0.26 
1.0 1.0 0.5189955544231425 0.259497777211571 0.01 0.02 0.9968652037617554 0.9968652037617554 0.996865203761755 319.0 0.09 
0.0 42.0 0.696576102069623 0.485927985705515 0.01 0.14 1.0 0.9679300291545188 0.983965014577259 213.61 0.37 
1.0 6.0 0.9235692339395724 0.526503426306252 0.04 0.1 0.743859649122807 0.943859649122807 0.843859649122807 61.97 0.38 
0.0 22.0 0.3176998989466621 0.167818655106455 -0.0 0.0 1.0 1.0 1.0 0.06 0.01 
1.0 5.0 -0.0 0.0 -0.0 -0.0 1.0 1.0 1.0 0.0 0.0 
0.0 142.0 0.17340392552771366 0.767951995935374 -0.04 0.09 1.0 0.9072164948453608 0.95360824742268 279.4 0.11 
1.0 4.0 0.6673546279322191 0.624537899768753 0.08 0.18 0.9753424657534246 0.9753424657534246 0.975342465753425 422.73 0.6 
0.0 15.0 0.808814311512711 0.404407155756355 -0.0 0.0 1.0 1.0 1.0 0.0 0.0 
1.0 6.0 -0.0 0.0 0.0 0.0 1.0 1.0 1.0 0.0 0.0 
0.0 256.0 -0.0 0.0 -0.0 -0.0 1.0 1.0 1.0 0.0 0.0 
1.0 7.0 -0.0 0.0 0.04 0.04 0.982300884955752 0.9911504424778762 0.986725663716814 111.99 0.45 
0.0 293.0 0.045182252980910435 0.730342990553241 -0.05 0.04 1.0 0.925 0.9625 25.4 0.32 
1.0 2.0 0.06184819574705822 0.0530707156621879 0.09 0.1 0.9805825242718446 0.9805825242718446 0.980582524271845 309.02 0.8 
0.0 93.0 0.403728606408586 0.280199879720662 0.0 0.01 0.9939577039274926 0.9969788519637464 0.995468277945619 55.04 0.01 
1.0 5.0 -0.0 0.0 0.0 0.0 1.0 1.0 1.0 0.0 0.0 
0.0 177.0 0.7387103130230372 0.369355156511519 -0.0 0.0 1.0 1.0 1.0 0.0 0.0 
1.0 5.0 0.050935213239972035 0.105577388155784 0.04 0.05 0.9922779922779922 0.9922779922779922 0.992277992277992 259.07 0.33 
0.0 257.0 0.027879870468395514 0.0139399352341978 0.0 0.0 1.0 0.9956896551724136 0.997844827586207 0.0 0.0 
1.0 3.0 0.5707096708311864 0.506661141895308 0.08 0.15 1.0 1.0 1.0 187.32 1.26 
0.0 4.0 0.6305810283860147 0.315290514193007 0.0 0.01 1.0 0.99375 0.996875 2.09 0.08 
1.0 2.0 0.9548978214921024 0.590549375958326 0.03 0.1 0.9923664122137406 0.9923664122137406 0.99236641221374 436.16 0.35 
0.0 30.0 0.05594538109009752 0.043981770364566 0.02 0.03 0.8448275862068965 0.9913793103448276 0.918103448275862 22.16 0.45 
1.0 2.0 0.6573879873908814 0.328693993695441 -0.0 0.0 1.0 1.0 1.0 0.0 0.0 
0.0 158.0 0.15230387487719962 0.0761519374385998 -0.0 0.0 0.9892183288409704 0.9919137466307276 0.990566037735849 0.16 0.02 
1.0 5.0 0.03680102213006247 0.0184005110650312 0.0 0.0 1.0 1.0 1.0 0.0 0.0 
0.0 33.0 0.0649157045465794 0.331535242661612 -0.01 0.0 1.0 1.0 1.0 0.95 0.08 
1.0 4.0 0.21052969905042704 0.105264849525214 0.11 0.13 0.9721362229102168 0.9721362229102168 0.972136222910217 323.0 0.75 
0.0 6.0 -0.0 0.0 0.0 0.0 1.0 1.0 1.0 0.0 0.0 
1.0 7.0 0.06002390931952181 0.0514966727786034 -0.0 0.0 1.0 1.0 1.0 0.02 0.0 
0.0 58.0 0.09167492896130204 0.199632818432215 -0.0 0.0 1.0 1.0 1.0 0.4 0.05 
1.0 6.0 0.04004863019043305 0.0200243150952165 -0.0 -0.0 1.0 1.0 1.0 0.0 0.0 
0.0 43.0 0.3043489862369836 0.260517425307296 0.03 0.07 0.9621451104100947 0.9779179810725552 0.970031545741325 156.96 0.51 
1.0 1.0 0.08148309234242727 0.0681189320193219 -0.0 0.0 1.0 1.0 1.0 0.02 0.0 
0.0 92.0 0.6697401318544347 0.334870065927217 -0.0 0.0 1.0 1.0 1.0 0.0 0.0 
1.0 1.0 0.9948493212862942 0.507243626097488 -0.0 0.0 1.0 1.0 1.0 1.02 0.01 
0.0 26.0 0.07935767315304856 0.0396788365765243 -0.0 0.0 0.9557522123893804 0.9941002949852508 0.974926253687316 0.12 0.02 
1.0 3.0 0.4770694171030895 1.24721240751445 -0.04 0.25 0.9743589743589745 0.9923076923076926 0.983333333333333 311.39 0.17 
0.0 47.0 -0.0 0.0 0.0 0.0 1.0 1.0 1.0 0.0 0.0 
1.0 5.0 0.5458278442333655 0.807466045938971 0.03 0.2 0.6703910614525139 0.9804469273743016 0.825418994413408 447.56 0.38 
0.0 306.0 0.12964727676560514 0.0648236383828026 -0.0 -0.0 1.0 1.0 1.0 0.0 0.0 
1.0 3.0 0.5766502953334973 0.966245425876112 -0.0 0.18 1.0 0.9974554707379136 0.998727735368957 129.32 0.25 
0.0 19.0 0.02376135312603553 0.0118806765630178 -0.0 -0.0 1.0 1.0 1.0 0.0 0.0 
1.0 4.0 0.09551752959899933 0.377812212589941 0.0 0.01 1.0 1.0 1.0 2.35 0.11 
0.0 307.0 -0.0 0.0 -0.0 -0.0 1.0 1.0 1.0 0.0 0.0 
1.0 6.0 0.0793921547963163 0.0396960773981582 -0.0 0.0 0.9805825242718446 0.9967637540453076 0.988673139158576 0.03 0.01 
0.0 64.0 0.7429759670851301 0.38184086108311 -0.0 0.0 1.0 1.0 1.0 1.15 0.0 
1.0 7.0 -0.0 0.0 -0.0 -0.0 1.0 1.0 1.0 0.0 0.0 
0.0 130.0 0.8024684613025314 0.401234230651266 0.0 0.0 0.9945652173913044 0.9945652173913044 0.994565217391304 1.25 0.02 
1.0 4.0 0.2129115681112977 0.636241580678066 -0.0 0.05 1.0 1.0 1.0 41.56 0.25 
0.0 1.0 0.9904630261725093 1.26712673929629 -0.0 0.39 0.989795918367347 0.989795918367347 0.989795918367347 724.3 0.1 
1.0 5.0 0.40341648962637855 0.353961070866171 0.01 0.03 0.9969604863221886 0.9969604863221886 0.996960486322188 349.07 0.01 
0.0 89.0 0.06687878438883882 0.0334393921944194 0.0 -0.0 1.0 0.7439353099730459 0.871967654986523 0.0 0.0 
1.0 4.0 0.06396171410398296 0.0319808570519915 0.04 0.04 0.9941520467836256 0.9941520467836256 0.994152046783626 342.0 0.34 
0.0 12.0 0.01499699576815311 0.00749849788407655 0.0 0.0 1.0 0.9979123173277662 0.998956158663883 0.0 0.0 
1.0 3.0 0.04392359467299709 0.1603119470259 0.04 0.04 1.0 1.0 1.0 612.0 0.36 
0.0 366.0 0.76170373746072 0.467553831494217 -0.11 0.09 0.8891752577319588 0.9072164948453608 0.89819587628866 269.96 0.24 
1.0 7.0 1.0720119323996455 0.536005966199823 0.01 0.02 0.9969418960244648 0.9969418960244648 0.996941896024465 327.0 0.04 
0.0 112.0 0.5712047455257367 0.355203856599748 0.04 0.12 0.9541984732824428 0.9694656488549618 0.961832061068702 174.1 0.63 
1.0 2.0 0.06031775118951819 0.213272031332037 -0.01 0.03 0.6523297491039427 0.9820788530465951 0.817204301075269 15.45 0.33 
0.0 43.0 0.02883072855956151 0.0144153642797808 0.0 0.0 1.0 1.0 1.0 0.0 0.0 
1.0 5.0 0.08049874386882527 0.350671767212331 0.04 0.05 1.0 1.0 1.0 371.45 0.16 
0.0 115.0 0.02850341295455605 0.014251706477278 0.0 0.0 1.0 1.0 1.0 0.0 0.0 
1.0 0.0 0.19280178846601487 0.192801788466015 -0.0 0.0 0.9958847736625512 0.9958847736625512 0.995884773662551 0.0 1.35 
0.0 11.0 0.061293913488030774 0.0409463142745703 -0.0 0.0 1.0 0.9909909909909907 0.995495495495496 0.04 0.01 
1.0 1.0 0.04344090020222118 0.566077873145283 0.01 0.02 0.9967845659163987 0.9967845659163987 0.996784565916399 312.19 0.01 
0.0 250.0 -0.0 0.0 -0.0 -0.0 1.0 0.9965870307167234 0.998293515358362 0.0 0.0 
1.0 1.0 0.01821912306957769 0.0790619506094116 0.04 0.05 0.9921875 0.9921875 0.9921875 384.03 0.3 
0.0 320.0 0.04624639022456452 0.0231231951122823 -0.0 0.0 1.0 0.954861111111111 0.977430555555556 0.1 0.01 
1.0 6.0 0.07328896632492354 0.173826543155355 0.15 0.18 0.9753424657534246 0.9753424657534246 0.975342465753425 1124.47 0.96 
0.0 102.0 0.30759070790312737 0.153795353951564 -0.0 0.0 1.0 1.0 1.0 0.0 0.0 
1.0 0.0 0.1566711530327376 0.156671153032738 -0.0 0.0 0.9939577039274926 0.9939577039274926 0.993957703927492 0.0 1.63 
0.0 95.0 -0.0 0.0 -0.0 -0.0 1.0 1.0 1.0 0.0 0.0 
1.0 2.0 -0.0 0.0 -0.0 -0.0 1.0 1.0 1.0 0.0 0.0 
0.0 221.0 0.055893380003212575 0.619424335426341 -0.0 0.01 1.0 1.0 1.0 5.22 0.02 
1.0 3.0 0.27273593039169325 0.859192963574377 0.09 0.23 0.9751381215469612 0.9751381215469612 0.975138121546961 828.02 0.36 
0.0 66.0 0.09292501557745118 0.0572074105532536 -0.0 0.0 1.0 0.9936305732484078 0.996815286624204 0.02 0.0 
1.0 6.0 0.4069858465797981 0.275825355362232 -0.0 0.0 1.0 1.0 1.0 0.35 0.0 
0.0 294.0 0.6924938229847831 0.357109746423272 -0.05 0.05 1.0 0.9337349397590362 0.966867469879518 22.99 0.3 
