1.0 7.0 0.7379973708368502 0.400958408989255 0.01 0.02 1.0 0.996845425867508 0.998422712933754 107.34 0.06 
0.0 31.0 -0.0 0.0 0.0 0.0 1.0 1.0 1.0 0.0 0.0 
1.0 7.0 -0.0 0.0 0.02 0.02 0.9963369963369966 0.9963369963369966 0.996336996336996 273.0 0.25 
0.0 62.0 0.03201815963903439 0.0160090798195172 -0.0 0.0 1.0 0.8448275862068965 0.922413793103448 0.0 0.0 
1.0 5.0 0.7894866775585219 0.785457269462399 0.04 0.44 1.0 0.8823529411764705 0.941176470588235 206.61 0.04 
0.0 109.0 0.4303910229252441 0.767562081898746 -0.0 0.02 1.0 0.9973045822102424 0.998652291105121 14.92 0.07 
1.0 7.0 0.4058002799145737 0.212890413819468 0.14 0.17 0.9525139664804468 0.9553072625698322 0.95391061452514 336.05 1.1 
0.0 6.0 1.061273154006304 0.530636577003152 0.04 0.05 0.9865229110512128 0.9892183288409704 0.987870619946092 295.99 0.13 
1.0 3.0 0.5074237491891713 0.271645955986861 -0.0 0.0 1.0 1.0 1.0 0.32 0.03 
0.0 154.0 0.17346262391838746 0.0867313119591937 -0.02 0.0 0.8348348348348349 0.9969969969969968 0.915915915915916 0.23 0.02 
1.0 4.0 0.4895166735184531 0.255275413064451 -0.0 0.0 1.0 0.3788819875776397 0.68944099378882 2.02 0.04 
0.0 25.0 0.027778358172627568 0.0138891790863138 0.0 0.0 1.0 1.0 1.0 0.0 0.0 
1.0 3.0 0.02013133843277965 0.635426786218179 -0.03 0.04 1.0 0.9630681818181815 0.981534090909091 27.14 0.19 
0.0 4.0 0.019542337228798026 0.00977116861439901 0.0 0.0 1.0 1.0 1.0 0.0 0.0 
1.0 3.0 0.04061308921059742 0.0203065446052987 0.0 0.0 1.0 1.0 1.0 0.0 0.0 
0.0 247.0 0.019542337228798026 0.730613676125217 -0.01 0.02 0.9943181818181815 0.9971590909090908 0.995738636363636 178.96 0.03 
1.0 7.0 0.02625568508792424 0.0131278425439621 0.0 0.0 1.0 1.0 1.0 0.0 0.0 
0.0 281.0 0.944729522285408 0.706006808560889 -0.11 0.18 0.8706624605678234 0.9148264984227128 0.892744479495268 287.66 0.38 
1.0 4.0 0.7975126912869489 0.570369459163876 0.13 0.29 0.9288537549407112 0.9288537549407112 0.928853754940711 508.82 0.45 
0.0 160.0 0.36466608110889165 0.182333040554446 -0.01 0.0 1.0 0.9820788530465951 0.991039426523298 0.64 0.06 
1.0 7.0 0.3923943017619282 0.364904962559782 -0.05 0.01 1.0 1.0 1.0 2.13 0.19 
0.0 91.0 0.05236984641116324 0.0261849232055816 -0.0 0.0 0.9933554817275748 0.9966777408637872 0.995016611295681 0.02 0.0 
1.0 4.0 0.6252530466827269 0.324364470388163 -0.0 0.0 1.0 1.0 1.0 0.2 0.02 
0.0 60.0 0.09713852942100243 0.0613914219510706 -0.0 0.0 1.0 0.9058823529411764 0.952941176470588 0.12 0.02 
1.0 2.0 -0.0 0.0 0.0 0.0 1.0 1.0 1.0 0.0 0.0 
0.0 99.0 0.055740919119538684 0.0418103947939671 -0.0 0.0 0.9956896551724136 0.9956896551724136 0.995689655172414 0.03 0.01 
1.0 2.0 0.7222557009395802 0.424397834195707 0.0 0.02 1.0 1.0 1.0 18.85 0.08 
0.0 134.0 0.594577819662421 0.29728890983121 -0.0 0.0 1.0 0.9954954954954957 0.997747747747748 0.0 0.0 
1.0 3.0 0.058311668402293314 0.0291558342011467 0.0 0.0 1.0 0.9969325153374232 0.998466257668712 0.0 0.0 
0.0 77.0 0.23923104111942964 0.130360423324243 -0.0 0.0 1.0 1.0 1.0 0.05 0.01 
1.0 3.0 0.3057666391868229 0.23960534934639 0.4 0.57 0.7888446215139443 0.7888446215139443 0.788844621513944 721.64 2.94 
0.0 202.0 0.6577769648382245 0.388886407446146 -0.02 0.03 0.5935672514619882 0.9941520467836256 0.793859649122807 26.82 0.03 
1.0 5.0 0.018384397223606727 0.0884430653340612 0.02 0.02 0.9973544973544972 0.9973544973544972 0.997354497354497 378.03 0.12 
0.0 145.0 0.65548853629439 0.408917524431015 -0.02 0.01 0.6630434782608695 0.9945652173913044 0.828804347826087 3.29 0.02 
1.0 1.0 0.6445490932262417 0.643485557151248 0.23 0.62 1.0 1.0 1.0 299.6 2.03 
0.0 255.0 0.8359334027148267 0.417966701357413 0.0 -0.0 1.0 0.99375 0.996875 0.0 0.0 
1.0 5.0 1.43354674361514 0.71677337180757 0.04 0.19 0.9436997319034852 0.9436997319034852 0.943699731903485 336.36 0.41 
0.0 303.0 0.020923452826532903 0.0104617264132664 -0.0 0.0 1.0 0.9969135802469133 0.998456790123457 0.0 0.0 
1.0 2.0 0.09608527084080484 0.0587008733157238 0.02 0.02 1.0 1.0 1.0 317.0 0.19 
0.0 4.0 0.05539603510551136 0.0276980175527557 0.0 0.0 1.0 1.0 1.0 0.0 0.0 
1.0 1.0 0.045541071757015265 0.14296052793413 0.04 0.05 0.9922779922779922 0.9922779922779922 0.992277992277992 259.11 0.25 
0.0 43.0 0.02883072855956151 0.0144153642797808 0.0 0.0 1.0 1.0 1.0 0.0 0.0 
1.0 0.0 0.2767002993788032 0.276700299378803 -0.01 0.0 1.0 1.0 1.0 0.0 2.02 
0.0 85.0 0.02059871506110972 0.0656247388683904 -0.0 0.0 1.0 0.9181818181818182 0.959090909090909 0.11 0.01 
1.0 7.0 0.7114238761682317 0.592137261504541 -0.01 0.06 1.0 1.0 1.0 20.76 0.03 
0.0 493.0 0.04241473185811745 0.0212073659290587 -0.0 0.0 1.0 0.9964285714285714 0.998214285714286 0.01 0.0 
1.0 1.0 0.2005283362028499 0.699646758414422 0.02 0.14 0.982142857142857 0.982142857142857 0.982142857142857 469.02 0.25 
0.0 109.0 0.04004863019043305 0.0200243150952165 -0.0 -0.0 1.0 1.0 1.0 0.0 0.0 
1.0 6.0 0.08150346432745215 0.0650160598667662 -0.0 0.0 1.0 1.0 1.0 0.03 0.01 
0.0 238.0 0.2284156055828005 0.1142078027914 -0.06 0.02 0.5526315789473684 0.8859649122807017 0.719298245614035 12.67 0.47 
1.0 2.0 0.5058890765232655 0.313104718048771 0.09 0.1 0.9802259887005648 0.9802259887005648 0.980225988700565 361.86 0.62 
0.0 81.0 0.6312999009084915 1.32272670745104 0.02 0.34 1.0 1.0 1.0 298.54 0.48 
1.0 5.0 0.05338403027678455 0.0266920151383923 0.02 0.02 0.9937304075235106 0.9968652037617554 0.995297805642633 159.0 0.18 
0.0 67.0 1.1642717827887903 0.582135891394395 -0.0 0.0 1.0 1.0 1.0 0.0 0.0 
1.0 1.0 0.6760394879233014 0.393308335947543 0.0 0.01 1.0 1.0 1.0 7.4 0.12 
0.0 252.0 0.7320792206803771 0.46055132718611 -0.09 0.03 0.9149484536082472 0.9432989690721648 0.929123711340206 27.81 0.14 
1.0 2.0 0.5800804508011576 0.318643655846746 0.05 0.09 0.986784140969163 0.986784140969163 0.986784140969163 250.29 0.52 
0.0 104.0 0.0254752063474844 0.0863515559653256 -0.01 0.0 0.9922779922779922 0.9922779922779922 0.992277992277992 0.1 0.02 
1.0 2.0 0.3665053293883657 0.291595596882987 0.07 0.13 0.9747634069400634 0.9779179810725552 0.976340694006309 711.54 0.74 
0.0 42.0 0.19267620766013585 0.650883757314038 0.07 0.21 0.940721649484536 0.9561855670103092 0.948453608247423 639.37 0.45 
1.0 6.0 0.30595700122045694 0.927434499269668 0.02 0.14 0.986449864498645 0.989159891598916 0.98780487804878 586.69 0.0 
0.0 6.0 0.061848503732346585 0.0309242518661733 0.0 0.0 1.0 1.0 1.0 0.0 0.0 
1.0 7.0 0.7220357838736617 0.628869503744012 0.0 0.1 1.0 1.0 1.0 146.01 0.64 
0.0 240.0 -0.0 0.0 0.0 0.0 1.0 1.0 1.0 0.0 0.0 
1.0 4.0 0.9717808533221 0.49605854085087 -0.0 0.0 1.0 1.0 1.0 1.19 0.01 
0.0 417.0 0.15688080647144514 0.0784404032357226 -0.0 -0.0 1.0 0.946875 0.9734375 0.0 0.0 
1.0 7.0 -0.0 0.0 0.0 0.0 1.0 1.0 1.0 0.0 0.0 
0.0 80.0 0.5272617660706461 0.327441120718963 -0.01 0.01 1.0 1.0 1.0 2.33 0.17 
1.0 4.0 0.019734531618407967 0.00986726580920398 -0.0 -0.0 1.0 1.0 1.0 0.0 0.0 
0.0 185.0 0.5623351446188082 0.281167572309404 -0.04 0.02 0.946127946127946 0.983164983164983 0.964646464646465 6.02 0.28 
1.0 6.0 0.028399643095318942 0.0141998215476595 -0.0 -0.0 1.0 1.0 1.0 0.0 0.0 
0.0 232.0 0.451330770166906 0.421862535964417 -0.03 0.02 1.0 1.0 1.0 16.79 0.13 
1.0 1.0 -0.0 0.0 0.0 0.0 1.0 1.0 1.0 0.0 0.0 
0.0 1.0 -0.0 0.0 -0.0 -0.0 1.0 1.0 1.0 0.0 0.0 
1.0 1.0 0.019542337228798026 0.00977116861439901 0.03 0.03 0.9943342776203966 0.9943342776203966 0.994334277620397 353.0 0.37 
0.0 96.0 0.9225665119739048 0.848090616722372 -0.09 0.15 0.927807486631016 0.9786096256684492 0.953208556149733 519.86 0.05 
1.0 1.0 0.7648871092878222 0.411673771919313 0.14 0.31 0.9072164948453608 0.9072164948453608 0.907216494845361 389.05 1.15 
0.0 12.0 0.07563334709986813 0.063774462473889 0.14 0.19 0.7602339181286548 0.8859649122807017 0.823099415204678 139.82 1.53 
1.0 6.0 0.9048271974415416 0.452413598720771 0.09 0.11 0.964968152866242 0.9713375796178344 0.968152866242038 255.22 0.43 
0.0 187.0 0.02154825572686733 0.0107741278634337 -0.0 0.0 1.0 0.9968051118210864 0.998402555910543 0.0 0.0 
1.0 0.0 -0.0 0.0 -0.0 0.0 1.0 1.0 1.0 0.0 0.0 
0.0 1.0 0.9848735565226934 0.741519546074523 0.09 0.2 0.9968152866242038 0.9968152866242038 0.996815286624204 428.02 1.07 
1.0 1.0 0.01821912306957769 0.0790619506094116 0.04 0.05 0.9921875 0.9921875 0.9921875 384.03 0.3 
0.0 283.0 0.045182252980910435 0.0331641840930204 -0.0 0.0 1.0 0.925 0.9625 0.09 0.01 
1.0 5.0 0.9128763258808285 0.612573901580626 -0.02 0.04 1.0 1.0 1.0 22.88 0.38 
0.0 17.0 -0.0 0.0 0.0 0.0 1.0 1.0 1.0 0.0 0.0 
1.0 3.0 0.4495690211533613 0.417938194404055 -0.01 0.01 1.0 1.0 1.0 7.7 0.03 
0.0 7.0 0.08177127940433396 0.040885639702167 0.04 0.05 0.9920948616600794 0.9920948616600794 0.992094861660079 253.0 0.37 
1.0 3.0 1.5030902393192356 0.751545119659618 0.01 0.02 0.9972677595628417 0.9972677595628417 0.997267759562842 366.0 0.02 
0.0 224.0 -0.0 0.0 -0.0 0.0 0.7761194029850746 0.9962686567164178 0.886194029850746 0.29 0.03 
1.0 7.0 -0.0 0.0 0.0 0.0 1.0 1.0 1.0 0.0 0.0 
0.0 6.0 0.09551752959899933 0.0477587647994997 0.0 0.0 1.0 1.0 1.0 0.0 0.0 
1.0 2.0 0.696576102069623 0.652529534346246 0.24 0.48 1.0 0.9970845481049562 0.998542274052478 649.4 2.34 
0.0 149.0 0.06049829410230215 0.0830693878519918 -0.0 0.0 1.0 1.0 1.0 0.05 0.01 
1.0 6.0 1.3815813341835952 1.38041801771607 0.09 0.77 0.8023255813953487 0.9534883720930234 0.877906976744186 189.01 0.33 
0.0 95.0 0.0289826220377761 0.0144913110188881 -0.0 -0.0 1.0 1.0 1.0 0.0 0.0 
1.0 2.0 -0.0 0.0 0.0 0.0 1.0 1.0 1.0 0.0 0.0 
0.0 73.0 0.03589902844099615 0.0179495142204981 -0.0 0.0 1.0 0.9941520467836256 0.997076023391813 0.01 0.0 
1.0 7.0 -0.0 0.0 0.0 0.0 1.0 1.0 1.0 0.0 0.0 
0.0 56.0 0.021666184788399698 0.0108330923941999 -0.0 -0.0 1.0 0.9628482972136226 0.981424148606811 0.0 0.0 
1.0 7.0 0.0712759023849943 0.045780245219639 -0.0 0.0 1.0 1.0 1.0 0.01 0.0 
0.0 15.0 0.07422606967043295 0.672548579413332 0.0 0.02 1.0 0.990625 0.9953125 108.25 0.05 
1.0 2.0 -0.0 0.0 0.02 0.02 0.9963369963369966 0.9963369963369966 0.996336996336996 273.0 0.24 
0.0 80.0 -0.0 0.0 0.0 0.0 1.0 1.0 1.0 0.0 0.0 
1.0 7.0 0.452631365743122 0.37929418348179 0.08 0.1 0.986449864498645 0.989159891598916 0.98780487804878 437.48 0.59 
0.0 143.0 0.08150346432745215 0.0511046097042707 -0.03 0.0 0.7062314540059346 0.973293768545994 0.839762611275964 0.77 0.06 
1.0 3.0 -0.0 0.0 0.09 0.1 0.9554973821989527 0.9712041884816756 0.963350785340314 243.18 1.4 
0.0 201.0 0.05338403027678455 0.0416783926549409 -0.0 0.0 1.0 1.0 1.0 0.01 0.0 
1.0 2.0 0.027879870468395514 0.0139399352341978 0.0 0.0 1.0 0.9956896551724136 0.997844827586207 0.0 0.0 
0.0 7.0 1.7774068038561743 1.75573434977253 0.19 1.12 0.8904593639575972 0.9187279151943462 0.904593639575972 1007.49 0.56 
1.0 6.0 0.6738089552424604 1.08279442600059 0.25 0.38 0.946875 0.9875 0.9671875 280.61 0.07 
0.0 125.0 0.2441505935303734 0.122075296765187 -0.0 -0.0 1.0 0.974137931034483 0.987068965517241 0.0 0.0 
1.0 5.0 0.022214468734433918 0.0772657729787473 -0.0 0.0 1.0 1.0 1.0 0.02 0.0 
0.0 1.0 -0.0 0.0 -0.0 -0.0 1.0 1.0 1.0 0.0 0.0 
1.0 3.0 0.4859068187480692 0.253095703401176 0.03 0.04 0.9940828402366864 0.9940828402366864 0.994082840236686 338.21 0.14 
0.0 6.0 0.9048271974415416 0.452413598720771 0.09 0.11 0.964968152866242 0.9713375796178344 0.968152866242038 255.22 0.43 
1.0 7.0 0.6445490932262417 0.322274546613121 -0.0 0.0 1.0 1.0 1.0 0.0 0.0 
0.0 267.0 0.944729522285408 0.517266451379345 -0.11 0.02 0.9148264984227128 0.9400630914826498 0.927444794952681 10.83 0.01 
1.0 7.0 0.06687878438883882 0.32963642754083 0.29 0.52 1.0 0.7439353099730459 0.871967654986523 350.53 2.48 
0.0 47.0 0.15988581957786882 0.0799429097889344 0.0 0.0 1.0 0.9914529914529912 0.995726495726496 0.0 0.0 
1.0 1.0 0.9848735565226934 0.741519546074523 0.09 0.2 0.9968152866242038 0.9968152866242038 0.996815286624204 428.02 1.07 
0.0 211.0 0.6942826684983437 0.445970902932239 0.02 0.07 0.9072164948453608 0.9948453608247422 0.951030927835051 124.26 0.17 
1.0 0.0 -0.0 0.0 -0.0 0.0 1.0 1.0 1.0 0.0 0.0 
0.0 88.0 0.27805089844440245 0.152153291766163 -0.0 0.0 1.0 1.0 1.0 0.07 0.01 
1.0 0.0 0.9548978214921024 0.954897821492103 -0.3 0.0 0.9923664122137406 0.9923664122137406 0.99236641221374 0.0 1.89 
0.0 98.0 0.850713860611364 0.425356930305682 0.0 -0.0 1.0 1.0 1.0 0.0 0.0 
1.0 4.0 0.9906696414695386 0.495334820734769 0.14 0.39 0.8654970760233917 0.8654970760233917 0.865497076023392 342.0 0.8 
0.0 234.0 0.02390689630310245 0.0119534481515512 -0.0 -0.0 1.0 0.992831541218638 0.996415770609319 0.0 0.0 
1.0 7.0 0.619066288955174 0.333797472180627 0.01 0.02 1.0 1.0 1.0 12.1 0.22 
0.0 166.0 0.5661954279814504 0.435520965651116 -0.04 0.03 0.8675078864353312 0.996845425867508 0.93217665615142 36.68 0.09 
1.0 3.0 0.8171797694773422 0.408589884738671 0.02 0.02 0.9966216216216216 0.9966216216216216 0.996621621621622 296.0 0.09 
0.0 150.0 0.03680102213006247 0.0184005110650312 -0.0 -0.0 1.0 1.0 1.0 0.0 0.0 
1.0 6.0 0.04296943623768491 0.0407619611403603 -0.0 0.0 1.0 1.0 1.0 0.01 0.0 
0.0 12.0 0.04991801430261973 0.0249590071513099 0.02 0.02 0.994236311239193 0.9971181556195966 0.995677233429395 173.0 0.17 
1.0 2.0 0.65548853629439 0.572384230284715 0.22 0.75 0.6630434782608695 0.6847826086956521 0.673913043478261 287.94 1.96 
0.0 3.0 -0.0 0.0 -0.0 -0.0 1.0 1.0 1.0 0.0 0.0 
1.0 2.0 0.02757769791835 0.013788848959175 0.0 0.0 1.0 1.0 1.0 0.0 0.0 
0.0 120.0 0.2882113901100298 0.252448627243819 -0.02 0.02 0.9779179810725552 0.996845425867508 0.987381703470032 151.66 0.03 
1.0 6.0 0.07610740857867801 0.146557687192833 -0.0 0.0 1.0 1.0 1.0 0.28 0.03 
0.0 82.0 0.07597745058064577 0.0608823127007918 -0.0 0.0 1.0 0.9973958333333331 0.998697916666667 0.05 0.01 
