1.0 3.0 0.022090069599185986 0.022090069599186 0.02 0.02 1.0 1.0 1.0 304.0 0.24 
0.0 144.0 -0.0 0.0 0.0 0.0 1.0 0.9870689655172414 0.993534482758621 0.0 0.0 
1.0 1.0 1.3812984481281763 0.690649224064088 0.04 0.13 0.971786833855799 0.971786833855799 0.971786833855799 319.0 0.24 
0.0 509.0 0.7353576859029652 0.657866713053216 -0.05 0.12 1.0 0.8993055555555556 0.949652777777778 63.31 0.04 
1.0 4.0 0.2983173313715373 0.271502817072208 0.03 0.03 1.0 0.9972527472527472 0.998626373626374 98.78 0.23 
0.0 34.0 0.02120257700397865 0.0106012885019893 -0.0 0.0 1.0 0.9968652037617554 0.998432601880878 0.0 0.0 
1.0 4.0 0.8316960826803917 0.426477722794596 0.01 0.02 0.9968652037617554 0.9968652037617554 0.996865203761755 320.14 0.07 
0.0 9.0 1.5820443578230474 1.49234988788097 -0.06 0.46 0.9929328621908128 0.9929328621908128 0.992932862190813 541.58 0.09 
1.0 3.0 0.8171797694773422 0.408589884738671 0.02 0.02 0.9966216216216216 0.9966216216216216 0.996621621621622 296.0 0.09 
0.0 65.0 0.7417183166471224 0.370859158323561 0.0 -0.0 1.0 1.0 1.0 0.0 0.0 
1.0 5.0 0.7794788427490477 0.389739421374524 0.0 0.0 1.0 1.0 1.0 0.0 0.0 
0.0 217.0 0.8712535457073128 0.446228061355646 -0.0 0.0 1.0 0.9968652037617554 0.998432601880878 0.71 0.03 
1.0 7.0 -0.0 0.0 -0.0 -0.0 1.0 1.0 1.0 0.0 0.0 
0.0 44.0 0.055893380003212575 0.147340917091351 -0.0 0.0 1.0 0.9946091644204854 0.997304582210243 0.19 0.03 
1.0 1.0 0.6760394879233014 0.393308335947543 0.0 0.01 1.0 1.0 1.0 7.4 0.12 
0.0 171.0 0.5661954279814504 0.30446660943103 -0.02 0.0 0.8675078864353312 0.996845425867508 0.93217665615142 0.99 0.08 
1.0 7.0 0.03479520226816607 0.0270980010661486 0.06 0.06 0.9779005524861876 0.9806629834254144 0.979281767955801 230.32 0.74 
0.0 139.0 1.2990837084732516 0.649541854236626 0.0 -0.0 1.0 0.9944134078212288 0.997206703910614 0.0 0.0 
1.0 3.0 0.9089089417480326 1.32933007541562 0.1 0.53 0.997032640949555 0.997032640949555 0.997032640949555 866.37 0.65 
0.0 177.0 1.6321156904601775 1.47377193628476 -0.0 0.73 1.0 0.943859649122807 0.971929824561404 784.32 0.77 
1.0 3.0 -0.0 0.0 0.0 0.0 1.0 1.0 1.0 0.0 0.0 
0.0 258.0 1.3391870324096355 1.18820708628231 -0.07 0.21 1.0 0.8402061855670103 0.920103092783505 273.4 0.14 
1.0 2.0 0.01872477074468281 0.561728955808465 0.01 0.02 0.9946091644204854 0.9973045822102424 0.995956873315364 185.65 0.01 
0.0 14.0 0.7611601600148685 0.40604768662742 0.02 0.05 0.9922779922779922 0.9922779922779922 0.992277992277992 261.18 0.13 
1.0 3.0 0.02240391125486527 0.0112019556274326 0.0 0.0 1.0 1.0 1.0 0.0 0.0 
0.0 112.0 -0.0 0.0 -0.0 0.0 0.9938461538461536 0.9969230769230768 0.995384615384615 0.01 0.0 
1.0 6.0 0.05707863871170449 0.569233067246362 -0.0 0.04 0.9890710382513662 0.9890710382513662 0.989071038251366 206.51 0.03 
0.0 122.0 0.7559727955653189 1.46347526652462 0.04 0.2 1.0 1.0 1.0 216.03 0.17 
1.0 3.0 0.19333073771697448 0.914114383785967 -0.0 0.05 0.9972375690607737 0.9972375690607737 0.997237569060773 384.39 0.03 
0.0 88.0 -0.0 0.0 0.0 0.0 1.0 0.9870689655172414 0.993534482758621 0.0 0.0 
1.0 7.0 -0.0 0.0 0.0 0.0 1.0 1.0 1.0 0.0 0.0 
0.0 60.0 0.09713852942100243 0.0613914219510706 -0.0 0.0 1.0 0.9058823529411764 0.952941176470588 0.12 0.02 
1.0 6.0 0.05127318967582761 0.763324441868015 0.0 0.01 1.0 1.0 1.0 9.04 0.0 
0.0 6.0 -0.0 0.0 -0.0 -0.0 1.0 1.0 1.0 0.0 0.0 
1.0 1.0 0.07575108500341506 0.0378755425017075 0.02 0.02 0.9971098265895952 0.9971098265895952 0.997109826589595 346.0 0.17 
0.0 102.0 0.7962755610748498 1.24274054731575 0.11 0.62 0.9886363636363636 0.9943181818181815 0.991477272727273 552.83 0.53 
1.0 2.0 0.06458143637762753 0.239112250991822 0.16 0.19 0.9545454545454544 0.9545454545454544 0.954545454545455 352.67 0.85 
0.0 16.0 0.04750981331278936 0.0237549066563947 -0.0 -0.0 1.0 1.0 1.0 0.0 0.0 
1.0 1.0 0.2980024009348442 0.158540662567303 0.04 0.05 0.9863387978142077 0.9890710382513662 0.987704918032787 292.08 0.38 
0.0 84.0 0.9619011358089464 0.537740294154655 -0.03 0.02 0.8007968127490038 0.99203187250996 0.896414342629482 7.89 0.08 
1.0 6.0 0.08403108191743977 0.663526273047888 0.0 0.02 1.0 1.0 1.0 50.14 0.02 
0.0 7.0 0.7050575594494202 0.660335504725267 0.18 0.29 0.9935275080906149 0.9967637540453076 0.995145631067961 361.13 1.87 
1.0 7.0 0.019832155766290046 0.00991607788314502 0.0 0.0 1.0 1.0 1.0 0.0 0.0 
0.0 250.0 0.7467670671848305 0.373383533592415 -0.01 0.0 1.0 0.996875 0.9984375 1.5 0.03 
1.0 5.0 0.029504444501537695 0.0147522222507689 -0.0 -0.0 1.0 1.0 1.0 0.0 0.0 
0.0 47.0 0.8120455419805839 0.506180353040774 -0.03 0.04 0.9936908517350158 0.996845425867508 0.995268138801262 182.87 0.23 
1.0 1.0 0.0404576242354559 0.0303454260362877 0.1 0.11 0.9825072886297378 0.9825072886297378 0.982507288629738 686.0 0.88 
0.0 31.0 1.3864665752635417 1.37709847110813 0.12 0.46 1.0 0.9971264367816092 0.998563218390805 313.89 0.17 
1.0 5.0 0.972562700997891 1.37141989571468 -0.05 0.38 1.0 1.0 1.0 429.09 0.43 
0.0 124.0 0.02279339310465005 0.011396696552325 -0.0 -0.0 1.0 1.0 1.0 0.0 0.0 
1.0 6.0 0.24107466687909204 0.120537333439546 0.0 -0.0 1.0 1.0 1.0 0.0 0.0 
0.0 322.0 0.7417183166471224 0.389167523013417 -0.0 0.01 1.0 1.0 1.0 1.33 0.02 
1.0 3.0 0.03775336847879649 0.0188766842393982 -0.0 -0.0 1.0 1.0 1.0 0.0 0.0 
0.0 268.0 0.2744380346223698 0.137219017311185 -0.0 0.0 1.0 0.9786585365853658 0.989329268292683 0.56 0.05 
1.0 4.0 0.09006047508429844 0.0695136656269503 0.05 0.05 1.0 0.9944134078212288 0.997206703910614 165.66 0.56 
0.0 2.0 0.044924364089559236 0.106384473950502 -0.0 0.0 1.0 0.9966442953020132 0.998322147651007 0.08 0.01 
1.0 6.0 0.5576080435520234 0.306133433585025 0.02 0.02 1.0 1.0 1.0 18.25 0.25 
0.0 89.0 0.7320792206803771 0.535719321964441 -0.04 0.03 0.9432989690721648 0.9974226804123713 0.970360824742268 24.28 0.2 
1.0 3.0 0.02390689630310245 0.023870391302818 0.02 0.02 0.992831541218638 0.9964157706093186 0.994623655913978 139.0 0.22 
0.0 41.0 0.053801745293687565 0.0375878319243593 0.02 0.02 0.9936908517350158 0.996845425867508 0.995268138801262 158.01 0.17 
1.0 7.0 0.628362243986335 0.473866002259932 0.23 0.44 0.9444444444444444 0.9529914529914528 0.948717948717949 683.09 1.81 
0.0 5.0 0.567869490196995 0.283934745098497 0.07 0.12 0.9754601226993864 0.9754601226993864 0.975460122699387 326.0 0.53 
1.0 6.0 -0.0 0.0 0.0 -0.0 1.0 0.9842105263157896 0.992105263157895 0.0 0.0 
0.0 210.0 0.03775336847879649 0.0188766842393982 -0.0 -0.0 1.0 1.0 1.0 0.0 0.0 
1.0 4.0 -0.0 0.0 0.0 0.0 1.0 1.0 1.0 0.0 0.0 
0.0 3.0 0.01872477074468281 0.0093623853723414 0.03 0.03 0.9946091644204854 0.9946091644204854 0.994609164420485 371.0 0.39 
1.0 7.0 0.340789061758103 0.170394530879051 0.0 0.0 1.0 1.0 1.0 0.0 0.0 
0.0 323.0 0.14051223512385375 0.0702561175619269 0.0 -0.0 1.0 0.9632653061224488 0.981632653061224 0.0 0.0 
1.0 5.0 -0.0 0.0 0.0 0.0 1.0 1.0 1.0 0.0 0.0 
0.0 173.0 0.021034152610448338 0.0105170763052242 0.0 0.0 1.0 1.0 1.0 0.0 0.0 
1.0 7.0 -0.0 0.0 0.0 0.0 1.0 1.0 1.0 0.0 0.0 
0.0 360.0 0.22632128323860015 0.655128045729959 -0.04 0.02 1.0 1.0 1.0 10.99 0.12 
1.0 6.0 0.8792724601879401 0.43963623009397 -0.0 0.0 1.0 1.0 1.0 0.0 0.0 
0.0 184.0 -0.0 0.0 0.0 0.0 1.0 1.0 1.0 0.0 0.0 
1.0 5.0 0.09137546664105897 0.0456877333205295 -0.0 -0.0 1.0 0.9681978798586572 0.984098939929329 0.0 0.0 
0.0 2.0 0.04869182683753661 0.0347801982502298 0.02 0.02 1.0 0.9969325153374232 0.998466257668712 294.08 0.18 
1.0 5.0 0.8120455419805839 0.416709730267808 0.01 0.04 0.996845425867508 0.996845425867508 0.996845425867508 422.0 0.09 
0.0 58.0 0.05580273082586285 0.0397820419759492 -0.0 0.0 1.0 1.0 1.0 0.01 0.0 
1.0 7.0 0.5594656917154643 0.29080888681834 0.0 0.01 0.8980263157894735 0.9967105263157896 0.947368421052632 9.15 0.05 
0.0 81.0 1.2695378808759523 0.634768940437976 -0.13 0.08 1.0 0.784256559766764 0.892128279883382 35.65 0.44 
1.0 7.0 0.02059871506110972 0.0205987150611097 -0.0 0.0 1.0 1.0 1.0 0.0 0.0 
0.0 98.0 0.41349129023238873 0.217578737510394 -0.0 0.0 1.0 1.0 1.0 0.09 0.01 
1.0 3.0 0.02572977627813256 0.0128648881390663 0.06 0.06 0.9883268482490272 0.9883268482490272 0.988326848249027 257.0 0.54 
0.0 325.0 0.4543334713115185 0.747153515386306 -0.04 0.06 0.997032640949555 0.997032640949555 0.997032640949555 34.44 0.11 
1.0 6.0 0.5107904450998305 0.329697873908943 0.0 0.02 1.0 1.0 1.0 48.59 0.02 
0.0 35.0 0.020233227837119512 0.0201570162501741 0.0 0.01 0.9825072886297378 0.9912536443148688 0.986880466472303 17.59 0.14 
1.0 3.0 0.6430164980766218 0.321508249038311 0.11 0.13 0.9713375796178344 0.9713375796178344 0.971337579617834 314.0 0.64 
0.0 5.0 0.05840626493337912 0.0408710846399929 0.14 0.17 0.9595959595959596 0.9595959595959596 0.95959595959596 297.01 1.39 
1.0 1.0 -0.0 0.0 0.02 0.02 0.9943977591036414 0.9971988795518208 0.995798319327731 178.0 0.18 
0.0 85.0 1.533054884762514 0.766527442381257 -0.0 0.0 1.0 1.0 1.0 0.0 0.0 
1.0 6.0 0.028399643095318942 0.0283468350559013 0.23 0.27 0.922448979591837 0.926530612244898 0.924489795918367 245.0 1.79 
0.0 171.0 0.16540542161065488 0.0827027108053274 -0.05 0.02 0.6165413533834586 0.9661654135338344 0.791353383458647 6.27 0.25 
1.0 0.0 0.02581585215487724 0.0258158521548772 -0.0 0.0 1.0 1.0 1.0 0.0 0.31 
0.0 55.0 0.6424220210762541 0.321211010538127 -0.0 0.0 1.0 1.0 1.0 0.0 0.0 
1.0 1.0 0.09163485972326606 0.101934903833484 -0.0 0.0 1.0 1.0 1.0 0.08 0.02 
0.0 89.0 0.07682534714633986 0.0384126735731699 -0.0 -0.0 1.0 1.0 1.0 0.0 0.0 
1.0 3.0 0.8502341661361879 0.711380406207482 0.33 0.58 0.9844236760124608 0.9844236760124608 0.984423676012461 621.15 1.61 
0.0 113.0 -0.0 0.0 0.0 0.0 1.0 0.9870689655172414 0.993534482758621 0.0 0.0 
1.0 6.0 0.059388880921075235 0.0550789783981985 0.0 0.01 0.9380530973451328 0.9970501474926252 0.967551622418879 15.4 0.08 
0.0 5.0 0.02466432081248941 0.0123321604062447 -0.0 -0.0 1.0 1.0 1.0 0.0 0.0 
1.0 3.0 0.6850914051596677 0.342545702579834 -0.0 0.0 1.0 1.0 1.0 0.0 0.0 
0.0 136.0 0.02178550616680388 0.0213820762035546 -0.0 0.0 1.0 0.956656346749226 0.978328173374613 0.05 0.01 
1.0 6.0 0.07158483369291901 0.0357924168464595 0.0 0.01 0.33333333333333326 0.9954954954954957 0.664414414414414 2.05 0.05 
0.0 193.0 1.5820443578230474 1.51522979363475 -0.05 0.43 0.901060070671378 0.9929328621908128 0.946996466431095 460.89 0.41 
1.0 7.0 0.08709952319177523 0.782919133593207 0.04 0.08 0.9886363636363636 0.9886363636363636 0.988636363636364 364.78 0.09 
0.0 3.0 0.21263524295523997 0.10631762147762 0.0 -0.0 1.0 1.0 1.0 0.0 0.0 
1.0 1.0 0.02097864624030526 0.0209786462403053 -0.0 0.0 1.0 1.0 1.0 0.0 0.0 
0.0 1.0 0.061848503732346585 0.0309242518661733 0.0 0.0 1.0 1.0 1.0 0.0 0.0 
1.0 2.0 0.023833886302533577 0.0119169431512668 0.0 0.0 1.0 1.0 1.0 0.0 0.0 
0.0 37.0 0.08770501640138596 0.053768586083838 -0.0 0.0 1.0 1.0 1.0 0.02 0.0 
1.0 3.0 0.02376135312603553 0.0118806765630178 -0.0 -0.0 1.0 1.0 1.0 0.0 0.0 
0.0 231.0 0.02120257700397865 0.0106012885019893 -0.0 0.0 1.0 0.971786833855799 0.9858934169279 0.03 0.0 
1.0 4.0 0.8299582291348218 0.511317218397479 0.17 0.3 0.940721649484536 0.9432989690721648 0.94201030927835 790.1 1.39 
0.0 292.0 0.0693153717009415 0.0346576858504707 0.0 0.0 1.0 0.9956896551724136 0.997844827586207 0.0 0.0 
1.0 7.0 2.017355397925815 1.53309434505867 -0.05 0.42 0.9589743589743592 0.9743589743589745 0.966666666666667 513.32 0.09 
0.0 238.0 0.7756467599439204 0.400996176141493 -0.02 0.0 1.0 0.9919678714859436 0.995983935742972 0.83 0.01 
1.0 2.0 -0.0 0.0 0.0 0.0 1.0 1.0 1.0 0.0 0.0 
0.0 1.0 0.5766502953334973 0.83766152747102 0.08 0.15 1.0 0.9974554707379136 0.998727735368957 231.81 0.1 
1.0 2.0 0.76170373746072 0.965278227778072 0.3 0.86 0.8891752577319588 0.8891752577319588 0.889175257731959 1126.56 1.32 
0.0 102.0 0.7254297394252925 0.470456882739959 -0.07 0.02 1.0 0.9742120343839542 0.987106017191977 8.35 0.04 
1.0 6.0 -0.0 0.0 0.0 0.0 1.0 1.0 1.0 0.0 0.0 
0.0 188.0 0.8359334027148267 0.417966701357413 0.0 -0.0 1.0 0.99375 0.996875 0.0 0.0 
1.0 7.0 0.18706338303845288 0.0935316915192265 -0.0 -0.0 1.0 1.0 1.0 0.0 0.0 
0.0 50.0 0.04750981331278936 0.0237549066563947 -0.0 -0.0 1.0 1.0 1.0 0.0 0.0 
1.0 0.0 0.08177127940433396 0.081771279404334 -0.01 0.0 0.9920948616600794 0.9920948616600794 0.992094861660079 0.0 0.91 
0.0 502.0 -0.0 0.0 -0.0 0.0 1.0 0.9859154929577466 0.992957746478873 0.0 0.0 
1.0 3.0 0.03876053851567018 0.0193802692578351 -0.0 0.0 1.0 0.996794871794872 0.998397435897436 0.01 0.0 
0.0 62.0 0.03775336847879649 0.0188766842393982 0.06 0.07 0.9817073170731708 0.9847560975609758 0.983231707317073 272.49 0.83 
1.0 6.0 -0.0 0.0 -0.0 -0.0 1.0 1.0 1.0 0.0 0.0 
0.0 57.0 0.08327901470975449 0.0416395073548772 0.0 0.0 1.0 1.0 1.0 0.0 0.0 
1.0 3.0 0.02013133843277965 0.635426786218179 -0.03 0.04 1.0 0.9630681818181815 0.981534090909091 27.14 0.19 
0.0 203.0 0.027778358172627568 0.0138891790863138 0.0 0.0 1.0 1.0 1.0 0.0 0.0 
1.0 7.0 0.02292647107406736 0.0114632355370337 0.04 0.05 0.9635761589403972 0.9867549668874174 0.975165562913907 107.24 0.54 
0.0 13.0 0.02086856966292297 0.0104342848314615 0.0 0.0 1.0 0.9969325153374232 0.998466257668712 0.0 0.0 
1.0 3.0 0.024822040210269496 0.0124110201051347 0.0 0.0 1.0 1.0 1.0 0.0 0.0 
0.0 156.0 0.9207139363490046 0.488054985727258 -0.01 0.0 1.0 0.9769736842105264 0.988486842105263 1.38 0.08 
1.0 7.0 0.021906245315443034 0.0109531226577215 0.1 0.12 0.921921921921922 0.957957957957958 0.93993993993994 172.56 1.36 
0.0 127.0 1.2681577537929265 0.634078876896463 -0.0 0.0 1.0 0.9933333333333332 0.996666666666667 0.0 0.0 
1.0 4.0 0.9011818521020956 0.463498852128487 0.02 0.03 1.0 1.0 1.0 253.0 0.08 
0.0 49.0 0.03907411550489949 0.0195370577524497 0.0 0.0 1.0 1.0 1.0 0.0 0.0 
