1.0 5.0 -0.0 0.0 0.0 0.0 1.0 1.0 1.0 0.0 0.0 
0.0 28.0 0.35463052330419126 0.256566128374353 0.0 0.02 1.0 0.9973544973544972 0.998677248677249 378.7 0.02 
1.0 2.0 0.11884101977355725 0.0594205098867786 0.06 0.06 0.9885057471264372 0.9885057471264372 0.988505747126437 348.0 0.58 
0.0 7.0 0.11093436688047352 0.0554671834402368 0.05 0.06 0.9854227405247814 0.9883381924198252 0.986880466472303 273.59 0.53 
1.0 6.0 0.09244359525217268 0.498527352926597 -0.0 0.0 1.0 1.0 1.0 1.56 0.04 
0.0 76.0 0.021034152610448338 0.0105170763052242 0.0 0.0 1.0 1.0 1.0 0.0 0.0 
1.0 4.0 0.027282478746759924 0.01364123937338 0.0 0.0 1.0 1.0 1.0 0.0 0.0 
0.0 335.0 0.7387103130230372 0.369355156511519 -0.0 0.0 1.0 0.9967637540453076 0.998381877022654 0.29 0.02 
1.0 0.0 0.3030117818551316 0.303011781855132 -0.05 0.0 0.982300884955752 0.982300884955752 0.982300884955752 0.0 2.49 
0.0 27.0 0.04084371786340105 0.0318185554840255 -0.0 0.0 1.0 1.0 1.0 0.01 0.0 
1.0 2.0 0.02097864624030526 0.0104893231201526 0.02 0.02 0.9969135802469133 0.9969135802469133 0.996913580246914 324.0 0.22 
0.0 139.0 0.07586122011969715 0.115187010900615 -0.0 0.0 1.0 1.0 1.0 0.12 0.01 
1.0 6.0 0.049314561447631994 0.024657280723816 -0.0 -0.0 1.0 1.0 1.0 0.0 0.0 
0.0 435.0 1.1935468662376811 1.18119979216655 -0.19 0.2 0.8891752577319588 0.8994845360824743 0.894329896907216 161.51 0.44 
1.0 4.0 0.022090069599185986 0.0833774668719262 0.01 0.01 1.0 1.0 1.0 29.5 0.18 
0.0 180.0 0.8086274974243058 0.955423359950039 -0.09 0.17 0.8994845360824743 0.9974226804123713 0.948453608247423 141.96 0.63 
1.0 6.0 0.698218026835844 0.412673861892427 0.29 0.4 0.6775510204081633 0.7673469387755103 0.722448979591837 403.97 1.33 
0.0 44.0 0.027879870468395514 0.0139399352341978 0.0 0.0 1.0 0.9956896551724136 0.997844827586207 0.0 0.0 
1.0 4.0 -0.0 0.0 0.0 0.0 1.0 1.0 1.0 0.0 0.0 
0.0 54.0 0.2006519004208097 0.17736400204592 0.0 0.0 1.0 1.0 1.0 4.04 0.12 
1.0 6.0 0.14994000858789552 0.0749700042939478 0.02 0.02 0.9969969969969968 0.9969969969969968 0.996996996996997 333.0 0.15 
0.0 67.0 0.6639768993661407 0.34210506360163 -0.0 0.0 1.0 1.0 1.0 1.64 0.03 
1.0 5.0 0.0586151312253593 0.0481354379270188 0.02 0.02 0.9969135802469133 0.9969135802469133 0.996913580246914 324.02 0.17 
0.0 85.0 0.02059871506110972 0.0656247388683904 -0.0 0.0 1.0 0.9181818181818182 0.959090909090909 0.11 0.01 
1.0 4.0 0.2338222085409008 0.91636596470673 -0.01 0.09 0.9929328621908128 0.9929328621908128 0.992932862190813 313.39 0.03 
0.0 183.0 0.06201998821945535 0.053797543077469 -0.0 0.0 1.0 0.9701986754966888 0.985099337748344 0.11 0.02 
1.0 5.0 0.34832154723549924 0.258279106911932 0.56 0.67 0.3644859813084112 0.3644859813084112 0.364485981308411 426.65 0.81 
0.0 46.0 0.04296943623768491 0.0429694362376849 -0.0 0.0 1.0 1.0 1.0 0.01 0.0 
1.0 1.0 0.019542337228798026 0.00977116861439901 0.03 0.03 0.9943342776203966 0.9943342776203966 0.994334277620397 353.0 0.37 
0.0 17.0 0.787007043964789 0.562211333661212 -0.02 0.08 1.0 1.0 1.0 44.42 0.34 
1.0 3.0 0.08665418601251205 0.043327093006256 0.07 0.08 0.9842105263157896 0.9842105263157896 0.984210526315789 190.0 0.72 
0.0 50.0 0.03907411550489949 0.0195370577524497 0.0 0.0 1.0 1.0 1.0 0.0 0.0 
1.0 6.0 0.04129490613497104 0.223504740548307 0.02 0.03 0.9619883040935674 0.9912280701754383 0.976608187134503 78.16 0.09 
0.0 294.0 0.30759070790312737 0.153795353951564 -0.0 0.0 1.0 1.0 1.0 0.0 0.0 
1.0 1.0 0.08327901470975449 0.0416395073548772 0.0 0.0 1.0 1.0 1.0 0.0 0.0 
0.0 205.0 0.808814311512711 0.404407155756355 -0.0 0.0 1.0 1.0 1.0 0.0 0.0 
1.0 5.0 -0.0 0.0 0.0 0.0 1.0 1.0 1.0 0.0 0.0 
0.0 25.0 0.2533863028638452 0.126693151431923 -0.0 -0.0 1.0 0.9968652037617554 0.998432601880878 0.0 0.0 
1.0 7.0 0.7794788427490477 1.07098945454604 0.14 0.25 1.0 1.0 1.0 560.18 0.22 
0.0 39.0 0.2574367821110266 0.713144750103225 0.08 0.31 0.8891752577319588 0.9072164948453608 0.89819587628866 446.27 0.65 
1.0 4.0 0.9554918972884292 0.89070110239669 0.03 0.48 0.989795918367347 0.997448979591837 0.993622448979592 413.15 0.0 
0.0 55.0 0.3326958231564261 0.166347911578213 -0.0 0.01 0.9817708333333331 0.9973958333333331 0.989583333333333 54.41 0.04 
1.0 3.0 0.026993969543528583 0.0269939695435286 -0.0 0.0 1.0 1.0 1.0 0.0 0.0 
0.0 47.0 0.03896898290828606 0.171658984572635 0.03 0.06 0.9621451104100947 0.9779179810725552 0.970031545741325 132.1 0.62 
1.0 7.0 0.1323170772230607 0.0661585386115303 -0.0 -0.0 1.0 1.0 1.0 0.0 0.0 
0.0 58.0 -0.0 0.0 -0.0 -0.0 1.0 1.0 1.0 0.0 0.0 
1.0 4.0 -0.0 0.0 0.1 0.1 0.9786585365853658 0.9786585365853658 0.978658536585366 328.0 0.92 
0.0 145.0 0.10524921553609985 0.0526246077680499 -0.0 -0.0 1.0 1.0 1.0 0.0 0.0 
1.0 6.0 0.2658313188847421 0.132915659442371 0.0 0.0 1.0 1.0 1.0 0.0 0.0 
0.0 99.0 0.298944031061413 0.161105304897686 -0.0 0.0 1.0 0.9965034965034965 0.998251748251748 0.08 0.01 
1.0 1.0 0.40522682240917607 0.202613411204588 -0.0 -0.0 1.0 1.0 1.0 0.0 0.0 
0.0 1.0 0.4177469710810393 0.20887348554052 -0.0 0.0 1.0 1.0 1.0 0.0 0.0 
1.0 0.0 0.944729522285408 0.944729522285408 -0.25 0.0 0.9148264984227128 0.9148264984227128 0.914826498422713 0.0 1.27 
0.0 3.0 -0.0 0.0 0.09 0.09 0.982300884955752 0.982300884955752 0.982300884955752 226.0 0.79 
1.0 3.0 -0.0 0.0 0.02 0.02 0.9969135802469133 0.9969135802469133 0.996913580246914 324.0 0.21 
0.0 140.0 0.035868162784549934 0.614707514511115 0.0 0.01 1.0 0.8994845360824743 0.949742268041237 64.48 0.01 
1.0 7.0 0.2693739018407884 0.146320240287374 0.11 0.14 0.9493243243243246 0.9662162162162162 0.95777027027027 489.87 0.94 
0.0 3.0 0.018855917943417073 0.00942795897170854 0.05 0.05 0.9865229110512128 0.9892183288409704 0.987870619946092 295.99 0.61 
1.0 5.0 0.098039113279732 0.049019556639866 -0.0 -0.0 1.0 1.0 1.0 0.0 0.0 
0.0 139.0 0.19765913736613375 0.780079601854584 -0.05 0.07 1.0 0.9072164948453608 0.95360824742268 114.82 0.07 
1.0 1.0 0.2555210288721024 0.127760514436051 -0.0 -0.0 1.0 1.0 1.0 0.0 0.0 
0.0 4.0 0.13147462230374174 0.121062692489706 0.2 0.29 0.8909090909090908 0.9181818181818182 0.904545454545455 922.98 1.87 
1.0 3.0 0.27805089844440245 0.139025449222201 -0.0 0.0 1.0 1.0 1.0 0.0 0.0 
0.0 100.0 0.3176998989466621 0.828443465678149 0.01 0.08 1.0 1.0 1.0 194.86 0.01 
1.0 7.0 0.6755022098303356 0.337751104915168 0.09 0.17 0.9603658536585364 0.9603658536585364 0.960365853658537 328.0 0.45 
0.0 25.0 0.03676173986471086 0.679659652921957 -0.01 0.02 1.0 0.9973544973544972 0.998677248677249 18.0 0.09 
1.0 1.0 0.03865721594315093 0.0193286079715755 -0.0 -0.0 1.0 1.0 1.0 0.0 0.0 
0.0 32.0 0.02376135312603553 0.0706455784215617 -0.0 0.0 1.0 1.0 1.0 0.02 0.0 
1.0 6.0 0.04084371786340105 0.0318185554840255 -0.0 0.0 1.0 1.0 1.0 0.01 0.0 
0.0 320.0 0.22425247311514207 0.112126236557571 0.01 0.01 0.97444089456869 0.9968051118210864 0.985623003194888 16.44 0.16 
1.0 4.0 -0.0 0.0 -0.0 -0.0 1.0 1.0 1.0 0.0 0.0 
0.0 83.0 0.8008218228243967 1.31829702078485 -0.05 0.18 0.9176136363636364 0.9346590909090908 0.926136363636364 250.49 0.16 
1.0 2.0 0.9837100363861178 0.619275269403098 0.05 0.13 0.9869791666666664 0.9869791666666664 0.986979166666667 609.18 0.33 
0.0 476.0 0.8835049494706764 0.756946148500795 -0.03 0.16 1.0 1.0 1.0 71.2 1.07 
1.0 4.0 0.2490268866339084 0.124513443316954 0.02 0.02 0.9968652037617554 0.9968652037617554 0.996865203761755 319.0 0.15 
0.0 476.0 0.09001124790298305 0.0450056239514915 0.0 -0.0 1.0 0.9817073170731708 0.990853658536585 0.0 0.0 
1.0 7.0 0.574268791184449 0.82238806756937 0.06 0.24 1.0 1.0 1.0 268.56 1.06 
0.0 83.0 0.9906696414695386 0.819961626129847 -0.0 0.19 0.8654970760233917 0.9912280701754383 0.928362573099415 124.03 0.79 
1.0 4.0 0.145564921210343 0.759101629571096 0.05 0.23 0.9451476793248944 0.9535864978902951 0.949367088607595 464.2 0.79 
0.0 48.0 0.8382272584994898 0.785153239589933 0.02 0.24 0.9072164948453608 0.9432989690721648 0.925257731958763 335.06 0.77 
1.0 3.0 0.024822040210269496 0.0124110201051347 0.0 0.0 1.0 1.0 1.0 0.0 0.0 
0.0 179.0 0.01949491299435019 0.00974745649717509 0.0 0.0 1.0 1.0 1.0 0.0 0.0 
1.0 2.0 0.05539603510551136 0.0387430523523487 -0.0 0.0 1.0 1.0 1.0 0.01 0.0 
0.0 88.0 0.0665854743974204 0.111667610119453 0.03 0.03 0.9790575916230366 0.9947643979057592 0.986910994764398 191.14 0.15 
1.0 6.0 0.9005595058270913 0.978586365519535 0.0 0.13 0.9929328621908128 0.9929328621908128 0.992932862190813 367.45 0.22 
0.0 171.0 0.1399047781492455 0.130302937291695 -0.0 0.0 1.0 0.9921875 0.99609375 0.42 0.04 
1.0 7.0 0.09676034952812122 0.163406033278046 -0.0 0.0 1.0 1.0 1.0 0.27 0.03 
0.0 58.0 -0.0 0.0 0.0 0.0 1.0 1.0 1.0 0.0 0.0 
1.0 5.0 -0.0 0.0 0.0 0.0 1.0 1.0 1.0 0.0 0.0 
0.0 280.0 0.21911226969670367 0.109556134848352 -0.0 0.0 1.0 0.9956896551724136 0.997844827586207 0.0 0.0 
1.0 7.0 -0.0 0.0 0.0 -0.0 1.0 0.9842105263157896 0.992105263157895 0.0 0.0 
0.0 4.0 0.9717808533221 0.49605854085087 -0.0 0.0 1.0 1.0 1.0 1.19 0.01 
1.0 7.0 0.02390689630310245 0.023870391302818 0.02 0.02 0.992831541218638 0.9964157706093186 0.994623655913978 139.0 0.22 
0.0 61.0 0.06460979059567425 0.570632767296327 0.0 0.01 1.0 1.0 1.0 19.43 0.0 
1.0 7.0 -0.0 0.0 -0.0 -0.0 1.0 1.0 1.0 0.0 0.0 
0.0 5.0 -0.0 0.0 -0.0 -0.0 1.0 1.0 1.0 0.0 0.0 
1.0 2.0 0.027185575146154974 0.027185575146155 -0.0 0.0 1.0 1.0 1.0 0.0 0.0 
0.0 10.0 2.17097773748393 1.08548886874197 0.0 -0.0 1.0 1.0 1.0 0.0 0.0 
1.0 5.0 0.028294027016483723 0.0141470135082419 -0.0 -0.0 1.0 1.0 1.0 0.0 0.0 
0.0 75.0 -0.0 0.0 0.0 0.0 1.0 0.9904458598726114 0.995222929936306 0.0 0.0 
1.0 1.0 0.7511413578505999 0.454462690734363 0.06 0.07 0.989501312335958 0.989501312335958 0.989501312335958 413.03 0.17 
0.0 58.0 0.04119501732440828 0.0758861006480967 -0.0 0.0 1.0 1.0 1.0 0.03 0.01 
1.0 6.0 -0.0 0.0 -0.0 -0.0 1.0 1.0 1.0 0.0 0.0 
0.0 8.0 0.2338222085409008 0.64521771687644 0.01 0.06 0.9929328621908128 0.9929328621908128 0.992932862190813 287.92 0.19 
1.0 7.0 0.2596277339508934 0.129813866975447 -0.0 0.0 1.0 1.0 1.0 0.0 0.0 
0.0 29.0 0.4654645413525627 0.252269328428731 -0.0 0.0 1.0 1.0 1.0 0.27 0.03 
1.0 3.0 0.1888272419192105 0.875466320703211 0.04 0.13 0.9892761394101875 0.991957104557641 0.990616621983914 543.38 0.14 
0.0 189.0 0.021845696904517597 0.0925585702080758 -0.01 0.01 0.44012944983818764 0.9967637540453076 0.718446601941748 2.7 0.09 
1.0 5.0 0.06325195083657176 0.0429569559651917 0.0 0.0 1.0 1.0 1.0 0.01 0.0 
0.0 18.0 -0.0 0.0 0.05 0.06 0.96875 0.984375 0.9765625 62.98 0.62 
1.0 5.0 0.8682075750923891 0.685050783500738 0.04 0.14 0.9745042492917848 0.9830028328611898 0.978753541076487 636.03 0.17 
0.0 20.0 0.09338697037523398 0.777143816178403 -0.01 0.04 0.9636363636363636 0.993939393939394 0.978787878787879 65.86 0.03 
1.0 5.0 0.07145011608392192 0.035725058041961 0.02 0.02 1.0 0.9960784313725488 0.998039215686275 127.0 0.24 
0.0 69.0 0.4965394604840957 0.269477096171107 0.01 0.02 1.0 0.9928571428571425 0.996428571428571 49.26 0.23 
1.0 5.0 0.02108997467516504 0.0210620636428067 0.04 0.04 0.9938080495356034 0.9969040247678018 0.995356037151703 484.0 0.33 
0.0 11.0 -0.0 0.0 -0.0 -0.0 1.0 1.0 1.0 0.0 0.0 
1.0 6.0 0.9339842147523802 0.627497431296124 -0.01 0.06 1.0 1.0 1.0 141.01 0.19 
0.0 47.0 0.03201815963903439 0.0160090798195172 0.01 0.02 0.8448275862068965 0.9870689655172414 0.915948275862069 16.55 0.34 
1.0 2.0 0.06201998821945535 0.0620199882194553 -0.0 0.0 1.0 1.0 1.0 0.03 0.01 
0.0 74.0 0.2077903634625465 0.161538128712682 -0.0 0.0 1.0 1.0 1.0 0.25 0.04 
1.0 1.0 0.02767763714259363 0.0138388185712968 0.0 0.0 1.0 1.0 1.0 0.0 0.0 
0.0 293.0 0.05204098300862845 0.597016374362108 -0.0 0.01 1.0 0.951219512195122 0.975609756097561 2.78 0.09 
1.0 1.0 0.09413158654282627 0.0737578084098054 -0.0 0.0 1.0 1.0 1.0 0.03 0.01 
0.0 192.0 0.0712759023849943 0.0454569166468381 -0.0 0.0 1.0 0.9627507163323779 0.981375358166189 0.05 0.01 
1.0 3.0 0.6794877718346207 0.33974388591731 -0.0 0.0 1.0 1.0 1.0 0.0 0.0 
0.0 115.0 0.04296943623768491 0.232842570657703 0.0 0.01 1.0 0.9808917197452226 0.990445859872611 7.24 0.09 
1.0 1.0 0.8682075750923891 1.13523184452131 0.26 0.54 0.9745042492917848 0.9745042492917848 0.974504249291785 1325.23 1.03 
0.0 9.0 0.0413206420085714 0.0206603210042857 0.0 0.0 1.0 1.0 1.0 0.0 0.0 
1.0 6.0 -0.0 0.0 0.02 0.02 0.9962825278810408 0.9962825278810408 0.996282527881041 269.0 0.26 
0.0 95.0 -0.0 0.0 -0.0 -0.0 1.0 1.0 1.0 0.0 0.0 
1.0 5.0 0.2722226631201872 0.873799178590195 0.03 0.07 1.0 1.0 1.0 75.77 0.09 
0.0 99.0 0.01872477074468281 0.0093623853723414 -0.0 0.0 0.9946091644204854 0.9973045822102424 0.995956873315364 0.01 0.0 
1.0 6.0 0.02625568508792424 0.0262556850879242 0.0 0.0 1.0 1.0 1.0 0.0 0.0 
0.0 268.0 0.17344405950595748 0.150763771452222 -0.01 0.01 1.0 0.7888446215139443 0.894422310756972 1.89 0.17 
1.0 5.0 0.08049874386882527 0.350671767212331 0.04 0.05 1.0 1.0 1.0 371.45 0.16 
0.0 60.0 0.02108997467516504 0.0105449873375825 -0.0 -0.0 1.0 0.9938080495356034 0.996904024767802 0.0 0.0 
1.0 1.0 0.6071038019529311 0.399890004806533 0.22 0.29 0.940721649484536 0.9432989690721648 0.94201030927835 708.45 1.31 
0.0 111.0 0.2712510130456789 1.14199402896667 -0.08 0.06 0.628491620111732 0.9972067039106144 0.812849162011173 38.42 0.09 
1.0 3.0 0.7894866775585219 0.394743338779261 -0.0 0.0 1.0 1.0 1.0 0.0 0.0 
0.0 25.0 0.8316960826803917 0.426449329842185 -0.0 0.0 1.0 0.9968652037617554 0.998432601880878 0.98 0.01 
