1.0 3.0 0.7132405300876173 0.488137499309084 0.05 0.11 0.9868421052631576 0.9868421052631576 0.986842105263158 829.1 0.26 
0.0 141.0 0.19765913736613375 0.682540023772834 0.11 0.27 0.8917525773195876 0.9072164948453608 0.899484536082474 346.43 0.46 
1.0 0.0 0.06002390931952181 0.0600239093195218 -0.0 0.0 1.0 1.0 1.0 0.0 0.53 
0.0 172.0 0.06588148795610516 0.899971691822494 -0.02 0.03 0.8904593639575972 0.9929328621908128 0.941696113074205 26.65 0.01 
1.0 6.0 -0.0 0.0 -0.0 -0.0 1.0 1.0 1.0 0.0 0.0 
0.0 216.0 0.12964727676560514 0.0648236383828026 -0.0 0.0 1.0 0.9880239520958086 0.994011976047904 0.05 0.01 
1.0 6.0 0.2487262437697322 0.134852445005019 -0.0 0.0 1.0 1.0 1.0 0.07 0.01 
0.0 60.0 0.7103682023888913 0.417420348186233 -0.02 0.28 0.5138339920948617 0.9802371541501976 0.74703557312253 119.89 0.8 
1.0 6.0 0.36295127471398303 0.181475637356991 0.0 0.0 1.0 1.0 1.0 0.0 0.0 
0.0 201.0 0.9374723317261004 0.46873616586305 -0.0 0.0 1.0 0.9870689655172414 0.993534482758621 0.0 0.0 
1.0 3.0 0.06749436060911201 0.033747180304556 -0.0 -0.0 1.0 1.0 1.0 0.0 0.0 
0.0 94.0 0.09554891382093413 0.0477744569104671 0.01 0.02 1.0 0.9963898916967509 0.998194945848375 277.0 0.21 
1.0 1.0 0.05707863871170449 0.0380787814557331 0.07 0.07 0.9863387978142077 0.9890710382513662 0.987704918032787 366.01 0.62 
0.0 20.0 0.04750981331278936 0.0237549066563947 -0.0 -0.0 1.0 1.0 1.0 0.0 0.0 
1.0 6.0 0.6279251062073414 0.313962553103671 0.0 -0.0 1.0 0.981981981981982 0.990990990990991 0.0 0.0 
0.0 6.0 0.2555210288721024 0.127760514436051 -0.0 -0.0 1.0 1.0 1.0 0.0 0.0 
1.0 1.0 0.03563245853376573 0.0356324585337657 0.04 0.04 0.9923857868020304 0.9923857868020304 0.99238578680203 394.01 0.42 
0.0 124.0 0.021146115205130343 0.0105730576025652 -0.0 -0.0 1.0 1.0 1.0 0.0 0.0 
1.0 1.0 0.6697401318544347 0.498396878783206 -0.02 0.03 1.0 1.0 1.0 8.62 0.25 
0.0 103.0 0.024279270493060005 0.01213963524653 0.0 0.0 1.0 1.0 1.0 0.0 0.0 
1.0 3.0 0.2712510130456789 1.1361849772107 0.01 0.14 0.9972067039106144 0.9972067039106144 0.997206703910614 496.31 0.23 
0.0 7.0 0.02883072855956151 0.0144153642797808 0.0 0.0 1.0 1.0 1.0 0.0 0.0 
1.0 3.0 0.029504444501537695 0.0295044445015377 -0.0 0.0 1.0 1.0 1.0 0.0 0.0 
0.0 19.0 0.02376135312603553 0.0118806765630178 -0.0 -0.0 1.0 1.0 1.0 0.0 0.0 
1.0 2.0 -0.0 0.0 0.0 0.0 1.0 1.0 1.0 0.0 0.0 
0.0 21.0 0.09244359525217268 0.388881391755389 0.0 0.01 1.0 1.0 1.0 2.7 0.12 
1.0 6.0 0.186970843565626 0.093485421782813 -0.0 -0.0 1.0 1.0 1.0 0.0 0.0 
0.0 11.0 0.8374578440934884 0.747617404465856 -0.04 0.14 0.5935672514619882 0.9619883040935674 0.777777777777778 111.74 0.51 
1.0 4.0 0.13709472355714009 0.06854736177857 0.47 0.58 0.7016949152542373 0.7152542372881358 0.708474576271186 287.86 2.95 
0.0 27.0 0.08358306376156628 0.0557314671149809 -0.0 0.0 0.9956896551724136 0.9956896551724136 0.995689655172414 0.04 0.01 
1.0 1.0 0.02767763714259363 0.0138388185712968 0.0 0.0 1.0 1.0 1.0 0.0 0.0 
0.0 264.0 0.017937411266248794 0.0089687056331244 -0.0 0.0 1.0 0.8711340206185567 0.935567010309278 0.15 0.02 
1.0 4.0 0.018384397223606727 0.00919219861180337 -0.0 -0.0 1.0 1.0 1.0 0.0 0.0 
0.0 40.0 0.3176998989466621 0.285125538547814 0.01 0.05 1.0 0.9097938144329896 0.954896907216495 241.32 0.23 
1.0 6.0 0.02376135312603553 0.0118806765630178 -0.0 -0.0 1.0 1.0 1.0 0.0 0.0 
0.0 4.0 -0.0 0.0 -0.0 -0.0 1.0 1.0 1.0 0.0 0.0 
1.0 1.0 0.07545691340623135 0.0529571354818242 0.03 0.03 0.9952153110047846 0.9952153110047846 0.995215311004785 209.01 0.24 
0.0 37.0 0.03833165284668794 0.019165826423344 0.0 0.0 1.0 1.0 1.0 0.0 0.0 
1.0 4.0 0.07940617799097693 0.0510340695423943 -0.0 0.0 1.0 1.0 1.0 0.01 0.0 
0.0 80.0 0.4895166735184531 0.244758336759227 -0.0 0.0 1.0 0.3788819875776397 0.68944099378882 0.0 0.0 
1.0 0.0 0.10529465578760076 0.105294655787601 -0.0 0.0 0.994236311239193 0.994236311239193 0.994236311239193 0.0 0.97 
0.0 124.0 0.2264691998372102 0.113234599918605 0.0 -0.0 1.0 1.0 1.0 0.0 0.0 
1.0 6.0 0.9048271974415416 0.452413598720771 0.09 0.11 0.964968152866242 0.9713375796178344 0.968152866242038 255.22 0.43 
0.0 233.0 0.09826205653251838 0.584402273791101 -0.03 0.02 1.0 0.8994845360824743 0.949742268041237 16.99 0.07 
1.0 2.0 0.04624639022456452 0.0347220418518875 -0.0 0.0 1.0 0.996527777777778 0.998263888888889 0.01 0.0 
0.0 10.0 0.04344090020222118 0.0217204501011106 0.06 0.07 0.981012658227848 0.9841772151898734 0.982594936708861 230.38 0.74 
1.0 6.0 0.08665418601251205 0.043327093006256 0.07 0.08 0.9842105263157896 0.9842105263157896 0.984210526315789 190.0 0.81 
0.0 121.0 0.02240391125486527 0.0112019556274326 -0.0 0.0 1.0 0.9933110367892976 0.996655518394649 0.01 0.0 
1.0 4.0 0.08236798922581003 0.0628449932083045 0.05 0.05 0.9904153354632588 0.9936102236421724 0.992012779552716 313.01 0.43 
0.0 97.0 0.7547305887995075 0.377365294399754 -0.0 0.0 1.0 0.9968652037617554 0.998432601880878 0.64 0.02 
1.0 6.0 0.028399643095318942 0.0141998215476595 -0.0 -0.0 1.0 1.0 1.0 0.0 0.0 
0.0 119.0 0.14051223512385375 0.0702561175619269 0.0 -0.0 1.0 0.9632653061224488 0.981632653061224 0.0 0.0 
1.0 7.0 0.027778358172627568 0.0277783581726276 -0.0 0.0 1.0 1.0 1.0 0.0 0.0 
0.0 1.0 0.4495690211533613 0.341174987431528 0.01 0.03 1.0 1.0 1.0 78.19 0.14 
1.0 5.0 0.6108447906896114 0.922731481576378 0.04 0.32 0.9585635359116021 0.9751381215469612 0.966850828729282 983.03 0.45 
0.0 164.0 0.06201998821945535 0.0310099941097277 -0.0 -0.0 1.0 1.0 1.0 0.0 0.0 
1.0 3.0 0.25484050242007816 0.136570931661273 0.06 0.07 0.9869791666666664 0.9869791666666664 0.986979166666667 384.06 0.61 
0.0 34.0 0.2874590698037652 0.235869896761685 -0.02 0.0 1.0 0.9954954954954957 0.997747747747748 0.96 0.13 
1.0 1.0 0.06795125375562225 0.337833675565522 0.0 0.01 1.0 1.0 1.0 4.42 0.03 
0.0 35.0 0.027778358172627568 0.0138891790863138 0.0 0.0 1.0 1.0 1.0 0.0 0.0 
1.0 6.0 0.6905732476717221 1.11718185004589 0.02 0.47 0.989795918367347 0.9948979591836736 0.99234693877551 475.3 0.07 
0.0 74.0 0.0697628876274182 0.0465147331806889 -0.0 0.0 1.0 1.0 1.0 0.01 0.0 
1.0 1.0 0.043680818046858444 0.0760760785413872 0.01 0.01 1.0 1.0 1.0 43.16 0.15 
0.0 2.0 0.44261261295942966 0.241966627484 -0.0 0.0 1.0 1.0 1.0 0.31 0.03 
1.0 3.0 0.02466432081248941 0.0123321604062447 -0.0 -0.0 1.0 1.0 1.0 0.0 0.0 
0.0 48.0 0.08292438770120801 0.0949434784467352 -0.0 0.0 1.0 1.0 1.0 0.1 0.01 
1.0 2.0 0.07940617799097693 0.0623592850603124 0.0 0.0 1.0 1.0 1.0 0.03 0.01 
0.0 90.0 -0.0 0.0 -0.0 -0.0 1.0 1.0 1.0 0.0 0.0 
1.0 0.0 0.6090220729262696 0.60902207292627 -0.24 0.0 0.9867549668874174 0.9867549668874174 0.986754966887417 0.0 2.66 
0.0 30.0 0.05475477169621643 0.0488621039669507 -0.0 0.0 1.0 1.0 1.0 0.01 0.0 
1.0 3.0 0.4495690211533613 0.417938194404055 -0.01 0.01 1.0 1.0 1.0 7.7 0.03 
0.0 103.0 -0.0 0.0 -0.0 -0.0 1.0 1.0 1.0 0.0 0.0 
1.0 7.0 -0.0 0.0 -0.0 -0.0 1.0 1.0 1.0 0.0 0.0 
0.0 47.0 0.07610740857867801 0.038053704289339 -0.0 0.0 1.0 0.9854227405247814 0.992711370262391 0.08 0.01 
1.0 6.0 0.04296943623768491 0.0792550705646561 -0.0 0.0 1.0 1.0 1.0 0.04 0.01 
0.0 0.0 0.6534181947937018 0.653418194793702 -0.14 0.0 1.0 1.0 1.0 0.0 0.96 
1.0 6.0 0.25484050242007816 0.917735524124645 0.0 0.12 0.9869791666666664 0.9869791666666664 0.986979166666667 479.93 0.06 
0.0 226.0 0.08853099300531124 0.0442654965026556 -0.0 0.0 1.0 0.971786833855799 0.9858934169279 0.15 0.02 
1.0 1.0 0.06588148795610516 0.0540853713686249 0.04 0.04 0.9929328621908128 0.9929328621908128 0.992932862190813 283.02 0.34 
0.0 75.0 0.9089089417480326 0.824457016220713 0.11 0.34 1.0 0.997032640949555 0.998516320474777 198.76 1.15 
1.0 5.0 -0.0 0.0 0.12 0.14 0.968944099378882 0.968944099378882 0.968944099378882 161.0 1.14 
0.0 351.0 0.23531376388810035 0.11765688194405 -0.02 0.0 1.0 0.927927927927928 0.963963963963964 1.16 0.14 
1.0 7.0 0.7405106565548961 0.397584740086462 -0.0 0.01 1.0 1.0 1.0 2.29 0.04 
0.0 0.0 0.21873807939286777 0.218738079392868 -0.01 0.0 0.9967105263157896 0.9967105263157896 0.996710526315789 0.0 1.42 
1.0 2.0 0.09007038920131194 0.0713198577580253 -0.0 0.0 1.0 1.0 1.0 0.05 0.01 
0.0 13.0 0.08014920146189754 0.0400746007309488 -0.0 -0.0 1.0 1.0 1.0 0.0 0.0 
1.0 3.0 0.07283318852715068 0.202139266716158 -0.0 0.0 1.0 1.0 1.0 0.33 0.04 
0.0 67.0 0.06018495865622546 0.109157691025585 -0.0 0.0 0.9968152866242038 0.9968152866242038 0.996815286624204 0.13 0.02 
1.0 2.0 0.10635323476359827 0.104966392558675 -0.0 0.0 1.0 1.0 1.0 0.11 0.02 
0.0 13.0 0.9005595058270913 1.14679654196805 -0.06 0.19 0.9929328621908128 0.9929328621908128 0.992932862190813 467.91 0.0 
1.0 3.0 0.01872477074468281 0.0093623853723414 0.03 0.03 0.9946091644204854 0.9946091644204854 0.994609164420485 371.0 0.39 
0.0 127.0 0.7794788427490477 0.484251138220445 -0.04 0.02 1.0 0.9149484536082472 0.957474226804124 14.5 0.29 
1.0 0.0 -0.0 0.0 -0.0 0.0 0.9957081545064378 0.9957081545064378 0.995708154506438 0.0 0.27 
0.0 289.0 0.5360571431279036 0.463670497371477 -0.03 0.19 0.8675078864353312 0.9621451104100947 0.914826498422713 277.47 0.73 
1.0 3.0 0.08415278012328666 0.054103573167054 -0.0 0.0 1.0 1.0 1.0 0.01 0.0 
0.0 31.0 0.06325195083657176 0.0882230304282793 -0.0 0.0 1.0 1.0 1.0 0.05 0.01 
1.0 7.0 1.1501700909326569 1.12994994131704 0.09 0.44 0.98125 0.98125 0.98125 543.57 0.47 
0.0 86.0 0.9548978214921024 0.762803746161644 0.07 0.21 1.0 0.9923664122137406 0.99618320610687 233.76 0.75 
1.0 3.0 -0.0 0.0 0.0 0.0 1.0 1.0 1.0 0.0 0.0 
0.0 10.0 0.022090069599185986 0.011045034799593 0.0 0.0 1.0 1.0 1.0 0.0 0.0 
1.0 6.0 0.31161129254015263 0.155805646270076 0.02 0.02 0.9792899408284024 0.9940828402366864 0.986686390532544 95.13 0.24 
0.0 69.0 0.7445555330020763 0.738317376841227 -0.03 0.08 0.9432989690721648 0.9974226804123713 0.970360824742268 116.16 0.43 
1.0 1.0 0.7217550585446044 1.14193022901591 0.14 0.44 0.991957104557641 0.991957104557641 0.991957104557641 871.12 0.69 
0.0 113.0 -0.0 0.0 0.0 0.0 1.0 1.0 1.0 0.0 0.0 
1.0 0.0 0.018768269049291516 0.0187682690492915 -0.0 0.0 0.9919137466307276 0.9919137466307276 0.991913746630728 0.0 0.53 
0.0 1.0 0.08875963408977584 0.0550094984992877 0.02 0.02 1.0 1.0 1.0 318.0 0.19 
1.0 3.0 -0.0 0.0 0.02 0.02 0.9969135802469133 0.9969135802469133 0.996913580246914 324.0 0.21 
0.0 458.0 0.777296027024073 0.973074372559749 -0.08 0.52 0.8891752577319588 0.8994845360824743 0.894329896907216 491.18 0.65 
1.0 5.0 0.061232364724752575 0.0428705510166238 -0.0 0.0 1.0 1.0 1.0 0.01 0.0 
0.0 17.0 0.01949491299435019 0.00974745649717509 0.02 0.02 1.0 0.9971590909090908 0.998579545454545 352.0 0.21 
1.0 1.0 0.6760394879233014 0.393308335947543 0.0 0.01 1.0 1.0 1.0 7.4 0.12 
0.0 82.0 0.09946508824765289 0.078589929101244 -0.0 0.0 1.0 0.9939209726443768 0.996960486322188 0.07 0.01 
1.0 0.0 0.19267620766013585 0.192676207660136 -0.05 0.0 0.940721649484536 0.940721649484536 0.940721649484536 0.0 2.69 
0.0 63.0 0.07851576409890412 0.0392578820494521 0.08 0.13 0.9190751445086704 0.953757225433526 0.936416184971098 190.61 1.09 
1.0 6.0 0.05297328328546583 0.0454617737814688 0.05 0.05 1.0 0.9968847352024922 0.998442367601246 321.0 0.48 
0.0 2.0 0.7022393805288216 0.375167420760435 -0.01 0.0 1.0 1.0 1.0 1.21 0.05 
1.0 1.0 0.04557509793548258 0.0342174111517035 0.12 0.12 0.9668874172185432 0.9701986754966888 0.968543046357616 270.88 1.01 
0.0 230.0 0.09244359525217268 0.0577186162465309 -0.01 0.0 1.0 0.8978328173374612 0.948916408668731 0.72 0.06 
1.0 1.0 0.09163485972326606 0.101934903833484 -0.0 0.0 1.0 1.0 1.0 0.08 0.02 
0.0 204.0 0.0382498004034815 0.0297831380970621 -0.0 0.0 1.0 1.0 1.0 0.01 0.0 
1.0 2.0 0.02625568508792424 0.0131278425439621 0.0 0.0 1.0 1.0 1.0 0.0 0.0 
0.0 178.0 0.3738843291083899 0.186942164554195 -0.0 0.0 1.0 0.996774193548387 0.998387096774194 0.0 0.0 
1.0 7.0 0.027185575146154974 0.027185575146155 0.03 0.03 1.0 1.0 1.0 238.0 0.28 
0.0 5.0 0.03988835734939116 0.1202701288851 -0.0 0.02 1.0 1.0 1.0 171.14 0.21 
1.0 2.0 0.0727705510930352 0.16631672166803 -0.0 0.0 1.0 1.0 1.0 0.32 0.03 
0.0 106.0 -0.0 0.0 0.0 0.0 1.0 1.0 1.0 0.0 0.0 
1.0 7.0 0.08709952319177523 0.782919133593207 0.04 0.08 0.9886363636363636 0.9886363636363636 0.988636363636364 364.78 0.09 
0.0 114.0 -0.0 0.0 -0.0 -0.0 1.0 0.994011976047904 0.997005988023952 0.0 0.0 
1.0 6.0 0.06437341627073791 0.348308110244601 -0.01 0.0 1.0 1.0 1.0 2.0 0.09 
0.0 168.0 0.4592541629795401 0.312329792295097 0.02 0.19 0.5112781954887218 0.6165413533834586 0.56390977443609 87.06 0.92 
1.0 2.0 0.16833630179621267 0.0841681508981063 -0.0 -0.0 1.0 1.0 1.0 0.0 0.0 
0.0 437.0 1.1022192224757728 0.551109611237886 -0.1 0.02 0.8711340206185567 0.8994845360824743 0.885309278350515 10.35 0.07 
1.0 5.0 -0.0 0.0 -0.0 -0.0 1.0 1.0 1.0 0.0 0.0 
0.0 308.0 -0.0 0.0 -0.0 -0.0 1.0 1.0 1.0 0.0 0.0 
1.0 3.0 -0.0 0.0 0.26 0.27 0.9245283018867924 0.9245283018867924 0.924528301886792 265.0 1.78 
0.0 84.0 0.018178299906907443 0.00908914995345372 -0.0 0.0 1.0 0.9712041884816756 0.985602094240838 0.03 0.0 
1.0 6.0 0.9374723317261004 0.46873616586305 -0.0 0.0 1.0 0.9870689655172414 0.993534482758621 0.0 0.0 
0.0 23.0 0.27200698739507007 0.136003493697535 -0.0 -0.0 1.0 1.0 1.0 0.0 0.0 
1.0 7.0 0.36434859208232206 0.343942080522676 -0.01 0.0 1.0 1.0 1.0 1.26 0.06 
0.0 1.0 0.5262381232425133 0.263119061621257 -0.0 0.0 1.0 1.0 1.0 0.0 0.0 
