1.0 6.0 0.08150346432745215 0.0650160598667662 -0.0 0.0 1.0 1.0 1.0 0.03 0.01 
0.0 139.0 0.19765913736613375 0.780079601854584 -0.05 0.07 1.0 0.9072164948453608 0.95360824742268 114.82 0.07 
1.0 5.0 0.038049545793566085 0.019024772896783 0.02 0.02 0.996875 0.996875 0.996875 320.0 0.19 
0.0 93.0 0.403728606408586 0.280199879720662 0.0 0.01 0.9939577039274926 0.9969788519637464 0.995468277945619 55.04 0.01 
1.0 3.0 0.04049882608523513 0.0202494130426176 0.02 0.02 0.9966329966329966 0.9966329966329966 0.996632996632997 297.0 0.22 
0.0 128.0 0.3299117614804645 0.683569450817729 0.01 0.13 0.8402061855670103 0.9329896907216496 0.88659793814433 135.26 0.42 
1.0 4.0 -0.0 0.0 0.0 0.0 1.0 1.0 1.0 0.0 0.0 
0.0 16.0 0.019400799864131086 0.732525398310596 0.05 0.12 0.9751381215469612 0.9779005524861876 0.976519337016575 682.87 0.24 
1.0 0.0 1.2408260737149903 1.24082607371499 -0.75 0.0 0.9385964912280702 0.9385964912280702 0.93859649122807 0.0 0.42 
0.0 113.0 0.06541381628604136 0.0492861040478684 -0.0 0.0 1.0 0.9842931937172774 0.992146596858639 0.04 0.01 
1.0 4.0 0.0914852535930533 0.0457426267965266 0.03 0.04 0.9942028985507246 0.9942028985507246 0.994202898550725 345.0 0.29 
0.0 5.0 0.7769308610348622 0.388465430517431 0.01 0.13 0.9726775956284152 0.9726775956284152 0.972677595628415 366.0 0.35 
1.0 3.0 0.05251546963977522 0.0450223016966085 0.12 0.13 0.970976253298153 0.970976253298153 0.970976253298153 379.02 1.0 
0.0 3.0 0.08665418601251205 0.043327093006256 0.07 0.08 0.9842105263157896 0.9842105263157896 0.984210526315789 190.0 0.72 
1.0 3.0 0.018855917943417073 0.00942795897170854 0.05 0.05 0.9865229110512128 0.9892183288409704 0.987870619946092 295.99 0.61 
0.0 85.0 0.9225665119739048 0.5658804914485 -0.04 0.02 1.0 0.9786096256684492 0.989304812834225 12.16 0.08 
1.0 4.0 0.7320792206803771 0.471542454279041 0.17 0.28 0.9432989690721648 0.9432989690721648 0.943298969072165 1070.66 0.76 
0.0 2.0 0.4573386430810641 1.00056454775057 0.07 0.75 0.5153061224489796 0.989795918367347 0.752551020408163 546.42 0.14 
1.0 7.0 0.02883072855956151 0.0144153642797808 0.0 0.0 1.0 1.0 1.0 0.0 0.0 
0.0 212.0 0.027778358172627568 0.0138891790863138 0.0 0.0 1.0 1.0 1.0 0.0 0.0 
1.0 0.0 1.3391870324096355 1.33918703240964 -0.31 0.0 1.0 1.0 1.0 0.0 0.79 
0.0 17.0 0.06002390931952181 0.0514966727786034 -0.0 0.0 1.0 1.0 1.0 0.02 0.0 
1.0 1.0 0.06506264053338344 0.0325313202666917 0.0 0.0 1.0 1.0 1.0 0.0 0.0 
0.0 84.0 0.5079790030444618 0.27582991054566 -0.0 0.0 1.0 0.9935064935064936 0.996753246753247 0.3 0.03 
1.0 3.0 0.05338403027678455 0.0992341695339248 -0.0 0.0 1.0 1.0 1.0 0.07 0.02 
0.0 4.0 0.02097864624030526 0.0104893231201526 -0.0 -0.0 1.0 1.0 1.0 0.0 0.0 
1.0 0.0 -0.0 0.0 -0.0 0.0 1.0 1.0 1.0 0.0 0.0 
0.0 21.0 0.055740919119538684 0.0438795393792865 0.01 0.02 0.8448275862068965 0.9956896551724136 0.920258620689655 11.16 0.21 
1.0 3.0 0.038049545793566085 0.019024772896783 0.02 0.02 0.996875 0.996875 0.996875 320.0 0.19 
0.0 196.0 0.04320378967310572 0.0323760226999865 -0.0 0.0 1.0 0.9968051118210864 0.998402555910543 0.01 0.0 
1.0 5.0 -0.0 0.0 0.0 0.0 1.0 0.9904458598726114 0.995222929936306 0.0 0.0 
0.0 99.0 0.3397814657230304 0.310601431011081 0.13 0.14 1.0 0.9881305637982196 0.99406528189911 251.14 1.39 
1.0 2.0 0.5949463895158831 0.960789278003873 0.09 0.18 0.9419354838709676 0.9935483870967742 0.967741935483871 527.7 0.17 
0.0 2.0 0.7962755610748498 1.16515517632232 0.2 0.73 0.9857954545454544 0.9886363636363636 0.987215909090909 629.39 0.7 
1.0 2.0 0.021431694142485247 0.0966953396678518 0.04 0.04 0.9936908517350158 0.9936908517350158 0.993690851735016 317.04 0.25 
0.0 261.0 0.4177469710810393 0.20887348554052 -0.0 0.0 1.0 0.9964285714285714 0.998214285714286 0.1 0.01 
1.0 5.0 0.023405674664599526 0.0117028373322998 0.0 0.0 1.0 1.0 1.0 0.0 0.0 
0.0 8.0 0.6303873475309135 0.315193673765457 -0.0 0.0 1.0 1.0 1.0 0.0 0.0 
1.0 2.0 0.3665053293883657 0.291595596882987 0.07 0.13 0.9747634069400634 0.9779179810725552 0.976340694006309 711.54 0.74 
0.0 496.0 0.024355245493866216 0.0121776227469331 0.0 0.0 1.0 0.9963235294117646 0.998161764705882 0.0 0.0 
1.0 2.0 0.23742589404963216 1.15229634338085 0.04 0.15 0.9911764705882354 0.9941176470588236 0.992647058823529 800.84 0.11 
0.0 82.0 0.021845696904517597 0.0109228484522588 -0.0 -0.0 1.0 1.0 1.0 0.0 0.0 
1.0 2.0 0.05217198746386175 0.0364658554411895 0.01 0.01 1.0 1.0 1.0 108.33 0.19 
0.0 54.0 0.09167492896130204 0.0701099518022504 -0.0 0.0 1.0 1.0 1.0 0.04 0.01 
1.0 5.0 -0.0 0.0 0.0 0.0 1.0 1.0 1.0 0.0 0.0 
0.0 10.0 0.09006047508429844 0.0695136656269503 0.05 0.05 1.0 0.9944134078212288 0.997206703910614 165.66 0.53 
1.0 4.0 0.9246811048591118 0.547605480653312 -0.0 0.01 1.0 1.0 1.0 4.13 0.13 
0.0 126.0 0.6809991432654108 0.408302331201189 -0.02 0.02 0.981072555205047 0.9936908517350158 0.987381703470032 11.14 0.11 
1.0 2.0 0.04852865540608026 0.565446854674507 0.02 0.03 1.0 1.0 1.0 77.99 0.17 
0.0 35.0 0.09137546664105897 0.0574256803673285 -0.0 0.0 1.0 0.9681978798586572 0.984098939929329 0.05 0.01 
1.0 1.0 0.6732723695523724 0.394279131757595 0.01 0.02 1.0 1.0 1.0 120.28 0.01 
0.0 144.0 0.03860739588192891 0.0193036979409645 -0.0 -0.0 1.0 0.9944134078212288 0.997206703910614 0.0 0.0 
1.0 3.0 -0.0 0.0 0.09 0.09 0.982300884955752 0.982300884955752 0.982300884955752 226.0 0.79 
0.0 132.0 -0.0 0.0 0.0 0.0 1.0 1.0 1.0 0.0 0.0 
1.0 4.0 -0.0 0.0 0.0 0.0 1.0 1.0 1.0 0.0 0.0 
0.0 211.0 0.9363694874611495 0.480324378977105 -0.0 0.0 1.0 0.9963235294117646 0.998161764705882 1.52 0.02 
1.0 5.0 0.19296038752917383 0.161248548151029 -0.0 0.0 1.0 1.0 1.0 0.29 0.03 
0.0 29.0 0.1758366535025723 0.0879183267512861 -0.0 0.0 1.0 1.0 1.0 0.0 0.0 
1.0 5.0 1.43354674361514 0.71677337180757 0.04 0.19 0.9436997319034852 0.9436997319034852 0.943699731903485 336.36 0.41 
0.0 133.0 0.17374999186400675 0.0868749959320034 -0.0 0.0 1.0 0.5950704225352113 0.797535211267606 0.0 0.0 
1.0 3.0 1.3266321664918628 1.23248203338398 0.05 0.45 0.9419354838709676 0.9870967741935486 0.964516129032258 600.22 0.14 
0.0 160.0 1.2555810188598988 0.627790509429949 -0.0 0.0 1.0 0.997134670487106 0.998567335243553 1.23 0.02 
1.0 5.0 0.06859321793659608 0.0342966089682981 0.0 0.0 1.0 0.968944099378882 0.984472049689441 0.0 0.0 
0.0 13.0 0.027879870468395514 0.0278291143205115 -0.0 0.0 1.0 0.9956896551724136 0.997844827586207 0.01 0.0 
1.0 5.0 0.6812081464062815 0.340604073203141 0.0 -0.0 1.0 1.0 1.0 0.0 0.0 
0.0 35.0 -0.0 0.0 0.0 0.0 1.0 1.0 1.0 0.0 0.0 
1.0 3.0 0.06049829410230215 0.0604982941023021 -0.0 0.0 1.0 1.0 1.0 0.02 0.01 
0.0 164.0 0.8072006693684735 0.415303172016536 -0.01 0.0 1.0 0.9929577464788734 0.996478873239437 0.38 0.03 
1.0 2.0 0.044924364089559236 0.106384473950502 -0.0 0.0 1.0 0.9966442953020132 0.998322147651007 0.08 0.01 
0.0 30.0 0.22516254850382034 0.121432899631055 0.0 0.01 1.0 0.9949494949494948 0.997474747474747 16.65 0.11 
1.0 7.0 -0.0 0.0 0.0 0.0 1.0 1.0 1.0 0.0 0.0 
0.0 44.0 0.041432868137342684 0.143870475211175 -0.0 0.0 1.0 0.996527777777778 0.998263888888889 0.13 0.02 
1.0 4.0 0.7480481802472602 0.440099987461602 -0.02 0.02 1.0 1.0 1.0 7.56 0.03 
0.0 116.0 0.05270323492540749 0.0263516174627037 -0.0 0.0 0.9938461538461536 0.9969230769230768 0.995384615384615 0.02 0.0 
1.0 5.0 0.04991801430261973 0.0776063350451102 0.03 0.04 0.994236311239193 0.994236311239193 0.994236311239193 347.05 0.25 
0.0 7.0 0.021906245315443034 0.0109531226577215 0.1 0.12 0.921921921921922 0.957957957957958 0.93993993993994 172.56 1.36 
1.0 3.0 0.03775336847879649 0.0188766842393982 -0.0 -0.0 1.0 1.0 1.0 0.0 0.0 
0.0 34.0 0.07845146855543751 0.0505567148246246 0.01 0.02 0.9546925566343042 0.9676375404530746 0.961165048543689 144.96 0.25 
1.0 6.0 0.03888742113579279 0.742268708946427 0.07 0.15 0.9751381215469612 0.9751381215469612 0.975138121546961 1086.0 0.26 
0.0 188.0 0.3875489036643238 0.193774451832162 -0.0 0.0 1.0 0.9959183673469388 0.997959183673469 0.15 0.02 
1.0 2.0 0.15813961427940887 0.0790698071397044 0.03 0.03 0.9956331877729256 0.9956331877729256 0.995633187772926 229.0 0.21 
0.0 79.0 0.6252530466827269 0.312626523341363 0.01 0.01 1.0 0.9964664310954064 0.998233215547703 46.33 0.1 
1.0 2.0 0.05227572834868318 0.807190563917947 0.02 0.07 0.991957104557641 0.991957104557641 0.991957104557641 457.36 0.12 
0.0 336.0 0.024355245493866216 0.0121776227469331 0.0 0.0 1.0 0.9963235294117646 0.998161764705882 0.0 0.0 
1.0 1.0 0.1196015471669042 0.0598007735834521 -0.0 -0.0 1.0 1.0 1.0 0.0 0.0 
0.0 115.0 0.3978647591522306 0.198932379576115 -0.0 0.0 1.0 1.0 1.0 0.0 0.0 
1.0 7.0 0.08709952319177523 0.782919133593207 0.04 0.08 0.9886363636363636 0.9886363636363636 0.988636363636364 364.78 0.09 
0.0 160.0 1.1755406770639067 0.587770338531953 -0.03 0.01 1.0 0.9817708333333331 0.990885416666667 4.58 0.03 
1.0 7.0 -0.0 0.0 0.02 0.02 0.9963369963369966 0.9963369963369966 0.996336996336996 273.0 0.25 
0.0 64.0 0.06702666903787406 0.033513334518937 0.0 0.0 1.0 1.0 1.0 0.0 0.0 
1.0 1.0 0.09853998374827384 0.130905713629954 0.23 0.43 0.44012944983818764 0.5598705501618124 0.5 423.74 1.84 
0.0 153.0 0.7445555330020763 0.531127715974369 0.03 0.06 1.0 0.9974226804123713 0.998711340206186 194.86 0.1 
1.0 1.0 0.026166434420869997 0.013083217210435 0.03 0.03 0.9960000000000002 0.9960000000000002 0.996 250.0 0.28 
0.0 115.0 0.6584298908958386 0.449404937503541 -0.01 0.02 0.9922779922779922 0.996138996138996 0.994208494208494 34.9 0.1 
1.0 0.0 0.3326958231564261 0.332695823156426 -0.02 0.0 0.9973958333333331 0.9973958333333331 0.997395833333333 0.0 1.78 
0.0 76.0 0.19765913736613375 0.6591185245008 -0.11 0.05 1.0 0.9072164948453608 0.95360824742268 50.22 0.34 
1.0 1.0 -0.0 0.0 0.0 0.0 1.0 1.0 1.0 0.0 0.0 
0.0 214.0 0.30759070790312737 0.730443222441767 -0.02 0.06 1.0 1.0 1.0 25.23 0.19 
1.0 1.0 -0.0 0.0 -0.0 -0.0 1.0 1.0 1.0 0.0 0.0 
0.0 78.0 0.06506264053338344 0.0463201692258667 -0.0 0.0 1.0 1.0 1.0 0.01 0.0 
1.0 6.0 0.02450873730849492 0.0122543686542475 0.01 0.02 0.9962962962962962 0.9962962962962962 0.996296296296296 270.0 0.26 
0.0 220.0 0.06184819574705822 0.112559819629346 -0.03 0.02 0.44012944983818764 0.9805825242718446 0.710355987055016 11.09 0.21 
1.0 6.0 0.07312811735619988 0.11912164231759 0.02 0.02 1.0 0.995967741935484 0.997983870967742 123.55 0.15 
0.0 65.0 0.02097864624030526 0.0763039085432006 -0.0 0.0 1.0 0.9845201238390092 0.992260061919505 0.04 0.01 
1.0 7.0 0.028294027016483723 0.0141470135082419 0.23 0.27 0.922448979591837 0.926530612244898 0.924489795918367 245.0 2.22 
0.0 9.0 0.08292438770120801 0.041462193850604 -0.0 -0.0 1.0 1.0 1.0 0.0 0.0 
1.0 1.0 0.44341022385258255 0.729075960520023 0.03 0.1 1.0 1.0 1.0 257.15 0.2 
0.0 121.0 0.027778358172627568 0.0138891790863138 -0.0 0.0 1.0 0.9956896551724136 0.997844827586207 0.0 0.0 
1.0 4.0 0.6634247657824945 0.443634707931405 0.0 0.09 0.9872881355932204 0.9872881355932204 0.98728813559322 242.81 0.02 
0.0 5.0 0.3792216870236675 0.199060879454075 0.03 0.04 0.9972677595628417 0.9972677595628417 0.997267759562842 732.0 0.19 
1.0 6.0 -0.0 0.0 0.0 0.0 1.0 1.0 1.0 0.0 0.0 
0.0 155.0 0.059954128784417776 0.0427567944144146 -0.0 0.0 0.9884169884169884 0.9922779922779922 0.99034749034749 0.06 0.01 
1.0 2.0 0.7769308610348622 0.398119257651631 0.01 0.13 0.9726775956284152 0.9726775956284152 0.972677595628415 366.64 0.33 
0.0 4.0 0.4295469863230361 0.417611609893529 0.01 0.09 0.9868421052631576 0.9901315789473684 0.988486842105263 551.67 0.36 
1.0 5.0 0.616873558099527 0.810647523470929 0.13 0.27 1.0 1.0 1.0 235.6 0.98 
0.0 134.0 0.08049874386882527 0.770580720520595 -0.01 0.01 1.0 1.0 1.0 10.29 0.05 
1.0 1.0 0.061848503732346585 0.0309242518661733 0.0 0.0 1.0 1.0 1.0 0.0 0.0 
0.0 149.0 0.6359689346369413 0.317984467318471 -0.0 0.0 1.0 1.0 1.0 0.0 0.0 
1.0 1.0 0.7648871092878222 0.469145517407768 0.13 0.34 0.9072164948453608 0.9072164948453608 0.907216494845361 453.6 1.24 
0.0 67.0 0.797925431606987 0.477298292319862 -0.01 0.01 0.9939577039274926 0.9969788519637464 0.995468277945619 3.7 0.01 
1.0 1.0 0.9154010612316814 0.525503290184324 0.06 0.1 0.981072555205047 0.981072555205047 0.981072555205047 320.77 0.16 
0.0 205.0 0.0693153717009415 0.19818449870646 -0.0 0.0 1.0 0.9956896551724136 0.997844827586207 0.3 0.04 
1.0 3.0 -0.0 0.0 -0.0 -0.0 1.0 1.0 1.0 0.0 0.0 
0.0 6.0 -0.0 0.0 -0.0 -0.0 1.0 1.0 1.0 0.0 0.0 
1.0 6.0 -0.0 0.0 0.07 0.08 0.9847560975609758 0.9847560975609758 0.984756097560976 328.0 0.8 
0.0 785.0 -0.0 0.0 0.0 0.0 1.0 0.984375 0.9921875 0.0 0.0 
1.0 3.0 0.33741562335763503 0.168707811678817 -0.0 0.0 1.0 1.0 1.0 0.0 0.0 
0.0 42.0 0.039952520724972435 0.0299665342246671 -0.0 0.0 1.0 1.0 1.0 0.01 0.0 
1.0 3.0 0.02376135312603553 0.0118806765630178 -0.0 -0.0 1.0 1.0 1.0 0.0 0.0 
0.0 48.0 0.07198948573575523 0.0359947428678776 -0.01 0.0 0.9299719887955182 0.9943977591036414 0.96218487394958 0.18 0.02 
1.0 6.0 1.3571663066434942 0.732826425092825 0.01 0.03 1.0 0.9973958333333331 0.998697916666667 210.58 0.02 
0.0 202.0 0.7156654062366209 0.698436776321451 0.06 0.26 1.0 0.9801324503311258 0.990066225165563 115.99 0.4 
1.0 4.0 0.7429759670851301 0.50870700085375 0.01 0.08 1.0 1.0 1.0 356.22 0.08 
0.0 56.0 0.02240391125486527 0.0112019556274326 0.0 0.0 1.0 1.0 1.0 0.0 0.0 
1.0 4.0 -0.0 0.0 0.0 0.0 1.0 1.0 1.0 0.0 0.0 
0.0 427.0 0.08373481733391841 0.103480172766263 -0.0 0.01 0.9081967213114754 0.9967213114754097 0.952459016393443 37.29 0.05 
1.0 3.0 0.07145011608392192 0.773412905072062 -0.01 0.01 1.0 1.0 1.0 3.7 0.1 
0.0 104.0 -0.0 0.0 0.0 0.0 1.0 1.0 1.0 0.0 0.0 
1.0 6.0 0.021259362908799616 0.0106296814543998 0.02 0.02 0.9968652037617554 0.9968652037617554 0.996865203761755 319.0 0.23 
0.0 37.0 0.24107466687909204 0.194953686251638 -0.03 0.01 1.0 0.955631399317406 0.977815699658703 15.75 0.0 
