1.0 2.0 0.04439848702821478 0.0221992435141074 0.0 0.0 1.0 1.0 1.0 0.0 0.0 
0.0 28.0 0.594577819662421 0.493486060712175 0.03 0.12 1.0 0.9954954954954957 0.997747747747748 82.11 1.05 
1.0 1.0 0.9948493212862942 0.507243626097488 -0.0 0.0 1.0 1.0 1.0 1.02 0.01 
0.0 13.0 0.02086856966292297 0.0104342848314615 0.0 0.0 1.0 0.9969325153374232 0.998466257668712 0.0 0.0 
1.0 1.0 0.4764511118846591 0.341526458700847 0.07 0.13 0.9746835443037976 0.9746835443037976 0.974683544303797 323.44 0.44 
0.0 439.0 0.08591550133466311 0.0759975363561799 -0.01 0.0 1.0 0.9632653061224488 0.981632653061224 0.17 0.03 
1.0 0.0 0.19280178846601487 0.192801788466015 -0.0 0.0 0.9958847736625512 0.9958847736625512 0.995884773662551 0.0 1.35 
0.0 6.0 0.2487262437697322 0.134852445005019 -0.0 0.0 1.0 1.0 1.0 0.07 0.01 
1.0 4.0 0.476305553807033 0.345267212606437 0.06 0.09 1.0 0.9957983193277314 0.997899159663866 137.49 0.63 
0.0 66.0 0.6752066242484 0.986204642019011 0.2 0.63 1.0 0.9938080495356034 0.996904024767802 308.42 0.03 
1.0 1.0 0.02097864624030526 0.0209786462403053 -0.0 0.0 1.0 1.0 1.0 0.0 0.0 
0.0 6.0 0.9374723317261004 0.46873616586305 -0.0 0.0 1.0 0.9870689655172414 0.993534482758621 0.0 0.0 
1.0 2.0 0.08762905025492956 0.444225436539663 0.22 0.29 0.9176136363636364 0.9176136363636364 0.917613636363636 369.07 1.25 
0.0 207.0 0.06002390931952181 0.0300119546597609 -0.0 0.0 1.0 0.9904458598726114 0.995222929936306 0.03 0.01 
1.0 7.0 -0.0 0.0 0.05 0.05 0.991111111111111 0.991111111111111 0.991111111111111 225.0 0.49 
0.0 96.0 0.5923940706928204 0.29619703534641 -0.01 0.0 1.0 0.9946091644204854 0.997304582210243 0.72 0.04 
1.0 5.0 0.696576102069623 0.983056991472788 0.19 0.5 1.0 1.0 1.0 659.95 1.01 
0.0 78.0 0.06506264053338344 0.0463201692258667 -0.0 0.0 1.0 1.0 1.0 0.01 0.0 
1.0 6.0 -0.0 0.0 0.0 0.0 1.0 1.0 1.0 0.0 0.0 
0.0 63.0 0.07676618398854067 0.0383830919942703 0.0 0.0 1.0 1.0 1.0 0.0 0.0 
1.0 6.0 0.021259362908799616 0.0106296814543998 0.02 0.02 0.9968652037617554 0.9968652037617554 0.996865203761755 319.0 0.22 
0.0 84.0 0.01778057460097777 0.55822666710476 -0.0 0.0 1.0 0.9974554707379136 0.998727735368957 2.38 0.01 
1.0 3.0 0.1373768512200766 0.0686884256100383 0.14 0.17 0.9598765432098764 0.9598765432098764 0.959876543209877 324.0 1.58 
0.0 3.0 0.06002390931952181 0.0514966727786034 -0.0 0.0 1.0 1.0 1.0 0.02 0.0 
1.0 6.0 0.04750981331278936 0.0356355832194124 -0.0 0.0 1.0 1.0 1.0 0.01 0.0 
0.0 111.0 0.03855448604303559 0.0192772430215178 0.0 0.0 1.0 1.0 1.0 0.0 0.0 
1.0 0.0 1.004007329106983 1.00400732910698 -0.49 0.0 0.9747899159663864 0.9747899159663864 0.974789915966387 0.0 1.61 
0.0 87.0 0.8717189209480501 0.435859460474025 -0.01 0.0 1.0 0.9923664122137406 0.99618320610687 1.76 0.01 
1.0 2.0 0.021431694142485247 0.0966953396678518 0.04 0.04 0.9936908517350158 0.9936908517350158 0.993690851735016 317.04 0.25 
0.0 117.0 0.8316960826803917 0.415848041340196 0.0 -0.0 1.0 0.9968652037617554 0.998432601880878 0.0 0.0 
1.0 3.0 0.05076907587532184 0.0253845379376609 0.02 0.02 0.9970501474926252 0.9970501474926252 0.997050147492625 339.0 0.17 
0.0 30.0 0.09685065652160472 0.127490539958274 -0.0 0.0 1.0 0.9968152866242038 0.998407643312102 0.17 0.02 
1.0 0.0 0.018768269049291516 0.0187682690492915 -0.0 0.0 0.9919137466307276 0.9919137466307276 0.991913746630728 0.0 0.53 
0.0 212.0 -0.0 0.0 0.01 0.01 0.924778761061947 0.9955752212389378 0.960176991150443 12.35 0.17 
1.0 3.0 0.16540542161065488 0.134065519790721 0.01 0.03 1.0 0.6165413533834586 0.808270676691729 90.7 0.09 
0.0 151.0 0.023833886302533577 0.0119169431512668 -0.0 -0.0 1.0 0.9964157706093186 0.998207885304659 0.0 0.0 
1.0 5.0 -0.0 0.0 -0.0 -0.0 1.0 1.0 1.0 0.0 0.0 
0.0 5.0 -0.0 0.0 -0.0 -0.0 1.0 1.0 1.0 0.0 0.0 
1.0 1.0 0.07714258307334852 0.403245448659326 0.06 0.16 0.9694656488549618 0.9694656488549618 0.969465648854962 283.09 0.65 
0.0 1.0 0.08658995362655052 0.0624608032366192 -0.0 0.0 1.0 1.0 1.0 0.03 0.0 
1.0 4.0 0.06458143637762753 0.18809636445889 0.02 0.03 0.9792899408284024 0.9940828402366864 0.986686390532544 95.56 0.16 
0.0 69.0 0.027879870468395514 0.0139399352341978 0.0 0.0 1.0 0.9956896551724136 0.997844827586207 0.0 0.0 
1.0 5.0 0.06859321793659608 0.0342966089682981 0.0 0.0 1.0 0.968944099378882 0.984472049689441 0.0 0.0 
0.0 288.0 0.14009175902758814 0.0700458795137941 -0.0 -0.0 1.0 0.9542682926829268 0.977134146341463 0.0 0.0 
1.0 5.0 0.3978647591522306 0.367640191254933 -0.05 0.03 1.0 1.0 1.0 45.55 0.1 
0.0 51.0 0.850713860611364 0.443665294995538 0.0 0.0 1.0 1.0 1.0 1.23 0.03 
1.0 2.0 0.5412404766975164 0.384278076426132 0.03 0.05 0.993710691823899 0.993710691823899 0.993710691823899 321.4 0.07 
0.0 4.0 0.6098065722776325 0.334597726599354 0.12 0.14 0.9380530973451328 0.9587020648967554 0.948377581120944 208.79 0.79 
1.0 3.0 0.024355245493866216 0.0121776227469331 0.02 0.02 0.9963235294117646 0.9963235294117646 0.996323529411765 272.0 0.22 
0.0 259.0 0.5468519922342627 0.273425996117131 -0.02 0.01 1.0 0.9163636363636364 0.958181818181818 5.17 0.3 
1.0 0.0 0.03836140891311494 0.0383614089131149 -0.0 0.0 1.0 1.0 1.0 0.0 0.25 
0.0 58.0 -0.0 0.0 0.0 0.0 1.0 0.9956896551724136 0.997844827586207 0.0 0.0 
1.0 2.0 0.3456568399633956 0.298530009275504 -0.01 0.0 1.0 1.0 1.0 1.27 0.12 
0.0 51.0 0.3326958231564261 0.230473684403652 -0.01 0.02 0.8177083333333331 0.9973958333333331 0.907552083333333 28.31 0.01 
1.0 7.0 0.09275633717779637 0.0737804484989567 0.06 0.09 0.9685534591194968 0.9779874213836478 0.973270440251572 220.5 0.84 
0.0 36.0 0.8374462345084434 0.559475363390571 -0.0 0.1 0.8843537414965985 0.989795918367347 0.937074829931973 129.25 0.24 
1.0 6.0 0.5744285255541567 1.16223694878112 0.07 0.28 0.9731343283582092 0.9761194029850744 0.974626865671642 911.53 0.33 
0.0 3.0 0.27273593039169325 0.859192963574377 0.09 0.23 0.9751381215469612 0.9751381215469612 0.975138121546961 828.02 0.36 
1.0 3.0 0.018855917943417073 0.00942795897170854 0.05 0.05 0.9865229110512128 0.9892183288409704 0.987870619946092 295.99 0.61 
0.0 292.0 0.6757643351580922 0.337882167579046 -0.01 0.0 0.9820788530465951 0.989247311827957 0.985663082437276 0.36 0.02 
1.0 0.0 0.09001124790298305 0.0900112479029831 -0.0 0.0 0.9817073170731708 0.9817073170731708 0.981707317073171 0.0 1.05 
0.0 326.0 0.9089089417480326 0.880971044127584 0.13 0.39 0.997032640949555 0.997032640949555 0.997032640949555 249.92 0.72 
1.0 5.0 0.22739863511081604 0.124216393860632 -0.0 0.0 1.0 0.3788819875776397 0.68944099378882 1.78 0.04 
0.0 15.0 0.043086271409987636 0.0323172635684275 0.02 0.02 1.0 1.0 1.0 313.0 0.2 
1.0 5.0 0.7467670671848305 0.927766464043701 0.09 0.57 1.0 1.0 1.0 291.69 1.25 
0.0 7.0 -0.0 0.0 0.0 0.0 1.0 1.0 1.0 0.0 0.0 
1.0 7.0 0.08709952319177523 0.782919133593207 0.04 0.08 0.9886363636363636 0.9886363636363636 0.988636363636364 364.78 0.09 
0.0 181.0 0.9235692339395724 1.11949870802446 -0.08 0.31 1.0 0.743859649122807 0.871929824561404 200.44 0.78 
1.0 2.0 -0.0 0.0 -0.0 -0.0 1.0 1.0 1.0 0.0 0.0 
0.0 119.0 -0.0 0.0 -0.0 -0.0 1.0 1.0 1.0 0.0 0.0 
1.0 2.0 -0.0 0.0 0.04 0.04 0.9933774834437082 0.9933774834437082 0.993377483443709 151.0 0.43 
0.0 30.0 0.6750708230780188 0.33753541153901 -0.03 0.01 1.0 0.9609375 0.98046875 1.88 0.22 
1.0 1.0 0.5923940706928204 0.583483961441018 0.36 0.57 1.0 1.0 1.0 371.0 2.17 
0.0 76.0 0.027982183645278484 0.0139910918226392 0.0 0.0 1.0 0.9913793103448276 0.995689655172414 0.0 0.0 
1.0 1.0 -0.0 0.0 -0.0 -0.0 1.0 1.0 1.0 0.0 0.0 
0.0 0.0 0.020923452826532903 0.0209234528265329 -0.0 0.0 1.0 1.0 1.0 0.0 0.23 
1.0 5.0 0.04839413782818702 0.0362989701100326 0.02 0.02 0.9963503649635038 0.9963503649635038 0.996350364963504 274.01 0.2 
0.0 323.0 0.027879870468395514 0.0278798704683955 -0.0 0.0 0.9956896551724136 0.9956896551724136 0.995689655172414 0.02 0.0 
1.0 6.0 0.16833630179621267 0.136278746197843 -0.0 0.0 1.0 1.0 1.0 0.3 0.04 
0.0 203.0 0.027778358172627568 0.0138891790863138 0.0 0.0 1.0 1.0 1.0 0.0 0.0 
1.0 1.0 0.2368813953483864 0.178600877461331 0.09 0.1 0.9802259887005648 0.9802259887005648 0.980225988700565 354.43 0.51 
0.0 95.0 0.043321997190798975 0.0432041343003933 -0.0 0.0 1.0 0.9936102236421724 0.996805111821086 0.03 0.0 
1.0 7.0 0.019400799864131086 0.627009486163638 0.01 0.08 0.9585635359116021 0.9779005524861876 0.968232044198895 190.63 0.22 
0.0 3.0 0.03888742113579279 0.636752796799469 0.01 0.09 0.9585635359116021 0.9751381215469612 0.966850828729282 216.28 0.21 
1.0 1.0 0.09445020190741311 0.0563142509071603 -0.0 0.0 1.0 1.0 1.0 0.02 0.0 
0.0 1.0 0.02160704778466883 0.0108035238923344 -0.0 0.0 1.0 0.996794871794872 0.998397435897436 0.0 0.0 
1.0 5.0 0.3188611311351594 0.15943056556758 0.0 0.0 1.0 1.0 1.0 0.0 0.0 
0.0 271.0 0.587290789639408 0.293645394819704 0.0 -0.0 1.0 0.8498498498498499 0.924924924924925 0.0 0.0 
1.0 3.0 0.3501315990123993 0.237302046497987 0.32 0.65 0.5138339920948617 0.5217391304347826 0.517786561264822 245.68 1.57 
0.0 20.0 0.09338697037523398 0.777143816178403 -0.01 0.04 0.9636363636363636 0.993939393939394 0.978787878787879 65.86 0.03 
1.0 1.0 0.1757017659758958 0.15659898552174 0.01 0.01 1.0 0.984251968503937 0.992125984251969 27.14 0.09 
0.0 29.0 0.9005595058270913 1.00020169677531 -0.1 0.1 1.0 0.9929328621908128 0.996466431095406 91.81 0.09 
1.0 2.0 -0.0 0.0 -0.0 -0.0 1.0 1.0 1.0 0.0 0.0 
0.0 57.0 0.8316960826803917 0.415848041340196 0.0 -0.0 1.0 0.9968652037617554 0.998432601880878 0.0 0.0 
1.0 7.0 0.018989047265046067 0.100810412340749 0.11 0.12 0.9731182795698926 0.9758064516129032 0.974462365591398 372.0 0.96 
0.0 203.0 0.3299117614804645 0.725244836557965 -0.05 0.07 1.0 0.9329896907216496 0.966494845360825 44.29 0.54 
1.0 2.0 0.05846043455080426 0.213833017666485 0.24 0.32 0.9072164948453608 0.9097938144329896 0.908505154639175 467.36 1.76 
0.0 452.0 -0.0 0.0 0.0 0.0 1.0 1.0 1.0 0.0 0.0 
1.0 1.0 0.4839166435874528 0.241958321793726 -0.0 0.0 1.0 1.0 1.0 0.0 0.0 
0.0 29.0 0.1758366535025723 0.0879183267512861 -0.0 0.0 1.0 1.0 1.0 0.0 0.0 
1.0 4.0 0.03795026427747182 0.0784084779532361 0.03 0.03 1.0 0.9937888198757762 0.996894409937888 145.01 0.31 
0.0 54.0 0.08148309234242727 0.372691788409426 -0.0 0.0 1.0 1.0 1.0 1.0 0.08 
1.0 6.0 -0.0 0.0 -0.0 -0.0 1.0 1.0 1.0 0.0 0.0 
0.0 1.0 0.2555210288721024 0.127760514436051 -0.0 -0.0 1.0 1.0 1.0 0.0 0.0 
1.0 4.0 0.33095312557948003 0.684376049142457 -0.0 0.05 1.0 1.0 1.0 79.46 0.23 
0.0 191.0 0.02178550616680388 0.777420195464659 -0.01 0.0 1.0 1.0 1.0 2.13 0.01 
1.0 4.0 0.19094167440493315 0.182015298544606 -0.0 0.0 1.0 1.0 1.0 0.47 0.05 
0.0 218.0 0.3176998989466621 0.264352793412184 -0.01 0.02 1.0 0.9432989690721648 0.971649484536082 55.94 0.15 
1.0 7.0 -0.0 0.0 0.0 -0.0 1.0 0.9842105263157896 0.992105263157895 0.0 0.0 
0.0 21.0 0.09324495259672128 0.0559416853835338 -0.0 0.0 1.0 0.9973045822102424 0.998652291105121 0.02 0.0 
1.0 3.0 0.23564914246808455 0.641346658829547 -0.02 0.03 1.0 1.0 1.0 18.08 0.02 
0.0 1.0 0.2569705241129753 0.213750190280243 0.0 0.0 1.0 1.0 1.0 0.63 0.07 
1.0 3.0 0.6577769648382245 0.443096285210512 0.38 0.62 0.5526315789473684 0.5935672514619882 0.573099415204678 340.71 1.26 
0.0 6.0 0.02625568508792424 0.0262556850879242 0.0 0.0 1.0 1.0 1.0 0.0 0.0 
1.0 2.0 0.07586122011969715 0.0485036676624137 -0.0 0.0 1.0 1.0 1.0 0.01 0.0 
0.0 74.0 0.2324749066454489 0.668294715623285 -0.05 0.05 1.0 1.0 1.0 17.99 0.02 
1.0 6.0 0.03641887534057641 0.0313372802142503 -0.0 0.0 1.0 1.0 1.0 0.0 0.0 
0.0 30.0 -0.0 0.0 -0.0 -0.0 1.0 1.0 1.0 0.0 0.0 
1.0 3.0 0.035380323075932765 0.0176901615379664 -0.0 -0.0 1.0 1.0 1.0 0.0 0.0 
0.0 47.0 0.8591771948266446 0.80281195351817 0.23 0.49 1.0 1.0 1.0 536.02 0.04 
1.0 1.0 0.16302362949436594 0.586772335085506 -0.01 0.02 1.0 1.0 1.0 4.77 0.29 
0.0 106.0 -0.0 0.0 -0.0 -0.0 1.0 0.9968652037617554 0.998432601880878 0.0 0.0 
1.0 4.0 0.5707096708311864 0.285354835415593 -0.0 0.0 1.0 1.0 1.0 0.0 0.0 
0.0 2.0 0.022214468734433918 0.011107234367217 -0.0 -0.0 1.0 1.0 1.0 0.0 0.0 
1.0 5.0 -0.0 0.0 0.02 0.02 0.9968652037617554 0.9968652037617554 0.996865203761755 319.0 0.25 
0.0 94.0 0.15463745249258437 0.665089064778246 -0.0 0.02 1.0 1.0 1.0 32.43 0.02 
1.0 2.0 0.9363694874611495 0.480362366477508 0.01 0.03 0.9963235294117646 0.9963235294117646 0.996323529411765 273.52 0.07 
0.0 210.0 0.04854497464319881 0.600920355811803 0.01 0.02 1.0 1.0 1.0 25.29 0.09 
1.0 2.0 0.5800804508011576 0.318643655846746 0.05 0.09 0.986784140969163 0.986784140969163 0.986784140969163 250.29 0.52 
0.0 3.0 0.7614096993709722 0.453487310290658 0.06 0.21 0.9535864978902951 0.9535864978902951 0.953586497890295 254.07 0.63 
1.0 4.0 0.421074247438225 0.739053986689673 0.0 0.02 0.08405797101449275 0.8550724637681159 0.469565217391304 8.94 0.03 
0.0 94.0 0.9504892042958712 0.484115513428799 -0.0 0.0 1.0 0.9923664122137406 0.99618320610687 0.76 0.03 
1.0 1.0 0.07610740857867801 0.150814568165537 -0.0 0.0 1.0 1.0 1.0 0.3 0.03 
0.0 60.0 0.9848735565226934 0.612052298821062 0.0 0.04 1.0 0.9968152866242038 0.998407643312102 29.6 0.17 
1.0 1.0 0.3875489036643238 0.193774451832162 -0.0 -0.0 1.0 1.0 1.0 0.0 0.0 
0.0 87.0 0.2006519004208097 0.100325950210405 -0.0 0.0 1.0 1.0 1.0 0.0 0.0 
1.0 0.0 -0.0 0.0 -0.01 0.0 0.9873949579831934 0.9873949579831934 0.987394957983193 0.0 0.64 
0.0 381.0 0.850713860611364 0.425356930305682 0.0 -0.0 1.0 1.0 1.0 0.0 0.0 
1.0 2.0 -0.0 0.0 -0.0 -0.0 1.0 1.0 1.0 0.0 0.0 
0.0 33.0 0.16413686562036015 0.0820684328101801 0.43 0.69 0.5398936170212765 0.5398936170212765 0.539893617021277 376.0 1.96 
