1.0 3.0 0.25484050242007816 0.136570931661273 0.06 0.07 0.9869791666666664 0.9869791666666664 0.986979166666667 384.06 0.61 
0.0 3.0 0.04292479502348651 0.0214623975117433 0.01 0.02 0.9963898916967509 0.9963898916967509 0.996389891696751 277.0 0.25 
1.0 6.0 0.9363694874611495 0.601909736153785 0.02 0.07 0.9963235294117646 0.9963235294117646 0.996323529411765 291.07 0.06 
0.0 195.0 0.8299582291348218 0.819292863279564 0.06 0.34 0.9432989690721648 0.9974226804123713 0.970360824742268 263.9 2.01 
1.0 4.0 0.036343991116405766 0.188062728419718 -0.0 0.0 1.0 1.0 1.0 0.17 0.02 
0.0 105.0 0.9363694874611495 0.618585922131729 -0.02 0.04 1.0 0.9963235294117646 0.998161764705882 29.89 0.19 
1.0 6.0 -0.0 0.0 -0.0 -0.0 1.0 1.0 1.0 0.0 0.0 
0.0 184.0 0.059178583588216475 0.0475233731863832 -0.0 0.0 1.0 0.8943298969072165 0.947164948453608 0.26 0.03 
1.0 7.0 0.8359334027148267 0.550425945847412 0.07 0.09 0.990625 0.99375 0.9921875 256.17 0.33 
0.0 207.0 0.0605098655008392 0.0302549327504196 -0.0 0.0 1.0 0.9935691318327972 0.996784565916399 0.02 0.0 
1.0 2.0 0.750705377382028 1.60212265285667 0.12 0.48 0.958579881656805 0.9940828402366864 0.976331360946746 1197.41 0.08 
0.0 373.0 0.7320792206803771 0.917149221578075 -0.07 0.22 0.8994845360824743 0.9432989690721648 0.92139175257732 316.68 0.66 
1.0 7.0 -0.0 0.0 0.0 0.0 1.0 1.0 1.0 0.0 0.0 
0.0 58.0 0.8346941474420994 1.18387451610231 0.03 0.27 1.0 1.0 1.0 185.43 0.29 
1.0 4.0 0.8548387522121371 1.08869815909567 0.18 0.63 1.0 1.0 1.0 572.24 1.99 
0.0 3.0 0.17105760265532244 0.771691376346575 0.03 0.06 1.0 0.9453551912568307 0.972677595628415 81.87 0.35 
1.0 6.0 0.689856498589211 0.414650669839747 -0.05 0.05 0.9352331606217616 0.9585492227979274 0.946891191709845 27.68 0.02 
0.0 69.0 0.07597745058064577 0.0470982868251117 -0.0 0.0 1.0 0.9921875 0.99609375 0.05 0.01 
1.0 1.0 0.04344090020222118 0.566077873145283 0.01 0.02 0.9967845659163987 0.9967845659163987 0.996784565916399 312.19 0.01 
0.0 97.0 0.8316960826803917 0.74530084632694 0.07 0.31 1.0 0.9968652037617554 0.998432601880878 168.38 0.29 
1.0 2.0 0.8664601284276787 0.452533762154804 0.05 0.06 0.9944134078212288 0.9944134078212288 0.994413407821229 443.43 0.27 
0.0 58.0 0.027879870468395514 0.0139399352341978 -0.0 0.0 0.9870689655172414 0.9956896551724136 0.991379310344828 0.03 0.01 
1.0 5.0 -0.0 0.0 0.0 0.0 1.0 1.0 1.0 0.0 0.0 
0.0 112.0 0.08965960690855387 0.0448298034542769 0.0 0.0 1.0 1.0 1.0 0.0 0.0 
1.0 2.0 1.1638765731629854 0.581938286581493 -0.0 0.0 1.0 1.0 1.0 0.0 0.0 
0.0 60.0 0.9848735565226934 0.612052298821062 0.0 0.04 1.0 0.9968152866242038 0.998407643312102 29.6 0.17 
1.0 2.0 0.9767999691326616 1.32447020245857 0.11 0.37 1.0 0.996527777777778 0.998263888888889 533.32 0.15 
0.0 98.0 0.7050575594494202 0.35252877972471 -0.0 0.0 1.0 0.9967637540453076 0.998381877022654 0.0 0.0 
1.0 5.0 0.5458278442333655 0.332714695700135 0.01 0.03 1.0 0.6703910614525139 0.835195530726257 16.64 0.31 
0.0 79.0 0.11775585848106193 0.058877929240531 0.0 0.0 1.0 1.0 1.0 0.0 0.0 
1.0 4.0 0.08212106930523713 0.0655439627374196 0.06 0.06 1.0 0.9944134078212288 0.997206703910614 323.38 0.64 
0.0 127.0 0.242608855653385 0.977952596492026 -0.14 0.1 0.4855643044619424 0.9973753280839898 0.741469816272966 98.99 0.09 
1.0 3.0 0.08099408233333509 0.0790683327033418 0.1 0.14 0.9694656488549618 0.9694656488549618 0.969465648854962 262.05 0.9 
0.0 21.0 0.055740919119538684 0.0438795393792865 0.01 0.02 0.8448275862068965 0.9956896551724136 0.920258620689655 11.16 0.21 
1.0 7.0 0.9963357706111988 0.508712872643182 0.21 0.31 0.9039548022598872 0.9067796610169492 0.905367231638418 400.59 1.3 
0.0 78.0 0.8705270591591469 1.11384668290132 -0.02 0.12 1.0 0.9973958333333331 0.998697916666667 80.75 0.35 
1.0 2.0 0.476305553807033 0.238152776903516 0.0 0.0 1.0 0.9957983193277314 0.997899159663866 0.0 0.0 
0.0 41.0 0.09244359525217268 0.056711120746239 -0.0 0.0 1.0 1.0 1.0 0.02 0.0 
1.0 2.0 0.09242652130229471 0.0740837202109167 0.05 0.05 1.0 0.9956896551724136 0.997844827586207 441.81 0.48 
0.0 58.0 0.022152081921215285 0.0221210757602006 -0.0 0.0 1.0 0.9967105263157896 0.998355263157895 0.01 0.0 
1.0 3.0 0.574268791184449 0.299161578697635 -0.0 0.0 1.0 1.0 1.0 0.15 0.02 
0.0 185.0 0.9767999691326616 0.501264872705397 -0.0 0.05 1.0 0.8819444444444444 0.940972222222222 308.02 0.42 
1.0 5.0 0.01872477074468281 0.708920962962009 0.02 0.05 0.9946091644204854 0.9946091644204854 0.994609164420485 742.0 0.09 
0.0 69.0 0.5576080435520234 0.371033668744528 -0.0 0.0 1.0 1.0 1.0 2.81 0.13 
1.0 3.0 0.4859068187480692 0.253095703401176 0.03 0.04 0.9940828402366864 0.9940828402366864 0.994082840236686 338.21 0.14 
0.0 40.0 2.0141535139935844 1.06246682145039 0.01 0.07 1.0 0.9971264367816092 0.998563218390805 125.06 0.13 
1.0 1.0 0.051910689392876415 0.114510938481981 -0.0 0.0 1.0 1.0 1.0 0.12 0.02 
0.0 5.0 0.1718560268772759 0.085928013438638 0.0 0.0 1.0 1.0 1.0 0.0 0.0 
1.0 1.0 0.27247270908984417 0.690136223314692 0.14 0.26 0.9482758620689656 0.9482758620689656 0.948275862068966 465.8 0.51 
0.0 62.0 0.6942826684983437 1.01673485045399 -0.0 0.08 1.0 0.9948453608247422 0.997422680412371 150.51 0.23 
1.0 2.0 0.9339842147523802 0.584816678610232 0.0 0.04 1.0 1.0 1.0 125.46 0.02 
0.0 30.0 0.06002390931952181 0.0300119546597609 0.0 0.0 1.0 1.0 1.0 0.0 0.0 
1.0 3.0 0.13876938584199588 0.0693846929209979 -0.0 -0.0 1.0 1.0 1.0 0.0 0.0 
0.0 219.0 -0.0 0.0 -0.0 0.0 0.984567901234568 0.9969135802469133 0.990740740740741 0.02 0.0 
1.0 5.0 0.07253489020862718 0.610328961878761 -0.01 0.01 1.0 1.0 1.0 7.41 0.04 
0.0 233.0 0.08373481733391841 0.255766411855334 -0.01 0.0 1.0 0.9967213114754097 0.998360655737705 0.75 0.07 
1.0 4.0 -0.0 0.0 0.0 0.0 1.0 1.0 1.0 0.0 0.0 
0.0 457.0 -0.0 0.0 -0.0 0.0 0.9786585365853658 0.9847560975609758 0.981707317073171 0.11 0.01 
1.0 1.0 0.1768985029702941 0.0884492514851471 0.06 0.13 0.9726775956284152 0.9726775956284152 0.972677595628415 366.0 0.87 
0.0 88.0 -0.0 0.0 0.0 0.0 1.0 0.9870689655172414 0.993534482758621 0.0 0.0 
1.0 7.0 0.7794788427490477 1.07098945454604 0.14 0.25 1.0 1.0 1.0 560.18 0.22 
0.0 19.0 0.08292438770120801 0.120713060572862 -0.0 0.0 1.0 0.9973544973544972 0.998677248677249 0.15 0.02 
1.0 6.0 0.0348775115189437 0.0866657555767835 0.07 0.07 0.9860724233983286 0.9860724233983286 0.986072423398329 359.07 0.54 
0.0 41.0 0.0404576242354559 0.020228812117728 0.0 0.01 0.9825072886297378 0.9883381924198252 0.985422740524781 12.74 0.12 
1.0 7.0 -0.0 0.0 0.0 0.0 1.0 1.0 1.0 0.0 0.0 
0.0 95.0 0.028294027016483723 0.0141470135082419 -0.0 -0.0 1.0 1.0 1.0 0.0 0.0 
1.0 5.0 -0.0 0.0 0.0 0.0 1.0 1.0 1.0 0.0 0.0 
0.0 241.0 -0.0 0.0 -0.0 0.0 1.0 0.9896907216494846 0.994845360824742 0.0 0.0 
1.0 3.0 1.2248612756302868 1.16235258167691 0.3 0.75 1.0 0.9929328621908128 0.996466431095406 488.98 0.46 
0.0 3.0 0.6274370336771098 0.324348198292955 0.01 0.02 0.9968652037617554 0.9968652037617554 0.996865203761755 319.48 0.03 
1.0 5.0 0.03201815963903439 0.125565214667869 0.02 0.04 0.8448275862068965 0.9956896551724136 0.920258620689655 239.51 0.01 
0.0 233.0 -0.0 0.0 -0.0 -0.0 1.0 0.971786833855799 0.9858934169279 0.0 0.0 
1.0 2.0 0.6516960441756733 1.07243736761597 0.13 0.53 1.0 0.9967426710097722 0.998371335504886 312.45 0.03 
0.0 288.0 0.05297328328546583 0.106345422602616 -0.0 0.0 1.0 1.0 1.0 0.11 0.01 
1.0 6.0 0.9625015702444812 1.01513068592281 -0.03 0.44 0.9093484419263456 0.9178470254957506 0.913597733711048 809.13 0.23 
0.0 141.0 0.675019446883856 0.337509723441928 -0.01 0.01 0.9288537549407112 0.9960474308300395 0.962450592885375 13.11 0.07 
1.0 6.0 0.04004863019043305 0.0200243150952165 -0.0 -0.0 1.0 1.0 1.0 0.0 0.0 
0.0 103.0 0.06201998821945535 0.586489847788291 0.0 0.01 1.0 1.0 1.0 7.6 0.05 
1.0 1.0 -0.0 0.0 0.02 0.02 0.9964285714285714 0.9964285714285714 0.996428571428571 280.0 0.25 
0.0 95.0 0.055740919119538684 0.0278704595597693 0.0 0.0 1.0 0.9956896551724136 0.997844827586207 0.0 0.0 
1.0 1.0 0.6737228364112204 1.00103353557482 0.01 0.15 1.0 1.0 1.0 201.14 0.33 
0.0 21.0 0.03641887534057641 0.0182094376702882 0.0 0.0 1.0 1.0 1.0 0.0 0.0 
1.0 6.0 0.05227572834868318 0.084985338811081 0.02 0.03 0.991957104557641 0.9946380697050938 0.993297587131367 248.06 0.23 
0.0 77.0 0.9099802582506228 0.465210308529536 -0.01 0.0 1.0 0.9969969969969968 0.998498498498498 0.42 0.03 
1.0 3.0 0.04852865540608026 0.117877601578566 -0.0 0.0 1.0 1.0 1.0 0.1 0.02 
0.0 22.0 0.034151491787468076 0.017075745893734 -0.0 -0.0 1.0 1.0 1.0 0.0 0.0 
1.0 7.0 0.02625568508792424 0.0131278425439621 0.0 0.0 1.0 1.0 1.0 0.0 0.0 
0.0 44.0 0.6089326205650871 0.304466310282544 -0.0 0.0 1.0 1.0 1.0 0.0 0.0 
1.0 7.0 0.08945330656204878 0.0554136125585399 0.01 0.02 0.9936908517350158 0.996845425867508 0.995268138801262 158.02 0.15 
0.0 8.0 0.01907892419976165 0.0857987200381363 0.02 0.02 0.9863387978142077 0.9972677595628417 0.991803278688525 138.5 0.24 
1.0 7.0 0.8712535457073128 0.446256454308056 0.01 0.02 0.9968652037617554 0.9968652037617554 0.996865203761755 319.7 0.04 
0.0 66.0 -0.0 0.0 0.0 0.0 1.0 0.9941520467836256 0.997076023391813 0.0 0.0 
1.0 7.0 0.08378523249349591 0.0710957487134375 0.12 0.16 0.9562289562289562 0.9595959595959596 0.957912457912458 273.24 1.35 
0.0 4.0 0.6452750205454816 0.322637510272741 0.02 0.02 0.9967105263157896 0.9967105263157896 0.996710526315789 304.0 0.07 
1.0 4.0 0.043680818046858444 0.0327935316811507 0.26 0.29 0.921921921921922 0.9249249249249246 0.923423423423423 666.0 2.15 
0.0 82.0 0.08177127940433396 0.439641985345641 -0.02 0.04 0.9288537549407112 0.9920948616600794 0.960474308300395 33.37 0.16 
1.0 2.0 0.022214468734433918 0.011107234367217 -0.0 -0.0 1.0 1.0 1.0 0.0 0.0 
0.0 2.0 -0.0 0.0 0.02 0.02 0.9962686567164178 0.9962686567164178 0.996268656716418 268.0 0.28 
1.0 3.0 -0.0 0.0 0.0 0.0 1.0 1.0 1.0 0.0 0.0 
0.0 57.0 0.04453791243977348 0.152400803708697 -0.02 0.06 0.5217391304347826 0.9802371541501976 0.75098814229249 22.87 0.38 
1.0 5.0 -0.0 0.0 -0.0 -0.0 1.0 1.0 1.0 0.0 0.0 
0.0 299.0 0.08945330656204878 0.385302935860986 -0.04 0.01 1.0 0.9936908517350158 0.996845425867508 3.95 0.0 
1.0 5.0 -0.0 0.0 0.0 0.0 1.0 0.9904458598726114 0.995222929936306 0.0 0.0 
0.0 106.0 -0.0 0.0 0.0 0.0 1.0 1.0 1.0 0.0 0.0 
1.0 2.0 0.05539603510551136 0.0387430523523487 -0.0 0.0 1.0 1.0 1.0 0.01 0.0 
0.0 51.0 0.09420498859979856 0.141047134058186 -0.0 0.0 1.0 1.0 1.0 0.25 0.03 
1.0 1.0 0.11079108669504051 0.0553955433475202 0.11 0.15 0.9661654135338344 0.9661654135338344 0.966165413533835 266.0 1.04 
0.0 7.0 0.6623464715562162 0.415341386676215 -0.01 0.02 1.0 1.0 1.0 8.18 0.19 
1.0 1.0 0.02160704778466883 0.0108035238923344 -0.0 0.0 1.0 0.996794871794872 0.998397435897436 0.0 0.0 
0.0 245.0 0.03775336847879649 0.0188766842393982 -0.0 0.0 1.0 0.968944099378882 0.984472049689441 0.03 0.01 
1.0 1.0 0.5817031925441088 0.301098023125166 0.11 0.15 0.9679300291545188 0.9679300291545188 0.967930029154519 359.17 0.73 
0.0 278.0 0.043560505023086844 0.0326133449057433 -0.02 0.0 0.956656346749226 0.9628482972136226 0.959752321981424 0.71 0.07 
1.0 4.0 0.8316960826803917 0.426477722794596 0.01 0.02 0.9968652037617554 0.9968652037617554 0.996865203761755 320.14 0.07 
0.0 7.0 0.1731597557551002 0.777229101941638 0.01 0.16 0.971786833855799 0.971786833855799 0.971786833855799 339.3 0.08 
1.0 2.0 0.16833630179621267 0.0841681508981063 -0.0 -0.0 1.0 1.0 1.0 0.0 0.0 
0.0 178.0 0.9848735565226934 0.513921496380189 -0.0 0.0 1.0 0.9968152866242038 0.998407643312102 1.37 0.05 
1.0 3.0 0.05465882361802751 0.0468664695614635 -0.0 0.0 1.0 1.0 1.0 0.02 0.0 
0.0 76.0 0.12926286078060673 0.0646314303903034 -0.0 0.0 0.9504504504504504 0.9954954954954957 0.972972972972973 0.08 0.02 
1.0 3.0 0.655041883754151 0.381756611395033 0.18 0.25 0.9305135951661632 0.9335347432024168 0.93202416918429 334.43 1.09 
0.0 35.0 0.02120257700397865 0.0106012885019893 -0.0 0.0 1.0 0.9968652037617554 0.998432601880878 0.0 0.0 
1.0 3.0 0.4689654226500483 0.25556781839102 0.01 0.01 1.0 1.0 1.0 79.64 0.09 
0.0 501.0 0.06961268786108545 0.0452956670506954 -0.0 0.0 0.9938271604938274 0.9969135802469133 0.99537037037037 0.03 0.01 
1.0 6.0 0.7156635786610086 0.357831789330504 0.0 -0.0 1.0 1.0 1.0 0.0 0.0 
0.0 250.0 0.7467670671848305 0.373383533592415 -0.01 0.0 1.0 0.996875 0.9984375 1.5 0.03 
1.0 4.0 0.8171797694773422 0.526560800632692 0.04 0.09 0.9966216216216216 0.9966216216216216 0.996621621621622 446.43 0.31 
0.0 102.0 0.054916877700729484 0.0492386913619082 -0.01 0.0 0.8803418803418803 0.9943019943019942 0.937321937321937 3.18 0.04 
1.0 6.0 0.02883072855956151 0.132072246223831 -0.0 0.0 1.0 1.0 1.0 0.07 0.01 
0.0 379.0 0.11810740365695928 0.0590537018284797 -0.0 0.0 1.0 0.9957081545064378 0.997854077253219 0.02 0.0 
1.0 2.0 0.03775336847879649 0.0188766842393982 -0.0 -0.0 1.0 1.0 1.0 0.0 0.0 
0.0 290.0 0.09000620146362419 0.0450031007318121 -0.0 -0.0 1.0 1.0 1.0 0.0 0.0 
1.0 0.0 1.3525520919415797 1.35255209194158 -0.74 0.0 0.9305135951661632 0.9305135951661632 0.930513595166163 0.0 1.3 
0.0 38.0 0.7642232507044483 0.382111625352224 0.0 -0.0 1.0 1.0 1.0 0.0 0.0 
1.0 4.0 0.23923104111942964 0.21556459080628 0.0 0.01 1.0 1.0 1.0 9.65 0.03 
0.0 120.0 0.7883622248359534 0.394181112417977 0.0 -0.0 1.0 1.0 1.0 0.0 0.0 
1.0 7.0 -0.0 0.0 0.04 0.04 0.99375 0.99375 0.99375 160.0 0.39 
0.0 90.0 0.9225665119739048 0.905031149903356 -0.01 0.28 0.9786096256684492 0.9946524064171124 0.986631016042781 163.15 0.38 
1.0 6.0 0.8774257384430043 0.604144318801364 -0.01 0.07 0.9890909090909092 0.9890909090909092 0.989090909090909 280.97 0.13 
0.0 34.0 0.9948493212862942 0.497424660643147 -0.0 0.0 1.0 0.997134670487106 0.998567335243553 1.48 0.0 
1.0 1.0 0.04004863019043305 0.0200243150952165 -0.0 -0.0 1.0 1.0 1.0 0.0 0.0 
0.0 0.0 0.23923104111942964 0.23923104111943 -0.01 0.0 1.0 1.0 1.0 0.0 1.39 
