1.0 3.0 0.6812081464062815 0.351711307570358 -0.0 0.0 1.0 1.0 1.0 1.97 0.06 
0.0 165.0 0.02086856966292297 0.0104342848314615 -0.0 0.0 1.0 0.9969230769230768 0.998461538461539 0.0 0.0 
1.0 1.0 -0.0 0.0 0.11 0.12 0.9754601226993864 0.9754601226993864 0.975460122699387 326.0 1.08 
0.0 423.0 0.09001124790298305 0.0450056239514915 0.0 -0.0 1.0 0.9817073170731708 0.990853658536585 0.0 0.0 
1.0 7.0 0.022214468734433918 0.011107234367217 -0.0 -0.0 1.0 1.0 1.0 0.0 0.0 
0.0 269.0 0.8316960826803917 0.415848041340196 -0.03 0.03 0.971786833855799 0.9968652037617554 0.984326018808777 24.64 0.1 
1.0 6.0 0.03641887534057641 0.0313372802142503 -0.0 0.0 1.0 1.0 1.0 0.0 0.0 
0.0 90.0 -0.0 0.0 0.0 0.0 1.0 1.0 1.0 0.0 0.0 
1.0 4.0 -0.0 0.0 0.05 0.05 0.9865229110512128 0.9892183288409704 0.987870619946092 295.99 0.6 
0.0 388.0 0.04854497464319881 0.0364501100685325 -0.0 0.0 1.0 0.9963235294117646 0.998161764705882 0.01 0.0 
1.0 2.0 0.01872477074468281 0.561728955808465 0.01 0.02 0.9946091644204854 0.9973045822102424 0.995956873315364 185.65 0.01 
0.0 86.0 0.09338697037523398 0.0569928427181719 -0.0 0.0 1.0 0.993939393939394 0.996969696969697 0.02 0.0 
1.0 7.0 0.7794788427490477 1.07098945454604 0.14 0.25 1.0 1.0 1.0 560.18 0.22 
0.0 16.0 0.09826205653251838 0.650968854260471 0.18 0.31 0.8994845360824743 0.9020618556701032 0.900773195876289 379.8 0.56 
1.0 2.0 -0.0 0.0 0.0 0.0 1.0 1.0 1.0 0.0 0.0 
0.0 104.0 0.5578069309782849 1.12801933650235 0.02 0.28 1.0 1.0 1.0 247.5 0.52 
1.0 5.0 0.020492853706224064 0.010246426853112 0.13 0.14 0.9679300291545188 0.9679300291545188 0.967930029154519 343.0 1.2 
0.0 164.0 0.2819902649994507 0.804311215745657 -0.06 0.04 1.0 0.9419354838709676 0.970967741935484 33.27 0.03 
1.0 7.0 0.9906696414695386 0.495334820734769 -0.03 0.19 0.8654970760233917 0.9210526315789472 0.89327485380117 188.63 0.53 
0.0 137.0 0.021666184788399698 0.0213224155143525 -0.0 0.0 1.0 0.9628482972136226 0.981424148606811 0.04 0.01 
1.0 5.0 0.030092344610339425 0.0300325498217183 0.03 0.03 1.0 0.9952830188679246 0.997641509433962 212.0 0.28 
0.0 39.0 0.07774111978661197 0.0961050096410285 -0.0 0.0 1.0 1.0 1.0 0.07 0.01 
1.0 1.0 0.36416639636829046 0.182083198184145 -0.0 -0.0 1.0 1.0 1.0 0.0 0.0 
0.0 25.0 0.21849725860896016 0.10924862930448 -0.0 0.0 1.0 0.9962686567164178 0.998134328358209 0.06 0.01 
1.0 5.0 0.8774257384430043 0.469052876672995 0.02 0.07 0.9890909090909092 0.9890909090909092 0.989090909090909 277.39 0.06 
0.0 86.0 0.05762288789854216 0.282977721255598 -0.04 0.0 0.9781420765027322 0.9972677595628417 0.987704918032787 2.16 0.05 
1.0 4.0 0.6452750205454816 0.322637510272741 0.02 0.02 0.9967105263157896 0.9967105263157896 0.996710526315789 304.0 0.07 
0.0 3.0 0.6823259356244296 1.04580626072875 0.4 0.79 0.815625 0.878125 0.846875 636.62 1.52 
1.0 2.0 -0.0 0.0 0.0 0.0 1.0 1.0 1.0 0.0 0.0 
0.0 145.0 0.6942826684983437 0.365075415641447 0.0 0.0 1.0 0.9948453608247422 0.997422680412371 3.68 0.04 
1.0 2.0 0.2110056878777056 0.201840947768921 0.33 0.38 0.940721649484536 0.9432989690721648 0.94201030927835 1380.6 2.39 
0.0 104.0 0.022152081921215285 0.0110760409606076 0.0 0.0 1.0 0.9967105263157896 0.998355263157895 0.0 0.0 
1.0 4.0 0.3922912171596764 0.196145608579838 0.31 0.33 1.0 0.8986784140969162 0.949339207048458 226.45 2.46 
0.0 5.0 0.03201815963903439 0.125565214667869 0.02 0.04 0.8448275862068965 0.9956896551724136 0.920258620689655 239.51 0.01 
1.0 5.0 0.027778358172627568 0.0138891790863138 0.0 0.0 1.0 1.0 1.0 0.0 0.0 
0.0 10.0 0.05667761473063086 0.282505084671642 0.01 0.02 0.9972677595628417 0.9972677595628417 0.997267759562842 366.44 0.05 
1.0 4.0 0.020388151169850696 0.0101940755849253 0.02 0.02 0.9970149253731344 0.9970149253731344 0.997014925373134 335.0 0.24 
0.0 180.0 0.027778358172627568 0.0138891790863138 0.0 0.0 1.0 1.0 1.0 0.0 0.0 
1.0 1.0 0.043680818046858444 0.0760760785413872 0.01 0.01 1.0 1.0 1.0 43.16 0.15 
0.0 39.0 0.1559698344405587 0.0779849172202793 -0.0 0.0 1.0 1.0 1.0 0.0 0.0 
1.0 7.0 0.15813042339494393 0.079065211697472 -0.0 0.0 1.0 0.9968152866242038 0.998407643312102 0.0 0.0 
0.0 4.0 0.8968395853420664 0.744831959911446 0.03 0.31 0.9638157894736842 0.9638157894736842 0.963815789473684 378.58 0.21 
1.0 1.0 0.09413158654282627 0.0737578084098054 -0.0 0.0 1.0 1.0 1.0 0.03 0.01 
0.0 105.0 0.11318189800450115 0.605927328806522 -0.04 0.04 1.0 0.8931297709923663 0.946564885496183 22.76 0.05 
1.0 3.0 0.6090220729262696 0.304511036463135 0.06 0.07 0.9867549668874174 0.9867549668874174 0.986754966887417 302.0 0.32 
0.0 367.0 0.8905616504463674 0.541618929053252 -0.07 0.03 0.8969072164948454 0.940721649484536 0.918814432989691 19.49 0.22 
1.0 3.0 0.18397542815930434 0.149222163827375 -0.0 0.0 1.0 1.0 1.0 0.21 0.02 
0.0 70.0 0.7794788427490477 0.950028377192257 0.02 0.15 1.0 1.0 1.0 280.81 0.13 
1.0 4.0 0.7036346556089521 0.351817327804476 0.01 0.02 0.9972144846796656 0.9972144846796656 0.997214484679666 359.0 0.05 
0.0 7.0 -0.0 0.0 0.02 0.02 0.996875 0.996875 0.996875 320.0 0.22 
1.0 7.0 -0.0 0.0 -0.0 -0.0 1.0 1.0 1.0 0.0 0.0 
0.0 73.0 0.6775861075254633 0.338793053762732 -0.0 0.0 1.0 0.9966555183946488 0.998327759197324 0.0 0.0 
1.0 7.0 0.7379973708368502 0.400958408989255 0.01 0.02 1.0 0.996845425867508 0.998422712933754 107.34 0.06 
0.0 94.0 0.06472619485752217 0.0323630974287611 0.0 0.0 1.0 1.0 1.0 0.0 0.0 
1.0 1.0 0.5262381232425133 0.263119061621257 -0.0 0.0 1.0 1.0 1.0 0.0 0.0 
0.0 72.0 -0.0 0.0 -0.0 -0.0 1.0 1.0 1.0 0.0 0.0 
1.0 7.0 0.6732723695523724 0.35013316954795 -0.0 0.0 1.0 1.0 1.0 0.23 0.02 
0.0 135.0 0.3943211619593595 0.19716058097968 -0.0 -0.0 1.0 0.9825581395348836 0.991279069767442 0.0 0.0 
1.0 3.0 -0.0 0.0 0.26 0.27 0.9245283018867924 0.9245283018867924 0.924528301886792 265.0 1.78 
0.0 99.0 0.09554891382093413 0.0597279050620183 0.01 0.02 1.0 1.0 1.0 277.0 0.21 
1.0 6.0 0.02625568508792424 0.0262556850879242 0.0 0.0 1.0 1.0 1.0 0.0 0.0 
0.0 143.0 0.09001124790298305 0.0450056239514915 0.0 -0.0 1.0 0.9817073170731708 0.990853658536585 0.0 0.0 
1.0 6.0 0.9825998047366316 0.491299902368316 0.0 -0.0 1.0 1.0 1.0 0.0 0.0 
0.0 2.0 0.07978404380165302 0.548613301937359 0.03 0.04 1.0 1.0 1.0 206.42 0.19 
1.0 2.0 0.6842561283330871 0.352454107406374 0.1 0.12 0.9791666666666664 0.9791666666666664 0.979166666666667 655.95 0.59 
0.0 89.0 0.06489622226875695 0.0507564758242346 -0.0 0.0 1.0 1.0 1.0 0.01 0.0 
1.0 2.0 -0.0 0.0 0.0 0.0 1.0 1.0 1.0 0.0 0.0 
0.0 76.0 0.4512929953590296 0.372851311856421 -0.0 0.02 1.0 0.9712041884816756 0.985602094240838 41.06 0.24 
1.0 4.0 0.9873589682765656 0.756845521632897 0.0 0.18 0.96875 0.96875 0.96875 336.95 0.25 
0.0 51.0 0.5272617660706461 0.411886015835235 -0.03 0.01 1.0 1.0 1.0 3.14 0.27 
1.0 7.0 0.05064557459684865 0.0253227872984243 -0.0 -0.0 1.0 1.0 1.0 0.0 0.0 
0.0 72.0 0.05031903881167891 0.0829298718516531 -0.0 0.0 1.0 1.0 1.0 0.04 0.01 
1.0 1.0 0.04578717482093773 0.7103479348736 0.01 0.03 0.9973958333333331 0.9973958333333331 0.997395833333333 397.59 0.02 
0.0 61.0 -0.0 0.0 0.0 0.0 1.0 0.9962686567164178 0.998134328358209 0.0 0.0 
1.0 3.0 0.1071028319432979 0.0535514159716489 0.02 0.02 0.9968152866242038 0.9968152866242038 0.996815286624204 314.0 0.17 
0.0 40.0 0.06506264053338344 0.0463201692258667 -0.0 0.0 1.0 1.0 1.0 0.01 0.0 
1.0 3.0 0.07845146855543751 0.0392257342777188 -0.0 0.0 0.9676375404530746 0.9870550161812298 0.977346278317152 0.18 0.02 
0.0 9.0 -0.0 0.0 0.01 0.02 0.9963898916967509 0.9963898916967509 0.996389891696751 277.0 0.28 
1.0 2.0 0.2937493899492937 0.146874694974647 0.0 0.0 1.0 1.0 1.0 0.0 0.0 
0.0 195.0 0.9005595058270913 1.31731070075799 0.05 0.33 0.8904593639575972 0.9929328621908128 0.941696113074205 234.47 0.04 
1.0 2.0 0.2853317069770173 0.142665853488509 -0.0 -0.0 1.0 1.0 1.0 0.0 0.0 
0.0 277.0 0.2533863028638452 0.213273029309473 0.01 0.03 0.971786833855799 0.9968652037617554 0.984326018808777 52.97 0.27 
1.0 5.0 -0.0 0.0 -0.0 -0.0 1.0 1.0 1.0 0.0 0.0 
0.0 111.0 0.07845146855543751 0.0501485827299776 0.01 0.02 0.9676375404530746 0.9967637540453076 0.982200647249191 139.24 0.12 
1.0 7.0 0.04453791243977348 0.0845052032116742 0.36 0.68 0.5138339920948617 0.5217391304347826 0.517786561264822 498.09 1.73 
0.0 88.0 0.054161236245209056 0.100747733414178 0.0 0.01 1.0 0.790794979079498 0.895397489539749 4.09 0.07 
1.0 5.0 0.023405674664599526 0.0117028373322998 0.0 0.0 1.0 1.0 1.0 0.0 0.0 
0.0 0.0 -0.0 0.0 -0.0 0.0 1.0 1.0 1.0 0.0 0.0 
1.0 6.0 0.09551752959899933 0.0477587647994997 0.0 0.0 1.0 1.0 1.0 0.0 0.0 
0.0 37.0 0.6048117164172828 0.323890576327484 -0.01 0.0 1.0 0.9745222929936304 0.987261146496815 0.67 0.04 
1.0 3.0 0.350402542660334 0.188240187821866 0.15 0.21 0.9541984732824428 0.9541984732824428 0.954198473282443 524.0 1.2 
0.0 59.0 0.02398038796966051 0.0119901939848302 -0.0 -0.0 1.0 1.0 1.0 0.0 0.0 
1.0 7.0 0.01949491299435019 0.00974745649717509 0.02 0.02 1.0 0.9971590909090908 0.998579545454545 352.0 0.2 
0.0 51.0 0.26349230648873684 0.142099030784913 -0.0 0.0 1.0 0.9847560975609758 0.992378048780488 0.07 0.01 
1.0 1.0 0.9904630261725093 1.26712673929629 -0.0 0.39 0.989795918367347 0.989795918367347 0.989795918367347 724.3 0.1 
0.0 38.0 -0.0 0.0 0.01 0.01 0.9825072886297378 0.9970845481049562 0.989795918367347 56.33 0.19 
1.0 5.0 0.059954128784417776 0.0554446710121949 0.01 0.01 0.9922779922779922 0.9922779922779922 0.992277992277992 63.77 0.19 
0.0 44.0 0.6089326205650871 0.304466310282544 -0.0 0.0 1.0 1.0 1.0 0.0 0.0 
1.0 4.0 0.1051843130054936 0.0525921565027468 -0.0 -0.0 1.0 1.0 1.0 0.0 0.0 
0.0 271.0 0.42271570507772094 0.280393690765373 0.0 0.02 0.9808917197452226 0.9904458598726114 0.985668789808917 32.0 0.16 
1.0 3.0 -0.0 0.0 0.0 0.0 1.0 1.0 1.0 0.0 0.0 
0.0 243.0 0.8606185834564639 1.19931506330399 0.02 0.57 0.9327485380116958 0.9912280701754383 0.961988304093567 410.97 0.19 
1.0 3.0 0.7132405300876173 0.488137499309084 0.05 0.11 0.9868421052631576 0.9868421052631576 0.986842105263158 829.1 0.26 
0.0 141.0 0.9848735565226934 0.492436778261347 -0.0 0.0 1.0 0.9968152866242038 0.998407643312102 0.0 0.0 
1.0 5.0 -0.0 0.0 -0.0 -0.0 1.0 1.0 1.0 0.0 0.0 
0.0 204.0 0.1267535669658005 0.0633767834829003 0.0 0.0 1.0 1.0 1.0 0.0 0.0 
1.0 6.0 -0.0 0.0 0.0 0.0 1.0 1.0 1.0 0.0 0.0 
0.0 14.0 0.020652086479660176 0.0800078049633666 -0.0 0.0 1.0 1.0 1.0 0.02 0.0 
1.0 7.0 0.8585818504987296 1.11315610872573 -0.0 0.27 1.0 1.0 1.0 159.37 0.11 
0.0 27.0 0.28200170355497134 0.141000851777486 -0.0 -0.0 1.0 1.0 1.0 0.0 0.0 
1.0 5.0 -0.0 0.0 -0.0 -0.0 1.0 1.0 1.0 0.0 0.0 
0.0 7.0 0.06002390931952181 0.0514966727786034 -0.0 0.0 1.0 1.0 1.0 0.02 0.0 
1.0 1.0 0.043560505023086844 0.0326730055949454 0.15 0.18 0.956656346749226 0.956656346749226 0.956656346749226 323.01 1.25 
0.0 52.0 0.08148309234242727 0.0681189320193219 -0.0 0.0 1.0 1.0 1.0 0.02 0.0 
1.0 6.0 2.4535399283313226 1.33270090570865 0.01 0.12 0.958579881656805 0.9970414201183434 0.977810650887574 376.97 0.04 
0.0 34.0 0.027879870468395514 0.0139399352341978 0.0 0.0 1.0 0.9956896551724136 0.997844827586207 0.0 0.0 
1.0 1.0 0.2387884541794901 0.128756612462087 0.05 0.05 0.9946091644204854 0.9946091644204854 0.994609164420485 742.0 0.41 
0.0 171.0 0.6589056099734881 1.02010202905083 0.11 0.47 1.0 0.971786833855799 0.9858934169279 235.08 0.72 
1.0 3.0 0.6430164980766218 0.321508249038311 0.11 0.13 0.9713375796178344 0.9713375796178344 0.971337579617834 314.0 0.64 
0.0 72.0 0.018384397223606727 0.0626734832079346 -0.0 0.0 1.0 0.9973544973544972 0.998677248677249 0.04 0.0 
1.0 6.0 -0.0 0.0 -0.0 -0.0 1.0 1.0 1.0 0.0 0.0 
0.0 247.0 0.808814311512711 0.404407155756355 -0.0 0.0 1.0 1.0 1.0 0.0 0.0 
1.0 7.0 0.2693739018407884 0.146320240287374 0.11 0.14 0.9493243243243246 0.9662162162162162 0.95777027027027 489.87 0.94 
0.0 70.0 0.04809546099204767 0.189479180075886 -0.0 0.0 1.0 0.9890909090909092 0.994545454545455 0.24 0.03 
1.0 2.0 -0.0 0.0 0.0 0.0 1.0 1.0 1.0 0.0 0.0 
0.0 92.0 0.10934404719032942 0.108915295366242 -0.0 0.0 1.0 0.9973958333333331 0.998697916666667 0.17 0.02 
1.0 2.0 0.08364970461058929 0.36956912045249 0.24 0.69 0.6630434782608695 0.6630434782608695 0.66304347826087 368.0 1.86 
0.0 92.0 -0.0 0.0 -0.0 -0.0 1.0 0.996875 0.9984375 0.0 0.0 
1.0 6.0 0.5643495367034677 0.309678400898427 -0.01 0.0 1.0 0.9973544973544972 0.998677248677249 0.54 0.04 
0.0 85.0 0.8546388517476876 0.481188940106889 -0.04 0.02 1.0 0.958217270194986 0.979108635097493 10.73 0.19 
1.0 4.0 0.36416639636829046 0.182083198184145 -0.0 -0.0 1.0 1.0 1.0 0.0 0.0 
0.0 7.0 0.027982183645278484 0.0139910918226392 0.07 0.12 0.9662447257383966 0.970464135021097 0.968354430379747 206.47 1.05 
1.0 1.0 0.1649616348065054 0.0824808174032527 -0.0 -0.0 1.0 1.0 1.0 0.0 0.0 
0.0 226.0 0.06374829715101199 0.0427072409697059 -0.02 0.0 0.9628482972136226 0.9845201238390092 0.973684210526316 0.34 0.04 
1.0 1.0 1.3571663066434942 0.731134942913349 0.03 0.07 0.9973958333333331 0.9973958333333331 0.997395833333333 865.08 0.12 
0.0 304.0 0.3735612473015543 1.01484348847159 -0.03 0.03 1.0 1.0 1.0 22.86 0.12 
1.0 4.0 0.13709472355714009 0.06854736177857 0.47 0.58 0.7016949152542373 0.7152542372881358 0.708474576271186 287.86 2.95 
0.0 63.0 0.850713860611364 0.443665294995538 0.0 0.0 1.0 1.0 1.0 0.99 0.03 
1.0 6.0 -0.0 0.0 -0.0 -0.0 1.0 1.0 1.0 0.0 0.0 
0.0 99.0 0.055740919119538684 0.0418103947939671 -0.0 0.0 0.9956896551724136 0.9956896551724136 0.995689655172414 0.03 0.01 
