1.0 6.0 -0.0 0.0 0.07 0.08 0.9847560975609758 0.9847560975609758 0.984756097560976 328.0 0.8 
0.0 40.0 0.06506264053338344 0.0463201692258667 -0.0 0.0 1.0 1.0 1.0 0.01 0.0 
1.0 2.0 -0.0 0.0 0.02 0.02 0.9969230769230768 0.9969230769230768 0.996923076923077 325.0 0.24 
0.0 103.0 0.06201998821945535 0.586489847788291 0.0 0.01 1.0 1.0 1.0 7.6 0.05 
1.0 2.0 0.0663550962706155 0.0331775481353078 0.0 0.0 1.0 0.9969325153374232 0.998466257668712 0.0 0.0 
0.0 21.0 0.36434859208232206 0.722743195607076 -0.03 0.03 1.0 1.0 1.0 18.1 0.27 
1.0 6.0 -0.0 0.0 -0.0 -0.0 1.0 1.0 1.0 0.0 0.0 
0.0 56.0 0.05539603510551136 0.0387740585133633 -0.0 0.0 1.0 0.9967105263157896 0.998355263157895 0.02 0.0 
1.0 5.0 0.019590009201610598 0.0097950046008053 -0.0 0.0 0.9915014164305948 0.9943342776203966 0.992917847025496 0.02 0.0 
0.0 11.0 -0.0 0.0 0.04 0.04 0.9941520467836256 0.9941520467836256 0.994152046783626 342.0 0.39 
1.0 7.0 1.8263691661755623 1.62912204126324 -0.02 0.61 1.0 1.0 1.0 668.44 0.13 
0.0 17.0 0.09786130924602802 0.132294375112185 -0.0 0.0 1.0 1.0 1.0 0.19 0.02 
1.0 4.0 0.33095312557948003 0.684376049142457 -0.0 0.05 1.0 1.0 1.0 79.46 0.23 
0.0 234.0 0.3875489036643238 0.193774451832162 -0.0 -0.0 1.0 1.0 1.0 0.0 0.0 
1.0 6.0 0.024901715029831017 0.024901715029831 0.02 0.02 1.0 1.0 1.0 264.0 0.27 
0.0 42.0 1.431654007732554 0.715827003866277 0.0 -0.0 1.0 0.99375 0.996875 0.0 0.0 
1.0 6.0 0.05539603510551136 0.0276980175527557 0.0 0.0 1.0 1.0 1.0 0.0 0.0 
0.0 31.0 0.5707096708311864 1.00472183047084 -0.02 0.11 1.0 0.9974554707379136 0.998727735368957 103.77 0.32 
1.0 7.0 1.4588100940612199 0.79779439363705 -0.01 0.05 0.9943181818181815 0.9971590909090908 0.995738636363636 230.23 0.05 
0.0 98.0 0.022214468734433918 0.011107234367217 -0.0 -0.0 1.0 1.0 1.0 0.0 0.0 
1.0 5.0 0.08148309234242727 0.0707535008309745 0.02 0.02 1.0 1.0 1.0 156.51 0.16 
0.0 132.0 0.07371681675582349 0.337452979616028 -0.05 0.01 1.0 0.9146757679180888 0.957337883959044 8.5 0.08 
1.0 7.0 0.850713860611364 0.425356930305682 0.0 -0.0 1.0 1.0 1.0 0.0 0.0 
0.0 103.0 0.06489622226875695 0.0324481111343785 -0.0 0.0 1.0 0.9880239520958086 0.994011976047904 0.02 0.01 
1.0 2.0 0.043321997190798975 0.0216609985953995 0.05 0.05 0.9904153354632588 0.9936102236421724 0.992012779552716 313.0 0.51 
0.0 459.0 0.8905616504463674 1.0297071842709 -0.19 0.17 0.8891752577319588 0.8969072164948454 0.893041237113402 228.96 0.32 
1.0 2.0 -0.0 0.0 0.0 0.0 1.0 1.0 1.0 0.0 0.0 
0.0 67.0 -0.0 0.0 0.0 0.0 1.0 0.9802631578947366 0.990131578947368 0.0 0.0 
1.0 3.0 -0.0 0.0 0.0 0.0 1.0 1.0 1.0 0.0 0.0 
0.0 305.0 0.03775336847879649 0.0188766842393982 -0.0 -0.0 1.0 0.9817073170731708 0.990853658536585 0.0 0.0 
1.0 7.0 0.7796577778403412 0.716283729131612 -0.08 0.02 1.0 1.0 1.0 11.28 0.03 
0.0 64.0 -0.0 0.0 0.0 0.0 1.0 1.0 1.0 0.0 0.0 
1.0 1.0 1.0202249622407986 0.510112481120399 0.05 0.07 0.9869791666666664 0.9869791666666664 0.986979166666667 384.0 0.17 
0.0 126.0 0.6859711247283636 0.427153713262288 0.0 0.01 1.0 0.9907407407407408 0.99537037037037 9.2 0.22 
1.0 2.0 1.3930335781090064 1.35877616535782 0.1 0.67 0.9929328621908128 0.9929328621908128 0.992932862190813 668.63 0.09 
0.0 791.0 0.6303873475309135 0.315193673765457 -0.01 0.0 1.0 0.9957081545064378 0.997854077253219 0.2 0.03 
1.0 5.0 -0.0 0.0 0.12 0.14 0.968944099378882 0.968944099378882 0.968944099378882 161.0 1.14 
0.0 388.0 0.7642232507044483 0.382111625352224 0.0 -0.0 1.0 1.0 1.0 0.0 0.0 
1.0 0.0 -0.0 0.0 -0.0 0.0 1.0 1.0 1.0 0.0 0.0 
0.0 20.0 0.6183362527188963 0.562440690183732 0.22 0.4 0.9617834394904456 0.9681528662420382 0.964968152866242 439.13 2.27 
1.0 1.0 0.1446094575817333 0.141340567017379 0.05 0.05 0.9904458598726114 0.9904458598726114 0.990445859872611 314.19 0.31 
0.0 280.0 0.3243691273232743 0.174101506812904 -0.01 0.0 0.9784946236559142 0.9964157706093186 0.987455197132616 0.22 0.03 
1.0 3.0 0.029504444501537695 0.0295044445015377 -0.0 0.0 1.0 1.0 1.0 0.0 0.0 
0.0 5.0 0.07217776154617153 0.336683452011202 0.01 0.02 1.0 1.0 1.0 11.18 0.24 
1.0 1.0 0.09137546664105897 0.390111467939148 0.04 0.09 0.36042402826855113 0.9681978798586572 0.664310954063604 235.93 0.04 
0.0 101.0 0.6732723695523724 0.336636184776186 -0.0 0.0 1.0 1.0 1.0 0.0 0.0 
1.0 7.0 0.1718560268772759 0.085928013438638 0.0 0.0 1.0 1.0 1.0 0.0 0.0 
0.0 27.0 0.04084371786340105 0.0318185554840255 -0.0 0.0 1.0 1.0 1.0 0.01 0.0 
1.0 2.0 0.9767999691326616 1.32447020245857 0.11 0.37 1.0 0.996527777777778 0.998263888888889 533.32 0.15 
0.0 71.0 0.8086274974243058 1.07390726491697 0.16 0.44 1.0 0.9974226804123713 0.998711340206186 321.67 1.02 
1.0 5.0 0.02376135312603553 0.0237613531260355 -0.0 0.0 1.0 1.0 1.0 0.0 0.0 
0.0 210.0 -0.0 0.0 -0.0 -0.0 1.0 1.0 1.0 0.0 0.0 
1.0 5.0 2.356590977368515 1.99617108578072 0.19 0.81 0.9279538904899136 0.9308357348703168 0.929394812680115 992.39 0.16 
0.0 11.0 0.13876938584199588 0.0693846929209979 -0.0 -0.0 1.0 1.0 1.0 0.0 0.0 
1.0 2.0 0.76170373746072 0.965278227778072 0.3 0.86 0.8891752577319588 0.8891752577319588 0.889175257731959 1126.56 1.32 
0.0 1.0 0.07882447527889594 0.0618932030990702 0.16 0.18 0.9702602230483272 0.9702602230483272 0.970260223048327 531.39 1.38 
1.0 5.0 0.22739863511081604 0.124216393860632 -0.0 0.0 1.0 0.3788819875776397 0.68944099378882 1.78 0.04 
0.0 56.0 0.6048117164172828 0.353871859247922 -0.01 0.01 1.0 0.9745222929936304 0.987261146496815 5.16 0.02 
1.0 7.0 0.09368049545705534 0.0663785149477183 -0.0 0.0 1.0 1.0 1.0 0.03 0.0 
0.0 26.0 -0.0 0.0 0.0 -0.0 1.0 0.968944099378882 0.984472049689441 0.0 0.0 
1.0 3.0 0.27273593039169325 0.859192963574377 0.09 0.23 0.9751381215469612 0.9751381215469612 0.975138121546961 828.02 0.36 
0.0 66.0 0.025989873531936835 0.0129949367659684 0.02 0.02 0.9920948616600794 0.9960474308300395 0.994071146245059 126.0 0.24 
1.0 4.0 1.136927408705145 0.568463704352573 0.01 0.02 0.9969418960244648 0.9969418960244648 0.996941896024465 327.0 0.04 
0.0 65.0 -0.0 0.0 -0.0 -0.0 1.0 1.0 1.0 0.0 0.0 
1.0 6.0 0.15767213908824806 0.588948550664523 0.11 0.15 0.9869791666666664 0.9869791666666664 0.986979166666667 698.16 0.36 
0.0 115.0 0.050768012104687225 0.0381216092260858 -0.0 0.0 0.9922779922779922 0.996138996138996 0.994208494208494 0.04 0.01 
1.0 4.0 0.9717808533221 0.49605854085087 -0.0 0.0 1.0 1.0 1.0 1.19 0.01 
0.0 40.0 0.8382272584994898 0.584069509989977 0.1 0.19 0.9072164948453608 0.9329896907216496 0.920103092783505 269.08 0.99 
1.0 2.0 0.5262381232425133 0.263119061621257 -0.0 0.0 1.0 1.0 1.0 0.0 0.0 
0.0 111.0 -0.0 0.0 -0.0 -0.0 1.0 0.9904153354632588 0.995207667731629 0.0 0.0 
1.0 2.0 0.42380180699756154 0.822531245985305 -0.02 0.13 0.9935691318327972 0.9935691318327972 0.993569131832797 377.28 0.04 
0.0 25.0 0.4981655356263516 0.318118606039688 -0.01 0.02 0.9904458598726114 0.9968152866242038 0.993630573248408 18.49 0.13 
1.0 7.0 0.8874957878328074 1.11197359571688 -0.04 0.31 0.9224598930481283 0.9946524064171124 0.95855614973262 226.19 0.04 
0.0 44.0 0.055893380003212575 0.147340917091351 -0.0 0.0 1.0 0.9946091644204854 0.997304582210243 0.19 0.03 
1.0 2.0 0.047541728001785355 0.0237708640008927 -0.0 -0.0 1.0 1.0 1.0 0.0 0.0 
0.0 16.0 0.326308742127741 0.697706494886159 -0.03 0.03 1.0 0.9804469273743016 0.990223463687151 22.62 0.31 
1.0 5.0 0.0586151312253593 0.0481354379270188 0.02 0.02 0.9969135802469133 0.9969135802469133 0.996913580246914 324.02 0.17 
0.0 17.0 0.7894866775585219 0.394743338779261 -0.0 0.0 1.0 1.0 1.0 0.0 0.0 
1.0 4.0 0.6673546279322191 0.624537899768753 0.08 0.18 0.9753424657534246 0.9753424657534246 0.975342465753425 422.73 0.6 
0.0 24.0 0.03836140891311494 0.0191807044565575 0.0 0.0 1.0 1.0 1.0 0.0 0.0 
1.0 5.0 0.028294027016483723 0.0141470135082419 -0.0 -0.0 1.0 1.0 1.0 0.0 0.0 
0.0 88.0 0.09826205653251838 0.382153889339648 0.14 0.25 0.8994845360824743 0.9097938144329896 0.904639175257732 326.22 1.0 
1.0 2.0 0.09137546664105897 0.302237383879781 0.05 0.1 0.36042402826855113 0.9681978798586572 0.664310954063604 475.4 0.08 
0.0 167.0 0.7547305887995075 0.377365294399754 -0.04 0.02 1.0 0.971786833855799 0.9858934169279 10.54 0.16 
1.0 7.0 0.050319038811679005 0.121108589652405 0.01 0.01 1.0 1.0 1.0 18.99 0.14 
0.0 13.0 0.6252530466827269 0.934137255430531 -0.01 0.09 1.0 1.0 1.0 135.64 0.01 
1.0 2.0 0.08578017223261401 0.042890086116307 0.0 0.0 1.0 1.0 1.0 0.0 0.0 
0.0 141.0 0.9099802582506228 0.454990129125311 0.0 -0.0 1.0 0.9969969969969968 0.998498498498498 0.0 0.0 
1.0 5.0 0.10357955035375177 0.0517897751768759 0.0 0.0 1.0 1.0 1.0 0.0 0.0 
0.0 49.0 0.14308054531628536 0.0715402726581427 -0.0 -0.0 1.0 0.96875 0.984375 0.0 0.0 
1.0 4.0 0.19094167440493315 0.0954708372024666 -0.0 -0.0 1.0 1.0 1.0 0.0 0.0 
0.0 2.0 -0.0 0.0 0.03 0.03 0.9955752212389378 0.9955752212389378 0.995575221238938 226.0 0.29 
1.0 3.0 0.914253887912842 0.771222403579663 0.19 0.26 1.0 1.0 1.0 338.73 1.41 
0.0 49.0 0.7794788427490477 0.49599385381456 0.05 0.07 1.0 0.9974226804123713 0.998711340206186 172.82 0.47 
1.0 3.0 0.2712510130456789 1.1361849772107 0.01 0.14 0.9972067039106144 0.9972067039106144 0.997206703910614 496.31 0.23 
0.0 165.0 0.02120257700397865 0.0106012885019893 -0.0 0.0 1.0 0.9968652037617554 0.998432601880878 0.0 0.0 
1.0 6.0 0.05539603510551136 0.0276980175527557 -0.0 0.0 1.0 0.9967105263157896 0.998355263157895 0.01 0.0 
0.0 7.0 -0.0 0.0 0.0 0.0 1.0 1.0 1.0 0.0 0.0 
1.0 4.0 0.04852865540608026 0.0378571152761176 -0.0 0.0 1.0 1.0 1.0 0.01 0.0 
0.0 0.0 0.061848503732346585 0.0618485037323466 -0.0 0.0 1.0 1.0 1.0 0.0 0.41 
1.0 6.0 0.0914736159053587 0.0563664894070791 -0.0 0.0 1.0 1.0 1.0 0.02 0.0 
0.0 9.0 0.7794788427490477 0.925010666899365 0.03 0.08 1.0 1.0 1.0 130.26 0.09 
1.0 6.0 0.6902921701654804 0.457260662086417 -0.02 0.04 0.9909638554216867 0.9969879518072285 0.993975903614458 121.4 0.08 
0.0 9.0 -0.0 0.0 -0.0 -0.0 1.0 1.0 1.0 0.0 0.0 
1.0 1.0 1.52382286384939 1.29135338206765 0.27 0.48 0.9972972972972972 0.9972972972972972 0.997297297297297 670.99 0.14 
0.0 114.0 0.210828475315056 0.156012652714427 -0.0 0.0 1.0 1.0 1.0 0.14 0.03 
1.0 7.0 0.060634473626361325 0.0398117604457037 -0.0 0.0 1.0 1.0 1.0 0.01 0.0 
0.0 23.0 0.0793921547963163 0.061842695186817 0.07 0.08 0.9805825242718446 0.9805825242718446 0.980582524271845 366.88 0.76 
1.0 1.0 0.24107466687909204 0.131934029991871 -0.0 0.0 1.0 1.0 1.0 0.05 0.01 
0.0 3.0 0.05762288789854216 0.117260695434418 0.06 0.13 0.9726775956284152 0.9781420765027322 0.975409836065574 366.03 0.85 
1.0 7.0 0.021034152610448338 0.0105170763052242 0.0 0.0 1.0 1.0 1.0 0.0 0.0 
0.0 1.0 0.036164585581436086 0.018082292790718 -0.0 -0.0 1.0 1.0 1.0 0.0 0.0 
1.0 1.0 -0.0 0.0 0.0 0.0 1.0 1.0 1.0 0.0 0.0 
0.0 33.0 -0.0 0.0 0.02 0.05 0.784256559766764 0.9679300291545188 0.876093294460641 41.31 0.61 
1.0 6.0 0.9339842147523802 0.627497431296124 -0.01 0.06 1.0 1.0 1.0 141.01 0.19 
0.0 17.0 0.18333112347374717 0.0916655617368736 0.0 0.0 1.0 0.9969604863221886 0.998480243161094 0.0 0.0 
1.0 6.0 0.5773540491432572 0.303663402088177 0.0 0.01 1.0 1.0 1.0 2.8 0.1 
0.0 167.0 0.059178583588216475 0.188439241267439 -0.02 0.02 1.0 0.8943298969072165 0.947164948453608 78.7 0.03 
1.0 5.0 0.476305553807033 0.251745564476594 -0.0 0.0 1.0 0.9957983193277314 0.997899159663866 0.13 0.02 
0.0 79.0 0.061848503732346585 0.0309242518661733 0.0 0.0 1.0 1.0 1.0 0.0 0.0 
1.0 2.0 0.347048052758321 0.173524026379161 0.07 0.08 0.984567901234568 0.984567901234568 0.984567901234568 324.0 0.48 
0.0 18.0 0.059954128784417776 0.0426313019798594 -0.0 0.0 1.0 0.9922779922779922 0.996138996138996 0.02 0.0 
1.0 2.0 0.795416396299481 1.05523495020362 0.07 0.31 1.0 1.0 1.0 399.27 0.76 
0.0 153.0 1.6348980298549605 0.81744901492748 -0.01 0.0 0.9972375690607737 0.9972375690607737 0.997237569060773 2.18 0.02 
1.0 7.0 0.01949491299435019 0.00974745649717509 0.02 0.02 1.0 0.9971590909090908 0.998579545454545 352.0 0.2 
0.0 190.0 0.0572068608923343 0.0286034304461672 0.0 -0.0 1.0 0.986784140969163 0.993392070484582 0.0 0.0 
1.0 5.0 0.7400730443032769 0.370036522151639 0.24 0.45 0.8333333333333331 0.8333333333333331 0.833333333333333 330.0 1.18 
0.0 71.0 0.8229610390544123 0.467596125988289 0.05 0.08 1.0 1.0 1.0 236.0 0.21 
1.0 3.0 0.5711490065340494 0.34913935174153 0.27 0.38 0.6775510204081633 0.7673469387755103 0.722448979591837 167.57 1.39 
0.0 74.0 0.07312811735619988 0.132236121448049 0.01 0.02 1.0 0.995967741935484 0.997983870967742 61.04 0.15 
1.0 3.0 0.131629170846096 0.065814585423048 0.08 0.08 0.9845201238390092 0.9845201238390092 0.984520123839009 323.0 0.6 
0.0 41.0 0.06325195083657176 0.0542821714831098 0.0 0.0 1.0 1.0 1.0 0.02 0.0 
1.0 4.0 0.01778057460097777 0.552294542495667 0.0 0.02 0.9974554707379136 0.9974554707379136 0.997455470737914 394.55 0.04 
0.0 54.0 0.1323170772230607 0.621638392290094 -0.0 0.03 1.0 1.0 1.0 15.92 0.06 
1.0 5.0 0.045105218435153915 0.197618408723777 0.32 0.65 0.5138339920948617 0.5217391304347826 0.517786561264822 245.31 1.8 
0.0 14.0 -0.0 0.0 0.0 0.0 1.0 1.0 1.0 0.0 0.0 
1.0 5.0 0.7467670671848305 0.927766464043701 0.09 0.57 1.0 1.0 1.0 291.69 1.25 
0.0 58.0 0.696576102069623 0.575716811272842 0.04 0.21 1.0 0.9650145772594751 0.982507288629738 173.14 1.49 
1.0 5.0 0.019734531618407967 0.0751725974848146 -0.0 0.0 1.0 1.0 1.0 0.03 0.0 
0.0 129.0 0.0289826220377761 0.0672961432860866 -0.0 0.0 1.0 0.99375 0.996875 0.02 0.0 
