1.0 5.0 2.017355397925815 1.65176672662507 0.08 0.54 0.9692307692307695 0.9743589743589745 0.971794871794872 1034.41 0.02 
0.0 125.0 0.3978647591522306 0.213347743855896 -0.0 0.0 1.0 1.0 1.0 0.12 0.02 
1.0 7.0 0.5930670720041876 0.374062086306481 0.02 0.15 0.9623188405797102 0.965217391304348 0.963768115942029 320.94 0.4 
0.0 123.0 0.1430319537999055 0.0715159768999528 -0.0 0.0 0.8956228956228957 0.9966329966329966 0.946127946127946 0.14 0.02 
1.0 5.0 0.0914736159053587 0.0457368079526793 0.0 0.0 1.0 1.0 1.0 0.0 0.0 
0.0 4.0 0.061848503732346585 0.169949701088375 -0.0 0.0 1.0 1.0 1.0 0.14 0.02 
1.0 3.0 0.9596522438610224 0.592918195481599 0.04 0.15 0.9671232876712328 0.9726027397260274 0.96986301369863 361.35 0.12 
0.0 65.0 0.7320792206803771 0.50894338498318 -0.05 0.02 0.9432989690721648 0.9974226804123713 0.970360824742268 13.69 0.01 
1.0 5.0 0.055893380003212575 0.0279466900016063 0.02 0.02 1.0 0.9973045822102424 0.998652291105121 371.0 0.19 
0.0 122.0 0.06002390931952181 0.209139010735878 -0.0 0.0 1.0 1.0 1.0 0.31 0.03 
1.0 6.0 -0.0 0.0 -0.0 -0.0 1.0 1.0 1.0 0.0 0.0 
0.0 2.0 -0.0 0.0 0.0 0.0 1.0 1.0 1.0 0.0 0.0 
1.0 2.0 0.09007038920131194 0.0713198577580253 -0.0 0.0 1.0 1.0 1.0 0.05 0.01 
0.0 177.0 0.787007043964789 0.407918886262175 0.01 0.01 1.0 1.0 1.0 3.74 0.09 
1.0 5.0 0.19296038752917383 0.161248548151029 -0.0 0.0 1.0 1.0 1.0 0.29 0.03 
0.0 111.0 -0.0 0.0 -0.0 -0.0 1.0 0.9965870307167234 0.998293515358362 0.0 0.0 
1.0 2.0 0.030457357557417006 0.0152286787787085 0.03 0.03 0.9952153110047846 0.9952153110047846 0.995215311004785 209.0 0.3 
0.0 5.0 -0.0 0.0 0.0 0.0 1.0 1.0 1.0 0.0 0.0 
1.0 4.0 0.08845126664967802 0.325422891706521 0.06 0.09 0.9776536312849162 0.9804469273743016 0.979050279329609 314.01 0.26 
0.0 30.0 0.07874352521823422 0.542448532494241 -0.01 0.02 1.0 0.9966555183946488 0.998327759197324 8.74 0.12 
1.0 0.0 0.045688389073983635 0.0456883890739836 -0.0 0.0 1.0 1.0 1.0 0.0 0.42 
0.0 156.0 0.02059871506110972 0.0205457843836669 -0.0 0.0 0.9909909909909907 0.9969969969969968 0.993993993993994 0.02 0.0 
1.0 1.0 0.6931425045526944 0.379583634597455 -0.01 0.0 1.0 1.0 1.0 1.0 0.01 
0.0 125.0 0.04754172800178546 0.0237708640008927 -0.0 -0.0 1.0 1.0 1.0 0.0 0.0 
1.0 5.0 0.038049545793566085 0.019024772896783 0.02 0.02 0.996875 0.996875 0.996875 320.0 0.19 
0.0 104.0 0.022152081921215285 0.0110760409606076 0.0 0.0 1.0 0.9967105263157896 0.998355263157895 0.0 0.0 
1.0 7.0 0.02376135312603553 0.0118806765630178 -0.0 -0.0 1.0 1.0 1.0 0.0 0.0 
0.0 3.0 0.06049829410230215 0.0604982941023021 -0.0 0.0 1.0 1.0 1.0 0.02 0.01 
1.0 0.0 -0.0 0.0 -0.0 0.0 0.9972375690607737 0.9972375690607737 0.997237569060773 0.0 0.2 
0.0 104.0 0.3270536257119778 0.163526812855989 -0.0 0.0 1.0 0.9870689655172414 0.993534482758621 0.23 0.03 
1.0 7.0 0.6128973406448402 0.387960485069603 -0.01 0.01 1.0 0.9890109890109888 0.994505494505495 1.61 0.19 
0.0 198.0 -0.0 0.0 0.0 0.01 0.9292035398230089 0.982300884955752 0.95575221238938 11.4 0.27 
1.0 2.0 0.027879870468395514 0.0139399352341978 0.0 0.0 1.0 0.9956896551724136 0.997844827586207 0.0 0.0 
0.0 45.0 0.07217776154617153 0.0360888807730858 -0.0 -0.0 1.0 1.0 1.0 0.0 0.0 
1.0 1.0 -0.0 0.0 -0.0 -0.0 1.0 1.0 1.0 0.0 0.0 
0.0 102.0 0.0898033804732823 0.189007385291656 -0.06 0.01 0.9400630914826498 0.996845425867508 0.968454258675079 1.76 0.14 
1.0 7.0 0.06687878438883882 0.32963642754083 0.29 0.52 1.0 0.7439353099730459 0.871967654986523 350.53 2.48 
0.0 250.0 0.28119813480372685 0.140599067401863 -0.01 0.01 0.8711340206185567 0.9974226804123713 0.934278350515464 3.28 0.23 
1.0 7.0 0.15890893855832144 0.0794544692791607 -0.0 -0.0 1.0 1.0 1.0 0.0 0.0 
0.0 130.0 0.6937267921060996 0.356682361507391 0.0 0.0 1.0 1.0 1.0 4.47 0.08 
1.0 3.0 1.5030902393192356 0.751545119659618 0.01 0.02 0.9972677595628417 0.9972677595628417 0.997267759562842 366.0 0.02 
0.0 11.0 0.7118386051816155 0.874450350362651 0.09 0.61 0.9865771812080536 0.9966442953020132 0.991610738255034 571.1 0.01 
1.0 0.0 0.027185575146154974 0.027185575146155 -0.0 0.0 1.0 1.0 1.0 0.0 0.27 
0.0 216.0 0.07896307715958502 0.0509114007637548 -0.01 0.0 0.9668874172185432 0.9834437086092715 0.975165562913907 0.35 0.04 
1.0 2.0 -0.0 0.0 0.0 0.0 1.0 1.0 1.0 0.0 0.0 
0.0 211.0 0.055740919119538684 0.0417596386460831 -0.0 0.0 1.0 0.9956896551724136 0.997844827586207 0.01 0.0 
1.0 6.0 -0.0 0.0 -0.0 -0.0 1.0 1.0 1.0 0.0 0.0 
0.0 89.0 0.4990900875858468 0.262282646966666 -0.01 0.0 1.0 0.9922779922779922 0.996138996138996 0.35 0.04 
1.0 7.0 0.028294027016483723 0.0141470135082419 -0.0 -0.0 1.0 1.0 1.0 0.0 0.0 
0.0 1.0 0.2882113901100298 0.154821542126258 0.03 0.04 0.9936908517350158 0.996845425867508 0.995268138801262 317.06 0.23 
1.0 3.0 0.019215460994747392 0.0096077304973737 -0.0 -0.0 1.0 1.0 1.0 0.0 0.0 
0.0 72.0 0.027982183645278484 0.0139910918226392 -0.0 0.0 0.9870689655172414 0.9913793103448276 0.989224137931034 0.04 0.01 
1.0 6.0 0.7118386051816155 0.378381484635587 -0.01 0.0 1.0 0.9865771812080536 0.993288590604027 1.86 0.01 
0.0 7.0 -0.0 0.0 0.0 0.0 1.0 1.0 1.0 0.0 0.0 
1.0 0.0 -0.0 0.0 -0.0 0.0 1.0 1.0 1.0 0.0 0.0 
0.0 89.0 0.06489622226875695 0.0507564758242346 -0.0 0.0 1.0 1.0 1.0 0.01 0.0 
1.0 6.0 0.0727705510930352 0.0363852755465176 0.0 0.0 1.0 1.0 1.0 0.0 0.0 
0.0 14.0 0.08104826118919567 0.0511823684899192 -0.0 0.0 1.0 0.996845425867508 0.998422712933754 0.02 0.0 
1.0 5.0 0.09137546664105897 0.0456877333205295 -0.0 -0.0 1.0 0.9681978798586572 0.984098939929329 0.0 0.0 
0.0 10.0 0.022090069599185986 0.011045034799593 0.0 0.0 1.0 1.0 1.0 0.0 0.0 
1.0 3.0 0.06500189380978766 0.0325009469048938 -0.0 -0.0 1.0 1.0 1.0 0.0 0.0 
0.0 7.0 0.6445490932262417 0.322274546613121 -0.0 0.0 1.0 1.0 1.0 0.0 0.0 
1.0 5.0 0.11198449260177885 0.0559922463008894 0.0 0.0 1.0 1.0 1.0 0.0 0.0 
0.0 7.0 0.8585818504987296 1.11315610872573 -0.0 0.27 1.0 1.0 1.0 159.37 0.11 
1.0 3.0 0.06765541026861041 0.0474204927073827 -0.0 0.0 1.0 1.0 1.0 0.01 0.0 
0.0 187.0 0.04296943623768491 0.0214847181188425 0.0 0.0 1.0 1.0 1.0 0.0 0.0 
1.0 6.0 -0.0 0.0 0.0 0.0 1.0 1.0 1.0 0.0 0.0 
0.0 31.0 0.06696740428735626 0.118096747683039 0.01 0.02 1.0 1.0 1.0 47.81 0.21 
1.0 7.0 0.8400485752832387 0.430218363226545 0.03 0.06 1.0 0.9910979228486648 0.995548961424332 369.79 0.16 
0.0 204.0 0.04049882608523513 0.0202494130426176 -0.0 0.0 0.9966329966329966 0.9966329966329966 0.996632996632997 0.01 0.0 
1.0 4.0 0.5458278442333655 1.27928244456051 0.21 0.55 0.628491620111732 0.6703910614525139 0.649441340782123 331.06 0.44 
0.0 285.0 0.03661672937971218 0.0183083646898561 -0.0 -0.0 1.0 1.0 1.0 0.0 0.0 
1.0 1.0 -0.0 0.0 -0.0 -0.0 1.0 1.0 1.0 0.0 0.0 
0.0 89.0 0.4540115915195649 0.345208338673128 -0.02 0.01 1.0 1.0 1.0 3.19 0.2 
1.0 5.0 0.019980547724361777 0.097908600613467 -0.0 0.0 1.0 1.0 1.0 0.04 0.01 
0.0 59.0 0.02178550616680388 0.0108927530834019 0.0 0.0 1.0 1.0 1.0 0.0 0.0 
1.0 4.0 0.020705755081089284 0.0207057550810893 -0.0 0.0 1.0 1.0 1.0 0.0 0.0 
0.0 120.0 0.19267620766013585 0.765931620034886 -0.07 0.06 1.0 0.940721649484536 0.970360824742268 69.03 0.08 
1.0 3.0 0.42478094256309645 0.271823817096049 0.0 0.03 1.0 1.0 1.0 123.54 0.13 
0.0 5.0 0.09137546664105897 0.0456877333205295 -0.0 -0.0 1.0 0.9681978798586572 0.984098939929329 0.0 0.0 
1.0 2.0 0.4615864564112995 0.999356018898977 0.08 0.21 0.9886363636363636 0.9886363636363636 0.988636363636364 504.48 0.37 
0.0 191.0 0.07896307715958502 0.105640077191323 -0.01 0.0 1.0 0.9834437086092715 0.991721854304636 0.22 0.03 
1.0 1.0 0.03865721594315093 0.0193286079715755 -0.0 -0.0 1.0 1.0 1.0 0.0 0.0 
0.0 99.0 0.08965960690855387 0.0448298034542769 0.0 0.0 1.0 1.0 1.0 0.0 0.0 
1.0 1.0 0.5259944016150062 0.341353177153578 0.0 0.04 0.9944134078212288 0.9944134078212288 0.994413407821229 361.56 0.07 
0.0 107.0 0.7756467599439204 0.452964277072262 0.01 0.03 1.0 1.0 1.0 109.6 0.07 
1.0 7.0 0.5292626842151888 0.527797379602209 0.09 0.2 0.96875 0.96875 0.96875 563.04 0.31 
0.0 112.0 0.2712510130456789 0.670177630345128 0.05 0.12 0.9804469273743016 0.9972067039106144 0.988826815642458 203.01 0.72 
1.0 4.0 0.050001481268190935 0.0428169699009783 0.04 0.04 0.9898477157360402 0.9923857868020304 0.991116751269036 294.76 0.36 
0.0 80.0 0.07217776154617153 0.0565107397047863 -0.0 0.0 1.0 1.0 1.0 0.03 0.01 
1.0 5.0 0.023266578733959636 0.0116332893669798 -0.0 -0.0 1.0 1.0 1.0 0.0 0.0 
0.0 116.0 0.022214468734433918 0.011107234367217 -0.0 -0.0 1.0 0.9292307692307694 0.964615384615385 0.0 0.0 
1.0 2.0 -0.0 0.0 -0.0 -0.0 1.0 1.0 1.0 0.0 0.0 
0.0 4.0 0.953235176620348 0.488644771415585 -0.0 0.0 1.0 1.0 1.0 1.6 0.02 
1.0 0.0 0.020923452826532903 0.0209234528265329 -0.0 0.0 1.0 1.0 1.0 0.0 0.23 
0.0 171.0 -0.0 0.0 -0.0 -0.0 1.0 1.0 1.0 0.0 0.0 
1.0 7.0 -0.0 0.0 -0.0 -0.0 1.0 1.0 1.0 0.0 0.0 
0.0 148.0 0.7794788427490477 0.772182976018435 -0.09 0.08 1.0 0.9072164948453608 0.95360824742268 44.44 0.64 
1.0 1.0 -0.0 0.0 0.0 0.0 1.0 1.0 1.0 0.0 0.0 
0.0 39.0 0.1559698344405587 0.0779849172202793 -0.0 0.0 1.0 1.0 1.0 0.0 0.0 
1.0 6.0 0.8792724601879401 0.43963623009397 -0.0 0.0 1.0 1.0 1.0 0.0 0.0 
0.0 20.0 0.03836140891311494 0.0329695534157325 -0.0 0.0 1.0 1.0 1.0 0.0 0.0 
1.0 1.0 -0.0 0.0 -0.0 -0.0 1.0 1.0 1.0 0.0 0.0 
0.0 12.0 0.06702666903787406 0.575480738629596 -0.0 0.01 1.0 1.0 1.0 13.4 0.03 
1.0 0.0 1.562105399487211 1.56210539948721 -0.48 0.0 0.991957104557641 0.991957104557641 0.991957104557641 0.0 1.13 
0.0 151.0 0.03765574462867824 0.102996023212445 -0.0 0.0 1.0 0.9969135802469133 0.998456790123457 0.13 0.02 
1.0 5.0 0.3030117818551316 0.151505890927566 0.07 0.08 0.982300884955752 0.982300884955752 0.982300884955752 291.07 0.66 
0.0 9.0 -0.0 0.0 -0.0 -0.0 1.0 1.0 1.0 0.0 0.0 
1.0 1.0 0.03833165284668794 0.019165826423344 0.0 0.0 1.0 1.0 1.0 0.0 0.0 
0.0 198.0 0.3102741465416358 0.267251650274495 0.0 0.02 1.0 0.9909638554216867 0.995481927710843 16.56 0.11 
1.0 3.0 0.02390689630310245 0.0119534481515512 0.01 0.02 1.0 0.9963898916967509 0.998194945848375 277.0 0.25 
0.0 552.0 0.0754150149140886 0.172731526229576 -0.0 0.0 1.0 0.9958333333333332 0.997916666666667 0.29 0.04 
1.0 2.0 0.09275633717779637 0.0463781685888982 0.09 0.11 0.9779874213836478 0.9779874213836478 0.977987421383648 318.0 0.93 
0.0 46.0 0.08591550133466311 0.273506343730966 0.1 0.18 0.9387755102040818 0.9632653061224488 0.951020408163265 210.5 1.05 
1.0 7.0 0.039952520724972435 0.0199762603624862 0.0 0.0 1.0 1.0 1.0 0.0 0.0 
0.0 38.0 0.04004863019043305 0.0200243150952165 -0.0 -0.0 1.0 1.0 1.0 0.0 0.0 
1.0 7.0 0.12005001541240938 0.11105376265107 -0.0 0.0 1.0 1.0 1.0 0.16 0.02 
0.0 153.0 0.3393594232485059 0.169679711624253 -0.02 0.01 0.8711340206185567 0.9974226804123713 0.934278350515464 3.95 0.25 
1.0 7.0 0.8359334027148267 0.550425945847412 0.07 0.09 0.990625 0.99375 0.9921875 256.17 0.33 
0.0 26.0 -0.0 0.0 0.0 0.0 1.0 1.0 1.0 0.0 0.0 
1.0 5.0 0.2361365284781126 0.22743730393549 -0.01 0.0 0.9901315789473684 0.9967105263157896 0.993421052631579 0.99 0.09 
0.0 126.0 0.8792724601879401 0.990138687191484 -0.06 0.14 1.0 0.997134670487106 0.998567335243553 135.54 0.06 
1.0 2.0 0.02757769791835 0.013788848959175 0.0 0.0 1.0 1.0 1.0 0.0 0.0 
0.0 66.0 0.022090069599185986 0.011045034799593 0.0 0.0 1.0 1.0 1.0 0.0 0.0 
1.0 3.0 -0.0 0.0 0.0 0.0 1.0 1.0 1.0 0.0 0.0 
0.0 75.0 0.05475477169621643 0.254383181607891 -0.0 0.0 1.0 1.0 1.0 0.36 0.03 
1.0 0.0 0.060891489457790514 0.0608914894577905 -0.0 0.0 1.0 1.0 1.0 0.0 0.49 
0.0 10.0 0.09933462788812271 0.0862313726221613 -0.0 0.0 1.0 1.0 1.0 0.05 0.01 
1.0 2.0 1.4133183550562096 1.29335899554478 0.07 0.58 1.0 1.0 1.0 529.43 0.11 
0.0 21.0 0.055740919119538684 0.0438795393792865 0.01 0.02 0.8448275862068965 0.9956896551724136 0.920258620689655 11.16 0.21 
1.0 2.0 0.04439848702821478 0.0221992435141074 0.0 0.0 1.0 1.0 1.0 0.0 0.0 
0.0 112.0 0.04524949730111543 0.0226247486505577 -0.0 0.0 0.9628252788104088 0.9962825278810408 0.979553903345725 0.05 0.01 
1.0 7.0 0.5744285255541567 0.91957641570066 0.03 0.17 0.9761194029850744 0.9761194029850744 0.976119402985075 419.91 0.02 
0.0 97.0 0.09826205653251838 0.143642745112181 0.15 0.21 0.8994845360824743 0.9149484536082472 0.907216494845361 281.06 1.71 
1.0 1.0 0.06506264053338344 0.0325313202666917 0.0 0.0 1.0 1.0 1.0 0.0 0.0 
0.0 66.0 -0.0 0.0 0.0 0.0 1.0 0.9941520467836256 0.997076023391813 0.0 0.0 
1.0 3.0 0.018855917943417073 0.00942795897170854 0.05 0.05 0.9865229110512128 0.9892183288409704 0.987870619946092 295.99 0.61 
0.0 138.0 1.0850176745436848 0.542508837271842 0.0 -0.0 1.0 0.8385964912280703 0.919298245614035 0.0 0.0 
1.0 4.0 0.022661961093811658 0.0226619610938117 0.29 0.33 0.9049079754601228 0.9049079754601228 0.904907975460123 652.0 2.16 
0.0 102.0 0.19765913736613375 0.649939179920953 0.16 0.31 0.8994845360824743 0.9072164948453608 0.903350515463918 479.36 0.57 
