1.0 7.0 0.03926246529005594 0.0987010397847324 0.02 0.03 0.9956331877729256 0.9956331877729256 0.995633187772926 229.03 0.19 
0.0 207.0 0.6274370336771098 0.324319805340544 -0.0 0.0 1.0 0.9968652037617554 0.998432601880878 0.48 0.02 
1.0 0.0 1.3391870324096355 1.33918703240964 -0.31 0.0 1.0 1.0 1.0 0.0 0.79 
0.0 223.0 0.08853099300531124 0.0442654965026556 -0.0 0.0 1.0 0.971786833855799 0.9858934169279 0.15 0.02 
1.0 3.0 0.3083727042963771 0.154186352148188 -0.0 -0.0 1.0 1.0 1.0 0.0 0.0 
0.0 92.0 0.3584875426949414 0.857826924669218 -0.03 0.07 0.9973958333333331 0.9973958333333331 0.997395833333333 82.16 0.27 
1.0 3.0 0.04392359467299709 0.1603119470259 0.04 0.04 1.0 1.0 1.0 612.0 0.36 
0.0 37.0 0.022214468734433918 0.0946579161311307 -0.0 0.0 1.0 1.0 1.0 0.04 0.01 
1.0 7.0 1.8357722187453 1.63872861688347 0.01 0.34 0.9346590909090908 0.9943181818181815 0.964488636363636 563.2 0.05 
0.0 104.0 0.023405674664599526 0.123479949355184 -0.0 0.0 1.0 1.0 1.0 0.04 0.01 
1.0 5.0 0.04839413782818702 0.0362989701100326 0.02 0.02 0.9963503649635038 0.9963503649635038 0.996350364963504 274.01 0.2 
0.0 38.0 0.2965102655998246 0.21178841799031 -0.03 0.03 1.0 0.7447552447552448 0.872377622377622 10.27 0.54 
1.0 6.0 0.4069858465797981 0.275825355362232 -0.0 0.0 1.0 1.0 1.0 0.35 0.0 
0.0 2.0 -0.0 0.0 -0.0 -0.0 1.0 1.0 1.0 0.0 0.0 
1.0 5.0 0.4117033751863163 0.376903780095535 0.11 0.15 0.9723502304147464 0.976958525345622 0.974654377880184 260.79 0.5 
0.0 19.0 0.020233227837119512 0.097664415422094 0.01 0.01 0.9825072886297378 0.9970845481049562 0.989795918367347 56.49 0.09 
1.0 5.0 0.0586151312253593 0.0293075656126797 0.02 0.02 0.9969135802469133 0.9969135802469133 0.996913580246914 324.0 0.21 
0.0 1.0 0.06795125375562225 0.0453066074247169 0.0 0.0 1.0 1.0 1.0 0.01 0.0 
1.0 3.0 0.03775336847879649 0.0188766842393982 -0.0 -0.0 1.0 1.0 1.0 0.0 0.0 
0.0 41.0 0.055740919119538684 0.0417596386460831 0.03 0.03 1.0 0.9956896551724136 0.997844827586207 232.0 0.26 
1.0 0.0 0.020923452826532903 0.0209234528265329 -0.0 0.0 1.0 1.0 1.0 0.0 0.23 
0.0 39.0 0.9154010612316814 0.468416377687083 -0.02 0.01 0.981072555205047 0.9936908517350158 0.987381703470032 5.86 0.04 
1.0 6.0 0.09676034952812122 0.0681305967883259 0.0 0.0 1.0 1.0 1.0 0.04 0.01 
0.0 90.0 0.0904388751185517 0.0776675486936543 0.02 0.02 1.0 0.994011976047904 0.997005988023952 26.66 0.25 
1.0 4.0 0.582038460656839 0.414881932547163 0.24 0.28 0.9244604316546762 0.9244604316546762 0.924460431654676 287.48 1.03 
0.0 345.0 0.9212855164250124 0.788387026359701 -0.09 0.09 1.0 0.6630434782608695 0.831521739130435 45.36 0.0 
1.0 4.0 0.4610526110782932 0.322783893376075 -0.0 0.01 1.0 1.0 1.0 5.67 0.26 
0.0 65.0 0.09420498859979856 0.0568736629142983 -0.0 0.0 1.0 1.0 1.0 0.02 0.0 
1.0 1.0 0.04578717482093773 0.7103479348736 0.01 0.03 0.9973958333333331 0.9973958333333331 0.997395833333333 397.59 0.02 
0.0 395.0 0.08957802666754391 0.044789013333772 0.0 0.0 1.0 1.0 1.0 0.0 0.0 
1.0 6.0 -0.0 0.0 0.07 0.08 0.9847560975609758 0.9847560975609758 0.984756097560976 328.0 0.8 
0.0 369.0 0.02581585215487724 0.0751441730692261 -0.0 0.0 1.0 0.5138339920948617 0.756916996047431 1.0 0.04 
1.0 0.0 0.17356895352175472 0.173568953521755 -0.0 0.0 1.0 1.0 1.0 0.0 1.7 
0.0 255.0 0.6359689346369413 0.529342319857331 -0.01 0.03 1.0 0.9808917197452226 0.990445859872611 15.74 0.64 
1.0 6.0 0.6905732476717221 1.11718185004589 0.02 0.47 0.989795918367347 0.9948979591836736 0.99234693877551 475.3 0.07 
0.0 258.0 0.03907411550489949 0.0195370577524497 0.0 0.0 1.0 1.0 1.0 0.0 0.0 
1.0 6.0 1.061273154006304 0.530636577003152 0.04 0.05 0.9865229110512128 0.9892183288409704 0.987870619946092 295.99 0.13 
0.0 1.0 0.9848735565226934 0.741519546074523 0.09 0.2 0.9968152866242038 0.9968152866242038 0.996815286624204 428.02 1.07 
1.0 5.0 0.05594538109009752 0.0419126257792465 0.05 0.05 0.9913793103448276 0.9956896551724136 0.993534482758621 347.5 0.48 
0.0 118.0 0.08591550133466311 0.0429577506673315 0.0 -0.0 1.0 0.9632653061224488 0.981632653061224 0.0 0.0 
1.0 2.0 -0.0 0.0 0.0 -0.0 1.0 0.9963898916967509 0.998194945848375 0.0 0.0 
0.0 53.0 0.024279270493060005 0.01213963524653 0.0 0.0 1.0 1.0 1.0 0.0 0.0 
1.0 3.0 0.09244359525217268 0.0462217976260863 -0.0 -0.0 1.0 1.0 1.0 0.0 0.0 
0.0 1.0 0.11079108669504051 0.0553955433475202 0.11 0.15 0.9661654135338344 0.9661654135338344 0.966165413533835 266.0 1.04 
1.0 0.0 -0.0 0.0 -0.0 0.0 1.0 1.0 1.0 0.0 0.0 
0.0 529.0 0.0868001863622652 0.0434000931811326 0.0 0.0 1.0 1.0 1.0 0.0 0.0 
1.0 3.0 0.1888272419192105 0.875466320703211 0.04 0.13 0.9892761394101875 0.991957104557641 0.990616621983914 543.38 0.14 
0.0 196.0 0.021034152610448338 0.0105170763052242 -0.0 -0.0 1.0 0.9817073170731708 0.990853658536585 0.0 0.0 
1.0 7.0 0.06049829410230215 0.535509667389474 -0.0 0.01 1.0 1.0 1.0 4.67 0.16 
0.0 87.0 0.028085307477329197 0.0140426537386646 -0.0 0.0 1.0 0.9870689655172414 0.993534482758621 0.0 0.0 
1.0 4.0 0.628958935441617 0.460065492802954 -0.01 0.02 1.0 1.0 1.0 15.96 0.11 
0.0 18.0 0.036164585581436086 0.169588183718284 -0.0 0.0 1.0 0.982300884955752 0.991150442477876 0.17 0.02 
1.0 5.0 0.027185575146154974 0.0135927875730775 0.0 0.0 1.0 1.0 1.0 0.0 0.0 
0.0 3.0 0.08578017223261401 0.0571968061607767 0.0 0.0 1.0 1.0 1.0 0.01 0.0 
1.0 1.0 1.3571663066434942 0.731134942913349 0.03 0.07 0.9973958333333331 0.9973958333333331 0.997395833333333 865.08 0.12 
0.0 10.0 -0.0 0.0 0.0 0.0 1.0 1.0 1.0 0.0 0.0 
1.0 0.0 -0.0 0.0 -0.0 0.0 0.9957081545064378 0.9957081545064378 0.995708154506438 0.0 0.27 
0.0 416.0 0.09826205653251838 0.249229892731834 -0.06 0.03 0.8711340206185567 0.8994845360824743 0.885309278350515 43.47 0.18 
1.0 5.0 0.020492853706224064 0.010246426853112 0.13 0.14 0.9679300291545188 0.9679300291545188 0.967930029154519 343.0 1.2 
0.0 37.0 0.13262432766769944 0.0663121638338497 0.0 0.0 1.0 1.0 1.0 0.0 0.0 
1.0 2.0 0.6573879873908814 0.328693993695441 -0.0 0.0 1.0 1.0 1.0 0.0 0.0 
0.0 1.0 -0.0 0.0 0.02 0.02 0.9971098265895952 0.9971098265895952 0.997109826589595 346.0 0.25 
1.0 1.0 0.02450873730849492 0.0245087373084949 0.01 0.02 0.9962962962962962 0.9962962962962962 0.996296296296296 270.0 0.24 
0.0 34.0 0.7387103130230372 0.369355156511519 -0.0 0.0 1.0 1.0 1.0 0.0 0.0 
1.0 2.0 0.7240947709799731 0.982460422347482 0.15 0.67 0.9385964912280702 0.9385964912280702 0.93859649122807 597.48 0.21 
0.0 106.0 0.2882113901100298 0.21012605043862 -0.07 0.02 0.8832807570977917 0.996845425867508 0.94006309148265 81.42 0.14 
1.0 6.0 -0.0 0.0 0.0 0.0 1.0 1.0 1.0 0.0 0.0 
0.0 132.0 0.08068769483073149 0.0403438474153657 -0.0 0.0 0.9876160990712074 0.9969040247678018 0.992260061919505 0.03 0.0 
1.0 7.0 0.08957802666754391 0.253020879835347 0.0 0.0 1.0 1.0 1.0 0.87 0.07 
0.0 85.0 0.03865721594315093 0.0301027358350091 -0.0 0.0 1.0 1.0 1.0 0.01 0.0 
1.0 2.0 -0.0 0.0 -0.0 -0.0 1.0 1.0 1.0 0.0 0.0 
0.0 127.0 0.06961268786108545 0.0348063439305427 -0.0 -0.0 1.0 0.9938271604938274 0.996913580246914 0.0 0.0 
1.0 1.0 0.017741822561726052 0.0606606864577389 -0.0 0.0 1.0 1.0 1.0 0.02 0.0 
0.0 28.0 0.5643495367034677 0.300555638284089 -0.0 0.01 0.9973544973544972 0.9973544973544972 0.997354497354497 8.82 0.05 
1.0 7.0 -0.0 0.0 0.11 0.11 0.977077363896848 0.977077363896848 0.977077363896848 349.0 1.14 
0.0 54.0 0.1282515456508785 0.651896111357393 -0.02 0.06 1.0 0.8177083333333331 0.908854166666667 53.41 0.04 
1.0 2.0 0.05539603510551136 0.0387430523523487 -0.0 0.0 1.0 1.0 1.0 0.01 0.0 
0.0 132.0 0.8024684613025314 0.401234230651266 0.0 0.0 0.9945652173913044 0.9945652173913044 0.994565217391304 1.25 0.02 
1.0 2.0 0.3665053293883657 0.291595596882987 0.07 0.13 0.9747634069400634 0.9779179810725552 0.976340694006309 711.54 0.74 
0.0 188.0 0.024822040210269496 0.0124110201051347 -0.0 0.0 0.9888059701492536 0.9962686567164178 0.992537313432836 0.02 0.0 
1.0 1.0 0.05553805678555587 0.0416582074790917 0.03 0.03 1.0 1.0 1.0 232.0 0.26 
0.0 181.0 0.19348231132991175 0.0967411556649559 -0.0 0.0 1.0 1.0 1.0 0.0 0.0 
1.0 2.0 0.04852865540608026 0.565446854674507 0.02 0.03 1.0 1.0 1.0 77.99 0.17 
0.0 128.0 0.04708051459985158 0.0397710292858132 -0.0 0.0 1.0 1.0 1.0 0.01 0.0 
1.0 1.0 0.5262381232425133 0.263119061621257 -0.0 0.0 1.0 1.0 1.0 0.0 0.0 
0.0 17.0 0.1718560268772759 0.085928013438638 0.0 0.0 1.0 1.0 1.0 0.0 0.0 
1.0 4.0 0.7387103130230372 0.435200934777727 0.05 0.06 1.0 1.0 1.0 55.83 0.54 
0.0 479.0 0.02131647579064265 0.674243553871568 0.01 0.02 1.0 0.9968553459119496 0.998427672955975 20.85 0.09 
1.0 6.0 0.12070109643414505 0.648120886749026 -0.01 0.0 1.0 1.0 1.0 3.18 0.01 
0.0 202.0 0.7320792206803771 0.619751484934774 0.05 0.15 1.0 0.9432989690721648 0.971649484536082 123.16 1.04 
1.0 4.0 0.08212106930523713 0.0655439627374196 0.06 0.06 1.0 0.9944134078212288 0.997206703910614 323.38 0.64 
0.0 103.0 0.6274370336771098 0.313718516838555 0.0 -0.0 1.0 0.9968652037617554 0.998432601880878 0.0 0.0 
1.0 5.0 0.05840626493337912 0.0408710846399929 0.14 0.17 0.9595959595959596 0.9595959595959596 0.95959595959596 297.01 1.39 
0.0 5.0 0.020705755081089284 0.0103528775405446 -0.0 -0.0 1.0 1.0 1.0 0.0 0.0 
1.0 0.0 0.04869773529126096 0.048697735291261 -0.0 0.0 0.9957983193277314 0.9957983193277314 0.995798319327731 0.0 0.64 
0.0 160.0 0.09242652130229471 0.0462132606511474 0.0 0.0 1.0 1.0 1.0 0.0 0.0 
1.0 7.0 0.05064557459684865 0.0253227872984243 -0.0 -0.0 1.0 1.0 1.0 0.0 0.0 
0.0 5.0 0.08177127940433396 0.0538805764681354 0.04 0.05 0.9920948616600794 0.9920948616600794 0.992094861660079 253.02 0.35 
1.0 2.0 0.030457357557417006 0.0152286787787085 0.03 0.03 0.9952153110047846 0.9952153110047846 0.995215311004785 209.0 0.3 
0.0 3.0 0.5988648945735348 0.40849026560526 0.36 0.48 0.8458333333333332 0.8916666666666668 0.86875 543.07 2.47 
1.0 5.0 0.33095312557948003 0.230042168089945 0.02 0.02 1.0 1.0 1.0 59.06 0.26 
0.0 13.0 0.7427096949022739 0.371354847451137 -0.0 0.0 1.0 0.9904458598726114 0.995222929936306 0.0 0.0 
1.0 3.0 0.20585922125276196 0.157601634221546 0.01 0.02 0.9973958333333331 0.9973958333333331 0.997395833333333 384.38 0.06 
0.0 13.0 0.02059871506110972 0.0724247762253703 -0.0 0.0 1.0 0.9909909909909907 0.995495495495496 0.11 0.01 
1.0 0.0 0.09338697037523398 0.093386970375234 -0.0 0.0 0.993939393939394 0.993939393939394 0.993939393939394 0.0 0.84 
0.0 252.0 0.03201815963903439 0.0160090798195172 -0.0 0.0 1.0 0.8448275862068965 0.922413793103448 0.0 0.0 
1.0 1.0 0.5243535929883677 0.338089917908632 0.03 0.05 0.9972144846796656 0.9972144846796656 0.997214484679666 386.2 0.38 
0.0 257.0 1.0705073439542911 0.535253671977146 -0.05 0.02 1.0 0.9163636363636364 0.958181818181818 7.28 0.3 
1.0 5.0 0.027778358172627568 0.0138891790863138 0.0 0.0 1.0 1.0 1.0 0.0 0.0 
0.0 781.0 0.6750708230780188 0.33753541153901 0.0 0.0 1.0 1.0 1.0 0.0 0.0 
1.0 0.0 0.3030117818551316 0.303011781855132 -0.05 0.0 0.982300884955752 0.982300884955752 0.982300884955752 0.0 2.49 
0.0 6.0 -0.0 0.0 -0.0 -0.0 1.0 1.0 1.0 0.0 0.0 
1.0 1.0 0.061848503732346585 0.0309242518661733 0.0 0.0 1.0 1.0 1.0 0.0 0.0 
0.0 15.0 1.4480453751443052 0.724022687572153 -0.0 0.0 0.9941002949852508 0.9970501474926252 0.995575221238938 3.25 0.02 
1.0 3.0 0.0697628876274182 0.298512326849032 -0.01 0.0 1.0 1.0 1.0 0.86 0.07 
0.0 106.0 0.3270536257119778 0.163526812855989 -0.0 0.0 1.0 1.0 1.0 0.0 0.0 
1.0 2.0 0.5661954279814504 0.478739639798251 0.25 0.62 0.8675078864353312 0.8675078864353312 0.867507886435331 701.14 2.78 
0.0 152.0 0.8664601284276787 1.43959858665767 -0.02 0.21 0.628491620111732 0.9944134078212288 0.81145251396648 358.68 0.17 
1.0 1.0 0.01963793090868197 0.00981896545434099 0.0 0.0 1.0 1.0 1.0 0.0 0.0 
0.0 211.0 0.4761414557722609 0.23807072788613 0.0 -0.0 1.0 0.9163636363636364 0.958181818181818 0.0 0.0 
1.0 7.0 0.09206631061558694 0.195034355775216 0.01 0.03 0.9863387978142077 0.9890710382513662 0.987704918032787 163.24 0.19 
0.0 135.0 0.3989452854299125 0.276351900537826 -0.01 0.0 1.0 0.989247311827957 0.994623655913978 1.0 0.01 
1.0 4.0 -0.0 0.0 0.0 0.0 1.0 1.0 1.0 0.0 0.0 
0.0 69.0 0.7445555330020763 0.738317376841227 -0.03 0.08 0.9432989690721648 0.9974226804123713 0.970360824742268 116.16 0.43 
1.0 7.0 -0.0 0.0 -0.0 -0.0 1.0 1.0 1.0 0.0 0.0 
0.0 32.0 0.05741792303006031 0.0287089615150302 0.0 0.0 1.0 1.0 1.0 0.0 0.0 
1.0 2.0 0.02398038796966051 0.0119901939848302 -0.0 -0.0 1.0 1.0 1.0 0.0 0.0 
0.0 49.0 0.03641887534057641 0.0313372802142503 -0.0 0.0 1.0 1.0 1.0 0.0 0.0 
1.0 2.0 0.13876938584199588 0.0693846929209979 -0.0 -0.0 1.0 1.0 1.0 0.0 0.0 
0.0 251.0 0.5885447830548003 0.2942723915274 -0.0 0.0 0.9897610921501706 0.9965870307167234 0.993174061433447 0.22 0.02 
1.0 4.0 0.017819508174010512 0.0178195081740105 0.04 0.04 0.9923857868020304 0.9923857868020304 0.99238578680203 394.0 0.46 
0.0 7.0 0.5292626842151888 0.527797379602209 0.09 0.2 0.96875 0.96875 0.96875 563.04 0.31 
1.0 7.0 0.018989047265046067 0.100810412340749 0.11 0.12 0.9731182795698926 0.9758064516129032 0.974462365591398 372.0 0.96 
0.0 42.0 0.6452750205454816 0.322637510272741 0.0 0.01 0.9802631578947366 0.9967105263157896 0.988486842105263 3.28 0.13 
1.0 4.0 -0.0 0.0 0.06 0.07 0.9870689655172414 0.9870689655172414 0.987068965517241 232.0 0.66 
0.0 150.0 0.18333112347374717 0.180221155522416 0.01 0.02 1.0 0.9969604863221886 0.998480243161094 164.45 0.05 
1.0 5.0 0.045105218435153915 0.197618408723777 0.32 0.65 0.5138339920948617 0.5217391304347826 0.517786561264822 245.31 1.8 
0.0 20.0 0.041376510935953376 0.0206882554679767 0.0 0.0 1.0 1.0 1.0 0.0 0.0 
1.0 2.0 0.9339842147523802 0.584816678610232 0.0 0.04 1.0 1.0 1.0 125.46 0.02 
0.0 153.0 1.6348980298549605 0.81744901492748 -0.01 0.0 0.9972375690607737 0.9972375690607737 0.997237569060773 2.18 0.02 
