1.0 6.0 0.09676034952812122 0.0681305967883259 0.0 0.0 1.0 1.0 1.0 0.04 0.01 
0.0 55.0 0.045105218435153915 0.0356804517615391 -0.03 0.02 0.5138339920948617 0.9802371541501976 0.74703557312253 6.32 0.14 
1.0 1.0 1.301893331738055 1.28502554276549 0.11 0.56 0.9933333333333332 0.9933333333333332 0.993333333333333 777.43 0.16 
0.0 251.0 -0.0 0.0 -0.0 -0.0 1.0 0.996875 0.9984375 0.0 0.0 
1.0 6.0 0.9125867655764234 0.540531552347024 0.01 0.03 0.9973544973544972 0.9973544973544972 0.997354497354497 399.04 0.05 
0.0 222.0 0.02097864624030526 0.0209786462403053 -0.0 0.0 1.0 1.0 1.0 0.0 0.0 
1.0 1.0 0.9547866641040146 0.762748167467601 -0.03 0.07 1.0 1.0 1.0 49.29 0.11 
0.0 5.0 0.059954128784417776 0.0554446710121949 0.01 0.01 0.9922779922779922 0.9922779922779922 0.992277992277992 63.77 0.19 
1.0 7.0 0.7353576859029652 1.15893051155897 0.09 0.79 0.8993055555555556 0.9305555555555556 0.914930555555556 498.04 0.39 
0.0 116.0 0.09685065652160472 0.0699100463796448 -0.0 0.0 1.0 1.0 1.0 0.03 0.01 
1.0 2.0 0.022214468734433918 0.011107234367217 -0.0 -0.0 1.0 1.0 1.0 0.0 0.0 
0.0 432.0 0.777296027024073 0.388648013512036 -0.11 0.05 0.8711340206185567 0.8994845360824743 0.885309278350515 27.02 0.63 
1.0 1.0 0.023266578733959636 0.0232665787339596 -0.0 0.0 1.0 1.0 1.0 0.0 0.0 
0.0 10.0 2.01273704488766 1.00636852244383 0.0 -0.0 1.0 0.628491620111732 0.814245810055866 0.0 0.0 
1.0 4.0 0.4402819112593236 0.324590834173426 0.02 0.02 1.0 1.0 1.0 20.54 0.6 
0.0 6.0 0.02625568508792424 0.0262556850879242 0.0 0.0 1.0 1.0 1.0 0.0 0.0 
1.0 4.0 0.05454707858712547 0.0272735392935627 0.11 0.13 0.97119341563786 0.9753086419753086 0.973251028806584 243.0 1.05 
0.0 292.0 0.0693153717009415 0.0346576858504707 0.0 0.0 1.0 0.9956896551724136 0.997844827586207 0.0 0.0 
1.0 4.0 0.7444566706707163 0.372228335335358 0.02 0.02 0.9970501474926252 0.9970501474926252 0.997050147492625 339.0 0.06 
0.0 165.0 -0.0 0.0 -0.0 0.0 1.0 0.9132653061224488 0.956632653061224 0.0 0.0 
1.0 2.0 -0.0 0.0 0.0 -0.0 1.0 0.9963898916967509 0.998194945848375 0.0 0.0 
0.0 215.0 -0.0 0.0 -0.0 -0.0 1.0 1.0 1.0 0.0 0.0 
1.0 7.0 0.340789061758103 0.170394530879051 0.0 0.0 1.0 1.0 1.0 0.0 0.0 
0.0 82.0 0.9906696414695386 0.495334820734769 -0.01 0.01 0.8654970760233917 0.9912280701754383 0.928362573099415 7.54 0.04 
1.0 5.0 0.7467670671848305 0.927766464043701 0.09 0.57 1.0 1.0 1.0 291.69 1.25 
0.0 409.0 1.1594844428509845 1.12034275017826 0.05 0.4 0.8808139534883722 0.9825581395348836 0.931686046511628 485.83 0.75 
1.0 3.0 0.16540542161065488 0.134065519790721 0.01 0.03 1.0 0.6165413533834586 0.808270676691729 90.7 0.09 
0.0 9.0 0.02625568508792424 0.0262556850879242 -0.0 0.0 1.0 1.0 1.0 0.0 0.0 
1.0 0.0 0.2767002993788032 0.276700299378803 -0.01 0.0 1.0 1.0 1.0 0.0 2.02 
0.0 37.0 0.4540115915195649 0.284776148205596 -0.01 0.0 1.0 1.0 1.0 1.16 0.09 
1.0 3.0 0.0778041344031273 0.0697054224379585 0.02 0.02 0.9962686567164178 0.9962686567164178 0.996268656716418 268.05 0.19 
0.0 24.0 0.5576080435520234 0.54437827785181 -0.02 0.04 1.0 1.0 1.0 25.02 0.18 
1.0 1.0 0.4764511118846591 0.341526458700847 0.07 0.13 0.9746835443037976 0.9746835443037976 0.974683544303797 323.44 0.44 
0.0 9.0 0.07597745058064577 0.217232496637794 -0.0 0.0 1.0 0.9973958333333331 0.998697916666667 0.46 0.04 
1.0 0.0 -0.0 0.0 0.0 0.0 1.0 1.0 1.0 0.0 0.0 
0.0 132.0 0.3146589482949868 0.222634805823104 0.09 0.1 1.0 0.9221902017291066 0.961095100864553 279.23 0.59 
1.0 1.0 0.24107466687909204 0.131934029991871 -0.0 0.0 1.0 1.0 1.0 0.05 0.01 
0.0 92.0 0.06628833883710114 0.0622220347314145 -0.0 0.0 1.0 0.9842931937172774 0.992146596858639 0.05 0.01 
1.0 5.0 0.08683990651974514 0.0711908378378456 0.02 0.02 1.0 0.996774193548387 0.998387096774194 310.02 0.17 
0.0 9.0 0.05762288789854216 0.0481151418902355 0.07 0.13 0.9726775956284152 0.9781420765027322 0.975409836065574 366.01 0.97 
1.0 1.0 -0.0 0.0 0.0 0.0 1.0 1.0 1.0 0.0 0.0 
0.0 22.0 0.11886669162900047 0.0594333458145002 0.0 -0.0 1.0 1.0 1.0 0.0 0.0 
1.0 5.0 0.023266578733959636 0.0116332893669798 -0.0 -0.0 1.0 1.0 1.0 0.0 0.0 
0.0 32.0 1.308604997096968 0.654302498548484 0.0 -0.0 1.0 1.0 1.0 0.0 0.0 
1.0 4.0 -0.0 0.0 -0.0 -0.0 1.0 1.0 1.0 0.0 0.0 
0.0 133.0 0.7445555330020763 0.372277766501038 -0.03 0.01 0.8711340206185567 0.9974226804123713 0.934278350515464 8.42 0.04 
1.0 6.0 0.01949491299435019 0.00974745649717509 0.0 0.0 1.0 1.0 1.0 0.0 0.0 
0.0 7.0 0.09962338946616205 0.146552850398037 -0.0 0.0 1.0 1.0 1.0 0.17 0.03 
1.0 1.0 0.9885301521120642 1.26616030226607 0.05 0.75 0.9872448979591836 0.989795918367347 0.988520408163265 725.61 0.1 
0.0 361.0 0.7050575594494202 0.656995090007254 -0.01 0.03 1.0 0.9967637540453076 0.998381877022654 15.83 0.37 
1.0 7.0 0.8014815654652077 0.429415473325277 -0.01 0.02 0.994475138121547 0.9972375690607737 0.99585635359116 182.36 0.03 
0.0 90.0 0.09000620146362419 0.0450031007318121 -0.0 0.0 1.0 0.9880239520958086 0.994011976047904 0.04 0.01 
1.0 6.0 0.03855448604303559 0.115226313268083 -0.0 0.0 1.0 1.0 1.0 0.1 0.01 
0.0 81.0 0.2944096283538114 0.147204814176906 -0.01 0.0 1.0 0.9554973821989527 0.977748691099476 2.86 0.17 
1.0 3.0 0.6577769648382245 0.443096285210512 0.38 0.62 0.5526315789473684 0.5935672514619882 0.573099415204678 340.71 1.26 
0.0 51.0 0.5272617660706461 0.411886015835235 -0.03 0.01 1.0 1.0 1.0 3.14 0.27 
1.0 5.0 0.2592890720819163 0.129644536040958 0.04 0.06 0.9801980198019802 0.986798679867987 0.983498349834983 200.65 0.51 
0.0 42.0 0.8229610390544123 0.411480519527206 0.0 -0.0 1.0 1.0 1.0 0.0 0.0 
1.0 7.0 0.7220357838736617 0.628869503744012 0.0 0.1 1.0 1.0 1.0 146.01 0.64 
0.0 60.0 0.7391520823968456 0.369576041198423 -0.0 0.0 1.0 0.9967105263157896 0.998355263157895 0.0 0.0 
1.0 5.0 -0.0 0.0 0.0 0.0 1.0 0.9904458598726114 0.995222929936306 0.0 0.0 
0.0 114.0 0.4303910229252441 0.215195511462622 -0.0 0.0 1.0 0.9946091644204854 0.997304582210243 0.23 0.02 
1.0 1.0 -0.0 0.0 -0.0 -0.0 1.0 1.0 1.0 0.0 0.0 
0.0 4.0 0.8392488043821567 0.432362005364821 0.01 0.05 0.9922779922779922 0.9922779922779922 0.992277992277992 259.59 0.1 
1.0 5.0 0.972562700997891 1.37141989571468 -0.05 0.38 1.0 1.0 1.0 429.09 0.43 
0.0 84.0 0.594577819662421 0.29728890983121 -0.0 0.0 1.0 0.9954954954954957 0.997747747747748 0.0 0.0 
1.0 1.0 0.07546791682907909 0.0377339584145396 0.0 0.0 1.0 1.0 1.0 0.0 0.0 
0.0 276.0 0.1559698344405587 0.151532940624839 -0.01 0.0 1.0 0.9919354838709676 0.995967741935484 0.31 0.05 
1.0 4.0 0.8316960826803917 0.426477722794596 0.01 0.02 0.9968652037617554 0.9968652037617554 0.996865203761755 320.14 0.07 
0.0 58.0 0.09608527084080484 0.0587584824916451 -0.0 0.0 1.0 0.9936908517350158 0.996845425867508 0.05 0.01 
1.0 4.0 0.13709472355714009 0.06854736177857 0.47 0.58 0.7016949152542373 0.7152542372881358 0.708474576271186 287.86 2.95 
0.0 3.0 0.6812081464062815 0.351711307570358 -0.0 0.0 1.0 1.0 1.0 1.97 0.06 
1.0 2.0 -0.0 0.0 0.0 0.0 1.0 1.0 1.0 0.0 0.0 
0.0 140.0 0.21250886488007123 0.106254432440036 -0.01 0.01 0.8711340206185567 0.9974226804123713 0.934278350515464 6.64 0.08 
1.0 3.0 0.2929006197311461 0.146450309865573 0.02 0.02 0.996875 0.996875 0.996875 320.0 0.15 
0.0 79.0 0.06002390931952181 0.0492891976812787 -0.0 0.0 1.0 1.0 1.0 0.02 0.0 
1.0 3.0 0.02097864624030526 0.0104893231201526 -0.0 -0.0 1.0 1.0 1.0 0.0 0.0 
0.0 155.0 0.03907411550489949 0.0304298108358517 -0.0 0.0 1.0 1.0 1.0 0.01 0.0 
1.0 7.0 0.018989047265046067 0.100810412340749 0.11 0.12 0.9731182795698926 0.9758064516129032 0.974462365591398 372.0 0.96 
0.0 109.0 0.7624587684104074 0.381229384205204 0.06 0.13 0.8711340206185567 0.9561855670103092 0.913659793814433 147.58 0.92 
1.0 3.0 0.03907653443838127 0.0195382672191906 0.0 0.0 1.0 1.0 1.0 0.0 0.0 
0.0 49.0 0.944729522285408 0.491849252596847 0.01 0.06 0.9148264984227128 0.9779179810725552 0.946372239747634 77.32 0.28 
1.0 3.0 -0.0 0.0 0.0 0.0 1.0 1.0 1.0 0.0 0.0 
0.0 268.0 0.3692056007821668 0.280940904221151 -0.04 0.04 0.9097938144329896 0.940721649484536 0.925257731958763 89.14 0.12 
1.0 1.0 -0.0 0.0 0.02 0.02 0.9971098265895952 0.9971098265895952 0.997109826589595 346.0 0.25 
0.0 135.0 -0.0 0.0 -0.0 0.0 0.9870689655172414 0.9870689655172414 0.987068965517241 0.04 0.01 
1.0 4.0 0.5311485121515958 0.498306526752079 -0.03 0.01 1.0 1.0 1.0 5.93 0.03 
0.0 64.0 0.26976162267647286 0.839524104254775 -0.07 0.06 0.878125 0.990625 0.934375 79.58 0.04 
1.0 3.0 0.029504444501537695 0.0295044445015377 -0.0 0.0 1.0 1.0 1.0 0.0 0.0 
0.0 7.0 0.5623945167633633 0.305461586084722 -0.01 0.12 0.3324022346368716 0.9804469273743016 0.656424581005587 59.86 0.62 
1.0 6.0 0.07978404380165302 0.82373805233792 0.01 0.04 1.0 1.0 1.0 216.87 0.04 
0.0 11.0 0.07092480518650317 0.0909295860334883 0.09 0.11 0.9854227405247814 0.9883381924198252 0.986880466472303 616.59 0.92 
1.0 7.0 0.574268791184449 0.82238806756937 0.06 0.24 1.0 1.0 1.0 268.56 1.06 
0.0 290.0 0.02319769347921049 0.0115988467396052 0.0 0.0 1.0 0.996527777777778 0.998263888888889 0.0 0.0 
1.0 5.0 0.6492486597669352 0.524572822648624 0.02 0.05 1.0 1.0 1.0 180.0 0.04 
0.0 82.0 0.7618707435066426 0.380935371753321 -0.0 0.0 1.0 0.9962825278810408 0.99814126394052 0.44 0.03 
1.0 3.0 -0.0 0.0 0.0 0.0 1.0 1.0 1.0 0.0 0.0 
0.0 98.0 0.0649157045465794 0.181929867803996 -0.0 0.0 1.0 0.9965034965034965 0.998251748251748 0.25 0.03 
1.0 1.0 0.9693074628954984 1.32000861693144 0.27 0.78 0.97953216374269 0.97953216374269 0.97953216374269 1422.21 1.34 
0.0 5.0 0.8606185834564639 0.450956744795717 -0.01 0.05 0.9619883040935674 0.9912280701754383 0.976608187134503 86.88 0.12 
1.0 3.0 0.4770694171030895 1.24721240751445 -0.04 0.25 0.9743589743589745 0.9923076923076926 0.983333333333333 311.39 0.17 
0.0 300.0 0.32353556896302926 0.161767784481515 -0.0 -0.0 1.0 1.0 1.0 0.0 0.0 
1.0 5.0 0.4117033751863163 0.376903780095535 0.11 0.15 0.9723502304147464 0.976958525345622 0.974654377880184 260.79 0.5 
0.0 0.0 0.23923104111942964 0.23923104111943 -0.01 0.0 1.0 1.0 1.0 0.0 1.39 
1.0 3.0 0.14373931159777967 0.788301718966914 -0.0 0.02 1.0 1.0 1.0 39.76 0.04 
0.0 1.0 -0.0 0.0 -0.0 -0.0 1.0 1.0 1.0 0.0 0.0 
1.0 4.0 0.21052969905042704 0.105264849525214 0.11 0.13 0.9721362229102168 0.9721362229102168 0.972136222910217 323.0 0.75 
0.0 185.0 0.07998269110441508 0.0399913455522075 0.0 0.0 1.0 1.0 1.0 0.0 0.0 
1.0 1.0 0.06491080863938135 0.271462293769789 -0.0 0.0 1.0 1.0 1.0 0.63 0.05 
0.0 222.0 0.9374723317261004 0.482676101097248 -0.01 0.0 0.9870689655172414 0.9956896551724136 0.991379310344828 1.23 0.07 
1.0 3.0 0.9655422987145736 0.767167605847684 0.5 0.55 0.19931271477663232 0.20618556701030927 0.202749140893471 818.53 0.12 
0.0 93.0 0.09338697037523398 0.0569928427181719 -0.0 0.0 1.0 0.993939393939394 0.996969696969697 0.02 0.0 
1.0 3.0 0.03888742113579279 0.636752796799469 0.01 0.09 0.9585635359116021 0.9751381215469612 0.966850828729282 216.28 0.21 
0.0 308.0 0.42016463717321856 0.794508677634321 0.01 0.14 1.0 0.8891752577319588 0.944587628865979 256.05 0.17 
1.0 3.0 0.058311668402293314 0.0291558342011467 0.0 0.0 1.0 0.9969325153374232 0.998466257668712 0.0 0.0 
0.0 90.0 0.07124533401515272 0.0356226670075764 -0.0 -0.0 1.0 1.0 1.0 0.0 0.0 
1.0 1.0 0.02767763714259363 0.0138388185712968 0.0 0.0 1.0 1.0 1.0 0.0 0.0 
0.0 174.0 -0.0 0.0 -0.0 -0.0 1.0 1.0 1.0 0.0 0.0 
1.0 4.0 0.4295469863230361 0.417611609893529 0.01 0.09 0.9868421052631576 0.9901315789473684 0.988486842105263 551.67 0.36 
0.0 21.0 -0.0 0.0 0.02 0.02 0.982300884955752 0.9955752212389378 0.988938053097345 55.75 0.23 
1.0 6.0 0.2592890720819163 0.140846491668391 0.04 0.06 0.9801980198019802 0.986798679867987 0.983498349834983 200.72 0.48 
0.0 116.0 0.0577147699548352 0.103539459033671 -0.0 0.0 1.0 1.0 1.0 0.07 0.01 
1.0 6.0 -0.0 0.0 -0.0 -0.0 1.0 1.0 1.0 0.0 0.0 
0.0 128.0 0.09123646704090793 0.359336750359009 -0.01 0.0 1.0 0.9968652037617554 0.998432601880878 0.32 0.02 
1.0 5.0 0.061232364724752575 0.0306161823623763 0.4 0.52 0.784256559766764 0.784256559766764 0.784256559766764 343.0 2.46 
0.0 80.0 0.5272617660706461 0.327441120718963 -0.01 0.01 1.0 1.0 1.0 2.33 0.17 
1.0 1.0 0.027778358172627568 0.0138891790863138 0.0 0.0 1.0 1.0 1.0 0.0 0.0 
0.0 13.0 -0.0 0.0 0.0 -0.0 1.0 0.9842105263157896 0.992105263157895 0.0 0.0 
1.0 1.0 0.9154010612316814 0.525503290184324 0.06 0.1 0.981072555205047 0.981072555205047 0.981072555205047 320.77 0.16 
0.0 10.0 0.6697401318544347 0.362740525486987 -0.01 0.01 1.0 0.9956896551724136 0.997844827586207 4.71 0.12 
1.0 5.0 0.3210106478398682 0.684027411515439 -0.05 0.03 1.0 1.0 1.0 23.76 0.06 
0.0 240.0 0.07124533401515272 0.0475761151591276 -0.0 0.0 1.0 0.992831541218638 0.996415770609319 0.03 0.01 
1.0 7.0 0.6046664953971739 0.312606066849394 0.09 0.15 0.9650145772594751 0.9679300291545188 0.966472303206997 656.49 0.64 
0.0 12.0 0.058311668402293314 0.0395901190326082 -0.0 0.0 0.9969325153374232 0.9969325153374232 0.996932515337423 0.02 0.0 
1.0 3.0 0.02390689630310245 0.0119534481515512 0.01 0.02 1.0 0.9963898916967509 0.998194945848375 277.0 0.25 
0.0 62.0 0.055740919119538684 0.0278704595597693 0.0 0.0 1.0 0.9956896551724136 0.997844827586207 0.0 0.0 
1.0 1.0 0.0251440699125892 0.0125720349562946 0.18 0.19 0.9456521739130433 0.9492753623188402 0.947463768115942 256.62 1.56 
0.0 92.0 0.38630736765474943 0.207644994846263 -0.0 0.0 1.0 1.0 1.0 0.09 0.01 
1.0 1.0 0.05204098300862845 0.0260204915043142 -0.0 -0.0 1.0 1.0 1.0 0.0 0.0 
0.0 165.0 0.944729522285408 0.616470456197719 0.07 0.2 0.9148264984227128 0.996845425867508 0.95583596214511 323.32 0.48 
