1.0 5.0 0.2722226631201872 0.873799178590195 0.03 0.07 1.0 1.0 1.0 75.77 0.09 
0.0 127.0 0.13147462230374174 0.0657373111518709 0.0 -0.0 1.0 0.8909090909090908 0.945454545454545 0.0 0.0 
1.0 4.0 0.7642232507044483 0.40041999004208 0.01 0.02 1.0 1.0 1.0 41.0 0.09 
0.0 69.0 0.4965394604840957 0.269477096171107 0.01 0.02 1.0 0.9928571428571425 0.996428571428571 49.26 0.23 
1.0 6.0 0.028294027016483723 0.0141470135082419 -0.0 -0.0 1.0 1.0 1.0 0.0 0.0 
0.0 240.0 0.09167492896130204 0.045837464480651 0.0 0.0 1.0 1.0 1.0 0.0 0.0 
1.0 3.0 0.02572977627813256 0.0128648881390663 0.06 0.06 0.9883268482490272 0.9883268482490272 0.988326848249027 257.0 0.54 
0.0 224.0 0.587290789639408 0.293645394819704 0.0 -0.0 1.0 0.8498498498498499 0.924924924924925 0.0 0.0 
1.0 4.0 -0.0 0.0 0.0 0.0 1.0 1.0 1.0 0.0 0.0 
0.0 5.0 0.8292750607643095 0.511302899240642 0.0 0.03 0.9972375690607737 0.9972375690607737 0.997237569060773 365.82 0.01 
1.0 7.0 0.9906696414695386 0.495334820734769 -0.03 0.19 0.8654970760233917 0.9210526315789472 0.89327485380117 188.63 0.53 
0.0 59.0 0.8086274974243058 0.498825465558074 -0.09 0.03 0.9149484536082472 0.9974226804123713 0.956185567010309 20.97 0.33 
1.0 5.0 0.9834552612199718 0.576340676149347 -0.01 0.0 1.0 1.0 1.0 2.84 0.07 
0.0 207.0 0.6274370336771098 0.324319805340544 -0.0 0.0 1.0 0.9968652037617554 0.998432601880878 0.48 0.02 
1.0 1.0 -0.0 0.0 0.0 0.0 1.0 1.0 1.0 0.0 0.0 
0.0 81.0 0.040560291944698436 0.0405089580900772 -0.01 0.0 0.9795918367346939 0.9825072886297378 0.981049562682216 0.22 0.03 
1.0 1.0 0.16302362949436594 0.586772335085506 -0.01 0.02 1.0 1.0 1.0 4.77 0.29 
0.0 258.0 0.03907411550489949 0.0195370577524497 0.0 0.0 1.0 1.0 1.0 0.0 0.0 
1.0 2.0 0.07789607193187488 0.0584325274200805 0.04 0.04 1.0 1.0 1.0 310.0 0.35 
0.0 18.0 -0.0 0.0 0.0 0.0 1.0 1.0 1.0 0.0 0.0 
1.0 3.0 0.05970457751036834 0.124827939811587 0.1 0.12 0.9509202453987728 0.969325153374233 0.960122699386503 486.06 0.94 
0.0 240.0 0.05553805678555587 0.0417089636269757 -0.0 0.0 1.0 0.9956896551724136 0.997844827586207 0.02 0.0 
1.0 2.0 1.1642717827887903 0.582135891394395 -0.0 0.0 1.0 1.0 1.0 0.0 0.0 
0.0 169.0 0.8346941474420994 0.999482965115445 -0.05 0.17 1.0 1.0 1.0 124.16 0.28 
1.0 6.0 0.8792724601879401 0.43963623009397 -0.0 0.0 1.0 1.0 1.0 0.0 0.0 
0.0 15.0 0.8579133774485439 0.428956688724272 -0.0 -0.0 1.0 0.9919137466307276 0.995956873315364 0.0 0.0 
1.0 3.0 0.6274370336771098 0.324348198292955 0.01 0.02 0.9968652037617554 0.9968652037617554 0.996865203761755 319.48 0.03 
0.0 235.0 0.7586057225260563 0.391557229917276 -0.0 0.0 1.0 0.9888475836431224 0.994423791821561 0.64 0.02 
1.0 7.0 0.02097864624030526 0.0209786462403053 0.02 0.02 1.0 1.0 1.0 323.0 0.23 
0.0 40.0 0.6865039343552846 0.343251967177642 -0.0 0.0 1.0 1.0 1.0 0.0 0.0 
1.0 1.0 0.05101804678019193 0.155562639598684 0.36 0.49 0.7801418439716312 0.7943262411347519 0.787234042553192 270.44 2.55 
0.0 247.0 0.05892201383027714 0.571428411025797 -0.02 0.01 1.0 1.0 1.0 2.17 0.08 
1.0 4.0 -0.0 0.0 0.05 0.05 0.9865229110512128 0.9892183288409704 0.987870619946092 295.99 0.6 
0.0 3.0 -0.0 0.0 0.0 0.0 1.0 1.0 1.0 0.0 0.0 
1.0 7.0 0.7894866775585219 0.469358683678885 -0.02 0.01 1.0 1.0 1.0 2.87 0.01 
0.0 56.0 0.830237670572683 0.528219300498616 -0.05 0.02 1.0 0.9923664122137406 0.99618320610687 16.03 0.04 
1.0 2.0 0.6534181947937018 0.40299466406689 -0.01 0.01 1.0 1.0 1.0 5.82 0.01 
0.0 457.0 0.08957802666754391 0.0659963792628307 -0.0 0.0 1.0 1.0 1.0 0.04 0.01 
1.0 7.0 0.30040013509346464 0.239817766846309 0.01 0.02 1.0 1.0 1.0 33.1 0.43 
0.0 53.0 0.7624587684104074 0.546185264945436 0.11 0.18 0.9329896907216496 0.9561855670103092 0.944587628865979 287.55 0.86 
1.0 3.0 0.0778041344031273 0.0697054224379585 0.02 0.02 0.9962686567164178 0.9962686567164178 0.996268656716418 268.05 0.19 
0.0 91.0 -0.0 0.0 0.0 0.0 1.0 0.9912280701754383 0.995614035087719 0.0 0.0 
1.0 3.0 0.655041883754151 0.381756611395033 0.18 0.25 0.9305135951661632 0.9335347432024168 0.93202416918429 334.43 1.09 
0.0 7.0 1.4648964059479197 1.28178458277823 0.01 0.24 1.0 0.994910941475827 0.997455470737914 718.96 0.02 
1.0 4.0 1.136927408705145 0.568463704352573 0.01 0.02 0.9969418960244648 0.9969418960244648 0.996941896024465 327.0 0.04 
0.0 40.0 0.7417183166471224 0.370859158323561 0.0 -0.0 1.0 1.0 1.0 0.0 0.0 
1.0 7.0 0.08442632746634111 0.434131416144817 0.08 0.11 0.968586387434555 0.973821989528796 0.971204188481675 319.26 0.29 
0.0 6.0 -0.0 0.0 -0.0 -0.0 1.0 1.0 1.0 0.0 0.0 
1.0 2.0 0.3210106478398682 0.160505323919934 0.0 0.0 1.0 1.0 1.0 0.0 0.0 
0.0 11.0 0.13876938584199588 0.0693846929209979 -0.0 -0.0 1.0 1.0 1.0 0.0 0.0 
1.0 1.0 0.06506264053338344 0.0325313202666917 0.0 0.0 1.0 1.0 1.0 0.0 0.0 
0.0 50.0 0.02178550616680388 0.593028644477797 -0.0 0.0 1.0 1.0 1.0 1.2 0.01 
1.0 2.0 0.19890059851467368 0.195375196338742 0.02 0.03 1.0 0.9963636363636365 0.998181818181818 275.48 0.07 
0.0 27.0 0.028506110579847158 0.0142530552899236 -0.0 0.0 1.0 0.991111111111111 0.995555555555556 0.01 0.0 
1.0 5.0 0.023405674664599526 0.0117028373322998 0.0 0.0 1.0 1.0 1.0 0.0 0.0 
0.0 158.0 0.9339842147523802 0.46699210737619 -0.0 0.0 1.0 1.0 1.0 0.0 0.0 
1.0 5.0 0.07253489020862718 0.610328961878761 -0.01 0.01 1.0 1.0 1.0 7.41 0.04 
0.0 164.0 0.7547305887995075 0.377365294399754 -0.04 0.02 1.0 0.971786833855799 0.9858934169279 10.54 0.17 
1.0 2.0 0.8591771948266446 0.795909904524098 0.2 0.43 1.0 1.0 1.0 511.85 0.08 
0.0 269.0 -0.0 0.0 0.0 0.0 1.0 1.0 1.0 0.0 0.0 
1.0 6.0 -0.0 0.0 0.0 0.0 1.0 1.0 1.0 0.0 0.0 
0.0 270.0 0.3043489862369836 0.272193907602335 -0.07 0.02 0.8832807570977917 0.9621451104100947 0.922712933753943 18.94 0.23 
1.0 5.0 0.04991801430261973 0.0776063350451102 0.03 0.04 0.994236311239193 0.994236311239193 0.994236311239193 347.05 0.25 
0.0 5.0 -0.0 0.0 0.0 -0.0 1.0 0.9963898916967509 0.998194945848375 0.0 0.0 
1.0 5.0 0.050935213239972035 0.105577388155784 0.04 0.05 0.9922779922779922 0.9922779922779922 0.992277992277992 259.07 0.33 
0.0 296.0 0.055740919119538684 0.0278704595597693 0.0 0.0 1.0 0.9956896551724136 0.997844827586207 0.0 0.0 
1.0 6.0 0.15767213908824806 0.588948550664523 0.11 0.15 0.9869791666666664 0.9869791666666664 0.986979166666667 698.16 0.36 
0.0 226.0 0.42016463717321856 0.375038199326842 -0.03 0.01 1.0 0.9329896907216496 0.966494845360825 4.16 0.11 
1.0 2.0 0.9619011358089464 0.633833887497885 0.2 0.55 0.7888446215139443 0.8007968127490038 0.794820717131474 801.51 0.95 
0.0 200.0 0.7320792206803771 0.375008315973313 0.0 0.0 1.0 0.9432989690721648 0.971649484536082 2.67 0.05 
1.0 7.0 -0.0 0.0 0.05 0.05 0.991111111111111 0.991111111111111 0.991111111111111 225.0 0.49 
0.0 203.0 0.3299117614804645 0.725244836557965 -0.05 0.07 1.0 0.9329896907216496 0.966494845360825 44.29 0.54 
1.0 1.0 0.24107466687909204 0.131934029991871 -0.0 0.0 1.0 1.0 1.0 0.05 0.01 
0.0 105.0 0.9363694874611495 0.618585922131729 -0.02 0.04 1.0 0.9963235294117646 0.998161764705882 29.89 0.19 
1.0 1.0 -0.0 0.0 0.12 0.14 0.968944099378882 0.968944099378882 0.968944099378882 161.0 1.14 
0.0 30.0 0.019734531618407967 0.0625145937030044 0.02 0.02 1.0 0.994236311239193 0.997118155619596 347.0 0.16 
1.0 3.0 0.6192536084580995 0.913239114226958 0.09 0.25 0.9691358024691356 0.972222222222222 0.970679012345679 441.61 0.32 
0.0 21.0 0.3875489036643238 0.207038155121788 -0.0 0.0 1.0 1.0 1.0 0.15 0.02 
1.0 0.0 0.7476268943604611 0.747626894360461 -0.24 0.0 0.9641873278236914 0.9641873278236914 0.964187327823691 0.0 0.21 
0.0 272.0 0.4077018288308928 0.873444430620264 -0.12 0.05 1.0 0.8943298969072165 0.947164948453608 36.24 0.05 
1.0 5.0 1.4038128859055425 1.38806901797169 0.14 0.57 1.0 0.9453551912568307 0.972677595628415 821.26 0.86 
0.0 143.0 0.055740919119538684 0.0556394879525473 -0.0 0.0 1.0 0.9956896551724136 0.997844827586207 0.03 0.01 
1.0 1.0 0.6965583997186036 0.684145990727218 -0.09 0.04 1.0 1.0 1.0 20.81 0.46 
0.0 37.0 0.05475477169621643 0.0273773858481082 0.0 0.0 1.0 1.0 1.0 0.0 0.0 
1.0 2.0 0.7769308610348622 0.398119257651631 0.01 0.13 0.9726775956284152 0.9726775956284152 0.972677595628415 366.64 0.33 
0.0 30.0 0.3176998989466621 0.253361666319252 -0.01 0.03 1.0 0.9149484536082472 0.957474226804124 395.81 0.11 
1.0 3.0 0.131629170846096 0.065814585423048 0.08 0.08 0.9845201238390092 0.9845201238390092 0.984520123839009 323.0 0.6 
0.0 88.0 -0.0 0.0 0.0 0.0 1.0 1.0 1.0 0.0 0.0 
1.0 6.0 0.023833886302533577 0.0119169431512668 0.02 0.02 0.9928571428571425 0.9964285714285714 0.994642857142857 139.5 0.22 
0.0 98.0 0.5210355222575144 0.286475550052712 -0.03 0.02 1.0 0.8859649122807017 0.942982456140351 54.9 0.23 
1.0 6.0 0.6584298908958386 0.359192009840128 -0.0 0.0 0.9922779922779922 0.996138996138996 0.994208494208494 1.37 0.11 
0.0 139.0 0.043321997190798975 0.0216609985953995 -0.0 0.0 0.996794871794872 0.996794871794872 0.996794871794872 0.01 0.0 
1.0 1.0 -0.0 0.0 0.0 0.0 1.0 1.0 1.0 0.0 0.0 
0.0 91.0 0.5923940706928204 0.848563605782534 -0.12 0.03 1.0 0.9973045822102424 0.998652291105121 24.71 0.48 
1.0 5.0 -0.0 0.0 -0.0 -0.0 1.0 1.0 1.0 0.0 0.0 
0.0 80.0 -0.0 0.0 0.0 0.0 1.0 1.0 1.0 0.0 0.0 
1.0 5.0 0.0586151312253593 0.0481354379270188 0.02 0.02 0.9969135802469133 0.9969135802469133 0.996913580246914 324.02 0.17 
0.0 113.0 0.07312811735619988 0.0628115812780079 -0.0 0.0 1.0 1.0 1.0 0.02 0.0 
1.0 2.0 0.020652086479660176 0.0833230295884865 -0.0 0.0 1.0 1.0 1.0 0.03 0.0 
0.0 49.0 0.06391944714166062 0.184382975231221 0.02 0.02 1.0 0.996845425867508 0.998422712933754 317.14 0.11 
1.0 4.0 0.09445020190741311 0.429484259388414 -0.01 0.02 1.0 0.9947643979057592 0.99738219895288 29.51 0.14 
0.0 243.0 -0.0 0.0 0.0 0.0 1.0 0.9929577464788734 0.996478873239437 0.0 0.0 
1.0 2.0 0.15451280168153267 0.0772564008407663 -0.0 -0.0 1.0 1.0 1.0 0.0 0.0 
0.0 300.0 0.4839166435874528 0.25380296779235 -0.0 0.0 1.0 1.0 1.0 0.13 0.02 
1.0 1.0 0.01821912306957769 0.0790619506094116 0.04 0.05 0.9921875 0.9921875 0.9921875 384.03 0.3 
0.0 111.0 0.08591550133466311 0.0429577506673315 0.0 -0.0 1.0 0.9632653061224488 0.981632653061224 0.0 0.0 
1.0 1.0 0.3875489036643238 0.193774451832162 -0.0 -0.0 1.0 1.0 1.0 0.0 0.0 
0.0 95.0 0.6275799371167496 1.09763599899547 -0.06 0.2 1.0 0.9733333333333332 0.986666666666667 184.27 0.5 
1.0 1.0 -0.0 0.0 -0.0 -0.0 1.0 1.0 1.0 0.0 0.0 
0.0 153.0 -0.0 0.0 0.0 0.0 1.0 0.9929577464788734 0.996478873239437 0.0 0.0 
1.0 4.0 0.019832155766290046 0.0613126141575899 0.02 0.02 1.0 1.0 1.0 345.0 0.16 
0.0 62.0 0.0614657494492936 0.23878761428497 0.04 0.04 0.9972067039106144 0.9972067039106144 0.997206703910614 156.94 0.36 
1.0 5.0 0.02376135312603553 0.0237613531260355 -0.0 0.0 1.0 1.0 1.0 0.0 0.0 
0.0 69.0 0.6756916479515236 0.350884740467461 -0.01 0.0 0.8007968127490038 0.99601593625498 0.898406374501992 1.0 0.07 
1.0 6.0 1.3571663066434942 0.732826425092825 0.01 0.03 1.0 0.9973958333333331 0.998697916666667 210.58 0.02 
0.0 15.0 0.3063770164173898 0.262246326527188 0.01 0.04 1.0 0.8458333333333332 0.922916666666667 36.58 0.64 
1.0 5.0 0.022214468734433918 0.0772657729787473 -0.0 0.0 1.0 1.0 1.0 0.02 0.0 
0.0 360.0 0.08177127940433396 0.0537935657796056 -0.0 0.0 1.0 0.9920948616600794 0.99604743083004 0.02 0.0 
1.0 1.0 -0.0 0.0 -0.0 -0.0 1.0 1.0 1.0 0.0 0.0 
0.0 58.0 -0.0 0.0 0.0 0.0 1.0 0.9956896551724136 0.997844827586207 0.0 0.0 
1.0 3.0 0.27273593039169325 0.859192963574377 0.09 0.23 0.9751381215469612 0.9751381215469612 0.975138121546961 828.02 0.36 
0.0 237.0 0.02178550616680388 0.777420195464659 0.0 0.01 1.0 1.0 1.0 4.96 0.02 
1.0 4.0 0.6020888526113631 0.301044426305682 0.0 -0.0 1.0 1.0 1.0 0.0 0.0 
0.0 144.0 0.14495238198478544 0.134601609687208 0.01 0.01 1.0 0.9969969969969968 0.998498498498498 13.44 0.2 
1.0 1.0 0.08148309234242727 0.372691788409426 0.01 0.02 1.0 1.0 1.0 314.74 0.02 
0.0 643.0 0.045688389073983635 0.117448684806075 -0.0 0.0 1.0 1.0 1.0 0.05 0.02 
1.0 4.0 0.6945608059609114 0.420352775984738 0.05 0.06 1.0 1.0 1.0 37.91 0.55 
0.0 1.0 0.6138129038747236 0.333598467075754 0.02 0.03 0.9968652037617554 0.9968652037617554 0.996865203761755 328.35 0.24 
1.0 2.0 0.0322952391734162 0.0824597834205578 -0.0 0.0 1.0 1.0 1.0 0.03 0.01 
0.0 56.0 0.050935213239972035 0.0480923552705437 -0.0 0.0 1.0 0.9922779922779922 0.996138996138996 0.03 0.01 
1.0 0.0 0.21052969905042704 0.210529699050427 -0.04 0.0 0.9721362229102168 0.9721362229102168 0.972136222910217 0.0 1.83 
0.0 17.0 -0.0 0.0 0.0 0.0 1.0 1.0 1.0 0.0 0.0 
1.0 5.0 0.11198449260177885 0.0559922463008894 0.0 0.0 1.0 1.0 1.0 0.0 0.0 
0.0 265.0 0.6811525651599237 0.367477155226806 -0.02 0.01 1.0 0.9936908517350158 0.996845425867508 3.51 0.05 
1.0 5.0 -0.0 0.0 -0.0 -0.0 1.0 1.0 1.0 0.0 0.0 
0.0 288.0 0.07253489020862718 0.0922511435950083 0.0 0.01 1.0 0.9969604863221886 0.998480243161094 16.82 0.14 
1.0 4.0 0.18428072371960574 0.0921403618598029 0.03 0.03 0.9954954954954957 0.9954954954954957 0.995495495495496 222.0 0.24 
0.0 80.0 0.0778041344031273 0.0389020672015637 -0.0 -0.0 1.0 1.0 1.0 0.0 0.0 
1.0 3.0 -0.0 0.0 0.0 0.0 1.0 1.0 1.0 0.0 0.0 
0.0 28.0 0.0581557306257278 0.107452738233607 -0.0 0.0 1.0 0.9947643979057592 0.99738219895288 0.07 0.01 
