1.0 5.0 0.7464467122096954 0.384237570265125 -0.0 0.0 1.0 1.0 1.0 0.92 0.0 
0.0 101.0 0.06391944714166062 0.151979138054674 -0.01 0.0 1.0 0.8832807570977917 0.941640378548896 0.58 0.06 
1.0 2.0 0.9151926554023 0.974628996723946 0.08 0.46 0.9928571428571425 0.9928571428571425 0.992857142857143 468.37 0.3 
0.0 29.0 0.027778358172627568 0.066402050775649 -0.0 0.0 1.0 1.0 1.0 0.02 0.0 
1.0 5.0 0.2361365284781126 0.22743730393549 -0.01 0.0 0.9901315789473684 0.9967105263157896 0.993421052631579 0.99 0.09 
0.0 13.0 0.08148309234242727 0.158944089084559 -0.0 0.0 1.0 1.0 1.0 0.22 0.03 
1.0 1.0 -0.0 0.0 0.0 0.0 1.0 1.0 1.0 0.0 0.0 
0.0 398.0 0.19267620766013585 0.69247470002771 -0.12 0.06 0.8943298969072165 0.940721649484536 0.917525773195876 72.28 0.79 
1.0 5.0 -0.0 0.0 -0.0 -0.0 1.0 1.0 1.0 0.0 0.0 
0.0 95.0 0.8548387522121371 0.965747248104558 -0.1 0.11 1.0 1.0 1.0 73.35 0.03 
1.0 3.0 0.2712510130456789 1.1361849772107 0.01 0.14 0.9972067039106144 0.9972067039106144 0.997206703910614 496.31 0.23 
0.0 161.0 0.9291544317080916 0.868890964566199 0.18 0.52 0.9355670103092784 0.9974226804123713 0.966494845360825 383.91 2.28 
1.0 0.0 0.8229610390544123 0.822961039054412 -0.44 0.0 1.0 1.0 1.0 0.0 0.15 
0.0 13.0 0.02059871506110972 0.0724247762253703 -0.0 0.0 1.0 0.9909909909909907 0.995495495495496 0.11 0.01 
1.0 7.0 0.06437341627073791 0.0321867081353689 0.03 0.05 0.992156862745098 0.992156862745098 0.992156862745098 255.0 0.38 
0.0 86.0 0.9484910610890432 0.5609675602975 -0.1 0.14 0.7888446215139443 0.99601593625498 0.892430278884462 53.77 1.02 
1.0 4.0 0.10847133903591603 0.054235669517958 -0.0 -0.0 1.0 1.0 1.0 0.0 0.0 
0.0 22.0 0.02054563830161408 0.010272819150807 0.02 0.06 0.784256559766764 0.9650145772594751 0.87463556851312 49.12 0.65 
1.0 5.0 -0.0 0.0 0.0 0.0 1.0 1.0 1.0 0.0 0.0 
0.0 335.0 0.7387103130230372 0.369355156511519 -0.0 0.0 1.0 0.9967637540453076 0.998381877022654 0.29 0.02 
1.0 7.0 0.022214468734433918 0.011107234367217 -0.0 -0.0 1.0 1.0 1.0 0.0 0.0 
0.0 1.0 0.08578017223261401 0.042890086116307 0.0 0.0 1.0 1.0 1.0 0.0 0.0 
1.0 3.0 0.2387884541794901 0.128756612462087 0.05 0.05 0.9946091644204854 0.9946091644204854 0.994609164420485 742.0 0.38 
0.0 100.0 2.0102414277758704 1.103950282571 0.0 0.22 0.7603092783505153 0.9072164948453608 0.833762886597938 509.93 0.21 
1.0 3.0 -0.0 0.0 0.0 0.0 1.0 1.0 1.0 0.0 0.0 
0.0 155.0 0.19765913736613375 0.634100814207908 -0.02 0.04 1.0 0.9072164948453608 0.95360824742268 117.27 0.04 
1.0 6.0 0.08364970461058929 0.0418248523052946 0.03 0.03 0.9945652173913044 0.9945652173913044 0.994565217391304 184.0 0.28 
0.0 30.0 0.06365667239085103 0.0318283361954255 0.0 0.0 1.0 1.0 1.0 0.0 0.0 
1.0 2.0 0.19978131761407877 0.956538827472373 0.36 0.69 0.4776902887139108 0.4855643044619424 0.481627296587927 404.62 0.27 
0.0 120.0 0.026166434420869997 0.013083217210435 -0.0 -0.0 1.0 1.0 1.0 0.0 0.0 
1.0 4.0 0.9554918972884292 0.89070110239669 0.03 0.48 0.989795918367347 0.997448979591837 0.993622448979592 413.15 0.0 
0.0 24.0 0.04861303618998373 0.0243065180949919 0.01 0.01 0.9916492693110645 0.9979123173277662 0.994780793319415 119.0 0.12 
1.0 0.0 1.2408260737149903 1.24082607371499 -0.75 0.0 0.9385964912280702 0.9385964912280702 0.93859649122807 0.0 0.42 
0.0 36.0 0.6597836437229203 0.430049403911942 -0.01 0.02 0.981072555205047 0.9936908517350158 0.987381703470032 13.98 0.25 
1.0 4.0 0.6577026794313499 0.882751208485445 0.09 0.28 0.9482758620689656 0.9482758620689656 0.948275862068966 431.15 0.35 
0.0 11.0 0.8374578440934884 0.747617404465856 -0.04 0.14 0.5935672514619882 0.9619883040935674 0.777777777777778 111.74 0.51 
1.0 7.0 0.8232494764969268 0.477410393746989 0.07 0.07 1.0 1.0 1.0 330.93 0.12 
0.0 200.0 0.05161601947029586 0.0483606189527249 -0.0 0.01 1.0 0.5138339920948617 0.756916996047431 2.02 0.0 
1.0 3.0 0.06894507497013608 0.614907190282197 0.01 0.03 1.0 0.996551724137931 0.998275862068966 40.22 0.13 
0.0 132.0 0.02178550616680388 0.0108927530834019 -0.0 -0.0 1.0 0.956656346749226 0.978328173374613 0.0 0.0 
1.0 1.0 0.4540115915195649 0.248490513878625 -0.0 0.0 1.0 1.0 1.0 0.38 0.03 
0.0 13.0 -0.0 0.0 0.02 0.02 0.9962686567164178 0.9962686567164178 0.996268656716418 268.0 0.28 
1.0 4.0 0.018384397223606727 0.00919219861180337 -0.0 -0.0 1.0 1.0 1.0 0.0 0.0 
0.0 2.0 -0.0 0.0 -0.0 -0.0 1.0 1.0 1.0 0.0 0.0 
1.0 2.0 0.476305553807033 0.238152776903516 0.0 0.0 1.0 0.9957983193277314 0.997899159663866 0.0 0.0 
0.0 44.0 0.053801745293687565 0.094703632215327 0.01 0.01 0.981072555205047 0.9936908517350158 0.987381703470032 38.01 0.1 
1.0 7.0 0.5292626842151888 0.527797379602209 0.09 0.2 0.96875 0.96875 0.96875 563.04 0.31 
0.0 323.0 0.3875489036643238 0.193774451832162 -0.0 -0.0 1.0 1.0 1.0 0.0 0.0 
1.0 2.0 -0.0 0.0 0.0 0.0 1.0 1.0 1.0 0.0 0.0 
0.0 60.0 0.02108997467516504 0.0105449873375825 -0.0 -0.0 1.0 0.9938080495356034 0.996904024767802 0.0 0.0 
1.0 6.0 0.0665854743974204 0.0499462934584756 0.09 0.1 0.9790575916230366 0.9790575916230366 0.979057591623037 191.01 0.76 
0.0 129.0 0.07714258307334852 0.108172775373554 0.08 0.12 0.9541984732824428 0.9694656488549618 0.961832061068702 214.77 1.12 
1.0 3.0 -0.0 0.0 0.0 0.0 1.0 1.0 1.0 0.0 0.0 
0.0 128.0 0.11972735798888015 0.0598636789944401 0.0 0.0 1.0 1.0 1.0 0.0 0.0 
1.0 0.0 -0.0 0.0 -0.0 0.0 1.0 1.0 1.0 0.0 0.0 
0.0 50.0 0.06018495865622546 0.0601044339878736 -0.0 0.0 1.0 0.9968152866242038 0.998407643312102 0.04 0.01 
1.0 3.0 -0.0 0.0 0.02 0.02 0.9962686567164178 0.9962686567164178 0.996268656716418 268.0 0.28 
0.0 3.0 0.4895166735184531 0.255275413064451 0.01 0.02 1.0 0.3788819875776397 0.68944099378882 322.0 0.02 
1.0 3.0 0.08845126664967802 0.0684899610278791 -0.02 0.02 0.3324022346368716 0.9776536312849162 0.655027932960894 14.16 0.03 
0.0 111.0 1.1755406770639067 0.642131188578935 -0.01 0.02 1.0 0.9973958333333331 0.998697916666667 21.27 0.0 
1.0 4.0 0.17356895352175472 0.810535836243778 0.05 0.11 1.0 1.0 1.0 193.14 0.27 
0.0 61.0 0.08177127940433396 0.040885639702167 0.02 0.02 0.9920948616600794 0.9960474308300395 0.994071146245059 126.0 0.2 
1.0 3.0 0.02013133843277965 0.635426786218179 -0.03 0.04 1.0 0.9630681818181815 0.981534090909091 27.14 0.19 
0.0 271.0 0.5360571431279036 0.388047986047795 -0.09 0.04 0.8832807570977917 0.9621451104100947 0.922712933753943 37.74 0.01 
1.0 7.0 0.655041883754151 0.984066336714262 0.14 0.56 0.9305135951661632 0.9335347432024168 0.93202416918429 708.66 0.79 
0.0 49.0 -0.0 0.0 0.0 0.0 1.0 1.0 1.0 0.0 0.0 
1.0 6.0 0.6048117164172828 0.529411653968424 0.2 0.29 1.0 0.9745222929936304 0.987261146496815 206.28 1.76 
0.0 107.0 0.15863076707999446 0.131105158716873 -0.0 0.0 1.0 0.9898218829516542 0.994910941475827 0.3 0.03 
1.0 2.0 -0.0 0.0 -0.0 -0.0 1.0 1.0 1.0 0.0 0.0 
0.0 257.0 1.0705073439542911 0.535253671977146 -0.05 0.02 1.0 0.9163636363636364 0.958181818181818 7.28 0.3 
1.0 7.0 0.6183362527188963 0.309168126359448 0.09 0.11 0.9617834394904456 0.9713375796178344 0.96656050955414 233.18 0.6 
0.0 5.0 0.045182252980910435 0.101031529726178 0.16 0.19 0.925 0.946875 0.9359375 249.19 1.47 
1.0 7.0 1.8357722187453 1.63872861688347 0.01 0.34 0.9346590909090908 0.9943181818181815 0.964488636363636 563.2 0.05 
0.0 301.0 1.0811377991318287 0.540568899565914 0.0 -0.0 1.0 1.0 1.0 0.0 0.0 
1.0 4.0 0.04852865540608026 0.0378571152761176 -0.0 0.0 1.0 1.0 1.0 0.01 0.0 
0.0 150.0 0.09420498859979856 0.0471024942998993 -0.02 0.0 1.0 0.8917378917378918 0.945868945868946 0.74 0.07 
1.0 7.0 0.8712535457073128 0.446256454308056 0.01 0.02 0.9968652037617554 0.9968652037617554 0.996865203761755 319.7 0.04 
0.0 518.0 -0.0 0.0 0.0 0.0 1.0 0.984375 0.9921875 0.0 0.0 
1.0 1.0 0.5668999207304849 0.335760672581804 0.05 0.06 0.9967637540453076 0.9967637540453076 0.996763754045307 518.98 0.24 
0.0 90.0 0.06687878438883882 0.0427586012795926 -0.0 0.0 1.0 0.7439353099730459 0.871967654986523 0.36 0.03 
1.0 2.0 0.09685065652160472 0.168040848820517 0.03 0.03 1.0 1.0 1.0 208.77 0.21 
0.0 222.0 -0.0 0.0 0.01 0.01 0.9292035398230089 0.9955752212389378 0.962389380530973 13.18 0.17 
1.0 2.0 0.451330770166906 0.240080749363234 0.02 0.02 1.0 1.0 1.0 73.33 0.15 
0.0 247.0 0.9848735565226934 0.703794630800207 -0.0 0.07 0.9808917197452226 0.9968152866242038 0.988853503184713 35.65 0.17 
1.0 5.0 -0.0 0.0 0.0 0.0 1.0 1.0 1.0 0.0 0.0 
0.0 322.0 0.4654645413525627 0.232732270676281 -0.0 0.0 1.0 0.9967637540453076 0.998381877022654 0.13 0.02 
1.0 5.0 0.1341766528978053 0.0670883264489027 0.08 0.1 0.9712041884816756 0.9764397905759162 0.973821989528796 310.88 1.03 
0.0 22.0 0.8712535457073128 0.446228061355646 -0.0 0.0 1.0 0.9968652037617554 0.998432601880878 0.71 0.03 
1.0 2.0 -0.0 0.0 0.0 0.0 1.0 1.0 1.0 0.0 0.0 
0.0 6.0 0.502071399812433 0.260552635987375 -0.0 0.0 1.0 1.0 1.0 0.16 0.02 
1.0 5.0 0.8774257384430043 0.469052876672995 0.02 0.07 0.9890909090909092 0.9890909090909092 0.989090909090909 277.39 0.06 
0.0 34.0 0.03896898290828606 0.019484491454143 -0.0 -0.0 1.0 1.0 1.0 0.0 0.0 
1.0 6.0 0.04084371786340105 0.0318185554840255 -0.0 0.0 1.0 1.0 1.0 0.01 0.0 
0.0 7.0 0.4136430656060164 0.832182649804798 -0.04 0.14 1.0 0.9545454545454544 0.977272727272727 77.47 0.33 
1.0 7.0 0.028294027016483723 0.0141470135082419 -0.0 -0.0 1.0 1.0 1.0 0.0 0.0 
0.0 19.0 0.030097958257751373 0.0150489791288757 0.01 0.01 0.9937369519832986 0.9979123173277662 0.995824634655532 159.0 0.13 
1.0 7.0 -0.0 0.0 -0.0 -0.0 1.0 1.0 1.0 0.0 0.0 
0.0 203.0 -0.0 0.0 -0.0 -0.0 1.0 1.0 1.0 0.0 0.0 
1.0 7.0 0.1323170772230607 0.0661585386115303 -0.0 -0.0 1.0 1.0 1.0 0.0 0.0 
0.0 244.0 0.07586122011969715 0.0733380699829543 0.02 0.02 1.0 0.878125 0.9390625 163.41 0.19 
1.0 7.0 -0.0 0.0 0.0 0.0 1.0 1.0 1.0 0.0 0.0 
0.0 36.0 0.12615515065418653 0.605044979437752 0.0 0.03 1.0 0.9968847352024922 0.998442367601246 69.67 0.01 
1.0 4.0 0.2490268866339084 0.124513443316954 0.02 0.02 0.9968652037617554 0.9968652037617554 0.996865203761755 319.0 0.15 
0.0 21.0 -0.0 0.0 0.43 0.67 0.5372340425531916 0.5398936170212765 0.538563829787234 372.0 2.02 
1.0 7.0 -0.0 0.0 0.0 0.0 1.0 1.0 1.0 0.0 0.0 
0.0 16.0 0.594577819662421 0.496221289407326 0.03 0.15 1.0 0.9954954954954957 0.997747747747748 103.86 1.2 
1.0 3.0 0.131629170846096 0.065814585423048 0.08 0.08 0.9845201238390092 0.9845201238390092 0.984520123839009 323.0 0.6 
0.0 217.0 0.08762905025492956 0.0543038482476174 -0.0 0.0 1.0 1.0 1.0 0.02 0.0 
1.0 6.0 0.4182909823457828 0.751816382048296 0.22 0.36 0.7908847184986596 0.8766756032171583 0.833780160857909 377.77 1.04 
0.0 39.0 0.02148980552905605 0.010744902764528 0.0 0.0 1.0 1.0 1.0 0.0 0.0 
1.0 3.0 1.6339183833975195 1.43314667796997 0.03 0.42 1.0 1.0 1.0 295.09 0.12 
0.0 30.0 0.019734531618407967 0.0625145937030044 0.02 0.02 1.0 0.994236311239193 0.997118155619596 347.0 0.16 
1.0 6.0 0.05840626493337912 0.0408710846399929 0.14 0.17 0.9595959595959596 0.9595959595959596 0.95959595959596 297.01 1.36 
0.0 57.0 0.08327901470975449 0.0416395073548772 0.0 0.0 1.0 1.0 1.0 0.0 0.0 
1.0 4.0 0.8968395853420664 0.744831959911446 0.03 0.31 0.9638157894736842 0.9638157894736842 0.963815789473684 378.58 0.21 
0.0 289.0 0.5360571431279036 0.463670497371477 -0.03 0.19 0.8675078864353312 0.9621451104100947 0.914826498422713 277.47 0.73 
1.0 1.0 0.05101804678019193 0.0510180467801919 0.43 0.55 0.7943262411347519 0.7943262411347519 0.794326241134752 564.0 2.52 
0.0 3.0 -0.0 0.0 0.11 0.15 0.9662447257383966 0.9662447257383966 0.966244725738397 237.0 1.21 
1.0 1.0 0.1918981404931311 0.0959490702465655 0.0 0.0 1.0 1.0 1.0 0.0 0.0 
0.0 54.0 0.1399047781492455 0.124313239121604 0.01 0.01 0.9921875 0.9973958333333331 0.994791666666667 127.59 0.06 
1.0 2.0 0.8591771948266446 0.795909904524098 0.2 0.43 1.0 1.0 1.0 511.85 0.08 
0.0 140.0 0.06018495865622546 0.0300924793281127 0.0 0.0 1.0 0.9968152866242038 0.998407643312102 0.0 0.0 
1.0 3.0 0.7132405300876173 0.488137499309084 0.05 0.11 0.9868421052631576 0.9868421052631576 0.986842105263158 829.1 0.26 
0.0 7.0 0.11093436688047352 0.0554671834402368 0.05 0.06 0.9854227405247814 0.9883381924198252 0.986880466472303 273.59 0.53 
1.0 6.0 0.05127318967582761 0.763324441868015 0.0 0.01 1.0 1.0 1.0 9.04 0.0 
0.0 643.0 0.045688389073983635 0.117448684806075 -0.0 0.0 1.0 1.0 1.0 0.05 0.02 
1.0 7.0 0.8393153654289303 0.455450099560925 0.09 0.15 0.9668874172185432 0.9801324503311258 0.973509933774835 151.0 0.43 
0.0 36.0 0.36434859208232206 0.75725934150749 -0.0 0.06 1.0 0.98125 0.990625 179.35 0.17 
1.0 7.0 -0.0 0.0 0.0 0.0 1.0 1.0 1.0 0.0 0.0 
0.0 36.0 0.10560966453439714 0.0528048322671986 -0.0 -0.0 1.0 0.99375 0.996875 0.0 0.0 
1.0 4.0 0.7103682023888913 0.485315948683256 0.08 0.15 0.9802371541501976 0.9802371541501976 0.980237154150198 278.93 0.68 
0.0 29.0 0.03641887534057641 0.0182094376702882 0.0 0.0 1.0 1.0 1.0 0.0 0.0 
1.0 4.0 0.6516960441756733 0.644670987201852 0.31 0.53 1.0 0.9967426710097722 0.998371335504886 303.91 2.98 
0.0 29.0 0.03661672937971218 0.0183083646898561 -0.0 -0.0 1.0 1.0 1.0 0.0 0.0 
1.0 4.0 0.027282478746759924 0.01364123937338 0.0 0.0 1.0 1.0 1.0 0.0 0.0 
0.0 144.0 -0.0 0.0 -0.0 0.0 0.9941002949852508 0.9970501474926252 0.995575221238938 0.01 0.0 
1.0 5.0 -0.0 0.0 0.12 0.14 0.968944099378882 0.968944099378882 0.968944099378882 161.0 1.14 
0.0 148.0 0.018855917943417073 0.0855798964103083 0.0 0.0 0.9865229110512128 0.9919137466307276 0.98921832884097 6.69 0.09 
1.0 7.0 0.08945330656204878 0.0554136125585399 0.01 0.02 0.9936908517350158 0.996845425867508 0.995268138801262 158.02 0.15 
0.0 34.0 0.02625568508792424 0.0131278425439621 0.0 0.0 1.0 1.0 1.0 0.0 0.0 
