1 154 0.7244657079537894 0.362232853976895 0.0 -0.0 1.0 0.3264462809917356 0.663223140495868 0.0 0.0 
0 556 0.6108643020548936 0.56719948704948 0.02 0.22 0.6666666666666665 0.8666666666666668 0.766666666666667 11.0 0.05 
1 7 0.01652368182171168 0.00826184091085584 0.08 0.08 0.9838709677419354 0.9838709677419354 0.983870967741935 434.0 0.72 
0 125 0.40018086939993297 0.298032644978281 -0.01 0.01 1.0 0.9948979591836736 0.997448979591837 2.2 0.13 
1 7 0.09908391604753189 0.0495419580237659 0.04 0.04 0.9850746268656718 0.9914712153518124 0.988272921108742 266.27 0.37 
0 71 -0.0 0.0 -0.01 0.0 0.984126984126984 0.9863945578231293 0.985260770975057 0.1 0.01 
1 23 0.056152199528602974 0.0560873346969132 -0.0 0.0 1.0 0.9972972972972972 0.998648648648649 0.03 0.0 
0 254 0.6171448282578021 0.329113474926485 -0.06 0.01 1.0 0.940340909090909 0.970170454545455 5.36 0.26 
1 614 0.042617471413436414 0.0310799043211172 0.0 0.01 0.837708830548926 0.9928400954653938 0.91527446300716 10.42 0.09 
0 352 -0.0 0.0 -0.06 0.18 0.6935483870967744 0.7580645161290323 0.725806451612903 22.68 1.66 
1 9 0.05602246986522343 0.0541490991069533 0.0 0.0 1.0 1.0 1.0 0.02 0.0 
0 190 0.3525425103487513 0.176271255174376 -0.08 0.15 1.0 0.6935483870967744 0.846774193548387 17.86 1.26 
1 336 -0.0 0.0 -0.1 0.14 0.6774193548387096 0.8064516129032256 0.741935483870968 17.76 1.34 
0 596 0.8311930354637374 0.415596517731869 -0.1 0.22 0.4568421052631578 0.9684210526315788 0.712631578947368 161.12 0.8 
1 14 -0.0 0.0 0.33 0.55 0.6774193548387096 0.6935483870967744 0.685483870967742 57.53 2.59 
0 104 0.2835478929710348 0.141773946485517 -0.06 0.13 0.6935483870967744 0.9838709677419354 0.838709677419355 15.03 1.12 
1 4 0.5297061990576545 0.439269147450343 -0.1 0.03 1.0 1.0 1.0 0.32 0.45 
0 105 0.6265544985250644 0.313277249262532 -0.01 0.0 0.8409090909090908 0.9886363636363636 0.914772727272727 1.61 0.11 
1 9 0.05602246986522343 0.0448156896337921 0.0 0.0 1.0 1.0 1.0 0.02 0.0 
0 127 0.8547011249697178 0.836248233372795 0.1 0.19 0.9795918367346939 0.989795918367347 0.98469387755102 127.9 0.22 
1 5 -0.0 0.0 0.3 0.5 0.8008658008658008 0.8008658008658008 0.800865800865801 462.0 2.56 
0 6 0.9556998911125344 0.819303997906503 0.06 0.68 1.0 1.0 1.0 7.0 0.78 
1 3 0.6601647680850746 0.591011175434611 0.13 0.3 0.8594470046082949 0.919354838709677 0.889400921658986 970.62 1.21 
0 102 -0.0 0.0 -0.02 0.01 0.28 0.96 0.62 0.41 0.1 
1 43 -0.0 0.0 0.0 0.0 1.0 1.0 1.0 0.0 0.0 
0 5 -0.0 0.0 -0.0 -0.0 1.0 1.0 1.0 0.0 0.0 
1 345 -0.0 0.0 -0.06 0.16 0.6774193548387096 0.7580645161290323 0.717741935483871 20.64 1.46 
0 78 0.015133271797678998 0.0075666358988395 -0.0 -0.0 1.0 1.0 1.0 0.0 0.0 
1 5 0.04131357294242817 0.0206567864712141 0.29 0.33 0.886153846153846 0.8892307692307693 0.887692307692308 315.12 2.04 
0 148 0.6878717657035625 0.354797010191207 -0.03 0.0 0.9402985074626864 0.997867803837953 0.96908315565032 4.29 0.1 
1 5 -0.0 0.0 0.06 0.41 0.8571428571428571 0.8571428571428571 0.857142857142857 7.0 2.49 
0 184 0.4319626568589969 0.215981328429498 -0.01 0.01 0.9402985074626864 0.9914712153518124 0.965884861407249 3.55 0.17 
1 148 0.8156295932307395 0.74694740234885 0.07 0.48 0.7484662576687117 0.8558282208588956 0.802147239263804 285.8 0.83 
0 202 0.08256493803586597 0.041282469017933 0.0 0.01 1.0 0.6935483870967744 0.846774193548387 0.45 0.11 
1 3 -0.0 0.0 0.0 0.0 1.0 1.0 1.0 0.0 0.0 
0 261 0.10881851617771927 0.0544092580888596 -0.0 0.0 0.7084337349397591 0.9951807228915664 0.851807228915663 0.89 0.04 
1 19 0.08958725315521794 0.0728697263419105 -0.0 0.0 1.0 0.9972972972972972 0.998648648648649 0.06 0.01 
0 84 0.36421465730196667 0.182107328650983 -0.05 0.23 0.6935483870967744 0.9516129032258066 0.82258064516129 26.98 1.62 
1 1 0.9277980308365658 1.27664305854078 0.26 0.8 0.7871396895787139 0.7871396895787139 0.787139689578714 1253.58 1.13 
0 253 0.4435682844142889 0.221784142207145 -0.01 0.0 0.8295454545454547 0.9886363636363636 0.909090909090909 1.33 0.08 
1 1 -0.0 0.0 0.19 0.69 0.5555555555555555 0.5555555555555555 0.555555555555556 9.0 1.98 
0 41 0.2797687666312197 0.13988438331561 0.0 0.0 1.0 0.9485714285714286 0.974285714285714 0.0 0.0 
1 10 -0.0 0.0 0.33 0.55 0.6774193548387096 0.6935483870967744 0.685483870967742 57.53 2.49 
0 171 0.6615632381579821 0.330781619078991 0.0 0.0 1.0 1.0 1.0 0.0 0.0 
1 34 0.6171448282578021 0.308572414128901 -0.01 0.0 1.0 0.9886363636363636 0.994318181818182 0.88 0.06 
0 246 0.36421465730196667 0.182107328650983 -0.06 0.23 0.8064516129032256 0.9516129032258066 0.879032258064516 34.07 1.67 
1 218 0.20297324940653716 0.101486624703269 0.0 -0.0 1.0 1.0 1.0 0.0 0.0 
0 385 0.4674331568190166 0.241928929008988 -0.01 0.0 1.0 0.9576837416481068 0.978841870824053 1.98 0.12 
1 22 -0.0 0.0 0.31 0.55 0.7580645161290323 0.7580645161290323 0.758064516129032 62.0 2.49 
0 3 0.3269974743901718 0.300423273424014 0.16 0.26 0.9229024943310656 0.9342403628117912 0.928571428571429 514.33 1.37 
1 1 0.05839899951927197 0.0572107346922477 0.0 0.0 1.0 1.0 1.0 0.02 0.0 
0 49 0.3222971304395862 0.662271064819733 -0.02 0.05 0.9859154929577466 0.9976525821596244 0.991784037558685 118.88 0.26 
1 29 0.02253214392080778 0.0197499575531257 -0.0 0.01 0.7156626506024096 0.9975903614457832 0.856626506024096 5.06 0.1 
0 30 0.6829081047004717 0.341454052350236 0.25 0.68 1.0 0.4285714285714285 0.714285714285714 7.0 0.76 
1 3 -0.0 0.0 0.0 0.0 1.0 1.0 1.0 0.0 0.0 
0 8 0.20691673784894696 0.158085668992692 0.14 0.45 0.5249343832020997 0.5721784776902888 0.548556430446194 276.57 1.63 
1 68 0.3269547847215813 0.163477392360791 -0.01 0.01 0.9481865284974093 0.9870466321243522 0.967616580310881 3.79 0.05 
0 28 0.21168754464631545 0.105843772323158 0.04 0.07 0.8870967741935483 0.919354838709677 0.903225806451613 12.94 0.82 
1 232 0.08627855491407438 0.0975485355458968 0.0 0.02 0.7084337349397591 0.9927710843373492 0.850602409638554 81.26 0.09 
0 523 0.026573282312620263 0.116821779263135 -0.0 0.0 0.9938775510204082 0.9979591836734693 0.995918367346939 0.17 0.01 
1 240 0.8547011249697178 0.427350562484859 -0.02 0.0 0.9795918367346939 0.982142857142857 0.980867346938775 1.6 0.02 
0 0 -0.0 0.0 -0.21 0.0 0.6774193548387096 0.6774193548387096 0.67741935483871 0.0 2.56 
1 20 0.8156295932307395 0.487087993037894 -0.0 0.08 0.7484662576687117 0.9785276073619632 0.863496932515337 53.37 0.31 
0 205 0.666278442414676 0.333139221207338 -0.1 0.06 1.0 0.8846153846153846 0.942307692307692 2.12 0.47 
1 4 0.01475818629482802 0.00737909314741401 0.01 0.01 1.0 0.9979466119096508 0.998973305954825 487.0 0.19 
0 202 0.43753675581656654 0.218768377908283 0.0 -0.0 1.0 0.3595041322314049 0.679752066115702 0.0 0.0 
1 18 0.5235346720440665 0.340972621087929 0.32 0.39 0.8666666666666668 0.9 0.883333333333333 30.0 1.75 
0 590 -0.0 0.0 -0.0 0.0 1.0 0.625 0.8125 0.0 0.0 
1 270 0.08807751896196665 0.451853556096353 -0.01 0.04 0.7484662576687117 0.9846625766871167 0.866564417177914 30.7 0.2 
0 28 0.0628093679942407 0.0314046839971203 0.0 0.0 1.0 0.997448979591837 0.998724489795918 0.0 0.0 
1 4 -0.0 0.0 0.31 0.55 0.7580645161290323 0.7580645161290323 0.758064516129032 62.0 2.49 
0 7 -0.0 0.0 0.0 0.0 1.0 1.0 1.0 0.0 0.0 
1 12 -0.0 0.0 0.3 0.36 0.8846153846153846 0.8846153846153846 0.884615384615385 26.0 2.14 
0 101 0.020759723418517357 0.0103798617092587 -0.01 0.0 0.8471502590673574 0.981865284974093 0.914507772020725 1.31 0.08 
1 5 0.020830638321723566 0.0104153191608618 0.04 0.04 0.9850746268656718 0.9914712153518124 0.988272921108742 266.27 0.43 
0 156 0.3525425103487513 0.176271255174376 -0.06 0.0 1.0 0.919354838709677 0.959677419354839 0.41 0.16 
1 226 0.6171448282578021 0.580437337832493 0.03 0.32 1.0 0.8835227272727273 0.941761363636364 378.52 1.7 
0 174 0.07915888226942422 0.0395794411347121 -0.0 0.0 0.9749430523917996 0.9954441913439636 0.985193621867882 0.08 0.01 
1 6 -0.0 0.0 -0.0 -0.0 1.0 1.0 1.0 0.0 0.0 
0 74 0.8171336440703532 0.472846193656607 -0.05 0.04 0.916083916083916 0.9976689976689976 0.956876456876457 40.37 0.27 
1 5 0.052275728348683194 0.0522757283486832 -0.0 0.0 1.0 1.0 1.0 0.02 0.0 
0 1 0.1520053108362029 0.0760026554181015 0.24 0.28 0.919354838709677 0.919354838709677 0.919354838709677 62.0 1.79 
1 3 0.0740225961475812 0.128824279468757 0.41 0.69 0.5590551181102362 0.5748031496062993 0.566929133858268 381.05 2.38 
0 0 -0.0 0.0 -0.0 0.0 0.99234693877551 0.99234693877551 0.99234693877551 0.0 0.43 
1 13 0.05839899951927197 0.0572755995239375 -0.0 0.0 1.0 0.9972972972972972 0.998648648648649 0.03 0.0 
0 197 0.666278442414676 0.333139221207338 -0.1 0.06 1.0 0.8846153846153846 0.942307692307692 2.12 0.36 
1 24 0.030372534777978206 0.0658985378330168 -0.0 0.0 0.972457627118644 0.9978813559322034 0.985169491525424 0.13 0.01 
0 81 0.1461447460085638 0.0730723730042819 -0.02 0.08 0.6935483870967744 0.9677419354838708 0.830645161290323 9.68 0.84 
1 31 -0.0 0.0 0.0 0.0 1.0 1.0 1.0 0.0 0.0 
0 16 0.6730116670092564 0.336505833504628 -0.2 0.33 0.28571428571428564 0.7142857142857143 0.5 3.73 0.81 
1 8 0.016424701198958662 0.00821235059947933 0.12 0.12 0.9728506787330315 0.9728506787330315 0.972850678733032 442.0 1.0 
0 345 -0.0 0.0 -0.06 0.16 0.6774193548387096 0.7580645161290323 0.717741935483871 20.64 1.46 
1 1 -0.0 0.0 0.39 0.62 0.6935483870967744 0.6935483870967744 0.693548387096774 62.0 2.6 
0 2 -0.0 0.0 -0.0 -0.0 1.0 1.0 1.0 0.0 0.0 
1 86 0.022727473318271005 0.0113637366591355 -0.0 -0.0 1.0 1.0 1.0 0.0 0.0 
0 52 0.5982695885852573 0.598269588585257 0.0 0.12 1.0 1.0 1.0 1.12 0.76 
1 47 -0.0 0.0 -0.0 0.0 1.0 0.6153846153846154 0.807692307692308 0.0 0.0 
0 9 0.7569669131450216 0.578819283271747 0.12 0.31 1.0 0.9914772727272728 0.995738636363636 1146.26 1.7 
1 3 -0.0 0.0 0.0 0.0 1.0 1.0 1.0 0.0 0.0 
0 5 -0.0 0.0 0.42 0.63 0.6774193548387096 0.6774193548387096 0.67741935483871 62.0 2.56 
1 75 0.09699169411326156 0.0765719468209323 -0.0 0.0 1.0 0.9972972972972972 0.998648648648649 0.07 0.01 
0 394 0.038691590688165765 0.0317966528589984 -0.01 0.0 1.0 0.5628997867803837 0.781449893390192 0.65 0.03 
1 3 -0.0 0.0 -0.0 -0.0 1.0 1.0 1.0 0.0 0.0 
0 62 0.7569085521415507 0.378454276070775 -0.0 0.0 1.0 1.0 1.0 0.0 0.0 
1 24 0.16245281571443987 0.14550577947865 -0.01 0.02 0.916083916083916 0.9976689976689976 0.956876456876457 46.4 0.05 
0 15 -0.0 0.0 -0.0 -0.0 1.0 1.0 1.0 0.0 0.0 
1 8 -0.0 0.0 0.12 0.12 0.9568034557235422 0.9676025917926566 0.962203023758099 343.37 1.04 
0 285 -0.0 0.0 -0.01 0.21 0.7142857142857143 0.8571428571428571 0.785714285714286 2.92 1.79 
1 42 0.017626642729371575 0.00881332136468579 0.18 0.25 0.9252336448598132 0.9275700934579442 0.926401869158878 413.58 1.81 
0 208 -0.0 0.0 -0.0 -0.0 1.0 1.0 1.0 0.0 0.0 
1 6 -0.0 0.0 -0.0 -0.0 1.0 0.9936034115138594 0.99680170575693 0.0 0.0 
0 709 0.666278442414676 0.333139221207338 -0.1 0.12 0.2333333333333333 0.8666666666666668 0.55 5.19 0.03 
1 2 -0.0 0.0 0.39 0.62 0.6935483870967744 0.6935483870967744 0.693548387096774 62.0 2.6 
0 134 1.3499995117282224 0.674999755864111 0.0 0.0 0.8352272727272727 0.9971590909090908 0.916193181818182 4.43 0.02 
1 3 0.10434878616952079 0.0521743930847604 0.01 0.01 0.9979591836734693 0.9979591836734693 0.997959183673469 490.0 0.11 
0 36 -0.0 0.0 0.0 0.0 1.0 0.9977728285077953 0.998886414253898 0.0 0.0 
1 4 0.8127245415610106 0.428086422879458 0.41 0.59 0.3391521197007481 0.3640897755610973 0.351620947630923 772.17 0.33 
0 688 0.27384907245785556 0.145088025955974 -0.04 0.0 0.9229024943310656 0.981859410430839 0.952380952380952 1.36 0.09 
1 127 -0.0 0.0 0.11 0.46 0.5384615384615384 0.6153846153846154 0.576923076923077 18.96 1.68 
0 27 0.03735565091890093 0.0186778254594505 -0.0 0.0 1.0 0.9972972972972972 0.998648648648649 0.01 0.0 
1 3 -0.0 0.0 0.0 0.0 1.0 1.0 1.0 0.0 0.0 
0 329 0.01652368182171168 0.0164415484186572 -0.0 0.0 0.9838709677419354 0.9953917050691244 0.98963133640553 0.06 0.01 
1 14 0.5235346720440665 0.340972621087929 0.32 0.39 0.8666666666666668 0.9 0.883333333333333 30.0 1.75 
0 43 -0.0 0.0 -0.0 -0.0 1.0 1.0 1.0 0.0 0.0 
1 16 -0.0 0.0 0.33 0.55 0.6774193548387096 0.6935483870967744 0.685483870967742 57.53 2.39 
0 173 0.5254674820821779 0.27091344854889 -0.01 0.01 1.0 0.9621380846325168 0.981069042316258 4.7 0.21 
1 182 -0.0 0.0 -0.0 0.0 1.0 0.7580645161290323 0.879032258064516 0.0 0.0 
0 4 0.5982695885852573 0.919476940269327 0.26 0.31 0.11827956989247312 0.07526881720430106 0.0967741935483871 186.0 0.01 
1 9 0.09503011725564632 0.0475150586278232 0.0 -0.0 1.0 1.0 1.0 0.0 0.0 
0 1 -0.0 0.0 0.42 0.63 0.6774193548387096 0.6774193548387096 0.67741935483871 62.0 2.67 
1 122 0.04915006684960595 0.024575033424803 0.0 0.01 0.868995633187773 0.9956331877729256 0.932314410480349 13.32 0.14 
0 22 1.2455950154829072 0.622797507741454 0.34 0.56 0.6580310880829016 0.6761658031088082 0.667098445595855 355.73 0.84 
1 2 0.09699169411326156 0.0746337112309724 -0.0 0.0 1.0 1.0 1.0 0.05 0.01 
0 236 0.3525425103487513 0.176271255174376 -0.08 0.14 1.0 0.6774193548387096 0.838709677419355 16.57 1.27 
1 94 0.09165764788996307 0.0699766348366203 -0.0 0.0 1.0 0.9818181818181818 0.990909090909091 0.1 0.01 
0 18 0.18260975257337433 0.153179772883904 0.01 0.01 1.0 1.0 1.0 17.11 0.09 
1 316 -0.0 0.0 0.0 0.0 1.0 0.982142857142857 0.991071428571429 0.0 0.0 
0 77 0.1520053108362029 0.0760026554181015 0.02 0.14 0.6774193548387096 0.919354838709677 0.798387096774194 16.57 1.28 
1 179 1.7983316181241153 0.899165809062058 0.0 -0.0 1.0 0.9628099173553722 0.981404958677686 0.0 0.0 
0 94 0.023453143960222942 0.104347551901758 0.0 0.01 1.0 0.9806295399515738 0.990314769975787 17.69 0.16 
1 11 0.02133050528737909 0.0106652526436895 0.1 0.1 0.980392156862745 0.980392156862745 0.980392156862745 459.0 0.82 
0 375 0.6524237910227594 0.523267783561004 -0.04 0.07 1.0 0.9078014184397164 0.953900709219858 166.91 0.14 
1 2 0.666278442414676 0.666278442414676 0.25 0.67 1.0 1.0 1.0 26.0 0.9 
0 224 0.3525425103487513 0.176271255174376 -0.08 0.15 1.0 0.6935483870967744 0.846774193548387 17.86 1.26 
1 35 1.6284102630552857 1.62546092371276 -0.02 0.51 0.7700348432055749 0.9895470383275262 0.879790940766551 325.24 0.19 
0 135 0.744230088684321 0.423685194719105 -0.03 0.02 1.0 0.7505330490405117 0.875266524520256 15.83 0.11 
1 2 0.0251440699125892 0.0125720349562946 0.53 0.63 0.6761658031088082 0.6761658031088082 0.676165803108808 386.0 2.33 
0 109 0.01944773452386289 0.605988261674431 -0.11 0.1 0.7624190064794816 0.9935205183585314 0.877969762419006 105.77 0.67 
1 4 0.09503011725564632 0.189490815924107 0.0 0.0 1.0 1.0 1.0 0.06 0.04 
0 392 -0.0 0.0 -0.0 -0.0 1.0 1.0 1.0 0.0 0.0 
1 2 -0.0 0.0 0.47 0.64 0.33333333333333326 0.33333333333333326 0.333333333333333 30.0 0.94 
0 9 0.7569669131450216 0.578819283271747 0.12 0.31 1.0 0.9914772727272728 0.995738636363636 1146.26 1.7 
1 65 -0.0 0.0 -0.0 -0.0 1.0 0.9958677685950412 0.997933884297521 0.0 0.0 
0 278 0.6365141682948128 0.318257084147406 -0.13 0.39 0.3 0.6 0.45 6.43 0.19 
1 3 -0.0 0.0 -0.0 -0.0 1.0 1.0 1.0 0.0 0.0 
0 223 0.3525425103487513 0.176271255174376 -0.08 0.15 1.0 0.6935483870967744 0.846774193548387 17.86 1.33 
1 14 0.08958725315521794 0.0709314907519506 0.0 0.0 1.0 1.0 1.0 0.04 0.01 
0 117 0.01789792517672371 0.00894896258836186 -0.0 -0.0 1.0 1.0 1.0 0.0 0.0 
1 4 -0.0 0.0 0.0 0.0 1.0 1.0 1.0 0.0 0.0 
0 28 -0.0 0.0 -0.0 -0.0 1.0 1.0 1.0 0.0 0.0 
1 2 0.06894930739780505 0.15777508018186 0.26 0.3 0.9182389937106918 0.9266247379454928 0.922431865828092 1350.0 2.0 
0 187 0.07155187909197604 0.252948941349336 0.0 0.02 1.0 1.0 1.0 21.73 0.26 
1 362 -0.0 0.0 -0.06 0.16 0.6774193548387096 0.7580645161290323 0.717741935483871 20.64 1.46 
0 135 0.3724807184521906 0.362511614400471 0.04 0.35 1.0 0.919354838709677 0.959677419354839 62.0 1.71 
1 1 -0.0 0.0 0.37 0.44 0.16 0.16 0.16 25.0 0.2 
0 35 0.5543870569631909 0.435361118763248 0.03 0.13 0.945823927765237 0.968397291196388 0.957110609480813 211.91 0.97 
1 5 -0.0 0.0 0.07 0.08 0.9854771784232365 0.9854771784232365 0.985477178423237 482.0 0.65 
0 1401 -0.0 0.0 0.0 0.0 1.0 1.0 1.0 0.0 0.0 
1 265 0.3742549310896416 0.187127465544821 -0.03 0.02 0.7660668380462725 0.9974293059125964 0.881748071979434 15.62 0.69 
0 53 0.3724807184521906 0.186240359226095 -0.02 0.29 0.6935483870967744 0.919354838709677 0.806451612903226 33.68 1.92 
1 28 0.6822056867479602 0.602052179998817 0.05 0.2 0.9222462203023758 0.9546436285097192 0.938444924406048 472.98 0.93 
0 65 0.4215509456846521 0.210775472842326 -0.01 0.0 0.9346590909090908 0.9829545454545452 0.958806818181818 1.15 0.08 
1 4 0.7865364435085352 0.393268221754268 0.09 0.12 0.9728506787330315 0.9728506787330315 0.972850678733032 442.0 0.36 
0 54 0.015244213031655377 0.00762210651582769 -0.0 -0.0 1.0 1.0 1.0 0.0 0.0 
1 4 0.7865364435085352 0.401480572353747 0.08 0.13 0.9728506787330315 0.9728506787330315 0.972850678733032 442.51 0.33 
0 556 -0.0 0.0 0.0 -0.0 1.0 0.984126984126984 0.992063492063492 0.0 0.0 
1 1 0.07093518297335139 0.0616054556610173 0.0 0.0 1.0 1.0 1.0 0.03 0.0 
0 29 0.9030752549500218 0.451537627475011 -0.04 0.05 0.7642105263157895 0.96 0.862105263157895 55.65 0.29 
1 3 0.43686973210547814 0.270464027731018 0.04 0.05 1.0 0.940936863543788 0.970468431771894 144.91 0.55 
0 230 -0.0 0.0 0.0 0.0 1.0 0.125 0.5625 0.0 0.0 
1 723 0.1725612331626618 0.0862806165813309 -0.07 0.05 0.4568421052631578 0.9578947368421052 0.707368421052632 33.9 0.06 
0 178 0.3754642400039305 0.369277979385751 -0.14 0.05 0.7668997668997669 0.7832167832167832 0.775058275058275 50.93 0.62 
1 33 0.030372534777978206 0.0228364363705995 -0.0 0.0 0.9894067796610168 0.9978813559322034 0.99364406779661 0.04 0.0 
0 82 0.7453785846192588 0.383550419649055 0.02 0.09 0.7270788912579956 0.9402985074626864 0.833688699360341 82.2 0.35 
1 8 0.0947607483566568 0.232756230915289 0.02 0.03 0.9678111587982832 0.9806866952789698 0.974248927038627 84.69 0.27 
0 423 0.09345740278411808 0.046728701392059 -0.0 -0.0 1.0 1.0 1.0 0.0 0.0 
1 8 0.022727473318271005 0.022727473318271 -0.0 0.0 1.0 1.0 1.0 0.0 0.0 
0 44 0.05577279621184249 0.0278863981059212 -0.0 0.0 1.0 0.9686746987951808 0.98433734939759 0.0 0.0 
1 49 -0.0 0.0 0.0 0.0 1.0 1.0 1.0 0.0 0.0 
0 291 0.09962338946616205 0.049811694733081 -0.12 0.11 0.6935483870967744 0.7903225806451613 0.741935483870968 14.57 1.31 
1 4 0.6895519477750732 0.344775973887537 0.0 -0.0 1.0 1.0 1.0 0.0 0.0 
0 213 0.34883209584303193 0.174416047921516 0.07 0.19 1.0 0.7777777777777779 0.888888888888889 3.94 1.6 
1 4 0.0947607483566568 0.0769695270739669 0.09 0.1 0.9806866952789698 0.982832618025751 0.981759656652361 445.71 0.81 
0 267 0.44207440763758493 0.301862736155107 -0.02 0.01 1.0 0.9468085106382979 0.973404255319149 18.57 0.03 
1 1 0.4811067080592432 0.300596867788392 0.04 0.05 0.9954853273137698 0.9954853273137698 0.99548532731377 895.47 0.16 
0 24 0.9556998911125344 0.477849945556267 0.06 0.68 1.0 0.4285714285714285 0.714285714285714 7.0 1.28 
1 6 0.08958725315521794 0.073993126337245 0.0 0.0 1.0 1.0 1.0 0.04 0.01 
0 227 0.11690572773239792 0.564368178107589 -0.0 0.01 1.0 0.9976525821596244 0.998826291079812 6.86 0.11 
1 61 0.0707680768797802 0.351225226630238 -0.0 0.0 1.0 0.997695852534562 0.998847926267281 3.17 0.0 
0 453 0.6090372974721847 0.893866043420913 0.15 0.39 1.0 0.9138461538461538 0.956923076923077 841.96 0.82 
