1 7 0.09908391604753189 0.0495419580237659 0.04 0.04 0.9850746268656718 0.9914712153518124 0.988272921108742 266.27 0.37 
0 28 0.34883209584303193 0.348832095843032 0.22 0.35 1.0 1.0 1.0 9.0 2.22 
1 4 0.7865364435085352 0.393268221754268 0.09 0.12 0.9728506787330315 0.9728506787330315 0.972850678733032 442.0 0.36 
0 242 0.5218575827841464 0.260928791392073 0.0 -0.0 1.0 0.8594470046082949 0.929723502304147 0.0 0.0 
1 218 0.20297324940653716 0.101486624703269 0.0 -0.0 1.0 1.0 1.0 0.0 0.0 
0 178 -0.0 0.0 -0.0 -0.0 1.0 1.0 1.0 0.0 0.0 
1 3 -0.0 0.0 0.0 0.0 1.0 1.0 1.0 0.0 0.0 
0 117 0.08392577932363239 0.718114295599307 0.02 0.07 0.9918367346938776 0.9959183673469388 0.993877551020408 300.73 0.15 
1 362 -0.0 0.0 -0.06 0.16 0.6774193548387096 0.7580645161290323 0.717741935483871 20.64 1.46 
0 15 -0.0 0.0 -0.01 0.21 0.7142857142857143 0.8571428571428571 0.785714285714286 2.92 1.76 
1 316 -0.0 0.0 0.0 0.0 1.0 0.982142857142857 0.991071428571429 0.0 0.0 
0 269 -0.0 0.0 0.0 0.0 1.0 1.0 1.0 0.0 0.0 
1 9 0.09503011725564632 0.0475150586278232 0.0 -0.0 1.0 1.0 1.0 0.0 0.0 
0 130 0.016967771185443552 0.0169502382819502 -0.0 0.0 1.0 0.9975903614457832 0.998795180722892 0.0 0.0 
1 25 0.8720635602136072 0.444515665699525 -0.01 0.0 0.2385542168674699 0.9975903614457832 0.618072289156626 0.63 0.0 
0 212 -0.0 0.0 -0.0 -0.0 1.0 0.9966442953020132 0.998322147651007 0.0 0.0 
1 8 0.016424701198958662 0.00821235059947933 0.12 0.12 0.9728506787330315 0.9728506787330315 0.972850678733032 442.0 1.0 
0 129 0.15864788105525998 0.07932394052763 -0.01 0.0 0.7908163265306124 0.99234693877551 0.891581632653061 0.93 0.05 
1 5 -0.0 0.0 0.06 0.41 0.8571428571428571 0.8571428571428571 0.857142857142857 7.0 2.49 
0 6 0.4611714371512433 0.412131577959407 0.49 0.76 0.7832167832167832 0.7832167832167832 0.783216783216783 1355.69 2.47 
1 270 0.08807751896196665 0.451853556096353 -0.01 0.04 0.7484662576687117 0.9846625766871167 0.866564417177914 30.7 0.2 
0 48 0.0251440699125892 0.0125720349562946 -0.01 0.01 0.6761658031088082 0.981865284974093 0.829015544041451 3.45 0.13 
1 723 0.1725612331626618 0.0862806165813309 -0.07 0.05 0.4568421052631578 0.9578947368421052 0.707368421052632 33.9 0.06 
0 81 -0.0 0.0 0.06 0.41 0.8571428571428571 0.8571428571428571 0.857142857142857 7.0 2.45 
1 1 -0.0 0.0 0.19 0.69 0.5555555555555555 0.5555555555555555 0.555555555555556 9.0 1.98 
0 243 0.41963577493948573 0.209817887469743 0.0 -0.0 1.0 0.9976525821596244 0.998826291079812 0.0 0.0 
1 5 0.052275728348683194 0.0522757283486832 -0.0 0.0 1.0 1.0 1.0 0.02 0.0 
0 229 0.27384907245785556 0.144960715628751 -0.0 0.0 1.0 0.9229024943310656 0.961451247165533 0.15 0.01 
1 127 -0.0 0.0 0.11 0.46 0.5384615384615384 0.6153846153846154 0.576923076923077 18.96 1.68 
0 354 -0.0 0.0 -0.01 0.0 0.6400911161731208 0.9954441913439636 0.817767653758542 1.13 0.04 
1 16 -0.0 0.0 0.33 0.55 0.6774193548387096 0.6935483870967744 0.685483870967742 57.53 2.39 
0 28 0.9556998911125344 0.776984739848896 -0.01 0.6 1.0 1.0 1.0 7.0 1.33 
1 148 0.8156295932307395 0.74694740234885 0.07 0.48 0.7484662576687117 0.8558282208588956 0.802147239263804 285.8 0.83 
0 31 -0.0 0.0 -0.0 -0.0 1.0 0.9966442953020132 0.998322147651007 0.0 0.0 
1 5 0.04131357294242817 0.0206567864712141 0.29 0.33 0.886153846153846 0.8892307692307693 0.887692307692308 315.12 2.04 
0 187 0.3525425103487513 0.176271255174376 -0.08 0.15 1.0 0.6935483870967744 0.846774193548387 17.86 1.26 
1 68 0.3269547847215813 0.163477392360791 -0.01 0.01 0.9481865284974093 0.9870466321243522 0.967616580310881 3.79 0.05 
0 3 0.4905286033068502 0.320704875627542 0.42 0.54 0.5704845814977972 0.5814977973568282 0.575991189427313 393.81 1.5 
1 43 -0.0 0.0 0.0 0.0 1.0 1.0 1.0 0.0 0.0 
0 19 0.4695240172949409 0.23476200864747 0.0 -0.0 1.0 1.0 1.0 0.0 0.0 
1 122 0.04915006684960595 0.024575033424803 0.0 0.01 0.868995633187773 0.9956331877729256 0.932314410480349 13.32 0.14 
0 23 0.4523813490678532 0.324499084398225 -0.0 0.25 0.26636568848758463 0.9954853273137698 0.630925507900677 231.77 0.74 
1 49 -0.0 0.0 0.0 0.0 1.0 1.0 1.0 0.0 0.0 
0 101 0.9569181480647492 0.832800313968016 0.16 0.63 0.9918367346938776 0.9979591836734693 0.994897959183674 471.23 0.32 
1 2 0.6846162778013049 0.342308138900652 0.15 0.36 0.8846153846153846 0.8846153846153846 0.884615384615385 26.0 0.82 
0 64 0.019832155766290046 0.00991607788314502 -0.0 0.0 0.9801136363636364 0.9829545454545452 0.981534090909091 0.14 0.02 
1 240 0.8547011249697178 0.427350562484859 -0.02 0.0 0.9795918367346939 0.982142857142857 0.980867346938775 1.6 0.02 
0 285 -0.0 0.0 -0.0 -0.0 1.0 0.9948586118251928 0.997429305912596 0.0 0.0 
1 8 -0.0 0.0 0.12 0.12 0.9568034557235422 0.9676025917926566 0.962203023758099 343.37 1.04 
0 342 0.24610920772326714 0.123054603861634 0.0 -0.0 1.0 1.0 1.0 0.0 0.0 
1 154 0.7244657079537894 0.362232853976895 0.0 -0.0 1.0 0.3264462809917356 0.663223140495868 0.0 0.0 
0 10 -0.0 0.0 0.33 0.55 0.6774193548387096 0.6935483870967744 0.685483870967742 57.53 2.49 
1 61 0.0707680768797802 0.351225226630238 -0.0 0.0 1.0 0.997695852534562 0.998847926267281 3.17 0.0 
0 3 -0.0 0.0 0.25 0.45 0.8311688311688312 0.8311688311688312 0.831168831168831 462.0 2.57 
1 12 -0.0 0.0 0.3 0.36 0.8846153846153846 0.8846153846153846 0.884615384615385 26.0 2.14 
0 155 0.2313519442560678 0.123055065275448 -0.0 0.0 1.0 1.0 1.0 0.07 0.01 
1 31 -0.0 0.0 0.0 0.0 1.0 1.0 1.0 0.0 0.0 
0 147 0.4695240172949409 0.451935010450818 0.21 0.4 1.0 1.0 1.0 373.97 2.31 
1 14 0.5235346720440665 0.340972621087929 0.32 0.39 0.8666666666666668 0.9 0.883333333333333 30.0 1.75 
0 344 -0.0 0.0 0.0 -0.0 1.0 0.984126984126984 0.992063492063492 0.0 0.0 
1 10 -0.0 0.0 0.33 0.55 0.6774193548387096 0.6935483870967744 0.685483870967742 57.53 2.49 
0 1267 -0.0 0.0 0.0 -0.0 1.0 0.5555555555555555 0.777777777777778 0.0 0.0 
1 3 0.43686973210547814 0.270464027731018 0.04 0.05 1.0 0.940936863543788 0.970468431771894 144.91 0.55 
0 55 -0.0 0.0 0.27 0.41 0.2666666666666666 0.33333333333333326 0.3 21.82 0.63 
1 3 -0.0 0.0 -0.0 -0.0 1.0 1.0 1.0 0.0 0.0 
0 181 0.3805338924281298 0.199215908802427 -0.0 0.0 1.0 0.9922879177377892 0.996143958868895 0.15 0.02 
1 11 0.02133050528737909 0.0106652526436895 0.1 0.1 0.980392156862745 0.980392156862745 0.980392156862745 459.0 0.82 
0 90 0.7086824798712817 0.406515633020401 -0.01 0.01 0.9918367346938776 0.9979591836734693 0.994897959183674 19.76 0.03 
1 8 0.0947607483566568 0.232756230915289 0.02 0.03 0.9678111587982832 0.9806866952789698 0.974248927038627 84.69 0.27 
0 166 0.6681369026482501 0.522620695122853 -0.13 0.04 0.8898488120950323 0.9676025917926566 0.928725701943845 319.08 0.21 
1 75 0.09699169411326156 0.0765719468209323 -0.0 0.0 1.0 0.9972972972972972 0.998648648648649 0.07 0.01 
0 141 -0.0 0.0 0.01 0.4 0.625 0.7083333333333334 0.666666666666667 16.47 1.91 
1 23 0.056152199528602974 0.0560873346969132 -0.0 0.0 1.0 0.9972972972972972 0.998648648648649 0.03 0.0 
0 358 0.016294681047229552 0.00814734052361478 -0.0 0.0 1.0 0.9585253456221196 0.97926267281106 0.04 0.0 
1 34 0.6171448282578021 0.308572414128901 -0.01 0.0 1.0 0.9886363636363636 0.994318181818182 0.88 0.06 
0 355 -0.0 0.0 -0.04 0.04 0.8076923076923077 0.846153846153846 0.826923076923077 1.13 0.52 
1 2 -0.0 0.0 0.39 0.62 0.6935483870967744 0.6935483870967744 0.693548387096774 62.0 2.6 
0 438 0.4959171118080685 0.247958555904034 -0.15 0.04 0.7660668380462725 0.9922879177377892 0.879177377892031 18.8 0.61 
1 3 0.6601647680850746 0.591011175434611 0.13 0.3 0.8594470046082949 0.919354838709677 0.889400921658986 970.62 1.21 
0 581 0.9517673227869262 0.475883661393463 0.0 0.01 0.9886621315192744 0.9977324263038548 0.993197278911565 8.02 0.04 
1 14 -0.0 0.0 0.33 0.55 0.6774193548387096 0.6935483870967744 0.685483870967742 57.53 2.59 
0 72 0.4459524223135379 0.222976211156769 -0.03 0.27 0.6774193548387096 0.919354838709677 0.798387096774194 31.25 1.85 
1 33 0.030372534777978206 0.0228364363705995 -0.0 0.0 0.9894067796610168 0.9978813559322034 0.99364406779661 0.04 0.0 
0 29 0.5456891633476865 0.272844581673843 0.03 0.36 0.6935483870967744 0.8870967741935483 0.790322580645161 40.98 2.06 
1 265 0.3742549310896416 0.187127465544821 -0.03 0.02 0.7660668380462725 0.9974293059125964 0.881748071979434 15.62 0.69 
0 190 -0.0 0.0 0.0 0.0 1.0 0.8076923076923077 0.903846153846154 0.0 0.0 
1 2 0.0251440699125892 0.0125720349562946 0.53 0.63 0.6761658031088082 0.6761658031088082 0.676165803108808 386.0 2.33 
0 199 0.9556998911125344 1.01734604949506 0.18 0.68 1.0 1.0 1.0 8.17 0.03 
1 2 0.666278442414676 0.666278442414676 0.25 0.67 1.0 1.0 1.0 26.0 0.9 
0 762 0.8605892830185917 0.430294641509296 0.0 -0.0 1.0 0.9765807962529272 0.988290398126464 0.0 0.0 
1 182 -0.0 0.0 -0.0 0.0 1.0 0.7580645161290323 0.879032258064516 0.0 0.0 
0 137 0.4319626568589969 0.223603434945326 0.01 0.01 1.0 0.9914712153518124 0.995735607675906 28.37 0.08 
1 47 -0.0 0.0 -0.0 0.0 1.0 0.6153846153846154 0.807692307692308 0.0 0.0 
0 167 0.3525425103487513 0.176271255174376 -0.06 0.19 1.0 0.7580645161290323 0.879032258064516 24.72 1.56 
1 345 -0.0 0.0 -0.06 0.16 0.6774193548387096 0.7580645161290323 0.717741935483871 20.64 1.46 
0 295 0.022083380117043378 0.087931533896232 -0.0 0.0 1.0 0.981859410430839 0.99092970521542 0.3 0.03 
1 1 0.05839899951927197 0.0572107346922477 0.0 0.0 1.0 1.0 1.0 0.02 0.0 
0 142 0.5458360932286223 0.272918046614311 -0.0 0.0 0.9979466119096508 0.9979466119096508 0.997946611909651 0.24 0.01 
1 2 0.09699169411326156 0.0746337112309724 -0.0 0.0 1.0 1.0 1.0 0.05 0.01 
0 725 0.804637919054263 0.402318959527131 -0.02 0.01 0.41723356009070284 0.9591836734693876 0.688208616780045 3.65 0.04 
1 65 -0.0 0.0 -0.0 -0.0 1.0 0.9958677685950412 0.997933884297521 0.0 0.0 
0 405 -0.0 0.0 -0.01 0.0 0.9413265306122448 0.982142857142857 0.961734693877551 0.44 0.04 
1 14 0.08958725315521794 0.0709314907519506 0.0 0.0 1.0 1.0 1.0 0.04 0.01 
0 28 0.17449997006024281 0.0872499850301214 0.01 0.01 0.9876796714579056 0.9917864476386036 0.989733059548255 78.87 0.16 
1 5 -0.0 0.0 0.3 0.5 0.8008658008658008 0.8008658008658008 0.800865800865801 462.0 2.56 
0 29 0.9030752549500218 0.451537627475011 -0.04 0.05 0.7642105263157895 0.96 0.862105263157895 55.65 0.29 
1 336 -0.0 0.0 -0.1 0.14 0.6774193548387096 0.8064516129032256 0.741935483870968 17.76 1.34 
0 378 0.25095314470125835 0.136774998633864 -0.0 0.0 0.9932885906040269 0.9966442953020132 0.99496644295302 0.22 0.03 
1 29 0.02253214392080778 0.0197499575531257 -0.0 0.01 0.7156626506024096 0.9975903614457832 0.856626506024096 5.06 0.1 
0 223 0.3525425103487513 0.176271255174376 -0.08 0.15 1.0 0.6935483870967744 0.846774193548387 17.86 1.33 
1 94 0.09165764788996307 0.0699766348366203 -0.0 0.0 1.0 0.9818181818181818 0.990909090909091 0.1 0.01 
0 255 0.9242647281309502 0.462132364065475 -0.08 0.01 0.8607954545454547 0.9573863636363636 0.909090909090909 3.38 0.15 
1 4 0.5297061990576545 0.439269147450343 -0.1 0.03 1.0 1.0 1.0 0.32 0.45 
0 144 0.664316082500306 0.351090044567114 -0.0 0.0 0.938496583143508 0.988610478359909 0.963553530751708 2.03 0.09 
1 4 0.09503011725564632 0.189490815924107 0.0 0.0 1.0 1.0 1.0 0.06 0.04 
0 140 0.6127954659992856 0.325743528343726 -0.0 0.0 1.0 1.0 1.0 0.04 0.01 
1 13 0.05839899951927197 0.0572755995239375 -0.0 0.0 1.0 0.9972972972972972 0.998648648648649 0.03 0.0 
0 92 0.3708082825784814 0.261770151463711 -0.0 0.0 1.0 1.0 1.0 1.31 0.08 
1 4 -0.0 0.0 0.31 0.55 0.7580645161290323 0.7580645161290323 0.758064516129032 62.0 2.49 
0 290 0.6730116670092564 0.635640627797257 0.31 0.6 1.0 0.7142857142857143 0.857142857142857 7.0 0.9 
1 6 -0.0 0.0 -0.0 -0.0 1.0 1.0 1.0 0.0 0.0 
0 31 1.5067139955038629 1.28807197303265 0.12 0.81 0.8250539956803455 0.9136069114470842 0.869330453563715 848.58 0.39 
1 1 -0.0 0.0 0.37 0.44 0.16 0.16 0.16 25.0 0.2 
0 5 0.0 0.0 0.0 0.0 0.0 0.0 0.0 0.0 0.0 
1 2 0.06894930739780505 0.15777508018186 0.26 0.3 0.9182389937106918 0.9266247379454928 0.922431865828092 1350.0 2.0 
0 16 -0.0 0.0 -0.0 -0.0 1.0 1.0 1.0 0.0 0.0 
1 19 0.08958725315521794 0.0728697263419105 -0.0 0.0 1.0 0.9972972972972972 0.998648648648649 0.06 0.01 
0 102 -0.0 0.0 -0.02 0.01 0.28 0.96 0.62 0.41 0.1 
1 4 0.6895519477750732 0.344775973887537 0.0 -0.0 1.0 1.0 1.0 0.0 0.0 
0 83 -0.0 0.0 0.0 0.0 1.0 1.0 1.0 0.0 0.0 
1 4 0.7865364435085352 0.401480572353747 0.08 0.13 0.9728506787330315 0.9728506787330315 0.972850678733032 442.51 0.33 
0 62 0.6867648001858452 0.343382400092923 -0.01 0.04 1.0 0.07611548556430446 0.538057742782152 30.22 0.0 
1 86 0.022727473318271005 0.0113637366591355 -0.0 -0.0 1.0 1.0 1.0 0.0 0.0 
0 674 -0.0 0.0 0.0 0.0 1.0 1.0 1.0 0.0 0.0 
1 1 0.4811067080592432 0.300596867788392 0.04 0.05 0.9954853273137698 0.9954853273137698 0.99548532731377 895.47 0.16 
0 454 0.28735403618953503 0.143677018094767 0.0 0.0 1.0 0.9489795918367347 0.974489795918367 0.0 0.0 
1 3 -0.0 0.0 0.0 0.0 1.0 1.0 1.0 0.0 0.0 
0 242 0.08256493803586597 0.041282469017933 0.01 0.02 1.0 0.6774193548387096 0.838709677419355 2.13 0.25 
1 7 0.01652368182171168 0.00826184091085584 0.08 0.08 0.9838709677419354 0.9838709677419354 0.983870967741935 434.0 0.72 
0 124 0.01478431915835523 0.0640078982383601 0.0 0.01 0.9918367346938776 0.9938775510204082 0.992857142857143 39.49 0.08 
1 1 0.9277980308365658 1.27664305854078 0.26 0.8 0.7871396895787139 0.7871396895787139 0.787139689578714 1253.58 1.13 
0 78 0.016967771185443552 0.0166635931005231 -0.0 0.0 0.9539170506912442 0.9953917050691244 0.974654377880184 0.15 0.01 
1 3 -0.0 0.0 -0.0 -0.0 1.0 1.0 1.0 0.0 0.0 
0 258 0.9562538784361096 0.478126939218055 0.0 -0.0 1.0 0.6866359447004609 0.84331797235023 0.0 0.0 
1 232 0.08627855491407438 0.0975485355458968 0.0 0.02 0.7084337349397591 0.9927710843373492 0.850602409638554 81.26 0.09 
0 528 -0.0 0.0 -0.0 -0.0 1.0 0.9954648526077096 0.997732426303855 0.0 0.0 
1 22 -0.0 0.0 0.31 0.55 0.7580645161290323 0.7580645161290323 0.758064516129032 62.0 2.49 
0 506 0.014654633616741741 0.00732731680837087 -0.0 -0.0 1.0 1.0 1.0 0.0 0.0 
1 8 0.022727473318271005 0.022727473318271 -0.0 0.0 1.0 1.0 1.0 0.0 0.0 
0 95 0.11814780677302933 0.592182588730569 -0.02 0.02 0.989795918367347 0.9979591836734693 0.993877551020408 105.94 0.0 
1 6 -0.0 0.0 -0.0 -0.0 1.0 0.9936034115138594 0.99680170575693 0.0 0.0 
0 334 -0.0 0.0 -0.0 0.0 0.9966442953020132 0.9966442953020132 0.996644295302013 0.0 0.0 
1 3 0.10434878616952079 0.0521743930847604 0.01 0.01 0.9979591836734693 0.9979591836734693 0.997959183673469 490.0 0.11 
0 172 -0.0 0.0 0.0 0.0 1.0 1.0 1.0 0.0 0.0 
1 6 0.08958725315521794 0.073993126337245 0.0 0.0 1.0 1.0 1.0 0.04 0.01 
0 579 -0.0 0.0 0.0 -0.0 1.0 0.5555555555555555 0.777777777777778 0.0 0.0 
1 4 -0.0 0.0 0.0 0.0 1.0 1.0 1.0 0.0 0.0 
0 156 0.2213830099155629 0.110691504957782 -0.0 0.0 0.9488636363636364 0.9971590909090908 0.973011363636364 0.11 0.01 
1 5 -0.0 0.0 0.07 0.08 0.9854771784232365 0.9854771784232365 0.985477178423237 482.0 0.65 
0 95 0.06206254514673379 0.0826014229503118 -0.01 0.0 1.0 0.9402985074626864 0.970149253731343 0.77 0.05 
1 24 0.030372534777978206 0.0658985378330168 -0.0 0.0 0.972457627118644 0.9978813559322034 0.985169491525424 0.13 0.01 
0 351 0.054410366820546084 0.027205183410273 -0.0 -0.0 1.0 0.9893390191897654 0.994669509594883 0.0 0.0 
1 24 0.16245281571443987 0.14550577947865 -0.01 0.02 0.916083916083916 0.9976689976689976 0.956876456876457 46.4 0.05 
0 185 0.3708082825784814 0.185404141289241 0.0 -0.0 1.0 1.0 1.0 0.0 0.0 
1 226 0.6171448282578021 0.580437337832493 0.03 0.32 1.0 0.8835227272727273 0.941761363636364 378.52 1.7 
0 190 0.9556998911125344 0.477849945556267 -0.2 0.2 1.0 0.28571428571428564 0.642857142857143 2.1 0.35 
1 5 0.020830638321723566 0.0104153191608618 0.04 0.04 0.9850746268656718 0.9914712153518124 0.988272921108742 266.27 0.43 
0 367 0.027778358172627568 0.0138891790863138 -0.0 -0.0 1.0 0.9893390191897654 0.994669509594883 0.0 0.0 
1 2 -0.0 0.0 0.47 0.64 0.33333333333333326 0.33333333333333326 0.333333333333333 30.0 0.94 
0 48 0.6829081047004717 0.341454052350236 -0.0 0.0 1.0 1.0 1.0 0.0 0.0 
1 4 0.8127245415610106 0.428086422879458 0.41 0.59 0.3391521197007481 0.3640897755610973 0.351620947630923 772.17 0.33 
0 104 0.050468069137818976 0.0337179201616313 -0.01 0.0 0.9539170506912442 0.9631336405529952 0.95852534562212 0.29 0.01 
1 28 0.6822056867479602 0.602052179998817 0.05 0.2 0.9222462203023758 0.9546436285097192 0.938444924406048 472.98 0.93 
0 81 0.36421465730196667 0.182107328650983 -0.0 0.0 1.0 0.9516129032258066 0.975806451612903 0.0 0.0 
1 20 0.8156295932307395 0.487087993037894 -0.0 0.08 0.7484662576687117 0.9785276073619632 0.863496932515337 53.37 0.31 
0 4 0.015617095429556123 0.0156170954295561 0.14 0.17 0.96 0.96 0.96 475.0 1.23 
1 9 0.05602246986522343 0.0541490991069533 0.0 0.0 1.0 1.0 1.0 0.02 0.0 
0 49 -0.0 0.0 -0.12 0.01 0.5384615384615384 0.8846153846153846 0.711538461538461 0.57 0.29 
1 3 -0.0 0.0 0.0 0.0 1.0 1.0 1.0 0.0 0.0 
0 208 0.7483338641476411 0.457025572729662 -0.03 0.03 0.980392156862745 0.9978213507625272 0.989106753812636 16.69 0.26 
1 3 0.0740225961475812 0.128824279468757 0.41 0.69 0.5590551181102362 0.5748031496062993 0.566929133858268 381.05 2.38 
0 203 0.3525425103487513 0.176271255174376 -0.08 0.14 1.0 0.6774193548387096 0.838709677419355 16.57 1.2 
1 614 0.042617471413436414 0.0310799043211172 0.0 0.01 0.837708830548926 0.9928400954653938 0.91527446300716 10.42 0.09 
0 229 -0.0 0.0 -0.02 0.04 0.625 0.9583333333333331 0.791666666666667 1.74 0.48 
1 42 0.017626642729371575 0.00881332136468579 0.18 0.25 0.9252336448598132 0.9275700934579442 0.926401869158878 413.58 1.81 
0 442 0.11183270155334883 0.0559163507766744 -0.01 0.0 0.7928730512249444 0.9888641425389754 0.89086859688196 1.43 0.07 
1 3 -0.0 0.0 0.0 0.0 1.0 1.0 1.0 0.0 0.0 
0 251 0.6265544985250644 0.374684781030915 -0.07 0.08 0.8409090909090908 0.9602272727272728 0.900568181818182 189.05 0.22 
1 35 1.6284102630552857 1.62546092371276 -0.02 0.51 0.7700348432055749 0.9895470383275262 0.879790940766551 325.24 0.19 
0 220 0.3525425103487513 0.176271255174376 -0.08 0.15 1.0 0.6935483870967744 0.846774193548387 17.86 1.33 
1 9 0.05602246986522343 0.0448156896337921 0.0 0.0 1.0 1.0 1.0 0.02 0.0 
0 267 0.1461447460085638 0.0730723730042819 -0.05 0.06 0.7580645161290323 0.9677419354838708 0.862903225806452 7.01 0.34 
1 1 -0.0 0.0 0.39 0.62 0.6935483870967744 0.6935483870967744 0.693548387096774 62.0 2.6 
0 16 0.09494031130388621 0.473428915157269 -0.01 0.11 0.556923076923077 0.9138461538461538 0.735384615384615 56.71 0.03 
1 179 1.7983316181241153 0.899165809062058 0.0 -0.0 1.0 0.9628099173553722 0.981404958677686 0.0 0.0 
0 240 -0.0 0.0 -0.0 0.0 0.9966442953020132 0.9966442953020132 0.996644295302013 0.0 0.0 
1 4 0.0947607483566568 0.0769695270739669 0.09 0.1 0.9806866952789698 0.982832618025751 0.981759656652361 445.71 0.81 
0 23 0.5310355187960252 0.265517759398013 0.04 0.06 0.9507772020725388 0.981865284974093 0.966321243523316 155.44 0.41 
1 4 0.01475818629482802 0.00737909314741401 0.01 0.01 1.0 0.9979466119096508 0.998973305954825 487.0 0.19 
0 54 0.015244213031655377 0.00762210651582769 -0.0 -0.0 1.0 1.0 1.0 0.0 0.0 
