1 9 0.09503011725564632 0.0475150586278232 0.0 -0.0 1.0 1.0 1.0 0.0 0.0 
0 294 0.666278442414676 0.333139221207338 -0.1 0.19 1.0 0.3076923076923077 0.653846153846154 7.22 0.33 
1 23 0.056152199528602974 0.0560873346969132 -0.0 0.0 1.0 0.9972972972972972 0.998648648648649 0.03 0.0 
0 322 0.048964887966297055 0.0244824439831485 0.0 -0.0 1.0 0.981859410430839 0.99092970521542 0.0 0.0 
1 154 0.7244657079537894 0.362232853976895 0.0 -0.0 1.0 0.3264462809917356 0.663223140495868 0.0 0.0 
0 328 -0.0 0.0 0.0 -0.0 1.0 0.959731543624161 0.97986577181208 0.0 0.0 
1 1 0.07093518297335139 0.0616054556610173 0.0 0.0 1.0 1.0 1.0 0.03 0.0 
0 386 0.5287625599288156 0.414221831570479 -0.06 0.03 0.24190064794816415 0.9330453563714904 0.587473002159827 21.41 0.11 
1 3 0.0740225961475812 0.128824279468757 0.41 0.69 0.5590551181102362 0.5748031496062993 0.566929133858268 381.05 2.38 
0 161 0.016326979454093383 0.00816348972704669 -0.0 0.0 0.981859410430839 0.9977324263038548 0.989795918367347 0.02 0.0 
1 75 0.09699169411326156 0.0765719468209323 -0.0 0.0 1.0 0.9972972972972972 0.998648648648649 0.07 0.01 
0 66 -0.0 0.0 -0.0 -0.0 1.0 0.9914712153518124 0.995735607675906 0.0 0.0 
1 122 0.04915006684960595 0.024575033424803 0.0 0.01 0.868995633187773 0.9956331877729256 0.932314410480349 13.32 0.14 
0 88 0.050998061989367516 0.0254990309946838 -0.0 0.0 1.0 0.07611548556430446 0.538057742782152 0.25 0.0 
1 16 -0.0 0.0 0.33 0.55 0.6774193548387096 0.6935483870967744 0.685483870967742 57.53 2.39 
0 900 -0.0 0.0 0.0 -0.0 1.0 0.5555555555555555 0.777777777777778 0.0 0.0 
1 723 0.1725612331626618 0.0862806165813309 -0.07 0.05 0.4568421052631578 0.9578947368421052 0.707368421052632 33.9 0.06 
0 184 0.4629606652814273 0.250412335957674 -0.0 0.0 0.8724373576309796 0.988610478359909 0.930523917995444 1.95 0.09 
1 2 0.666278442414676 0.666278442414676 0.25 0.67 1.0 1.0 1.0 26.0 0.9 
0 154 0.5456891633476865 0.449115836848219 0.02 0.35 1.0 0.8870967741935483 0.943548387096774 62.0 1.58 
1 8 0.0947607483566568 0.232756230915289 0.02 0.03 0.9678111587982832 0.9806866952789698 0.974248927038627 84.69 0.27 
0 87 0.937464383416628 0.476496854119527 -0.03 0.09 0.96 0.9663157894736842 0.963157894736842 259.17 0.25 
1 11 0.02133050528737909 0.0106652526436895 0.1 0.1 0.980392156862745 0.980392156862745 0.980392156862745 459.0 0.82 
0 268 0.36421465730196667 0.182107328650983 -0.09 0.19 0.7580645161290323 0.9516129032258066 0.854838709677419 25.34 1.48 
1 240 0.8547011249697178 0.427350562484859 -0.02 0.0 0.9795918367346939 0.982142857142857 0.980867346938775 1.6 0.02 
0 50 0.5519602511937985 0.275980125596899 -0.01 0.01 0.9413265306122448 0.997448979591837 0.969387755102041 4.86 0.22 
1 3 -0.0 0.0 -0.0 -0.0 1.0 1.0 1.0 0.0 0.0 
0 164 0.666278442414676 0.333139221207338 0.05 0.4 1.0 0.5 0.75 16.25 0.87 
1 35 1.6284102630552857 1.62546092371276 -0.02 0.51 0.7700348432055749 0.9895470383275262 0.879790940766551 325.24 0.19 
0 169 0.9556998911125344 1.01734604949506 -0.08 0.68 1.0 1.0 1.0 7.0 0.74 
1 12 -0.0 0.0 0.3 0.36 0.8846153846153846 0.8846153846153846 0.884615384615385 26.0 2.14 
0 6 1.266536818067726 0.633268409033863 0.0 -0.0 1.0 0.9953051643192488 0.997652582159624 0.0 0.0 
1 6 0.08958725315521794 0.073993126337245 0.0 0.0 1.0 1.0 1.0 0.04 0.01 
0 370 0.022596852566469688 0.0112984262832349 -0.0 0.0 0.9932885906040269 0.9966442953020132 0.99496644295302 0.01 0.0 
1 336 -0.0 0.0 -0.1 0.14 0.6774193548387096 0.8064516129032256 0.741935483870968 17.76 1.34 
0 327 0.21168754464631545 0.105843772323158 -0.1 0.0 0.7580645161290323 0.8870967741935483 0.82258064516129 0.25 0.16 
1 8 -0.0 0.0 0.12 0.12 0.9568034557235422 0.9676025917926566 0.962203023758099 343.37 1.04 
0 424 0.38412048178648794 0.360618341867321 -0.06 0.06 0.6263498920086392 0.937365010799136 0.781857451403888 64.45 0.51 
1 3 -0.0 0.0 0.0 0.0 1.0 1.0 1.0 0.0 0.0 
0 558 0.113231477318365 0.0566157386591825 -0.0 0.0 0.9938775510204082 0.9979591836734693 0.995918367346939 0.03 0.0 
1 1 -0.0 0.0 0.37 0.44 0.16 0.16 0.16 25.0 0.2 
0 118 1.351783994289646 0.675891997144823 -0.11 0.6 1.0 0.28571428571428564 0.642857142857143 7.0 0.01 
1 2 -0.0 0.0 0.39 0.62 0.6935483870967744 0.6935483870967744 0.693548387096774 62.0 2.6 
0 193 -0.0 0.0 -0.1 0.06 0.6153846153846154 0.8846153846153846 0.75 2.12 0.64 
1 22 -0.0 0.0 0.31 0.55 0.7580645161290323 0.7580645161290323 0.758064516129032 62.0 2.49 
0 0 1.2725011103678 1.2725011103678 -0.26 0.0 1.0 1.0 1.0 0.0 2.8 
1 182 -0.0 0.0 -0.0 0.0 1.0 0.7580645161290323 0.879032258064516 0.0 0.0 
0 261 -0.0 0.0 -0.02 0.14 0.4285714285714285 0.8571428571428571 0.642857142857143 1.56 0.95 
1 19 0.08958725315521794 0.0728697263419105 -0.0 0.0 1.0 0.9972972972972972 0.998648648648649 0.06 0.01 
0 41 0.2797687666312197 0.13988438331561 0.0 0.0 1.0 0.9485714285714286 0.974285714285714 0.0 0.0 
1 4 0.7865364435085352 0.393268221754268 0.09 0.12 0.9728506787330315 0.9728506787330315 0.972850678733032 442.0 0.36 
0 197 -0.0 0.0 0.0 0.0 1.0 0.9166666666666664 0.958333333333333 0.0 0.0 
1 265 0.3742549310896416 0.187127465544821 -0.03 0.02 0.7660668380462725 0.9974293059125964 0.881748071979434 15.62 0.69 
0 256 0.666278442414676 0.333139221207338 -0.15 0.02 1.0 0.8076923076923077 0.903846153846154 0.89 0.28 
1 5 0.020830638321723566 0.0104153191608618 0.04 0.04 0.9850746268656718 0.9914712153518124 0.988272921108742 266.27 0.43 
0 46 0.6730116670092564 0.856366218924587 -0.0 0.81 0.5714285714285713 0.7142857142857143 0.642857142857143 9.33 0.81 
1 2 0.09699169411326156 0.0746337112309724 -0.0 0.0 1.0 1.0 1.0 0.05 0.01 
0 337 -0.0 0.0 -0.06 0.18 0.6935483870967744 0.7580645161290323 0.725806451612903 22.68 1.54 
1 28 0.6822056867479602 0.602052179998817 0.05 0.2 0.9222462203023758 0.9546436285097192 0.938444924406048 472.98 0.93 
0 178 0.0707680768797802 0.0353840384398901 -0.0 0.0 0.9930875576036866 0.997695852534562 0.995391705069124 0.04 0.0 
1 8 0.016424701198958662 0.00821235059947933 0.12 0.12 0.9728506787330315 0.9728506787330315 0.972850678733032 442.0 1.0 
0 42 0.6171448282578021 0.983572169993012 0.07 0.38 1.0 0.8352272727272727 0.917613636363636 332.38 0.79 
1 29 0.02253214392080778 0.0197499575531257 -0.0 0.01 0.7156626506024096 0.9975903614457832 0.856626506024096 5.06 0.1 
0 484 -0.0 0.0 -0.0 0.0 1.0 0.3136842105263158 0.656842105263158 0.0 0.0 
1 5 0.052275728348683194 0.0522757283486832 -0.0 0.0 1.0 1.0 1.0 0.02 0.0 
0 21 1.5067139955038629 0.817730539866448 0.01 0.15 0.9136069114470842 0.9524838012958964 0.93304535637149 293.29 0.35 
1 14 0.08958725315521794 0.0709314907519506 0.0 0.0 1.0 1.0 1.0 0.04 0.01 
0 251 0.2489102793527851 0.134445413538573 -0.0 0.02 0.875 0.971590909090909 0.923295454545455 22.07 0.15 
1 9 0.05602246986522343 0.0448156896337921 0.0 0.0 1.0 1.0 1.0 0.02 0.0 
0 121 0.016359415015602636 0.00817970750780132 -0.0 -0.0 1.0 0.9953917050691244 0.997695852534562 0.0 0.0 
1 1 0.4811067080592432 0.300596867788392 0.04 0.05 0.9954853273137698 0.9954853273137698 0.99548532731377 895.47 0.16 
0 264 0.3563409206018685 0.178170460300934 -0.07 0.19 0.7580645161290323 0.9838709677419354 0.870967741935484 24.84 1.42 
1 4 0.7865364435085352 0.401480572353747 0.08 0.13 0.9728506787330315 0.9728506787330315 0.972850678733032 442.51 0.33 
0 173 0.6730116670092564 0.336505833504628 -0.1 0.39 0.5769230769230769 0.6153846153846154 0.596153846153846 15.25 0.55 
1 20 0.8156295932307395 0.487087993037894 -0.0 0.08 0.7484662576687117 0.9785276073619632 0.863496932515337 53.37 0.31 
0 2 -0.0 0.0 0.39 0.62 0.6935483870967744 0.6935483870967744 0.693548387096774 62.0 2.4 
1 3 -0.0 0.0 0.0 0.0 1.0 1.0 1.0 0.0 0.0 
0 212 0.43753675581656654 0.218768377908283 0.0 0.0 0.3595041322314049 0.9958677685950412 0.677685950413223 4.43 0.05 
1 1 -0.0 0.0 0.39 0.62 0.6935483870967744 0.6935483870967744 0.693548387096774 62.0 2.6 
0 321 0.9242647281309502 0.482673424863059 -0.09 0.03 0.8607954545454547 0.940340909090909 0.900568181818182 93.23 0.21 
1 4 -0.0 0.0 0.31 0.55 0.7580645161290323 0.7580645161290323 0.758064516129032 62.0 2.49 
0 440 -0.0 0.0 -0.0 -0.0 1.0 1.0 1.0 0.0 0.0 
1 10 -0.0 0.0 0.33 0.55 0.6774193548387096 0.6935483870967744 0.685483870967742 57.53 2.49 
0 695 0.7418244740179352 0.913034818904325 0.05 0.55 0.7726315789473683 0.9242105263157896 0.848421052631579 403.37 0.0 
1 3 -0.0 0.0 0.0 0.0 1.0 1.0 1.0 0.0 0.0 
0 1 -0.0 0.0 0.39 0.62 0.6935483870967744 0.6935483870967744 0.693548387096774 62.0 2.6 
1 362 -0.0 0.0 -0.06 0.16 0.6774193548387096 0.7580645161290323 0.717741935483871 20.64 1.46 
0 273 -0.0 0.0 -0.0 0.0 0.6400911161731208 0.9977220956719816 0.818906605922551 1.78 0.04 
1 25 0.8720635602136072 0.444515665699525 -0.01 0.0 0.2385542168674699 0.9975903614457832 0.618072289156626 0.63 0.0 
0 959 -0.0 0.0 0.0 -0.0 1.0 0.5555555555555555 0.777777777777778 0.0 0.0 
1 316 -0.0 0.0 0.0 0.0 1.0 0.982142857142857 0.991071428571429 0.0 0.0 
0 169 0.3525425103487513 0.176271255174376 -0.06 0.01 1.0 0.919354838709677 0.959677419354839 0.69 0.23 
1 4 0.6895519477750732 0.344775973887537 0.0 -0.0 1.0 1.0 1.0 0.0 0.0 
0 5 0.16103884445583505 0.0805194222279175 -0.0 -0.0 1.0 1.0 1.0 0.0 0.0 
1 61 0.0707680768797802 0.351225226630238 -0.0 0.0 1.0 0.997695852534562 0.998847926267281 3.17 0.0 
0 22 0.09187703676356046 0.112635260047211 0.0 0.01 0.984126984126984 0.9954648526077096 0.989795918367347 30.57 0.05 
1 4 0.09503011725564632 0.189490815924107 0.0 0.0 1.0 1.0 1.0 0.06 0.04 
0 143 0.36421465730196667 0.358378583825359 0.07 0.35 1.0 0.9516129032258066 0.975806451612903 62.0 1.86 
1 4 0.01475818629482802 0.00737909314741401 0.01 0.01 1.0 0.9979466119096508 0.998973305954825 487.0 0.19 
0 125 0.20161353588532901 0.100806767942664 -0.0 0.0 1.0 0.9966442953020132 0.998322147651007 0.05 0.01 
1 94 0.09165764788996307 0.0699766348366203 -0.0 0.0 1.0 0.9818181818181818 0.990909090909091 0.1 0.01 
0 100 -0.0 0.0 0.0 0.0 1.0 0.9677419354838708 0.983870967741935 0.0 0.0 
1 14 -0.0 0.0 0.33 0.55 0.6774193548387096 0.6935483870967744 0.685483870967742 57.53 2.59 
0 167 -0.0 0.0 -0.0 0.0 1.0 0.6774193548387096 0.838709677419355 0.0 0.0 
1 345 -0.0 0.0 -0.06 0.16 0.6774193548387096 0.7580645161290323 0.717741935483871 20.64 1.46 
0 427 -0.0 0.0 0.0 -0.0 1.0 0.984126984126984 0.992063492063492 0.0 0.0 
1 47 -0.0 0.0 -0.0 0.0 1.0 0.6153846153846154 0.807692307692308 0.0 0.0 
0 272 0.3563409206018685 0.178170460300934 -0.1 0.15 0.6935483870967744 0.9838709677419354 0.838709677419355 18.09 1.17 
1 2 0.06894930739780505 0.15777508018186 0.26 0.3 0.9182389937106918 0.9266247379454928 0.922431865828092 1350.0 2.0 
0 205 0.4343460036066953 0.217173001803348 0.0 -0.0 1.0 1.0 1.0 0.0 0.0 
1 1 -0.0 0.0 0.19 0.69 0.5555555555555555 0.5555555555555555 0.555555555555556 9.0 1.98 
0 2 -0.0 0.0 0.0 0.0 1.0 1.0 1.0 0.0 0.0 
1 5 -0.0 0.0 0.06 0.41 0.8571428571428571 0.8571428571428571 0.857142857142857 7.0 2.49 
0 407 0.6791932659915256 0.339596632995763 -0.11 0.25 0.3076923076923077 0.9230769230769232 0.615384615384615 9.9 0.09 
1 3 -0.0 0.0 0.0 0.0 1.0 1.0 1.0 0.0 0.0 
0 154 0.09651393728015299 0.226536028934867 -0.0 0.0 1.0 1.0 1.0 0.43 0.04 
1 5 -0.0 0.0 0.07 0.08 0.9854771784232365 0.9854771784232365 0.985477178423237 482.0 0.65 
0 947 -0.0 0.0 0.0 -0.0 1.0 0.5555555555555555 0.777777777777778 0.0 0.0 
1 127 -0.0 0.0 0.11 0.46 0.5384615384615384 0.6153846153846154 0.576923076923077 18.96 1.68 
0 42 0.6171448282578021 0.983572169993012 0.07 0.38 1.0 0.8352272727272727 0.917613636363636 332.38 0.79 
1 614 0.042617471413436414 0.0310799043211172 0.0 0.01 0.837708830548926 0.9928400954653938 0.91527446300716 10.42 0.09 
0 590 0.04131357294242817 0.0206567864712141 0.0 -0.0 1.0 0.8892307692307693 0.944615384615385 0.0 0.0 
1 3 0.6601647680850746 0.591011175434611 0.13 0.3 0.8594470046082949 0.919354838709677 0.889400921658986 970.62 1.21 
0 5 0.016103721594124567 0.00805186079706228 0.04 0.04 0.9932279909706544 0.9932279909706544 0.993227990970655 443.0 0.42 
1 232 0.08627855491407438 0.0975485355458968 0.0 0.02 0.7084337349397591 0.9927710843373492 0.850602409638554 81.26 0.09 
0 115 0.023453143960222942 0.0117265719801115 -0.0 -0.0 1.0 0.9806295399515738 0.990314769975787 0.0 0.0 
1 2 -0.0 0.0 0.47 0.64 0.33333333333333326 0.33333333333333326 0.333333333333333 30.0 0.94 
0 313 0.016359415015602636 0.00817970750780132 -0.0 0.0 0.988479262672811 0.9953917050691244 0.991935483870968 0.04 0.0 
1 4 0.0947607483566568 0.0769695270739669 0.09 0.1 0.9806866952789698 0.982832618025751 0.981759656652361 445.71 0.81 
0 375 0.6524237910227594 0.523267783561004 -0.04 0.07 1.0 0.9078014184397164 0.953900709219858 166.91 0.14 
1 31 -0.0 0.0 0.0 0.0 1.0 1.0 1.0 0.0 0.0 
0 635 -0.0 0.0 -0.0 -0.0 1.0 1.0 1.0 0.0 0.0 
1 4 -0.0 0.0 0.0 0.0 1.0 1.0 1.0 0.0 0.0 
0 191 0.01475818629482802 0.00737909314741401 -0.0 0.0 1.0 0.9979466119096508 0.998973305954825 0.0 0.0 
1 68 0.3269547847215813 0.163477392360791 -0.01 0.01 0.9481865284974093 0.9870466321243522 0.967616580310881 3.79 0.05 
0 191 0.767183707147163 0.583927680272818 -0.05 0.19 0.909090909090909 0.9914772727272728 0.950284090909091 325.03 0.76 
1 65 -0.0 0.0 -0.0 -0.0 1.0 0.9958677685950412 0.997933884297521 0.0 0.0 
0 773 -0.0 0.0 -0.03 0.02 0.2666666666666666 0.8666666666666668 0.566666666666667 1.28 0.24 
1 179 1.7983316181241153 0.899165809062058 0.0 -0.0 1.0 0.9628099173553722 0.981404958677686 0.0 0.0 
0 15 1.1443804040343335 1.1290090949896 0.18 0.55 0.9943181818181815 0.9971590909090908 0.995738636363636 1359.05 1.37 
1 9 0.05602246986522343 0.0541490991069533 0.0 0.0 1.0 1.0 1.0 0.02 0.0 
0 136 0.6171448282578021 0.318488492012046 0.01 0.04 1.0 0.9801136363636364 0.990056818181818 91.92 0.25 
1 1 0.05839899951927197 0.0572107346922477 0.0 0.0 1.0 1.0 1.0 0.02 0.0 
0 191 -0.0 0.0 -0.0 0.0 1.0 0.7580645161290323 0.879032258064516 0.0 0.0 
1 7 0.09908391604753189 0.0495419580237659 0.04 0.04 0.9850746268656718 0.9914712153518124 0.988272921108742 266.27 0.37 
0 252 0.666278442414676 0.333139221207338 -0.16 0.09 1.0 0.34615384615384615 0.673076923076923 4.35 0.36 
1 5 -0.0 0.0 0.3 0.5 0.8008658008658008 0.8008658008658008 0.800865800865801 462.0 2.56 
0 313 -0.0 0.0 0.0 0.0 1.0 0.9583333333333331 0.979166666666667 0.0 0.0 
1 8 0.022727473318271005 0.022727473318271 -0.0 0.0 1.0 1.0 1.0 0.0 0.0 
0 54 0.01616684129705593 0.00808342064852796 -0.0 0.0 0.9863325740318906 0.9977220956719816 0.992027334851936 0.03 0.0 
1 2 0.0251440699125892 0.0125720349562946 0.53 0.63 0.6761658031088082 0.6761658031088082 0.676165803108808 386.0 2.33 
0 344 -0.0 0.0 0.0 0.0 1.0 0.9897330595482546 0.994866529774127 0.0 0.0 
1 42 0.017626642729371575 0.00881332136468579 0.18 0.25 0.9252336448598132 0.9275700934579442 0.926401869158878 413.58 1.81 
0 305 -0.0 0.0 0.0 -0.0 1.0 0.984126984126984 0.992063492063492 0.0 0.0 
1 49 -0.0 0.0 0.0 0.0 1.0 1.0 1.0 0.0 0.0 
0 589 0.16403524764720048 0.138633362482783 -0.0 0.0 0.9938775510204082 0.9959183673469388 0.994897959183674 0.51 0.03 
1 24 0.16245281571443987 0.14550577947865 -0.01 0.02 0.916083916083916 0.9976689976689976 0.956876456876457 46.4 0.05 
0 182 0.038691590688165765 0.0302069226835085 -0.0 0.0 1.0 0.9402985074626864 0.970149253731343 0.2 0.02 
1 86 0.022727473318271005 0.0113637366591355 -0.0 -0.0 1.0 1.0 1.0 0.0 0.0 
0 349 -0.0 0.0 0.0 -0.0 1.0 0.959731543624161 0.97986577181208 0.0 0.0 
1 1 0.9277980308365658 1.27664305854078 0.26 0.8 0.7871396895787139 0.7871396895787139 0.787139689578714 1253.58 1.13 
0 136 -0.0 0.0 0.0 0.0 1.0 1.0 1.0 0.0 0.0 
1 34 0.6171448282578021 0.308572414128901 -0.01 0.0 1.0 0.9886363636363636 0.994318181818182 0.88 0.06 
0 375 0.054410366820546084 0.027205183410273 -0.0 -0.0 1.0 0.9893390191897654 0.994669509594883 0.0 0.0 
1 3 -0.0 0.0 -0.0 -0.0 1.0 1.0 1.0 0.0 0.0 
0 23 0.5310355187960252 0.265517759398013 -0.0 0.13 0.6761658031088082 0.9507772020725388 0.813471502590674 82.42 0.35 
1 14 0.5235346720440665 0.340972621087929 0.32 0.39 0.8666666666666668 0.9 0.883333333333333 30.0 1.75 
0 225 0.08807751896196665 0.0440387594809833 0.0 0.01 0.9785276073619632 0.9846625766871167 0.98159509202454 10.17 0.1 
1 3 0.43686973210547814 0.270464027731018 0.04 0.05 1.0 0.940936863543788 0.970468431771894 144.91 0.55 
0 87 0.6730116670092564 0.336505833504628 0.16 0.5 0.3076923076923077 0.5769230769230769 0.442307692307692 21.83 0.59 
1 4 0.5297061990576545 0.439269147450343 -0.1 0.03 1.0 1.0 1.0 0.32 0.45 
0 395 0.10579937550123852 0.0528996877506193 -0.0 0.0 0.9872068230277184 0.9914712153518124 0.989339019189766 0.12 0.01 
1 270 0.08807751896196665 0.451853556096353 -0.01 0.04 0.7484662576687117 0.9846625766871167 0.866564417177914 30.7 0.2 
0 44 0.16403524764720048 0.615126309167655 -0.01 0.05 0.989795918367347 0.9959183673469388 0.992857142857143 221.03 0.02 
1 218 0.20297324940653716 0.101486624703269 0.0 -0.0 1.0 1.0 1.0 0.0 0.0 
0 75 0.023266578733959636 0.580582577399457 0.03 0.04 0.9930313588850174 0.9965156794425089 0.994773519163763 287.0 0.14 
1 18 0.5235346720440665 0.340972621087929 0.32 0.39 0.8666666666666668 0.9 0.883333333333333 30.0 1.75 
0 246 -0.0 0.0 0.0 0.0 1.0 0.125 0.5625 0.0 0.0 
1 4 0.8127245415610106 0.428086422879458 0.41 0.59 0.3391521197007481 0.3640897755610973 0.351620947630923 772.17 0.33 
0 164 0.01789792517672371 0.00894896258836186 -0.0 -0.0 1.0 1.0 1.0 0.0 0.0 
1 6 -0.0 0.0 -0.0 -0.0 1.0 0.9936034115138594 0.99680170575693 0.0 0.0 
0 166 0.5297061990576545 0.264853099528827 -0.06 0.06 1.0 0.7777777777777779 0.888888888888889 0.73 0.74 
1 226 0.6171448282578021 0.580437337832493 0.03 0.32 1.0 0.8835227272727273 0.941761363636364 378.52 1.7 
0 59 0.698012279019083 1.05995033878734 -0.02 0.52 0.9710843373493978 0.9951807228915664 0.983132530120482 463.16 0.92 
1 2 0.6846162778013049 0.342308138900652 0.15 0.36 0.8846153846153846 0.8846153846153846 0.884615384615385 26.0 0.82 
0 173 0.6730116670092564 0.336505833504628 -0.1 0.39 0.5769230769230769 0.6153846153846154 0.596153846153846 15.25 0.55 
1 24 0.030372534777978206 0.0658985378330168 -0.0 0.0 0.972457627118644 0.9978813559322034 0.985169491525424 0.13 0.01 
0 31 0.04667886203059532 0.233157318485041 -0.0 0.0 0.9929577464788734 0.9976525821596244 0.995305164319249 1.08 0.06 
1 7 0.01652368182171168 0.00826184091085584 0.08 0.08 0.9838709677419354 0.9838709677419354 0.983870967741935 434.0 0.72 
0 52 0.32967376365612366 0.164836881828062 -0.11 0.01 0.6930022573363432 0.8893905191873588 0.791196388261851 8.5 0.09 
1 148 0.8156295932307395 0.74694740234885 0.07 0.48 0.7484662576687117 0.8558282208588956 0.802147239263804 285.8 0.83 
0 109 0.9556998911125344 1.01734604949506 -0.08 0.68 1.0 1.0 1.0 7.0 0.65 
1 6 -0.0 0.0 -0.0 -0.0 1.0 1.0 1.0 0.0 0.0 
0 14 0.057146758033893234 0.0402999509970581 0.08 0.09 0.9782082324455202 0.9806295399515738 0.979418886198547 366.21 0.74 
1 33 0.030372534777978206 0.0228364363705995 -0.0 0.0 0.9894067796610168 0.9978813559322034 0.99364406779661 0.04 0.0 
0 58 0.015617095429556123 0.015573210125991 0.07 0.09 0.96 0.9663157894736842 0.963157894736842 282.74 0.97 
1 5 0.04131357294242817 0.0206567864712141 0.29 0.33 0.886153846153846 0.8892307692307693 0.887692307692308 315.12 2.04 
0 99 -0.0 0.0 -0.0 0.0 1.0 0.4285714285714285 0.714285714285714 0.0 0.0 
1 13 0.05839899951927197 0.0572755995239375 -0.0 0.0 1.0 0.9972972972972972 0.998648648648649 0.03 0.0 
0 296 0.4514062119967289 0.225703105998364 0.0 -0.0 1.0 0.9922879177377892 0.996143958868895 0.0 0.0 
