1 265 0.3742549310896416 0.187127465544821 -0.03 0.02 0.7660668380462725 0.9974293059125964 0.881748071979434 15.62 0.69 
0 1 0.7691223805667942 1.1212932857218 0.64 1.04 0.5857142857142859 0.5857142857142859 0.585714285714286 188.6 0.61 
1 13 0.05839899951927197 0.0572755995239375 -0.0 0.0 1.0 0.9972972972972972 0.998648648648649 0.03 0.0 
0 35 0.5456891633476865 0.272844581673843 0.03 0.36 0.6935483870967744 0.8870967741935483 0.790322580645161 40.98 2.15 
1 1 0.07093518297335139 0.0616054556610173 0.0 0.0 1.0 1.0 1.0 0.03 0.0 
0 20 0.045763284360939335 0.0228816421804697 0.06 0.07 0.981859410430839 0.984126984126984 0.982993197278912 384.99 0.65 
1 723 0.1725612331626618 0.0862806165813309 -0.07 0.05 0.4568421052631578 0.9578947368421052 0.707368421052632 33.9 0.06 
0 251 0.3563409206018685 0.178170460300934 -0.07 0.19 0.7580645161290323 0.9838709677419354 0.870967741935484 24.84 1.42 
1 3 -0.0 0.0 -0.0 -0.0 1.0 1.0 1.0 0.0 0.0 
0 135 0.3767701612564368 0.362801128549734 0.17 0.35 1.0 0.8888888888888888 0.944444444444444 9.0 1.67 
1 614 0.042617471413436414 0.0310799043211172 0.0 0.01 0.837708830548926 0.9928400954653938 0.91527446300716 10.42 0.09 
0 74 0.7461036199447514 0.963846931553869 0.11 0.33 0.9913606911447084 0.9935205183585314 0.99244060475162 679.86 0.57 
1 4 0.8127245415610106 0.428086422879458 0.41 0.59 0.3391521197007481 0.3640897755610973 0.351620947630923 772.17 0.33 
0 318 0.09650896073594732 0.0482544803679737 -0.12 0.15 0.6935483870967744 0.8225806451612901 0.758064516129032 19.58 1.52 
1 65 -0.0 0.0 -0.0 -0.0 1.0 0.9958677685950412 0.997933884297521 0.0 0.0 
0 73 0.04567384010078464 0.0309842605740071 -0.0 0.0 1.0 1.0 1.0 0.01 0.0 
1 5 0.020830638321723566 0.0104153191608618 0.04 0.04 0.9850746268656718 0.9914712153518124 0.988272921108742 266.27 0.43 
0 32 0.9277980308365658 0.548854467517523 0.0 0.08 0.7871396895787139 0.9756097560975608 0.881374722838137 355.49 0.35 
1 4 0.5297061990576545 0.439269147450343 -0.1 0.03 1.0 1.0 1.0 0.32 0.45 
0 65 -0.0 0.0 0.04 0.1 0.6935483870967744 0.919354838709677 0.806451612903226 12.31 1.0 
1 6 -0.0 0.0 -0.0 -0.0 1.0 1.0 1.0 0.0 0.0 
0 314 0.15377968767542066 0.0768898438377103 -0.0 -0.0 1.0 1.0 1.0 0.0 0.0 
1 28 0.6822056867479602 0.602052179998817 0.05 0.2 0.9222462203023758 0.9546436285097192 0.938444924406048 472.98 0.93 
0 78 0.020830638321723566 0.0104153191608618 -0.0 0.0 0.9850746268656718 0.9936034115138594 0.989339019189765 0.05 0.01 
1 218 0.20297324940653716 0.101486624703269 0.0 -0.0 1.0 1.0 1.0 0.0 0.0 
0 8 -0.0 0.0 0.35 0.39 0.8666666666666668 0.8666666666666668 0.866666666666667 30.0 2.85 
1 270 0.08807751896196665 0.451853556096353 -0.01 0.04 0.7484662576687117 0.9846625766871167 0.866564417177914 30.7 0.2 
0 540 0.015529324822425987 0.575439919518157 -0.07 0.03 0.9494736842105264 0.9663157894736842 0.957894736842105 20.79 0.2 
1 1 0.05839899951927197 0.0572107346922477 0.0 0.0 1.0 1.0 1.0 0.02 0.0 
0 625 0.054410366820546084 0.027205183410273 -0.02 0.01 0.5628997867803837 0.9893390191897654 0.776119402985075 3.65 0.04 
1 7 0.09908391604753189 0.0495419580237659 0.04 0.04 0.9850746268656718 0.9914712153518124 0.988272921108742 266.27 0.37 
0 305 0.4514062119967289 0.225703105998364 0.0 -0.0 1.0 0.9922879177377892 0.996143958868895 0.0 0.0 
1 4 0.7865364435085352 0.401480572353747 0.08 0.13 0.9728506787330315 0.9728506787330315 0.972850678733032 442.51 0.33 
0 621 0.20707027621364865 0.103535138106824 -0.0 0.0 0.989795918367347 0.9938775510204082 0.991836734693878 0.28 0.02 
1 6 0.08958725315521794 0.073993126337245 0.0 0.0 1.0 1.0 1.0 0.04 0.01 
0 109 0.3724807184521906 0.186240359226095 -0.0 0.0 1.0 0.919354838709677 0.959677419354839 0.0 0.0 
1 14 0.5235346720440665 0.340972621087929 0.32 0.39 0.8666666666666668 0.9 0.883333333333333 30.0 1.75 
0 215 1.1443804040343335 0.572190202017167 -0.05 0.02 0.9573863636363636 0.9971590909090908 0.977272727272727 15.53 0.15 
1 1 -0.0 0.0 0.37 0.44 0.16 0.16 0.16 25.0 0.2 
0 100 0.06847444678893455 0.0342372233944673 -0.0 0.0 1.0 0.9402985074626864 0.970149253731343 0.39 0.03 
1 2 -0.0 0.0 0.47 0.64 0.33333333333333326 0.33333333333333326 0.333333333333333 30.0 0.94 
0 24 0.7569669131450216 0.484888964236385 0.02 0.13 1.0 0.9886363636363636 0.994318181818182 187.37 0.96 
1 127 -0.0 0.0 0.11 0.46 0.5384615384615384 0.6153846153846154 0.576923076923077 18.96 1.68 
0 239 0.804637919054263 0.402318959527131 0.0 -0.0 1.0 0.41723356009070284 0.708616780045351 0.0 0.0 
1 11 0.02133050528737909 0.0106652526436895 0.1 0.1 0.980392156862745 0.980392156862745 0.980392156862745 459.0 0.82 
0 66 0.3724807184521906 0.186240359226095 -0.02 0.27 0.6774193548387096 0.919354838709677 0.798387096774194 31.25 1.84 
1 240 0.8547011249697178 0.427350562484859 -0.02 0.0 0.9795918367346939 0.982142857142857 0.980867346938775 1.6 0.02 
0 329 0.6615632381579821 0.330781619078991 0.0 0.0 1.0 1.0 1.0 0.0 0.0 
1 8 0.016424701198958662 0.00821235059947933 0.12 0.12 0.9728506787330315 0.9728506787330315 0.972850678733032 442.0 1.0 
0 64 0.015244213031655377 0.00762210651582769 -0.0 0.0 1.0 0.9936034115138594 0.99680170575693 0.01 0.0 
1 47 -0.0 0.0 -0.0 0.0 1.0 0.6153846153846154 0.807692307692308 0.0 0.0 
0 76 0.923936856009666 0.803071271378813 -0.07 0.15 0.7278617710583153 0.9546436285097192 0.841252699784017 335.62 0.36 
1 3 0.6601647680850746 0.591011175434611 0.13 0.3 0.8594470046082949 0.919354838709677 0.889400921658986 970.62 1.21 
0 9 0.7569669131450216 0.578819283271747 0.12 0.31 1.0 0.9914772727272728 0.995738636363636 1146.26 1.7 
1 6 -0.0 0.0 -0.0 -0.0 1.0 0.9936034115138594 0.99680170575693 0.0 0.0 
0 28 0.015529324822425987 0.015529324822426 0.14 0.16 0.9663157894736842 0.9663157894736842 0.966315789473684 950.0 1.29 
1 5 0.04131357294242817 0.0206567864712141 0.29 0.33 0.886153846153846 0.8892307692307693 0.887692307692308 315.12 2.04 
0 36 0.08446800922974265 0.0422340046148713 0.01 0.02 0.9402985074626864 0.9872068230277184 0.963752665245203 40.12 0.24 
1 4 0.0947607483566568 0.0769695270739669 0.09 0.1 0.9806866952789698 0.982832618025751 0.981759656652361 445.71 0.81 
0 336 -0.0 0.0 0.0 -0.0 1.0 0.959731543624161 0.97986577181208 0.0 0.0 
1 8 -0.0 0.0 0.12 0.12 0.9568034557235422 0.9676025917926566 0.962203023758099 343.37 1.04 
0 175 0.7065442778104265 0.404326125629838 -0.0 0.0 1.0 1.0 1.0 3.97 0.01 
1 9 0.09503011725564632 0.0475150586278232 0.0 -0.0 1.0 1.0 1.0 0.0 0.0 
0 15 -0.0 0.0 0.33 0.55 0.6774193548387096 0.6935483870967744 0.685483870967742 57.53 2.59 
1 2 0.06894930739780505 0.15777508018186 0.26 0.3 0.9182389937106918 0.9266247379454928 0.922431865828092 1350.0 2.0 
0 18 0.05602246986522343 0.0898861315298285 0.01 0.01 1.0 1.0 1.0 73.23 0.12 
1 3 -0.0 0.0 -0.0 -0.0 1.0 1.0 1.0 0.0 0.0 
0 487 0.6090372974721847 0.325175435207307 -0.06 0.01 1.0 0.8892307692307693 0.944615384615385 5.5 0.16 
1 24 0.16245281571443987 0.14550577947865 -0.01 0.02 0.916083916083916 0.9976689976689976 0.956876456876457 46.4 0.05 
0 239 -0.0 0.0 -0.0 0.0 0.940340909090909 0.9886363636363636 0.964488636363636 0.26 0.03 
1 12 -0.0 0.0 0.3 0.36 0.8846153846153846 0.8846153846153846 0.884615384615385 26.0 2.14 
0 205 0.4343460036066953 0.217173001803348 0.0 -0.0 1.0 1.0 1.0 0.0 0.0 
1 179 1.7983316181241153 0.899165809062058 0.0 -0.0 1.0 0.9628099173553722 0.981404958677686 0.0 0.0 
0 95 0.9556998911125344 0.955699891112534 -0.03 0.56 1.0 1.0 1.0 8.75 0.18 
1 24 0.030372534777978206 0.0658985378330168 -0.0 0.0 0.972457627118644 0.9978813559322034 0.985169491525424 0.13 0.01 
0 8 0.10314030075388984 0.0515701503769449 -0.0 0.0 1.0 0.9936034115138594 0.99680170575693 0.07 0.01 
1 4 -0.0 0.0 0.31 0.55 0.7580645161290323 0.7580645161290323 0.758064516129032 62.0 2.49 
0 19 0.376847984018997 0.364378862779517 -0.12 0.07 0.5161987041036717 0.900647948164147 0.708423326133909 56.27 0.13 
1 232 0.08627855491407438 0.0975485355458968 0.0 0.02 0.7084337349397591 0.9927710843373492 0.850602409638554 81.26 0.09 
0 0 0.16066044793984147 0.160660447939841 -0.06 0.0 0.8040089086859687 0.8040089086859687 0.804008908685969 0.0 2.67 
1 5 -0.0 0.0 0.3 0.5 0.8008658008658008 0.8008658008658008 0.800865800865801 462.0 2.56 
0 61 0.5858113340839818 0.292905667041991 -0.01 0.0 1.0 0.9829545454545452 0.991477272727273 1.06 0.08 
1 3 -0.0 0.0 0.0 0.0 1.0 1.0 1.0 0.0 0.0 
0 274 0.36421465730196667 0.182107328650983 -0.09 0.19 0.7580645161290323 0.9516129032258066 0.854838709677419 25.34 1.53 
1 182 -0.0 0.0 -0.0 0.0 1.0 0.7580645161290323 0.879032258064516 0.0 0.0 
0 491 0.16403524764720048 0.758169029761091 0.01 0.08 0.9959183673469388 0.9959183673469388 0.995918367346939 268.51 0.19 
1 14 -0.0 0.0 0.33 0.55 0.6774193548387096 0.6935483870967744 0.685483870967742 57.53 2.59 
0 2 0.580651755229746 0.434002895709641 0.11 0.17 0.9005102040816326 0.9489795918367347 0.924744897959184 793.49 0.86 
1 31 -0.0 0.0 0.0 0.0 1.0 1.0 1.0 0.0 0.0 
0 139 0.6829081047004717 0.681050685345999 0.03 0.7 0.8076923076923077 0.9230769230769232 0.865384615384615 32.09 0.44 
1 7 0.01652368182171168 0.00826184091085584 0.08 0.08 0.9838709677419354 0.9838709677419354 0.983870967741935 434.0 0.72 
0 5 -0.0 0.0 -0.0 -0.0 1.0 1.0 1.0 0.0 0.0 
1 1 -0.0 0.0 0.19 0.69 0.5555555555555555 0.5555555555555555 0.555555555555556 9.0 1.98 
0 832 -0.0 0.0 0.0 -0.0 1.0 0.5555555555555555 0.777777777777778 0.0 0.0 
1 316 -0.0 0.0 0.0 0.0 1.0 0.982142857142857 0.991071428571429 0.0 0.0 
0 169 0.9556998911125344 1.01734604949506 -0.08 0.68 1.0 1.0 1.0 7.0 0.74 
1 23 0.056152199528602974 0.0560873346969132 -0.0 0.0 1.0 0.9972972972972972 0.998648648648649 0.03 0.0 
0 311 0.3724807184521906 0.186240359226095 -0.11 0.2 0.7580645161290323 0.919354838709677 0.838709677419355 26.67 1.48 
1 29 0.02253214392080778 0.0197499575531257 -0.0 0.01 0.7156626506024096 0.9975903614457832 0.856626506024096 5.06 0.1 
0 20 0.6829081047004717 0.682908104700472 0.33 1.04 0.8076923076923077 0.8076923076923077 0.807692307692308 52.0 0.75 
1 33 0.030372534777978206 0.0228364363705995 -0.0 0.0 0.9894067796610168 0.9978813559322034 0.99364406779661 0.04 0.0 
0 243 1.351783994289646 0.675891997144823 -0.06 0.21 1.0 0.8571428571428571 0.928571428571429 2.92 0.01 
1 122 0.04915006684960595 0.024575033424803 0.0 0.01 0.868995633187773 0.9956331877729256 0.932314410480349 13.32 0.14 
0 193 0.3525425103487513 0.176271255174376 -0.08 0.15 1.0 0.6935483870967744 0.846774193548387 17.86 1.2 
1 22 -0.0 0.0 0.31 0.55 0.7580645161290323 0.7580645161290323 0.758064516129032 62.0 2.49 
0 364 0.8856700740385729 0.522108233441811 0.01 0.1 0.9263803680981594 0.9785276073619632 0.952453987730061 129.03 0.53 
1 19 0.08958725315521794 0.0728697263419105 -0.0 0.0 1.0 0.9972972972972972 0.998648648648649 0.06 0.01 
0 674 0.03946489920438848 0.0197324496021942 -0.05 0.01 0.3136842105263158 0.9642105263157896 0.638947368421053 8.02 0.13 
1 86 0.022727473318271005 0.0113637366591355 -0.0 -0.0 1.0 1.0 1.0 0.0 0.0 
0 339 0.14302929857696717 0.717716575696106 -0.01 0.03 0.4528301886792453 0.9769392033542976 0.714884696016772 58.94 0.08 
1 362 -0.0 0.0 -0.06 0.16 0.6774193548387096 0.7580645161290323 0.717741935483871 20.64 1.46 
0 340 0.6365141682948128 0.617391878440035 -0.06 0.2 1.0 0.4285714285714285 0.714285714285714 2.1 0.5 
1 2 0.6846162778013049 0.342308138900652 0.15 0.36 0.8846153846153846 0.8846153846153846 0.884615384615385 26.0 0.82 
0 127 -0.0 0.0 0.0 -0.0 1.0 0.959731543624161 0.97986577181208 0.0 0.0 
1 2 0.0251440699125892 0.0125720349562946 0.53 0.63 0.6761658031088082 0.6761658031088082 0.676165803108808 386.0 2.33 
0 149 0.08256493803586597 0.041282469017933 0.0 0.0 1.0 0.7580645161290323 0.879032258064516 0.32 0.1 
1 18 0.5235346720440665 0.340972621087929 0.32 0.39 0.8666666666666668 0.9 0.883333333333333 30.0 1.75 
0 90 0.016556959431630658 0.00827847971581533 -0.0 -0.0 1.0 1.0 1.0 0.0 0.0 
1 14 0.08958725315521794 0.0709314907519506 0.0 0.0 1.0 1.0 1.0 0.04 0.01 
0 104 -0.0 0.0 0.0 0.0 1.0 1.0 1.0 0.0 0.0 
1 61 0.0707680768797802 0.351225226630238 -0.0 0.0 1.0 0.997695852534562 0.998847926267281 3.17 0.0 
0 61 0.3724807184521906 0.186240359226095 -0.02 0.27 0.6774193548387096 0.919354838709677 0.798387096774194 31.25 1.84 
1 5 -0.0 0.0 0.07 0.08 0.9854771784232365 0.9854771784232365 0.985477178423237 482.0 0.65 
0 176 0.5795291220614944 0.310581341577089 -0.01 0.01 1.0 0.4359504132231405 0.71797520661157 5.73 0.06 
1 1 0.9277980308365658 1.27664305854078 0.26 0.8 0.7871396895787139 0.7871396895787139 0.787139689578714 1253.58 1.13 
0 192 0.26345598632800776 0.139811413812532 -0.0 0.0 0.9817767653758542 0.9977220956719816 0.989749430523918 0.15 0.01 
1 4 0.6895519477750732 0.344775973887537 0.0 -0.0 1.0 1.0 1.0 0.0 0.0 
0 656 -0.0 0.0 0.0 -0.0 1.0 0.981859410430839 0.99092970521542 0.0 0.0 
1 35 1.6284102630552857 1.62546092371276 -0.02 0.51 0.7700348432055749 0.9895470383275262 0.879790940766551 325.24 0.19 
0 558 0.9743147528693494 0.487157376434675 0.07 0.38 1.0 0.125 0.5625 8.0 0.12 
1 5 0.052275728348683194 0.0522757283486832 -0.0 0.0 1.0 1.0 1.0 0.02 0.0 
0 20 0.4674331568190166 0.233716578409508 -0.0 0.0 1.0 1.0 1.0 0.0 0.0 
1 2 0.666278442414676 0.666278442414676 0.25 0.67 1.0 1.0 1.0 26.0 0.9 
0 18 0.3624983754468393 0.188829610302497 -0.0 0.0 1.0 0.9978813559322034 0.998940677966102 0.08 0.01 
1 16 -0.0 0.0 0.33 0.55 0.6774193548387096 0.6935483870967744 0.685483870967742 57.53 2.39 
0 24 -0.0 0.0 0.0 0.0 1.0 1.0 1.0 0.0 0.0 
1 4 -0.0 0.0 0.0 0.0 1.0 1.0 1.0 0.0 0.0 
0 195 0.4459524223135379 0.222976211156769 -0.02 0.01 0.919354838709677 0.9677419354838708 0.943548387096774 0.5 0.15 
1 4 0.7865364435085352 0.393268221754268 0.09 0.12 0.9728506787330315 0.9728506787330315 0.972850678733032 442.0 0.36 
0 9 0.666278442414676 0.666278442414676 0.25 0.67 1.0 1.0 1.0 26.0 1.08 
1 3 -0.0 0.0 0.0 0.0 1.0 1.0 1.0 0.0 0.0 
0 208 0.08256493803586597 0.041282469017933 0.0 0.01 1.0 0.6935483870967744 0.846774193548387 0.45 0.12 
1 94 0.09165764788996307 0.0699766348366203 -0.0 0.0 1.0 0.9818181818181818 0.990909090909091 0.1 0.01 
0 134 0.6594925819492878 0.840350375345067 0.05 0.43 0.7381615598885793 0.9164345403899722 0.827298050139276 408.89 1.08 
1 1 -0.0 0.0 0.39 0.62 0.6935483870967744 0.6935483870967744 0.693548387096774 62.0 2.6 
0 72 0.6171448282578021 0.308572414128901 -0.01 0.0 1.0 0.9829545454545452 0.991477272727273 1.33 0.09 
1 2 0.09699169411326156 0.0746337112309724 -0.0 0.0 1.0 1.0 1.0 0.05 0.01 
0 26 -0.0 0.0 0.33 0.55 0.6774193548387096 0.6935483870967744 0.685483870967742 57.53 2.29 
1 68 0.3269547847215813 0.163477392360791 -0.01 0.01 0.9481865284974093 0.9870466321243522 0.967616580310881 3.79 0.05 
0 438 0.804637919054263 0.402318959527131 -0.0 0.0 0.41723356009070284 0.9977324263038548 0.707482993197279 0.72 0.01 
1 8 0.0947607483566568 0.232756230915289 0.02 0.03 0.9678111587982832 0.9806866952789698 0.974248927038627 84.69 0.27 
0 15 0.3137721658384326 0.156886082919216 -0.01 0.01 1.0 0.8893905191873588 0.94469525959368 5.47 0.24 
1 1 0.4811067080592432 0.300596867788392 0.04 0.05 0.9954853273137698 0.9954853273137698 0.99548532731377 895.47 0.16 
0 70 -0.0 0.0 0.27 0.41 0.2666666666666666 0.33333333333333326 0.3 21.82 0.59 
1 2 -0.0 0.0 0.39 0.62 0.6935483870967744 0.6935483870967744 0.693548387096774 62.0 2.6 
0 609 0.022083380117043378 0.0110416900585217 0.0 -0.0 1.0 0.981859410430839 0.99092970521542 0.0 0.0 
1 34 0.6171448282578021 0.308572414128901 -0.01 0.0 1.0 0.9886363636363636 0.994318181818182 0.88 0.06 
0 7 -0.0 0.0 0.18 0.6 0.28571428571428564 0.28571428571428564 0.285714285714286 7.0 0.82 
1 3 -0.0 0.0 0.0 0.0 1.0 1.0 1.0 0.0 0.0 
0 346 0.7134161640307438 0.62108936197978 0.09 0.21 0.24190064794816415 0.9913606911447084 0.616630669546436 171.03 0.14 
1 43 -0.0 0.0 0.0 0.0 1.0 1.0 1.0 0.0 0.0 
0 30 0.41011631828840894 0.205058159144204 0.0 0.0 1.0 1.0 1.0 0.0 0.0 
1 8 0.022727473318271005 0.022727473318271 -0.0 0.0 1.0 1.0 1.0 0.0 0.0 
0 222 0.7065442778104265 0.361600967762635 -0.04 0.02 1.0 0.8905263157894738 0.945263157894737 14.94 0.04 
1 148 0.8156295932307395 0.74694740234885 0.07 0.48 0.7484662576687117 0.8558282208588956 0.802147239263804 285.8 0.83 
0 115 0.6316823763806962 0.341075222759258 -0.01 0.01 1.0 0.9631336405529952 0.981566820276498 6.11 0.09 
1 20 0.8156295932307395 0.487087993037894 -0.0 0.08 0.7484662576687117 0.9785276073619632 0.863496932515337 53.37 0.31 
0 4 0.6473026055487068 0.333716971990743 0.39 0.44 0.6825053995680346 0.7321814254859611 0.707343412526998 364.36 1.54 
1 9 0.05602246986522343 0.0541490991069533 0.0 0.0 1.0 1.0 1.0 0.02 0.0 
0 303 0.20161353588532901 0.100806767942664 -0.01 0.0 1.0 0.959731543624161 0.97986577181208 0.62 0.06 
1 3 0.43686973210547814 0.270464027731018 0.04 0.05 1.0 0.940936863543788 0.970468431771894 144.91 0.55 
0 332 0.07155187909197604 0.035775939545988 -0.0 0.0 1.0 0.9922879177377892 0.996143958868895 0.03 0.0 
1 10 -0.0 0.0 0.33 0.55 0.6774193548387096 0.6935483870967744 0.685483870967742 57.53 2.49 
0 79 -0.0 0.0 0.0 0.0 1.0 0.9838709677419354 0.991935483870968 0.0 0.0 
1 5 -0.0 0.0 0.06 0.41 0.8571428571428571 0.8571428571428571 0.857142857142857 7.0 2.49 
0 52 0.4227090878059909 0.211354543902995 -0.0 0.0 1.0 0.8333333333333331 0.916666666666667 0.0 0.0 
1 42 0.017626642729371575 0.00881332136468579 0.18 0.25 0.9252336448598132 0.9275700934579442 0.926401869158878 413.58 1.81 
0 37 0.06521436351143224 0.0326071817557161 0.0 0.0 1.0 0.9485714285714286 0.974285714285714 0.0 0.0 
1 49 -0.0 0.0 0.0 0.0 1.0 1.0 1.0 0.0 0.0 
0 260 0.2835478929710348 0.141773946485517 -0.06 0.13 0.7580645161290323 0.9838709677419354 0.870967741935484 17.21 1.0 
1 154 0.7244657079537894 0.362232853976895 0.0 -0.0 1.0 0.3264462809917356 0.663223140495868 0.0 0.0 
0 25 0.41963577493948573 0.218096367185558 -0.0 0.0 1.0 0.9976525821596244 0.998826291079812 0.18 0.01 
1 4 0.09503011725564632 0.189490815924107 0.0 0.0 1.0 1.0 1.0 0.06 0.04 
0 231 0.08256493803586597 0.041282469017933 0.0 0.01 1.0 0.6935483870967744 0.846774193548387 0.45 0.12 
1 3 0.0740225961475812 0.128824279468757 0.41 0.69 0.5590551181102362 0.5748031496062993 0.566929133858268 381.05 2.38 
0 67 0.666278442414676 0.333139221207338 -0.0 0.0 1.0 1.0 1.0 0.0 0.0 
1 226 0.6171448282578021 0.580437337832493 0.03 0.32 1.0 0.8835227272727273 0.941761363636364 378.52 1.7 
0 67 0.4459524223135379 0.222976211156769 -0.03 0.27 0.6774193548387096 0.919354838709677 0.798387096774194 31.25 1.78 
1 3 -0.0 0.0 0.0 0.0 1.0 1.0 1.0 0.0 0.0 
0 271 0.016294681047229552 0.00814734052361478 -0.0 0.0 1.0 0.9930875576036866 0.996543778801843 0.01 0.0 
1 4 0.01475818629482802 0.00737909314741401 0.01 0.01 1.0 0.9979466119096508 0.998973305954825 487.0 0.19 
0 17 -0.0 0.0 0.19 0.69 0.5555555555555555 0.5555555555555555 0.555555555555556 9.0 1.98 
1 9 0.05602246986522343 0.0448156896337921 0.0 0.0 1.0 1.0 1.0 0.02 0.0 
0 231 -0.0 0.0 -0.0 0.0 0.9346590909090908 0.9886363636363636 0.961647727272727 0.28 0.03 
1 75 0.09699169411326156 0.0765719468209323 -0.0 0.0 1.0 0.9972972972972972 0.998648648648649 0.07 0.01 
0 247 0.6791932659915256 0.339596632995763 -0.1 0.11 0.846153846153846 0.9230769230769232 0.884615384615385 4.05 0.39 
1 345 -0.0 0.0 -0.06 0.16 0.6774193548387096 0.7580645161290323 0.717741935483871 20.64 1.46 
0 135 -0.0 0.0 -0.0 -0.0 1.0 0.9672131147540984 0.983606557377049 0.0 0.0 
1 3 0.10434878616952079 0.0521743930847604 0.01 0.01 0.9979591836734693 0.9979591836734693 0.997959183673469 490.0 0.11 
0 121 0.20707027621364865 0.110927297686002 0.01 0.01 0.9918367346938776 0.9938775510204082 0.992857142857143 44.13 0.15 
