1 12 -0.0 0.0 0.3 0.36 0.8846153846153846 0.8846153846153846 0.884615384615385 26.0 2.14 
0 333 0.08919443275684764 0.0445972163784238 -0.01 0.01 0.6423690205011389 0.9863325740318906 0.814350797266515 3.52 0.11 
1 14 0.08958725315521794 0.0709314907519506 0.0 0.0 1.0 1.0 1.0 0.04 0.01 
0 54 0.01616684129705593 0.00808342064852796 -0.0 0.0 0.9863325740318906 0.9977220956719816 0.992027334851936 0.03 0.0 
1 3 -0.0 0.0 0.0 0.0 1.0 1.0 1.0 0.0 0.0 
0 337 0.09650896073594732 0.0482544803679737 -0.11 0.14 0.6774193548387096 0.8225806451612901 0.75 17.9 1.38 
1 20 0.8156295932307395 0.487087993037894 -0.0 0.08 0.7484662576687117 0.9785276073619632 0.863496932515337 53.37 0.31 
0 1318 -0.0 0.0 -0.0 -0.0 1.0 1.0 1.0 0.0 0.0 
1 49 -0.0 0.0 0.0 0.0 1.0 1.0 1.0 0.0 0.0 
0 1 -0.0 0.0 0.47 0.64 0.33333333333333326 0.33333333333333326 0.333333333333333 30.0 0.94 
1 75 0.09699169411326156 0.0765719468209323 -0.0 0.0 1.0 0.9972972972972972 0.998648648648649 0.07 0.01 
0 0 -0.0 0.0 -0.0 0.0 1.0 1.0 1.0 0.0 0.0 
1 29 0.02253214392080778 0.0197499575531257 -0.0 0.01 0.7156626506024096 0.9975903614457832 0.856626506024096 5.06 0.1 
0 161 0.016326979454093383 0.00816348972704669 -0.0 0.0 0.981859410430839 0.9977324263038548 0.989795918367347 0.02 0.0 
1 9 0.05602246986522343 0.0541490991069533 0.0 0.0 1.0 1.0 1.0 0.02 0.0 
0 139 0.6829081047004717 0.681050685345999 0.03 0.7 0.8076923076923077 0.9230769230769232 0.865384615384615 32.09 0.44 
1 42 0.017626642729371575 0.00881332136468579 0.18 0.25 0.9252336448598132 0.9275700934579442 0.926401869158878 413.58 1.81 
0 94 0.36421465730196667 0.182107328650983 -0.04 0.22 0.6774193548387096 0.9516129032258066 0.814516129032258 25.04 1.61 
1 1 -0.0 0.0 0.37 0.44 0.16 0.16 0.16 25.0 0.2 
0 59 0.4459524223135379 0.222976211156769 -0.03 0.29 0.6935483870967744 0.919354838709677 0.806451612903226 33.68 1.86 
1 6 -0.0 0.0 -0.0 -0.0 1.0 1.0 1.0 0.0 0.0 
0 271 0.15249619982808016 0.0762480999140401 -0.02 0.0 1.0 0.9346590909090908 0.967329545454545 0.65 0.06 
1 6 0.08958725315521794 0.073993126337245 0.0 0.0 1.0 1.0 1.0 0.04 0.01 
0 0 -0.0 0.0 -0.01 0.0 0.981859410430839 0.981859410430839 0.981859410430839 0.0 0.79 
1 16 -0.0 0.0 0.33 0.55 0.6774193548387096 0.6935483870967744 0.685483870967742 57.53 2.39 
0 691 0.015617095429556123 0.00780854771477806 -0.04 0.01 0.3136842105263158 0.96 0.636842105263158 9.71 0.12 
1 14 -0.0 0.0 0.33 0.55 0.6774193548387096 0.6935483870967744 0.685483870967742 57.53 2.59 
0 243 0.5982695885852573 0.299134794292629 -0.09 0.12 1.0 0.28571428571428564 0.642857142857143 1.12 0.5 
1 7 0.09908391604753189 0.0495419580237659 0.04 0.04 0.9850746268656718 0.9914712153518124 0.988272921108742 266.27 0.37 
0 5 0.18260975257337433 0.0913048762866872 -0.0 0.0 1.0 0.9972972972972972 0.998648648648649 0.03 0.0 
1 5 -0.0 0.0 0.3 0.5 0.8008658008658008 0.8008658008658008 0.800865800865801 462.0 2.56 
0 175 0.7065442778104265 0.404326125629838 -0.0 0.0 1.0 1.0 1.0 3.97 0.01 
1 614 0.042617471413436414 0.0310799043211172 0.0 0.01 0.837708830548926 0.9928400954653938 0.91527446300716 10.42 0.09 
0 64 -0.0 0.0 -0.0 0.0 0.9886363636363636 0.9971590909090908 0.992897727272727 0.01 0.0 
1 336 -0.0 0.0 -0.1 0.14 0.6774193548387096 0.8064516129032256 0.741935483870968 17.76 1.34 
0 42 0.6171448282578021 0.983572169993012 0.07 0.38 1.0 0.8352272727272727 0.917613636363636 332.38 0.79 
1 723 0.1725612331626618 0.0862806165813309 -0.07 0.05 0.4568421052631578 0.9578947368421052 0.707368421052632 33.9 0.06 
0 131 0.3269547847215813 0.173857254070049 -0.06 0.01 0.8471502590673574 0.9870466321243522 0.917098445595855 4.85 0.24 
1 47 -0.0 0.0 -0.0 0.0 1.0 0.6153846153846154 0.807692307692308 0.0 0.0 
0 36 -0.0 0.0 0.0 0.0 1.0 0.9977728285077953 0.998886414253898 0.0 0.0 
1 7 0.01652368182171168 0.00826184091085584 0.08 0.08 0.9838709677419354 0.9838709677419354 0.983870967741935 434.0 0.72 
0 93 0.40067165339847227 0.210326100561417 0.01 0.02 0.971590909090909 0.9914772727272728 0.981534090909091 52.72 0.27 
1 4 0.5297061990576545 0.439269147450343 -0.1 0.03 1.0 1.0 1.0 0.32 0.45 
0 30 0.666278442414676 0.333139221207338 -0.0 0.0 1.0 1.0 1.0 0.0 0.0 
1 19 0.08958725315521794 0.0728697263419105 -0.0 0.0 1.0 0.9972972972972972 0.998648648648649 0.06 0.01 
0 118 -0.0 0.0 0.0 0.0 1.0 1.0 1.0 0.0 0.0 
1 33 0.030372534777978206 0.0228364363705995 -0.0 0.0 0.9894067796610168 0.9978813559322034 0.99364406779661 0.04 0.0 
0 166 0.4459524223135379 0.399247466331145 0.02 0.35 1.0 0.919354838709677 0.959677419354839 62.0 1.65 
1 5 0.04131357294242817 0.0206567864712141 0.29 0.33 0.886153846153846 0.8892307692307693 0.887692307692308 315.12 2.04 
0 30 -0.0 0.0 0.05 0.14 0.375 0.75 0.5625 1.6 0.79 
1 1 -0.0 0.0 0.19 0.69 0.5555555555555555 0.5555555555555555 0.555555555555556 9.0 1.98 
0 268 0.13339348333086204 0.066696741665431 -0.0 -0.0 1.0 0.9954648526077096 0.997732426303855 0.0 0.0 
1 3 0.10434878616952079 0.0521743930847604 0.01 0.01 0.9979591836734693 0.9979591836734693 0.997959183673469 490.0 0.11 
0 208 0.34883209584303193 0.174416047921516 0.07 0.19 1.0 0.7777777777777779 0.888888888888889 3.94 1.55 
1 94 0.09165764788996307 0.0699766348366203 -0.0 0.0 1.0 0.9818181818181818 0.990909090909091 0.1 0.01 
0 234 0.042617471413436414 0.0365682967208307 -0.0 0.0 0.9904534606205252 0.9928400954653938 0.991646778042959 0.07 0.01 
1 240 0.8547011249697178 0.427350562484859 -0.02 0.0 0.9795918367346939 0.982142857142857 0.980867346938775 1.6 0.02 
0 35 0.015617095429556123 0.549931129610136 -0.01 0.1 0.9242105263157896 0.96 0.942105263157895 216.02 0.28 
1 4 0.7865364435085352 0.401480572353747 0.08 0.13 0.9728506787330315 0.9728506787330315 0.972850678733032 442.51 0.33 
0 232 0.7569085521415507 0.458784500040696 -0.07 0.03 1.0 0.8040089086859687 0.902004454342984 22.46 0.33 
1 4 -0.0 0.0 0.31 0.55 0.7580645161290323 0.7580645161290323 0.758064516129032 62.0 2.49 
0 390 0.7065442778104265 0.361036801316426 -0.07 0.03 1.0 0.9663157894736842 0.983157894736842 18.47 0.03 
1 154 0.7244657079537894 0.362232853976895 0.0 -0.0 1.0 0.3264462809917356 0.663223140495868 0.0 0.0 
0 186 0.532506047065826 0.266253023532913 -0.0 0.0 1.0 0.6703786191536748 0.835189309576837 0.0 0.0 
1 4 0.8127245415610106 0.428086422879458 0.41 0.59 0.3391521197007481 0.3640897755610973 0.351620947630923 772.17 0.33 
0 4 0.05577279621184249 0.278989021335817 0.14 0.17 0.9686746987951808 0.9710843373493978 0.969879518072289 698.6 0.87 
1 1 -0.0 0.0 0.39 0.62 0.6935483870967744 0.6935483870967744 0.693548387096774 62.0 2.6 
0 947 -0.0 0.0 0.0 -0.0 1.0 0.5555555555555555 0.777777777777778 0.0 0.0 
1 316 -0.0 0.0 0.0 0.0 1.0 0.982142857142857 0.991071428571429 0.0 0.0 
0 49 0.8646777734057377 0.553796364148135 -0.15 0.07 0.7607223476297968 0.8871331828442438 0.82392776523702 87.41 0.01 
1 10 -0.0 0.0 0.33 0.55 0.6774193548387096 0.6935483870967744 0.685483870967742 57.53 2.49 
0 99 -0.0 0.0 -0.0 0.0 1.0 0.7083333333333334 0.854166666666667 0.0 0.0 
1 148 0.8156295932307395 0.74694740234885 0.07 0.48 0.7484662576687117 0.8558282208588956 0.802147239263804 285.8 0.83 
0 15 0.25095480435761963 0.12547740217881 0.06 0.06 0.9886363636363636 0.9886363636363636 0.988636363636364 352.0 0.37 
1 1 0.4811067080592432 0.300596867788392 0.04 0.05 0.9954853273137698 0.9954853273137698 0.99548532731377 895.47 0.16 
0 187 0.3525425103487513 0.176271255174376 -0.08 0.15 1.0 0.6935483870967744 0.846774193548387 17.86 1.26 
1 3 0.0740225961475812 0.128824279468757 0.41 0.69 0.5590551181102362 0.5748031496062993 0.566929133858268 381.05 2.38 
0 16 -0.0 0.0 0.33 0.55 0.6774193548387096 0.6935483870967744 0.685483870967742 57.53 2.49 
1 1 0.05839899951927197 0.0572107346922477 0.0 0.0 1.0 1.0 1.0 0.02 0.0 
0 232 0.3525425103487513 0.176271255174376 -0.08 0.14 1.0 0.6774193548387096 0.838709677419355 16.57 1.27 
1 18 0.5235346720440665 0.340972621087929 0.32 0.39 0.8666666666666668 0.9 0.883333333333333 30.0 1.75 
0 43 0.0628093679942407 0.0408769078729895 -0.0 0.0 0.9285714285714286 0.997448979591837 0.963010204081633 0.4 0.03 
1 265 0.3742549310896416 0.187127465544821 -0.03 0.02 0.7660668380462725 0.9974293059125964 0.881748071979434 15.62 0.69 
0 18 0.8465160453282295 0.696176069278426 -0.0 0.08 0.9979466119096508 0.9979466119096508 0.997946611909651 529.84 0.68 
1 8 0.0947607483566568 0.232756230915289 0.02 0.03 0.9678111587982832 0.9806866952789698 0.974248927038627 84.69 0.27 
0 415 0.031746149071385094 0.0245735810965287 -0.01 0.0 0.9542168674698795 0.9686746987951808 0.96144578313253 0.77 0.06 
1 23 0.056152199528602974 0.0560873346969132 -0.0 0.0 1.0 0.9972972972972972 0.998648648648649 0.03 0.0 
0 295 0.7843037925952074 0.400299236821218 -0.0 0.0 1.0 0.4700460829493088 0.735023041474654 0.89 0.02 
1 9 0.05602246986522343 0.0448156896337921 0.0 0.0 1.0 1.0 1.0 0.02 0.0 
0 603 -0.0 0.0 -0.02 0.0 0.9166666666666664 0.9583333333333331 0.9375 0.09 0.1 
1 61 0.0707680768797802 0.351225226630238 -0.0 0.0 1.0 0.997695852534562 0.998847926267281 3.17 0.0 
0 106 -0.0 0.0 0.05 0.14 0.375 0.75 0.5625 1.6 0.69 
1 2 0.09699169411326156 0.0746337112309724 -0.0 0.0 1.0 1.0 1.0 0.05 0.01 
0 3 -0.0 0.0 0.25 0.45 0.8311688311688312 0.8311688311688312 0.831168831168831 462.0 2.57 
1 86 0.022727473318271005 0.0113637366591355 -0.0 -0.0 1.0 1.0 1.0 0.0 0.0 
0 55 0.4459524223135379 0.222976211156769 -0.03 0.29 0.6935483870967744 0.919354838709677 0.806451612903226 33.68 1.86 
1 127 -0.0 0.0 0.11 0.46 0.5384615384615384 0.6153846153846154 0.576923076923077 18.96 1.68 
0 313 0.016359415015602636 0.00817970750780132 -0.0 0.0 0.988479262672811 0.9953917050691244 0.991935483870968 0.04 0.0 
1 2 0.666278442414676 0.666278442414676 0.25 0.67 1.0 1.0 1.0 26.0 0.9 
0 377 0.7134161640307438 0.54513207402487 -0.11 0.04 0.900647948164147 0.9913606911447084 0.946004319654428 63.09 0.06 
1 3 -0.0 0.0 0.0 0.0 1.0 1.0 1.0 0.0 0.0 
0 100 0.36421465730196667 0.182107328650983 -0.04 0.22 0.6774193548387096 0.9516129032258066 0.814516129032258 25.04 1.54 
1 25 0.8720635602136072 0.444515665699525 -0.01 0.0 0.2385542168674699 0.9975903614457832 0.618072289156626 0.63 0.0 
0 254 0.6127954659992856 0.318848590514558 -0.04 0.02 1.0 0.5628997867803837 0.781449893390192 21.46 0.41 
1 362 -0.0 0.0 -0.06 0.16 0.6774193548387096 0.7580645161290323 0.717741935483871 20.64 1.46 
0 1 0.3724807184521906 0.370388775599927 0.15 0.54 0.919354838709677 0.9354838709677415 0.92741935483871 110.63 2.46 
1 43 -0.0 0.0 0.0 0.0 1.0 1.0 1.0 0.0 0.0 
0 239 0.928529239598717 0.464264619799359 0.0 -0.0 1.0 0.7114093959731543 0.855704697986577 0.0 0.0 
1 5 -0.0 0.0 0.07 0.08 0.9854771784232365 0.9854771784232365 0.985477178423237 482.0 0.65 
0 222 -0.0 0.0 -0.0 -0.0 1.0 1.0 1.0 0.0 0.0 
1 35 1.6284102630552857 1.62546092371276 -0.02 0.51 0.7700348432055749 0.9895470383275262 0.879790940766551 325.24 0.19 
0 251 0.2835478929710348 0.141773946485517 -0.06 0.13 0.7580645161290323 0.9838709677419354 0.870967741935484 17.21 1.08 
1 34 0.6171448282578021 0.308572414128901 -0.01 0.0 1.0 0.9886363636363636 0.994318181818182 0.88 0.06 
0 182 0.038691590688165765 0.0302069226835085 -0.0 0.0 1.0 0.9402985074626864 0.970149253731343 0.2 0.02 
1 226 0.6171448282578021 0.580437337832493 0.03 0.32 1.0 0.8835227272727273 0.941761363636364 378.52 1.7 
0 136 0.016359415015602636 0.00817970750780132 -0.0 -0.0 1.0 0.9953917050691244 0.997695852534562 0.0 0.0 
1 5 -0.0 0.0 0.06 0.41 0.8571428571428571 0.8571428571428571 0.857142857142857 7.0 2.49 
0 222 0.08256493803586597 0.041282469017933 0.0 0.01 1.0 0.6774193548387096 0.838709677419355 0.48 0.12 
1 3 -0.0 0.0 -0.0 -0.0 1.0 1.0 1.0 0.0 0.0 
0 10 0.27118937304184415 0.135594686520922 0.23 0.27 0.2333333333333333 0.43333333333333324 0.333333333333333 13.7 0.4 
1 270 0.08807751896196665 0.451853556096353 -0.01 0.04 0.7484662576687117 0.9846625766871167 0.866564417177914 30.7 0.2 
0 3 0.3269974743901718 0.300423273424014 0.16 0.26 0.9229024943310656 0.9342403628117912 0.928571428571429 514.33 1.37 
1 218 0.20297324940653716 0.101486624703269 0.0 -0.0 1.0 1.0 1.0 0.0 0.0 
0 132 -0.0 0.0 -0.0 0.0 0.9966442953020132 0.9966442953020132 0.996644295302013 0.0 0.0 
1 8 -0.0 0.0 0.12 0.12 0.9568034557235422 0.9676025917926566 0.962203023758099 343.37 1.04 
0 243 -0.0 0.0 -0.0 -0.0 1.0 1.0 1.0 0.0 0.0 
1 4 0.09503011725564632 0.189490815924107 0.0 0.0 1.0 1.0 1.0 0.06 0.04 
0 95 0.6791932659915256 0.672735854203101 0.16 0.67 1.0 0.9230769230769232 0.961538461538462 26.0 0.52 
1 5 0.052275728348683194 0.0522757283486832 -0.0 0.0 1.0 1.0 1.0 0.02 0.0 
0 3 0.09503011725564632 0.0475150586278232 0.0 -0.0 1.0 1.0 1.0 0.0 0.0 
1 4 0.6895519477750732 0.344775973887537 0.0 -0.0 1.0 1.0 1.0 0.0 0.0 
0 61 0.015617095429556123 0.015573210125991 0.07 0.09 0.96 0.9663157894736842 0.963157894736842 282.74 0.92 
1 28 0.6822056867479602 0.602052179998817 0.05 0.2 0.9222462203023758 0.9546436285097192 0.938444924406048 472.98 0.93 
0 83 0.3563409206018685 0.178170460300934 -0.05 0.22 0.7580645161290323 0.9838709677419354 0.870967741935484 28.78 1.78 
1 68 0.3269547847215813 0.163477392360791 -0.01 0.01 0.9481865284974093 0.9870466321243522 0.967616580310881 3.79 0.05 
0 30 0.35354577145803917 0.184856306377548 -0.0 0.0 0.9498861047835992 0.9977220956719816 0.97380410022779 0.36 0.02 
1 14 0.5235346720440665 0.340972621087929 0.32 0.39 0.8666666666666668 0.9 0.883333333333333 30.0 1.75 
0 640 0.016326979454093383 0.00816348972704669 0.0 -0.0 1.0 0.981859410430839 0.99092970521542 0.0 0.0 
1 3 -0.0 0.0 0.0 0.0 1.0 1.0 1.0 0.0 0.0 
0 232 0.06847444678893455 0.183975715329183 0.0 0.01 1.0 0.9957356076759059 0.997867803837953 38.03 0.05 
1 232 0.08627855491407438 0.0975485355458968 0.0 0.02 0.7084337349397591 0.9927710843373492 0.850602409638554 81.26 0.09 
0 311 0.3724807184521906 0.186240359226095 -0.11 0.2 0.7580645161290323 0.919354838709677 0.838709677419355 26.67 1.48 
1 3 -0.0 0.0 0.0 0.0 1.0 1.0 1.0 0.0 0.0 
0 29 0.5458360932286223 0.272918046614311 0.01 0.01 0.9917864476386036 0.9979466119096508 0.994866529774127 121.53 0.02 
1 4 0.7865364435085352 0.393268221754268 0.09 0.12 0.9728506787330315 0.9728506787330315 0.972850678733032 442.0 0.36 
0 96 0.629696481674345 0.413066466354088 0.05 0.07 1.0 1.0 1.0 70.16 0.72 
1 9 0.09503011725564632 0.0475150586278232 0.0 -0.0 1.0 1.0 1.0 0.0 0.0 
0 305 -0.0 0.0 -0.0 -0.0 1.0 1.0 1.0 0.0 0.0 
1 22 -0.0 0.0 0.31 0.55 0.7580645161290323 0.7580645161290323 0.758064516129032 62.0 2.49 
0 63 0.4459524223135379 0.222976211156769 -0.03 0.29 0.6935483870967744 0.919354838709677 0.806451612903226 33.68 1.78 
1 4 0.0947607483566568 0.0769695270739669 0.09 0.1 0.9806866952789698 0.982832618025751 0.981759656652361 445.71 0.81 
0 287 -0.0 0.0 -0.04 0.03 0.7580645161290323 0.919354838709677 0.838709677419355 3.8 0.59 
1 1 0.9277980308365658 1.27664305854078 0.26 0.8 0.7871396895787139 0.7871396895787139 0.787139689578714 1253.58 1.13 
0 25 0.6829081047004717 0.640588846642864 -0.03 0.2 1.0 1.0 1.0 2.1 0.45 
1 24 0.16245281571443987 0.14550577947865 -0.01 0.02 0.916083916083916 0.9976689976689976 0.956876456876457 46.4 0.05 
0 6 -0.0 0.0 0.39 0.62 0.6935483870967744 0.6935483870967744 0.693548387096774 62.0 2.5 
1 3 -0.0 0.0 -0.0 -0.0 1.0 1.0 1.0 0.0 0.0 
0 250 0.6829081047004717 0.674593273557574 0.02 0.57 1.0 0.8076923076923077 0.903846153846154 22.62 0.15 
1 3 0.43686973210547814 0.270464027731018 0.04 0.05 1.0 0.940936863543788 0.970468431771894 144.91 0.55 
0 90 0.023546567098459075 0.0680498181315773 -0.0 0.0 1.0 1.0 1.0 0.02 0.0 
1 11 0.02133050528737909 0.0106652526436895 0.1 0.1 0.980392156862745 0.980392156862745 0.980392156862745 459.0 0.82 
0 48 0.06894930739780505 0.680676580106525 0.01 0.06 0.4528301886792453 0.9182389937106918 0.685534591194969 39.06 0.16 
1 3 0.6601647680850746 0.591011175434611 0.13 0.3 0.8594470046082949 0.919354838709677 0.889400921658986 970.62 1.21 
0 43 0.06206254514673379 0.0386533790891946 -0.0 0.0 1.0 0.9402985074626864 0.970149253731343 0.08 0.01 
1 2 -0.0 0.0 0.47 0.64 0.33333333333333326 0.33333333333333326 0.333333333333333 30.0 0.94 
0 9 0.7569669131450216 0.578819283271747 0.12 0.31 1.0 0.9914772727272728 0.995738636363636 1146.26 1.7 
1 2 0.6846162778013049 0.342308138900652 0.15 0.36 0.8846153846153846 0.8846153846153846 0.884615384615385 26.0 0.82 
0 181 0.3805338924281298 0.199215908802427 -0.0 0.0 1.0 0.9922879177377892 0.996143958868895 0.15 0.02 
1 31 -0.0 0.0 0.0 0.0 1.0 1.0 1.0 0.0 0.0 
0 356 0.928529239598717 0.464264619799359 0.0 -0.0 1.0 0.7114093959731543 0.855704697986577 0.0 0.0 
1 5 0.020830638321723566 0.0104153191608618 0.04 0.04 0.9850746268656718 0.9914712153518124 0.988272921108742 266.27 0.43 
0 521 0.08919443275684764 0.0793856867308198 -0.04 0.02 0.6423690205011389 0.9726651480637812 0.80751708428246 11.94 0.05 
1 4 -0.0 0.0 0.0 0.0 1.0 1.0 1.0 0.0 0.0 
0 179 -0.0 0.0 0.0 0.0 1.0 0.9663157894736842 0.983157894736842 0.0 0.0 
1 65 -0.0 0.0 -0.0 -0.0 1.0 0.9958677685950412 0.997933884297521 0.0 0.0 
0 71 0.020830638321723566 0.0104153191608618 -0.0 -0.0 1.0 0.9850746268656718 0.992537313432836 0.0 0.0 
1 2 0.0251440699125892 0.0125720349562946 0.53 0.63 0.6761658031088082 0.6761658031088082 0.676165803108808 386.0 2.33 
0 5 0.03735565091890093 0.109982701746138 0.0 0.0 1.0 1.0 1.0 0.06 0.01 
1 2 -0.0 0.0 0.39 0.62 0.6935483870967744 0.6935483870967744 0.693548387096774 62.0 2.6 
0 224 0.5795291220614944 0.43761849349443 0.0 0.07 0.4359504132231405 0.9958677685950412 0.715909090909091 68.62 0.42 
1 6 -0.0 0.0 -0.0 -0.0 1.0 0.9936034115138594 0.99680170575693 0.0 0.0 
0 126 0.0870788436768375 0.201707012120071 -0.07 0.02 0.6975169300225733 0.968397291196388 0.832957110609481 28.76 0.05 
1 2 0.06894930739780505 0.15777508018186 0.26 0.3 0.9182389937106918 0.9266247379454928 0.922431865828092 1350.0 2.0 
0 188 0.5906061822440456 0.506078563964349 0.05 0.26 0.9346590909090908 0.9602272727272728 0.947443181818182 488.64 1.35 
1 4 0.01475818629482802 0.00737909314741401 0.01 0.01 1.0 0.9979466119096508 0.998973305954825 487.0 0.19 
0 210 0.06957694070479191 0.0537204736693565 -0.0 0.0 0.9726651480637812 0.988610478359909 0.980637813211845 0.28 0.02 
1 345 -0.0 0.0 -0.06 0.16 0.6774193548387096 0.7580645161290323 0.717741935483871 20.64 1.46 
0 128 0.08256493803586597 0.223389797668916 -0.0 0.0 1.0 0.9516129032258066 0.975806451612903 0.2 0.08 
1 1 0.07093518297335139 0.0616054556610173 0.0 0.0 1.0 1.0 1.0 0.03 0.0 
0 137 0.34883209584303193 0.174416047921516 -0.04 0.01 1.0 0.8888888888888888 0.944444444444444 0.14 0.29 
1 182 -0.0 0.0 -0.0 0.0 1.0 0.7580645161290323 0.879032258064516 0.0 0.0 
0 115 0.7498710324173952 0.374935516208698 -0.0 0.0 0.9896694214876034 0.9958677685950412 0.992768595041322 3.81 0.05 
1 8 0.016424701198958662 0.00821235059947933 0.12 0.12 0.9728506787330315 0.9728506787330315 0.972850678733032 442.0 1.0 
0 90 0.928529239598717 0.464264619799359 -0.01 0.0 0.7114093959731543 0.9966442953020132 0.854026845637584 1.16 0.03 
1 8 0.022727473318271005 0.022727473318271 -0.0 0.0 1.0 1.0 1.0 0.0 0.0 
0 12 0.7537388965283442 0.376869448264172 0.0 -0.0 1.0 0.9976525821596244 0.998826291079812 0.0 0.0 
1 122 0.04915006684960595 0.024575033424803 0.0 0.01 0.868995633187773 0.9956331877729256 0.932314410480349 13.32 0.14 
0 617 0.022083380117043378 0.0110416900585217 -0.0 0.0 0.981859410430839 0.9977324263038548 0.989795918367347 0.02 0.0 
1 179 1.7983316181241153 0.899165809062058 0.0 -0.0 1.0 0.9628099173553722 0.981404958677686 0.0 0.0 
0 281 0.13371483312373358 0.0668574165618668 -0.0 0.0 1.0 0.9966442953020132 0.998322147651007 0.03 0.01 
