1 1 0.9277980308365658 1.27664305854078 0.26 0.8 0.7871396895787139 0.7871396895787139 0.787139689578714 1253.58 1.13 
0 68 0.29170992255894307 0.886831324256552 -0.01 0.12 1.0 0.8641114982578396 0.93205574912892 190.39 0.27 
1 345 -0.0 0.0 -0.06 0.16 0.6774193548387096 0.7580645161290323 0.717741935483871 20.64 1.46 
0 191 0.6730116670092564 0.541563992648833 -0.11 0.14 1.0 0.7142857142857143 0.857142857142857 1.56 0.7 
1 9 0.05602246986522343 0.0541490991069533 0.0 0.0 1.0 1.0 1.0 0.02 0.0 
0 234 0.4674331568190166 0.233716578409508 -0.0 0.0 1.0 1.0 1.0 0.0 0.0 
1 6 -0.0 0.0 -0.0 -0.0 1.0 0.9936034115138594 0.99680170575693 0.0 0.0 
0 49 0.8646777734057377 0.553796364148135 -0.15 0.07 0.7607223476297968 0.8871331828442438 0.82392776523702 87.41 0.01 
1 154 0.7244657079537894 0.362232853976895 0.0 -0.0 1.0 0.3264462809917356 0.663223140495868 0.0 0.0 
0 215 0.4435682844142889 0.422119968906381 0.02 0.18 0.8295454545454547 0.9914772727272728 0.910511363636364 718.88 0.64 
1 86 0.022727473318271005 0.0113637366591355 -0.0 -0.0 1.0 1.0 1.0 0.0 0.0 
0 141 0.5858113340839818 0.302821744925136 -0.0 0.03 1.0 0.9801136363636364 0.990056818181818 69.18 0.21 
1 336 -0.0 0.0 -0.1 0.14 0.6774193548387096 0.8064516129032256 0.741935483870968 17.76 1.34 
0 139 -0.0 0.0 -0.0 -0.0 1.0 0.9953917050691244 0.997695852534562 0.0 0.0 
1 19 0.08958725315521794 0.0728697263419105 -0.0 0.0 1.0 0.9972972972972972 0.998648648648649 0.06 0.01 
0 175 0.6829081047004717 0.880950156289028 0.16 0.68 1.0 1.0 1.0 7.0 0.44 
1 4 0.0947607483566568 0.0769695270739669 0.09 0.1 0.9806866952789698 0.982832618025751 0.981759656652361 445.71 0.81 
0 344 0.01652368182171168 0.0164415484186572 -0.0 0.0 0.9838709677419354 0.9953917050691244 0.98963133640553 0.06 0.01 
1 11 0.02133050528737909 0.0106652526436895 0.1 0.1 0.980392156862745 0.980392156862745 0.980392156862745 459.0 0.82 
0 15 1.2770342594661392 0.63851712973307 -0.0 0.0 1.0 1.0 1.0 0.0 0.0 
1 75 0.09699169411326156 0.0765719468209323 -0.0 0.0 1.0 0.9972972972972972 0.998648648648649 0.07 0.01 
0 80 0.6867648001858452 0.343382400092923 -0.0 0.0 1.0 1.0 1.0 0.0 0.0 
1 8 -0.0 0.0 0.12 0.12 0.9568034557235422 0.9676025917926566 0.962203023758099 343.37 1.04 
0 270 0.5858113340839818 0.292905667041991 -0.06 0.01 1.0 0.9346590909090908 0.967329545454545 2.77 0.16 
1 4 0.5297061990576545 0.439269147450343 -0.1 0.03 1.0 1.0 1.0 0.32 0.45 
0 237 0.41011631828840894 0.724918544564163 0.11 0.41 1.0 0.5714285714285713 0.785714285714286 7.0 0.3 
1 4 0.09503011725564632 0.189490815924107 0.0 0.0 1.0 1.0 1.0 0.06 0.04 
0 505 0.4391877418106727 0.219593870905336 0.0 -0.0 1.0 1.0 1.0 0.0 0.0 
1 28 0.6822056867479602 0.602052179998817 0.05 0.2 0.9222462203023758 0.9546436285097192 0.938444924406048 472.98 0.93 
0 280 0.9556998911125344 1.11636707528934 0.05 0.68 1.0 1.0 1.0 10.5 0.22 
1 362 -0.0 0.0 -0.06 0.16 0.6774193548387096 0.7580645161290323 0.717741935483871 20.64 1.46 
0 127 0.08374922647357731 0.0965019133050073 -0.01 0.01 1.0 0.5721784776902888 0.786089238845144 6.18 0.1 
1 47 -0.0 0.0 -0.0 0.0 1.0 0.6153846153846154 0.807692307692308 0.0 0.0 
0 47 0.666278442414676 0.333139221207338 -0.04 0.02 1.0 0.9615384615384615 0.980769230769231 0.65 0.17 
1 4 0.6895519477750732 0.344775973887537 0.0 -0.0 1.0 1.0 1.0 0.0 0.0 
0 213 0.21168754464631545 0.105843772323158 -0.0 0.01 0.8870967741935483 0.9677419354838708 0.92741935483871 0.4 0.14 
1 148 0.8156295932307395 0.74694740234885 0.07 0.48 0.7484662576687117 0.8558282208588956 0.802147239263804 285.8 0.83 
0 22 0.35190974154003796 0.301987031963722 -0.04 0.07 0.5161987041036717 0.9049676025917927 0.710583153347732 62.64 0.25 
1 43 -0.0 0.0 0.0 0.0 1.0 1.0 1.0 0.0 0.0 
0 421 0.22339584570806661 0.121763592070423 -0.03 0.01 0.7321814254859611 0.9676025917926566 0.849892008639309 6.37 0.03 
1 10 -0.0 0.0 0.33 0.55 0.6774193548387096 0.6935483870967744 0.685483870967742 57.53 2.49 
0 8 0.35308722216451904 0.176543611082259 -0.0 0.0 1.0 0.8971428571428571 0.948571428571429 0.0 0.0 
1 34 0.6171448282578021 0.308572414128901 -0.01 0.0 1.0 0.9886363636363636 0.994318181818182 0.88 0.06 
0 148 0.3525425103487513 0.282115027497533 -0.08 0.02 1.0 0.8870967741935483 0.943548387096774 1.52 0.38 
1 94 0.09165764788996307 0.0699766348366203 -0.0 0.0 1.0 0.9818181818181818 0.990909090909091 0.1 0.01 
0 3 -0.0 0.0 0.31 0.55 0.7580645161290323 0.7580645161290323 0.758064516129032 62.0 2.49 
1 3 0.43686973210547814 0.270464027731018 0.04 0.05 1.0 0.940936863543788 0.970468431771894 144.91 0.55 
0 166 0.4459524223135379 0.399247466331145 0.02 0.35 1.0 0.919354838709677 0.959677419354839 62.0 1.65 
1 3 -0.0 0.0 0.0 0.0 1.0 1.0 1.0 0.0 0.0 
0 318 0.113231477318365 0.0566157386591825 -0.0 -0.0 1.0 0.9938775510204082 0.996938775510204 0.0 0.0 
1 13 0.05839899951927197 0.0572755995239375 -0.0 0.0 1.0 0.9972972972972972 0.998648648648649 0.03 0.0 
0 65 0.6791932659915256 0.339596632995763 0.03 0.22 0.8846153846153846 0.9230769230769232 0.903846153846154 16.9 0.47 
1 25 0.8720635602136072 0.444515665699525 -0.01 0.0 0.2385542168674699 0.9975903614457832 0.618072289156626 0.63 0.0 
0 64 0.5437298474071837 0.396320063379984 0.08 0.34 0.875 0.8835227272727273 0.879261363636364 386.11 1.67 
1 182 -0.0 0.0 -0.0 0.0 1.0 0.7580645161290323 0.879032258064516 0.0 0.0 
0 3 -0.0 0.0 0.0 0.0 1.0 0.99234693877551 0.996173469387755 0.0 0.0 
1 20 0.8156295932307395 0.487087993037894 -0.0 0.08 0.7484662576687117 0.9785276073619632 0.863496932515337 53.37 0.31 
0 321 0.25613114039546225 0.128065570197731 -0.0 0.02 0.6400911161731208 0.9863325740318906 0.813211845102506 47.85 0.02 
1 614 0.042617471413436414 0.0310799043211172 0.0 0.01 0.837708830548926 0.9928400954653938 0.91527446300716 10.42 0.09 
0 118 -0.0 0.0 -0.0 -0.0 1.0 0.9948586118251928 0.997429305912596 0.0 0.0 
1 4 0.01475818629482802 0.00737909314741401 0.01 0.01 1.0 0.9979466119096508 0.998973305954825 487.0 0.19 
0 32 0.13371483312373358 0.0668574165618668 -0.0 0.0 1.0 0.9966442953020132 0.998322147651007 0.03 0.0 
1 127 -0.0 0.0 0.11 0.46 0.5384615384615384 0.6153846153846154 0.576923076923077 18.96 1.68 
0 77 0.8605892830185917 0.438743538592163 0.01 0.04 0.97423887587822 0.9765807962529272 0.975409836065574 78.3 0.29 
1 61 0.0707680768797802 0.351225226630238 -0.0 0.0 1.0 0.997695852534562 0.998847926267281 3.17 0.0 
0 47 0.8465160453282295 0.423258022664115 0.0 0.01 0.9917864476386036 0.9979466119096508 0.994866529774127 121.85 0.0 
1 2 0.0251440699125892 0.0125720349562946 0.53 0.63 0.6761658031088082 0.6761658031088082 0.676165803108808 386.0 2.33 
0 578 0.580651755229746 0.369649818142503 -0.07 0.05 0.7908163265306124 0.9005102040816326 0.845663265306122 26.68 0.65 
1 9 0.05602246986522343 0.0448156896337921 0.0 0.0 1.0 1.0 1.0 0.02 0.0 
0 1 0.9027866888675216 0.538378037625136 0.34 0.65 0.724233983286908 0.7325905292479109 0.728412256267409 929.22 1.55 
1 49 -0.0 0.0 0.0 0.0 1.0 1.0 1.0 0.0 0.0 
0 165 0.3894087389731746 0.194704369486587 -0.0 0.0 1.0 0.9966442953020132 0.998322147651007 0.12 0.01 
1 42 0.017626642729371575 0.00881332136468579 0.18 0.25 0.9252336448598132 0.9275700934579442 0.926401869158878 413.58 1.81 
0 231 0.3615394778944647 0.180769738947232 -0.04 0.12 1.0 0.6774193548387096 0.838709677419355 13.95 1.14 
1 35 1.6284102630552857 1.62546092371276 -0.02 0.51 0.7700348432055749 0.9895470383275262 0.879790940766551 325.24 0.19 
0 116 0.022596852566469688 0.0847470668361168 -0.0 0.0 1.0 0.9932885906040269 0.996644295302013 0.11 0.01 
1 2 -0.0 0.0 0.47 0.64 0.33333333333333326 0.33333333333333326 0.333333333333333 30.0 0.94 
0 381 -0.0 0.0 -0.06 0.16 0.6774193548387096 0.7580645161290323 0.717741935483871 20.64 1.52 
1 179 1.7983316181241153 0.899165809062058 0.0 -0.0 1.0 0.9628099173553722 0.981404958677686 0.0 0.0 
0 270 0.40984977137281264 0.204924885686406 -0.0 0.0 0.6400911161731208 0.9977220956719816 0.818906605922551 1.78 0.03 
1 18 0.5235346720440665 0.340972621087929 0.32 0.39 0.8666666666666668 0.9 0.883333333333333 30.0 1.75 
0 102 0.13371483312373358 0.0668574165618668 -0.0 0.0 1.0 0.959731543624161 0.97986577181208 1.99 0.08 
1 8 0.022727473318271005 0.022727473318271 -0.0 0.0 1.0 1.0 1.0 0.0 0.0 
0 42 0.09125460025639655 0.377785341378351 -0.01 0.03 0.8724373576309796 0.938496583143508 0.905466970387244 40.25 0.12 
1 2 -0.0 0.0 0.39 0.62 0.6935483870967744 0.6935483870967744 0.693548387096774 62.0 2.6 
0 167 -0.0 0.0 -0.0 0.0 1.0 0.6774193548387096 0.838709677419355 0.0 0.0 
1 3 0.6601647680850746 0.591011175434611 0.13 0.3 0.8594470046082949 0.919354838709677 0.889400921658986 970.62 1.21 
0 238 0.40984977137281264 0.381697771415426 -0.08 0.04 0.6400911161731208 0.9498861047835992 0.79498861047836 33.58 0.16 
1 723 0.1725612331626618 0.0862806165813309 -0.07 0.05 0.4568421052631578 0.9578947368421052 0.707368421052632 33.9 0.06 
0 56 0.6171448282578021 0.308572414128901 -0.01 0.0 1.0 0.9829545454545452 0.991477272727273 1.33 0.09 
1 1 0.07093518297335139 0.0616054556610173 0.0 0.0 1.0 1.0 1.0 0.03 0.0 
0 30 0.41011631828840894 0.205058159144204 0.0 0.0 1.0 1.0 1.0 0.0 0.0 
1 12 -0.0 0.0 0.3 0.36 0.8846153846153846 0.8846153846153846 0.884615384615385 26.0 2.14 
0 175 0.7065442778104265 0.404326125629838 -0.0 0.0 1.0 1.0 1.0 3.97 0.01 
1 7 0.01652368182171168 0.00826184091085584 0.08 0.08 0.9838709677419354 0.9838709677419354 0.983870967741935 434.0 0.72 
0 762 0.9275196767172602 0.46375983835863 -0.11 0.2 0.2333333333333333 0.9333333333333332 0.583333333333333 10.27 0.1 
1 265 0.3742549310896416 0.187127465544821 -0.03 0.02 0.7660668380462725 0.9974293059125964 0.881748071979434 15.62 0.69 
0 195 -0.0 0.0 -0.0 -0.0 1.0 0.9979591836734693 0.998979591836735 0.0 0.0 
1 122 0.04915006684960595 0.024575033424803 0.0 0.01 0.868995633187773 0.9956331877729256 0.932314410480349 13.32 0.14 
0 669 0.15642858719077946 0.149215409377922 -0.06 0.04 0.7730496453900709 0.9113475177304966 0.842198581560284 48.17 0.37 
1 31 -0.0 0.0 0.0 0.0 1.0 1.0 1.0 0.0 0.0 
0 144 0.16764562403823993 0.14149938343951 -0.01 0.0 1.0 0.8920187793427231 0.946009389671361 1.11 0.05 
1 1 -0.0 0.0 0.19 0.69 0.5555555555555555 0.5555555555555555 0.555555555555556 9.0 1.98 
0 7 0.6688445335327875 0.45587974421166 -0.01 0.04 1.0 0.8871331828442438 0.943566591422122 24.68 0.51 
1 2 0.666278442414676 0.666278442414676 0.25 0.67 1.0 1.0 1.0 26.0 0.9 
0 34 0.015617095429556123 0.015573210125991 0.07 0.09 0.96 0.9663157894736842 0.963157894736842 282.74 0.97 
1 2 0.06894930739780505 0.15777508018186 0.26 0.3 0.9182389937106918 0.9266247379454928 0.922431865828092 1350.0 2.0 
0 31 0.21168754464631545 0.105843772323158 0.13 0.23 0.6935483870967744 0.8870967741935483 0.790322580645161 26.98 1.71 
1 29 0.02253214392080778 0.0197499575531257 -0.0 0.01 0.7156626506024096 0.9975903614457832 0.856626506024096 5.06 0.1 
0 110 1.60806707347725 0.804033536738625 -0.0 0.02 0.9863325740318906 0.9931662870159452 0.989749430523918 17.15 0.06 
1 4 0.8127245415610106 0.428086422879458 0.41 0.59 0.3391521197007481 0.3640897755610973 0.351620947630923 772.17 0.33 
0 8 -0.0 0.0 0.33 0.55 0.6774193548387096 0.6935483870967744 0.685483870967742 57.53 2.39 
1 14 -0.0 0.0 0.33 0.55 0.6774193548387096 0.6935483870967744 0.685483870967742 57.53 2.59 
0 32 0.4895100028856609 0.24475500144283 -0.01 0.01 0.9413265306122448 0.997448979591837 0.969387755102041 3.09 0.16 
1 5 -0.0 0.0 0.3 0.5 0.8008658008658008 0.8008658008658008 0.800865800865801 462.0 2.56 
0 66 0.3724807184521906 0.186240359226095 -0.02 0.27 0.6774193548387096 0.919354838709677 0.798387096774194 31.25 1.84 
1 2 0.6846162778013049 0.342308138900652 0.15 0.36 0.8846153846153846 0.8846153846153846 0.884615384615385 26.0 0.82 
0 365 0.9428478132784428 0.615100924733989 0.02 0.09 0.9489795918367347 0.9795918367346939 0.964285714285714 268.95 0.01 
1 4 0.7865364435085352 0.393268221754268 0.09 0.12 0.9728506787330315 0.9728506787330315 0.972850678733032 442.0 0.36 
0 479 -0.0 0.0 -0.0 0.0 1.0 0.625 0.8125 0.0 0.0 
1 5 -0.0 0.0 0.06 0.41 0.8571428571428571 0.8571428571428571 0.857142857142857 7.0 2.49 
0 320 -0.0 0.0 -0.0 -0.0 1.0 0.9922879177377892 0.996143958868895 0.0 0.0 
1 5 0.020830638321723566 0.0104153191608618 0.04 0.04 0.9850746268656718 0.9914712153518124 0.988272921108742 266.27 0.43 
0 171 0.08962131424171335 0.0641564524649396 0.01 0.01 1.0 0.7206823027718549 0.860341151385927 141.9 0.01 
1 4 -0.0 0.0 0.31 0.55 0.7580645161290323 0.7580645161290323 0.758064516129032 62.0 2.49 
0 6 0.2838021328932547 0.233205942733314 0.0 0.0 1.0 0.9891891891891892 0.994594594594595 0.71 0.06 
1 270 0.08807751896196665 0.451853556096353 -0.01 0.04 0.7484662576687117 0.9846625766871167 0.866564417177914 30.7 0.2 
0 21 0.06480483800330761 0.0324024190016538 -0.0 -0.0 1.0 0.9938016528925618 0.996900826446281 0.0 0.0 
1 218 0.20297324940653716 0.101486624703269 0.0 -0.0 1.0 1.0 1.0 0.0 0.0 
0 44 -0.0 0.0 0.22 0.34 0.2333333333333333 0.33333333333333326 0.283333333333333 18.26 0.46 
1 1 -0.0 0.0 0.37 0.44 0.16 0.16 0.16 25.0 0.2 
0 206 0.08256493803586597 0.041282469017933 0.0 0.01 1.0 0.6935483870967744 0.846774193548387 0.45 0.12 
1 5 -0.0 0.0 0.07 0.08 0.9854771784232365 0.9854771784232365 0.985477178423237 482.0 0.65 
0 833 0.16403524764720048 0.737968880675453 -0.01 0.03 0.40408163265306124 0.9959183673469388 0.7 38.27 0.03 
1 3 0.0740225961475812 0.128824279468757 0.41 0.69 0.5590551181102362 0.5748031496062993 0.566929133858268 381.05 2.38 
0 316 0.24660085296591405 0.198438026441231 0.0 0.06 1.0 0.9266247379454928 0.963312368972746 200.35 0.47 
1 3 0.10434878616952079 0.0521743930847604 0.01 0.01 0.9979591836734693 0.9979591836734693 0.997959183673469 490.0 0.11 
0 181 0.3805338924281298 0.199215908802427 -0.0 0.0 1.0 0.9922879177377892 0.996143958868895 0.15 0.02 
1 7 0.09908391604753189 0.0495419580237659 0.04 0.04 0.9850746268656718 0.9914712153518124 0.988272921108742 266.27 0.37 
0 232 0.3525425103487513 0.176271255174376 -0.08 0.14 1.0 0.6774193548387096 0.838709677419355 16.57 1.2 
1 65 -0.0 0.0 -0.0 -0.0 1.0 0.9958677685950412 0.997933884297521 0.0 0.0 
0 181 0.40018086939993297 0.209562658575836 -0.0 0.01 1.0 0.9285714285714286 0.964285714285714 3.66 0.19 
1 5 0.04131357294242817 0.0206567864712141 0.29 0.33 0.886153846153846 0.8892307692307693 0.887692307692308 315.12 2.04 
0 172 -0.0 0.0 -0.0 0.0 0.981859410430839 0.9977324263038548 0.989795918367347 0.02 0.0 
1 1 -0.0 0.0 0.39 0.62 0.6935483870967744 0.6935483870967744 0.693548387096774 62.0 2.6 
0 159 0.34883209584303193 0.834860219496177 -0.09 0.35 1.0 0.8888888888888888 0.944444444444444 9.0 0.38 
1 8 0.016424701198958662 0.00821235059947933 0.12 0.12 0.9728506787330315 0.9728506787330315 0.972850678733032 442.0 1.0 
0 324 -0.0 0.0 -0.0 0.0 1.0 0.28571428571428564 0.642857142857143 0.0 0.0 
1 9 0.09503011725564632 0.0475150586278232 0.0 -0.0 1.0 1.0 1.0 0.0 0.0 
0 68 0.01475818629482802 0.00737909314741401 0.0 0.0 1.0 1.0 1.0 0.0 0.0 
1 6 -0.0 0.0 -0.0 -0.0 1.0 1.0 1.0 0.0 0.0 
0 2 0.09908391604753189 0.0599572771846277 0.09 0.09 0.9850746268656718 0.9850746268656718 0.985074626865672 590.01 0.7 
1 2 0.09699169411326156 0.0746337112309724 -0.0 0.0 1.0 1.0 1.0 0.05 0.01 
0 50 0.23311669835712875 0.229855842737293 -0.13 0.05 0.7720090293453724 0.8871331828442438 0.829571106094808 109.8 0.12 
1 3 -0.0 0.0 0.0 0.0 1.0 1.0 1.0 0.0 0.0 
0 191 0.06586093594147825 0.0329304679707391 0.0 -0.0 1.0 0.9624413145539906 0.981220657276995 0.0 0.0 
1 14 0.5235346720440665 0.340972621087929 0.32 0.39 0.8666666666666668 0.9 0.883333333333333 30.0 1.75 
0 386 0.25230867170216453 0.126154335851082 0.0 -0.0 1.0 1.0 1.0 0.0 0.0 
1 226 0.6171448282578021 0.580437337832493 0.03 0.32 1.0 0.8835227272727273 0.941761363636364 378.52 1.7 
0 463 0.3708082825784814 0.185404141289241 0.0 -0.0 1.0 1.0 1.0 0.0 0.0 
1 316 -0.0 0.0 0.0 0.0 1.0 0.982142857142857 0.991071428571429 0.0 0.0 
0 28 0.34883209584303193 0.348832095843032 0.22 0.35 1.0 1.0 1.0 9.0 2.22 
1 14 0.08958725315521794 0.0709314907519506 0.0 0.0 1.0 1.0 1.0 0.04 0.01 
0 211 0.016326979454093383 0.771332140428101 -0.01 0.02 0.8610478359908883 0.9863325740318906 0.92369020501139 15.19 0.15 
1 3 -0.0 0.0 -0.0 -0.0 1.0 1.0 1.0 0.0 0.0 
0 595 0.09494031130388621 0.0474701556519431 0.0 -0.0 1.0 0.556923076923077 0.778461538461539 0.0 0.0 
1 8 0.0947607483566568 0.232756230915289 0.02 0.03 0.9678111587982832 0.9806866952789698 0.974248927038627 84.69 0.27 
0 245 -0.0 0.0 -0.02 0.04 0.625 0.9583333333333331 0.791666666666667 1.74 0.51 
1 22 -0.0 0.0 0.31 0.55 0.7580645161290323 0.7580645161290323 0.758064516129032 62.0 2.49 
0 64 0.4459524223135379 0.222976211156769 -0.0 0.0 1.0 0.919354838709677 0.959677419354839 0.0 0.0 
1 4 0.7865364435085352 0.401480572353747 0.08 0.13 0.9728506787330315 0.9728506787330315 0.972850678733032 442.51 0.33 
0 27 0.035043395966475925 0.123927205647112 -0.01 0.0 1.0 0.9886363636363636 0.994318181818182 0.13 0.02 
1 4 -0.0 0.0 0.0 0.0 1.0 1.0 1.0 0.0 0.0 
0 637 0.022083380117043378 0.0110416900585217 0.0 -0.0 1.0 0.981859410430839 0.99092970521542 0.0 0.0 
1 3 -0.0 0.0 -0.0 -0.0 1.0 1.0 1.0 0.0 0.0 
0 170 0.8645984701429459 0.474533239686344 -0.01 0.01 1.0 0.9872068230277184 0.993603411513859 5.71 0.0 
1 232 0.08627855491407438 0.0975485355458968 0.0 0.02 0.7084337349397591 0.9927710843373492 0.850602409638554 81.26 0.09 
0 276 0.42803573449734306 0.214017867248672 -0.0 -0.0 1.0 1.0 1.0 0.0 0.0 
1 68 0.3269547847215813 0.163477392360791 -0.01 0.01 0.9481865284974093 0.9870466321243522 0.967616580310881 3.79 0.05 
0 207 0.08036852866682491 0.0401842643334124 -0.0 0.0 0.9976580796252928 0.9976580796252928 0.997658079625293 0.02 0.0 
1 16 -0.0 0.0 0.33 0.55 0.6774193548387096 0.6935483870967744 0.685483870967742 57.53 2.39 
0 90 -0.0 0.0 -0.0 -0.0 1.0 1.0 1.0 0.0 0.0 
1 24 0.16245281571443987 0.14550577947865 -0.01 0.02 0.916083916083916 0.9976689976689976 0.956876456876457 46.4 0.05 
0 300 0.5982695885852573 0.801256030819667 -0.14 0.33 1.0 1.0 1.0 3.73 0.2 
1 6 0.08958725315521794 0.073993126337245 0.0 0.0 1.0 1.0 1.0 0.04 0.01 
0 6 0.048964887966297055 0.0473640861636182 0.09 0.11 0.981859410430839 0.981859410430839 0.981859410430839 882.01 0.76 
1 3 -0.0 0.0 0.0 0.0 1.0 1.0 1.0 0.0 0.0 
0 128 -0.0 0.0 0.01 0.4 0.625 0.7083333333333334 0.666666666666667 16.47 2.22 
1 24 0.030372534777978206 0.0658985378330168 -0.0 0.0 0.972457627118644 0.9978813559322034 0.985169491525424 0.13 0.01 
0 157 1.3499995117282224 0.674999755864111 0.0 0.0 0.8352272727272727 0.9971590909090908 0.916193181818182 4.43 0.02 
1 33 0.030372534777978206 0.0228364363705995 -0.0 0.0 0.9894067796610168 0.9978813559322034 0.99364406779661 0.04 0.0 
0 80 0.7244657079537894 0.702703408622831 -0.08 0.28 0.3264462809917356 0.9938016528925618 0.660123966942149 221.93 0.21 
1 3 -0.0 0.0 0.0 0.0 1.0 1.0 1.0 0.0 0.0 
0 96 0.01789792517672371 0.00894896258836186 -0.0 -0.0 1.0 1.0 1.0 0.0 0.0 
1 5 0.052275728348683194 0.0522757283486832 -0.0 0.0 1.0 1.0 1.0 0.02 0.0 
0 340 -0.0 0.0 -0.0 0.0 1.0 0.7083333333333334 0.854166666666667 0.0 0.0 
1 240 0.8547011249697178 0.427350562484859 -0.02 0.0 0.9795918367346939 0.982142857142857 0.980867346938775 1.6 0.02 
0 284 0.3512766153414176 0.183191210336091 -0.01 0.01 0.8045267489711933 0.9753086419753086 0.889917695473251 5.39 0.14 
1 1 0.4811067080592432 0.300596867788392 0.04 0.05 0.9954853273137698 0.9954853273137698 0.99548532731377 895.47 0.16 
0 496 0.7453785846192588 0.399894475719902 -0.03 0.01 0.7270788912579956 0.9893390191897654 0.858208955223881 7.16 0.01 
