1 34 0.6171448282578021 0.308572414128901 -0.01 0.0 1.0 0.9886363636363636 0.994318181818182 0.88 0.06 
0 109 0.6878717657035625 0.343935882851781 0.0 -0.0 1.0 0.997867803837953 0.998933901918976 0.0 0.0 
1 4 0.7865364435085352 0.401480572353747 0.08 0.13 0.9728506787330315 0.9728506787330315 0.972850678733032 442.51 0.33 
0 150 0.666278442414676 0.333139221207338 -0.1 0.06 1.0 0.8846153846153846 0.942307692307692 2.12 0.3 
1 1 -0.0 0.0 0.37 0.44 0.16 0.16 0.16 25.0 0.2 
0 13 0.03735565091890093 0.0805527220566673 -0.0 0.0 1.0 1.0 1.0 0.04 0.01 
1 5 0.04131357294242817 0.0206567864712141 0.29 0.33 0.886153846153846 0.8892307692307693 0.887692307692308 315.12 2.04 
0 274 0.3724807184521906 0.186240359226095 -0.07 0.25 0.8064516129032256 0.919354838709677 0.862903225806452 36.25 1.75 
1 49 -0.0 0.0 0.0 0.0 1.0 1.0 1.0 0.0 0.0 
0 156 0.9242647281309502 0.472122637927656 -0.03 0.01 0.8607954545454547 0.971590909090909 0.916193181818182 7.35 0.04 
1 19 0.08958725315521794 0.0728697263419105 -0.0 0.0 1.0 0.9972972972972972 0.998648648648649 0.06 0.01 
0 140 0.6365141682948128 0.857753188086198 -0.11 0.48 1.0 0.4285714285714285 0.714285714285714 6.12 0.27 
1 1 0.4811067080592432 0.300596867788392 0.04 0.05 0.9954853273137698 0.9954853273137698 0.99548532731377 895.47 0.16 
0 10 0.4459524223135379 0.29897886657487 0.15 0.34 0.919354838709677 0.919354838709677 0.919354838709677 102.36 1.76 
1 14 -0.0 0.0 0.33 0.55 0.6774193548387096 0.6935483870967744 0.685483870967742 57.53 2.59 
0 48 0.06894930739780505 0.680676580106525 0.01 0.06 0.4528301886792453 0.9182389937106918 0.685534591194969 39.06 0.16 
1 154 0.7244657079537894 0.362232853976895 0.0 -0.0 1.0 0.3264462809917356 0.663223140495868 0.0 0.0 
0 446 0.10210797344924928 0.0510539867246246 -0.0 0.0 1.0 0.3136842105263158 0.656842105263158 1.65 0.05 
1 14 0.5235346720440665 0.340972621087929 0.32 0.39 0.8666666666666668 0.9 0.883333333333333 30.0 1.75 
0 190 0.5623351446188082 0.281167572309404 -0.02 0.08 1.0 0.75 0.875 0.89 0.76 
1 65 -0.0 0.0 -0.0 -0.0 1.0 0.9958677685950412 0.997933884297521 0.0 0.0 
0 3 0.05602246986522343 0.0466890603920622 -0.0 0.0 1.0 1.0 1.0 0.02 0.0 
1 4 -0.0 0.0 0.0 0.0 1.0 1.0 1.0 0.0 0.0 
0 49 -0.0 0.0 -0.12 0.01 0.5384615384615384 0.8846153846153846 0.711538461538461 0.57 0.29 
1 179 1.7983316181241153 0.899165809062058 0.0 -0.0 1.0 0.9628099173553722 0.981404958677686 0.0 0.0 
0 17 0.5456891633476865 0.459084940899939 0.04 0.47 0.8870967741935483 0.919354838709677 0.903225806451613 87.27 2.16 
1 1 0.9277980308365658 1.27664305854078 0.26 0.8 0.7871396895787139 0.7871396895787139 0.787139689578714 1253.58 1.13 
0 39 0.021722254678851236 0.0108611273394256 -0.0 -0.0 1.0 0.9402985074626864 0.970149253731343 0.0 0.0 
1 2 -0.0 0.0 0.39 0.62 0.6935483870967744 0.6935483870967744 0.693548387096774 62.0 2.6 
0 93 0.4459524223135379 0.222976211156769 -0.0 0.0 1.0 0.919354838709677 0.959677419354839 0.0 0.0 
1 6 -0.0 0.0 -0.0 -0.0 1.0 0.9936034115138594 0.99680170575693 0.0 0.0 
0 179 -0.0 0.0 -0.0 0.0 0.919354838709677 0.9838709677419354 0.951612903225806 0.09 0.05 
1 94 0.09165764788996307 0.0699766348366203 -0.0 0.0 1.0 0.9818181818181818 0.990909090909091 0.1 0.01 
0 95 -0.0 0.0 0.0 0.02 0.7580645161290323 0.9838709677419354 0.870967741935484 3.18 0.31 
1 10 -0.0 0.0 0.33 0.55 0.6774193548387096 0.6935483870967744 0.685483870967742 57.53 2.49 
0 963 -0.0 0.0 0.0 -0.0 1.0 0.5555555555555555 0.777777777777778 0.0 0.0 
1 3 0.43686973210547814 0.270464027731018 0.04 0.05 1.0 0.940936863543788 0.970468431771894 144.91 0.55 
0 137 1.4453866235313197 0.72269331176566 0.0 -0.0 1.0 0.9976525821596244 0.998826291079812 0.0 0.0 
1 5 0.052275728348683194 0.0522757283486832 -0.0 0.0 1.0 1.0 1.0 0.02 0.0 
0 162 0.0324357255404604 0.0251668253585921 -0.0 0.0 1.0 0.9922879177377892 0.996143958868895 0.01 0.0 
1 4 0.09503011725564632 0.189490815924107 0.0 0.0 1.0 1.0 1.0 0.06 0.04 
0 33 0.0736270203725944 0.0465373774482287 -0.11 0.01 0.4384449244060475 0.7624190064794816 0.600431965442765 6.96 0.22 
1 12 -0.0 0.0 0.3 0.36 0.8846153846153846 0.8846153846153846 0.884615384615385 26.0 2.14 
0 138 0.666278442414676 0.333139221207338 0.11 0.46 1.0 0.5384615384615384 0.769230769230769 18.96 1.2 
1 61 0.0707680768797802 0.351225226630238 -0.0 0.0 1.0 0.997695852534562 0.998847926267281 3.17 0.0 
0 284 0.767183707147163 0.393582127435762 -0.02 0.02 0.909090909090909 0.971590909090909 0.940340909090909 23.91 0.07 
1 25 0.8720635602136072 0.444515665699525 -0.01 0.0 0.2385542168674699 0.9975903614457832 0.618072289156626 0.63 0.0 
0 4 0.24605944064634394 0.132159791780441 -0.0 0.0 1.0 0.9973753280839898 0.998687664041995 0.12 0.01 
1 270 0.08807751896196665 0.451853556096353 -0.01 0.04 0.7484662576687117 0.9846625766871167 0.866564417177914 30.7 0.2 
0 32 -0.0 0.0 0.0 0.0 1.0 0.9979466119096508 0.998973305954825 0.0 0.0 
1 31 -0.0 0.0 0.0 0.0 1.0 1.0 1.0 0.0 0.0 
0 327 -0.0 0.0 -0.0 0.0 1.0 0.625 0.8125 0.0 0.0 
1 345 -0.0 0.0 -0.06 0.16 0.6774193548387096 0.7580645161290323 0.717741935483871 20.64 1.46 
0 290 0.6730116670092564 0.635640627797257 0.31 0.6 1.0 0.7142857142857143 0.857142857142857 7.0 0.9 
1 9 0.09503011725564632 0.0475150586278232 0.0 -0.0 1.0 1.0 1.0 0.0 0.0 
0 72 0.6171448282578021 0.308572414128901 -0.01 0.0 1.0 0.9829545454545452 0.991477272727273 1.33 0.09 
1 2 0.06894930739780505 0.15777508018186 0.26 0.3 0.9182389937106918 0.9266247379454928 0.922431865828092 1350.0 2.0 
0 3 -0.0 0.0 -0.0 -0.0 1.0 1.0 1.0 0.0 0.0 
1 20 0.8156295932307395 0.487087993037894 -0.0 0.08 0.7484662576687117 0.9785276073619632 0.863496932515337 53.37 0.31 
0 55 0.7086824798712817 0.367627881091951 -0.01 0.0 0.9918367346938776 0.9979591836734693 0.994897959183674 2.14 0.03 
1 362 -0.0 0.0 -0.06 0.16 0.6774193548387096 0.7580645161290323 0.717741935483871 20.64 1.46 
0 142 -0.0 0.0 -0.02 0.04 0.625 0.9583333333333331 0.791666666666667 1.74 0.52 
1 218 0.20297324940653716 0.101486624703269 0.0 -0.0 1.0 1.0 1.0 0.0 0.0 
0 7 0.4514062119967289 0.225703105998364 0.02 0.03 0.9922879177377892 0.9948586118251928 0.993573264781491 258.66 0.15 
1 336 -0.0 0.0 -0.1 0.14 0.6774193548387096 0.8064516129032256 0.741935483870968 17.76 1.34 
0 442 0.9423399854873624 0.824442131648895 0.05 0.64 1.0 0.9663157894736842 0.983157894736842 455.34 0.03 
1 5 -0.0 0.0 0.07 0.08 0.9854771784232365 0.9854771784232365 0.985477178423237 482.0 0.65 
0 45 0.6585232018543589 0.925525995339679 -0.02 0.39 0.9935205183585314 0.9935205183585314 0.993520518358531 1056.17 1.12 
1 1 -0.0 0.0 0.19 0.69 0.5555555555555555 0.5555555555555555 0.555555555555556 9.0 1.98 
0 143 0.4959171118080685 0.247958555904034 0.0 -0.0 1.0 0.9922879177377892 0.996143958868895 0.0 0.0 
1 9 0.05602246986522343 0.0541490991069533 0.0 0.0 1.0 1.0 1.0 0.02 0.0 
0 315 0.40018086939993297 0.216450777753406 0.0 0.02 1.0 0.9744897959183672 0.987244897959184 23.27 0.28 
1 2 0.666278442414676 0.666278442414676 0.25 0.67 1.0 1.0 1.0 26.0 0.9 
0 3 -0.0 0.0 0.39 0.62 0.6935483870967744 0.6935483870967744 0.693548387096774 62.0 2.6 
1 5 0.020830638321723566 0.0104153191608618 0.04 0.04 0.9850746268656718 0.9914712153518124 0.988272921108742 266.27 0.43 
0 215 0.21168754464631545 0.105843772323158 -0.0 0.01 0.8870967741935483 0.9677419354838708 0.92741935483871 0.4 0.14 
1 3 -0.0 0.0 -0.0 -0.0 1.0 1.0 1.0 0.0 0.0 
0 22 0.5543870569631909 0.300165181340744 -0.02 0.03 0.945823927765237 0.9729119638826184 0.959367945823928 68.3 0.28 
1 7 0.01652368182171168 0.00826184091085584 0.08 0.08 0.9838709677419354 0.9838709677419354 0.983870967741935 434.0 0.72 
0 57 0.4337626359979511 0.397578608771713 0.17 0.31 0.9488636363636364 0.9602272727272728 0.954545454545455 720.39 1.79 
1 240 0.8547011249697178 0.427350562484859 -0.02 0.0 0.9795918367346939 0.982142857142857 0.980867346938775 1.6 0.02 
0 363 0.7065442778104265 0.361036801316426 -0.07 0.03 1.0 0.9663157894736842 0.983157894736842 18.47 0.03 
1 7 0.09908391604753189 0.0495419580237659 0.04 0.04 0.9850746268656718 0.9914712153518124 0.988272921108742 266.27 0.37 
0 15 0.3894087389731746 0.194704369486587 0.0 -0.0 1.0 1.0 1.0 0.0 0.0 
1 29 0.02253214392080778 0.0197499575531257 -0.0 0.01 0.7156626506024096 0.9975903614457832 0.856626506024096 5.06 0.1 
0 226 -0.0 0.0 0.0 -0.0 1.0 0.959731543624161 0.97986577181208 0.0 0.0 
1 42 0.017626642729371575 0.00881332136468579 0.18 0.25 0.9252336448598132 0.9275700934579442 0.926401869158878 413.58 1.81 
0 100 0.3724807184521906 0.186240359226095 -0.0 0.0 1.0 0.919354838709677 0.959677419354839 0.0 0.0 
1 4 0.01475818629482802 0.00737909314741401 0.01 0.01 1.0 0.9979466119096508 0.998973305954825 487.0 0.19 
0 605 -0.0 0.0 -0.0 0.0 0.984126984126984 0.9977324263038548 0.990929705215419 0.02 0.0 
1 2 0.09699169411326156 0.0746337112309724 -0.0 0.0 1.0 1.0 1.0 0.05 0.01 
0 132 0.016326979454093383 0.812197026465672 -0.0 0.02 0.9863325740318906 0.9931662870159452 0.989749430523918 28.69 0.07 
1 68 0.3269547847215813 0.163477392360791 -0.01 0.01 0.9481865284974093 0.9870466321243522 0.967616580310881 3.79 0.05 
0 140 0.15377968767542066 0.0768898438377103 -0.0 -0.0 1.0 1.0 1.0 0.0 0.0 
1 8 0.022727473318271005 0.022727473318271 -0.0 0.0 1.0 1.0 1.0 0.0 0.0 
0 9 0.7569669131450216 0.578819283271747 0.12 0.31 1.0 0.9914772727272728 0.995738636363636 1146.26 1.7 
1 1 0.07093518297335139 0.0616054556610173 0.0 0.0 1.0 1.0 1.0 0.03 0.0 
0 60 0.04331307121396799 0.107937152188315 0.07 0.1 0.9578947368421052 0.9726315789473684 0.965263157894737 304.21 0.81 
1 23 0.056152199528602974 0.0560873346969132 -0.0 0.0 1.0 0.9972972972972972 0.998648648648649 0.03 0.0 
0 0 -0.0 0.0 -0.02 0.0 0.9573863636363636 0.9573863636363636 0.957386363636364 0.0 1.37 
1 4 0.6895519477750732 0.344775973887537 0.0 -0.0 1.0 1.0 1.0 0.0 0.0 
0 701 -0.0 0.0 -0.0 -0.0 1.0 1.0 1.0 0.0 0.0 
1 127 -0.0 0.0 0.11 0.46 0.5384615384615384 0.6153846153846154 0.576923076923077 18.96 1.68 
0 209 -0.0 0.0 -0.0 0.0 1.0 0.7580645161290323 0.879032258064516 0.0 0.0 
1 3 -0.0 0.0 0.0 0.0 1.0 1.0 1.0 0.0 0.0 
0 378 0.4319626568589969 0.215981328429498 -0.07 0.03 0.5628997867803837 0.9914712153518124 0.777185501066098 21.83 0.42 
1 2 0.0251440699125892 0.0125720349562946 0.53 0.63 0.6761658031088082 0.6761658031088082 0.676165803108808 386.0 2.33 
0 503 -0.0 0.0 -0.0 -0.0 1.0 0.9886621315192744 0.994331065759637 0.0 0.0 
1 16 -0.0 0.0 0.33 0.55 0.6774193548387096 0.6935483870967744 0.685483870967742 57.53 2.39 
0 22 0.10873506259415222 0.0543675312970761 0.08 0.1 0.9729119638826184 0.9729119638826184 0.972911963882618 370.36 0.84 
1 723 0.1725612331626618 0.0862806165813309 -0.07 0.05 0.4568421052631578 0.9578947368421052 0.707368421052632 33.9 0.06 
0 522 0.580651755229746 0.299688262987215 -0.03 0.01 0.9005102040816326 0.9413265306122448 0.920918367346939 5.37 0.22 
1 8 0.016424701198958662 0.00821235059947933 0.12 0.12 0.9728506787330315 0.9728506787330315 0.972850678733032 442.0 1.0 
0 14 -0.0 0.0 0.14 0.16 0.919354838709677 0.919354838709677 0.919354838709677 37.96 1.52 
1 148 0.8156295932307395 0.74694740234885 0.07 0.48 0.7484662576687117 0.8558282208588956 0.802147239263804 285.8 0.83 
0 297 0.5982695885852573 0.299134794292629 0.18 0.6 1.0 0.28571428571428564 0.642857142857143 7.0 1.73 
1 4 0.7865364435085352 0.393268221754268 0.09 0.12 0.9728506787330315 0.9728506787330315 0.972850678733032 442.0 0.36 
0 147 -0.0 0.0 0.0 0.0 1.0 1.0 1.0 0.0 0.0 
1 18 0.5235346720440665 0.340972621087929 0.32 0.39 0.8666666666666668 0.9 0.883333333333333 30.0 1.75 
0 65 0.6791932659915256 0.339596632995763 0.03 0.11 0.9230769230769232 0.9615384615384615 0.942307692307692 12.48 0.43 
1 3 0.0740225961475812 0.128824279468757 0.41 0.69 0.5590551181102362 0.5748031496062993 0.566929133858268 381.05 2.38 
0 17 0.9556998911125344 0.819303997906503 0.06 0.68 1.0 1.0 1.0 7.0 0.9 
1 86 0.022727473318271005 0.0113637366591355 -0.0 -0.0 1.0 1.0 1.0 0.0 0.0 
0 64 0.6688445335327875 0.357393919625543 -0.02 0.01 1.0 0.9729119638826184 0.986455981941309 4.01 0.17 
1 4 0.8127245415610106 0.428086422879458 0.41 0.59 0.3391521197007481 0.3640897755610973 0.351620947630923 772.17 0.33 
0 482 0.09494031130388621 0.683720710835843 0.06 0.18 1.0 0.556923076923077 0.778461538461539 106.65 1.13 
1 1 -0.0 0.0 0.39 0.62 0.6935483870967744 0.6935483870967744 0.693548387096774 62.0 2.6 
0 13 0.1520053108362029 0.149075028422383 0.17 0.23 0.919354838709677 0.9677419354838708 0.943548387096774 85.52 1.5 
1 3 -0.0 0.0 0.0 0.0 1.0 1.0 1.0 0.0 0.0 
0 713 0.9423399854873624 0.471169992743681 0.0 0.29 0.3136842105263158 0.9663157894736842 0.64 218.99 0.13 
1 22 -0.0 0.0 0.31 0.55 0.7580645161290323 0.7580645161290323 0.758064516129032 62.0 2.49 
0 696 0.3269974743901718 0.163498737195086 -0.03 0.0 0.9342403628117912 0.981859410430839 0.958049886621315 1.21 0.07 
1 14 0.08958725315521794 0.0709314907519506 0.0 0.0 1.0 1.0 1.0 0.04 0.01 
0 46 0.42803573449734306 0.214017867248672 -0.0 -0.0 1.0 1.0 1.0 0.0 0.0 
1 24 0.030372534777978206 0.0658985378330168 -0.0 0.0 0.972457627118644 0.9978813559322034 0.985169491525424 0.13 0.01 
0 3 0.09503011725564632 0.0475150586278232 0.0 -0.0 1.0 1.0 1.0 0.0 0.0 
1 3 0.10434878616952079 0.0521743930847604 0.01 0.01 0.9979591836734693 0.9979591836734693 0.997959183673469 490.0 0.11 
0 61 0.36829683274766406 0.184148416373832 -0.03 0.25 0.6774193548387096 0.9354838709677415 0.806451612903226 28.08 1.73 
1 24 0.16245281571443987 0.14550577947865 -0.01 0.02 0.916083916083916 0.9976689976689976 0.956876456876457 46.4 0.05 
0 273 -0.0 0.0 -0.0 0.0 0.6400911161731208 0.9977220956719816 0.818906605922551 1.78 0.04 
1 47 -0.0 0.0 -0.0 0.0 1.0 0.6153846153846154 0.807692307692308 0.0 0.0 
0 274 -0.0 0.0 0.0 0.0 1.0 0.9888641425389754 0.994432071269488 0.0 0.0 
1 35 1.6284102630552857 1.62546092371276 -0.02 0.51 0.7700348432055749 0.9895470383275262 0.879790940766551 325.24 0.19 
0 253 -0.0 0.0 -0.01 0.01 0.6935483870967744 0.9677419354838708 0.830645161290323 0.91 0.21 
1 3 0.6601647680850746 0.591011175434611 0.13 0.3 0.8594470046082949 0.919354838709677 0.889400921658986 970.62 1.21 
0 265 0.9556998911125344 0.477849945556267 -0.0 0.0 1.0 1.0 1.0 0.0 0.0 
1 75 0.09699169411326156 0.0765719468209323 -0.0 0.0 1.0 0.9972972972972972 0.998648648648649 0.07 0.01 
0 226 0.6809411092918735 0.630235115676684 0.02 0.27 0.4359504132231405 0.9938016528925618 0.714876033057851 240.28 0.29 
1 3 -0.0 0.0 0.0 0.0 1.0 1.0 1.0 0.0 0.0 
0 97 -0.0 0.0 -0.0 -0.0 1.0 1.0 1.0 0.0 0.0 
1 122 0.04915006684960595 0.024575033424803 0.0 0.01 0.868995633187773 0.9956331877729256 0.932314410480349 13.32 0.14 
0 76 0.09650896073594732 0.0482544803679737 0.0 -0.0 1.0 0.9807692307692306 0.990384615384615 0.0 0.0 
1 226 0.6171448282578021 0.580437337832493 0.03 0.32 1.0 0.8835227272727273 0.941761363636364 378.52 1.7 
0 290 -0.0 0.0 -0.04 0.03 0.7580645161290323 0.919354838709677 0.838709677419355 3.8 0.54 
1 4 0.5297061990576545 0.439269147450343 -0.1 0.03 1.0 1.0 1.0 0.32 0.45 
0 66 0.6829081047004717 0.640588846642864 -0.03 0.2 1.0 1.0 1.0 2.1 0.52 
1 5 -0.0 0.0 0.06 0.41 0.8571428571428571 0.8571428571428571 0.857142857142857 7.0 2.49 
0 3 -0.0 0.0 0.31 0.55 0.7580645161290323 0.7580645161290323 0.758064516129032 62.0 2.49 
1 232 0.08627855491407438 0.0975485355458968 0.0 0.02 0.7084337349397591 0.9927710843373492 0.850602409638554 81.26 0.09 
0 337 -0.0 0.0 -0.06 0.18 0.6935483870967744 0.7580645161290323 0.725806451612903 22.68 1.54 
1 182 -0.0 0.0 -0.0 0.0 1.0 0.7580645161290323 0.879032258064516 0.0 0.0 
0 214 0.09650896073594732 0.190028426853491 -0.05 0.16 0.8225806451612901 0.9838709677419354 0.903225806451613 25.32 1.25 
1 11 0.02133050528737909 0.0106652526436895 0.1 0.1 0.980392156862745 0.980392156862745 0.980392156862745 459.0 0.82 
0 407 0.6791932659915256 0.339596632995763 -0.11 0.25 0.3076923076923077 0.9230769230769232 0.615384615384615 9.9 0.09 
1 2 -0.0 0.0 0.47 0.64 0.33333333333333326 0.33333333333333326 0.333333333333333 30.0 0.94 
0 187 0.6829081047004717 0.341454052350236 -0.1 0.33 1.0 0.28571428571428564 0.642857142857143 3.73 0.42 
1 265 0.3742549310896416 0.187127465544821 -0.03 0.02 0.7660668380462725 0.9974293059125964 0.881748071979434 15.62 0.69 
0 3 0.019980547724361777 0.00999027386218089 0.02 0.02 0.971590909090909 0.9971590909090908 0.984375 352.0 0.15 
1 28 0.6822056867479602 0.602052179998817 0.05 0.2 0.9222462203023758 0.9546436285097192 0.938444924406048 472.98 0.93 
0 209 -0.0 0.0 -0.0 -0.0 1.0 1.0 1.0 0.0 0.0 
1 43 -0.0 0.0 0.0 0.0 1.0 1.0 1.0 0.0 0.0 
0 73 -0.0 0.0 0.04 0.1 0.6935483870967744 0.919354838709677 0.806451612903226 12.31 0.96 
1 33 0.030372534777978206 0.0228364363705995 -0.0 0.0 0.9894067796610168 0.9978813559322034 0.99364406779661 0.04 0.0 
0 249 0.08718908116625151 0.368588481578788 -0.16 0.01 0.837448559670782 0.9876543209876544 0.912551440329218 4.57 0.08 
1 3 -0.0 0.0 -0.0 -0.0 1.0 1.0 1.0 0.0 0.0 
0 22 0.20161353588532901 0.100806767942664 0.0 -0.0 1.0 1.0 1.0 0.0 0.0 
1 1 0.05839899951927197 0.0572107346922477 0.0 0.0 1.0 1.0 1.0 0.02 0.0 
0 552 0.6108643020548936 0.56719948704948 0.02 0.22 0.6666666666666665 0.8666666666666668 0.766666666666667 11.0 0.05 
1 8 -0.0 0.0 0.12 0.12 0.9568034557235422 0.9676025917926566 0.962203023758099 343.37 1.04 
0 226 0.6331171997564925 0.335490603195207 0.01 0.02 0.947608200455581 0.988610478359909 0.968109339407745 421.08 0.04 
1 9 0.05602246986522343 0.0448156896337921 0.0 0.0 1.0 1.0 1.0 0.02 0.0 
0 375 0.054410366820546084 0.027205183410273 -0.0 -0.0 1.0 0.9893390191897654 0.994669509594883 0.0 0.0 
1 316 -0.0 0.0 0.0 0.0 1.0 0.982142857142857 0.991071428571429 0.0 0.0 
0 223 -0.0 0.0 0.0 0.0 1.0 1.0 1.0 0.0 0.0 
1 6 -0.0 0.0 -0.0 -0.0 1.0 1.0 1.0 0.0 0.0 
0 310 -0.0 0.0 0.0 0.0 1.0 1.0 1.0 0.0 0.0 
1 3 -0.0 0.0 0.0 0.0 1.0 1.0 1.0 0.0 0.0 
0 28 0.34883209584303193 0.348832095843032 0.22 0.35 1.0 1.0 1.0 9.0 2.15 
1 614 0.042617471413436414 0.0310799043211172 0.0 0.01 0.837708830548926 0.9928400954653938 0.91527446300716 10.42 0.09 
0 236 0.5858113340839818 0.509786985040966 -0.09 0.1 1.0 0.9488636363636364 0.974431818181818 173.44 0.6 
1 5 -0.0 0.0 0.3 0.5 0.8008658008658008 0.8008658008658008 0.800865800865801 462.0 2.56 
0 250 0.6829081047004717 0.674593273557574 0.02 0.57 1.0 0.8076923076923077 0.903846153846154 22.62 0.15 
1 13 0.05839899951927197 0.0572755995239375 -0.0 0.0 1.0 0.9972972972972972 0.998648648648649 0.03 0.0 
0 300 0.022083380117043378 0.0110416900585217 0.0 -0.0 1.0 0.981859410430839 0.99092970521542 0.0 0.0 
1 6 0.08958725315521794 0.073993126337245 0.0 0.0 1.0 1.0 1.0 0.04 0.01 
0 8 0.251864327538754 0.136312025478636 0.37 0.43 0.8445595854922278 0.8471502590673574 0.845854922279793 386.0 2.19 
1 2 0.6846162778013049 0.342308138900652 0.15 0.36 0.8846153846153846 0.8846153846153846 0.884615384615385 26.0 0.82 
0 5 0.2429149548905317 0.234754971003994 0.22 0.38 0.8871331828442438 0.8871331828442438 0.887133182844244 664.46 1.78 
1 4 -0.0 0.0 0.31 0.55 0.7580645161290323 0.7580645161290323 0.758064516129032 62.0 2.49 
0 646 0.016657657714843028 0.0161373765721996 -0.01 0.01 0.8905263157894738 0.96 0.925263157894737 2.62 0.12 
