1 232 0.08627855491407438 0.0975485355458968 0.0 0.02 0.7084337349397591 0.9927710843373492 0.850602409638554 81.26 0.09 
0 334 0.666278442414676 0.333139221207338 -0.1 0.19 1.0 0.3076923076923077 0.653846153846154 7.22 0.3 
1 2 0.0251440699125892 0.0125720349562946 0.53 0.63 0.6761658031088082 0.6761658031088082 0.676165803108808 386.0 2.33 
0 194 0.3724807184521906 0.186240359226095 -0.02 0.0 0.919354838709677 0.9838709677419354 0.951612903225806 0.24 0.1 
1 3 -0.0 0.0 0.0 0.0 1.0 1.0 1.0 0.0 0.0 
0 191 0.5982695885852573 0.299134794292629 -0.11 0.12 1.0 0.28571428571428564 0.642857142857143 1.12 0.38 
1 14 0.5235346720440665 0.340972621087929 0.32 0.39 0.8666666666666668 0.9 0.883333333333333 30.0 1.75 
0 335 -0.0 0.0 -0.0 0.0 1.0 0.625 0.8125 0.0 0.0 
1 4 0.7865364435085352 0.401480572353747 0.08 0.13 0.9728506787330315 0.9728506787330315 0.972850678733032 442.51 0.33 
0 3 0.7569669131450216 0.396005154555749 0.01 0.04 1.0 1.0 1.0 352.0 0.18 
1 4 -0.0 0.0 0.31 0.55 0.7580645161290323 0.7580645161290323 0.758064516129032 62.0 2.49 
0 215 1.078992207877583 1.07899220787758 0.11 0.81 1.0 1.0 1.0 10.11 0.12 
1 9 0.09503011725564632 0.0475150586278232 0.0 -0.0 1.0 1.0 1.0 0.0 0.0 
0 90 0.666278442414676 0.333139221207338 -0.09 0.08 1.0 0.846153846153846 0.923076923076923 2.95 0.6 
1 2 -0.0 0.0 0.47 0.64 0.33333333333333326 0.33333333333333326 0.333333333333333 30.0 0.94 
0 328 0.5456891633476865 0.272844581673843 -0.14 0.2 0.7580645161290323 0.8870967741935483 0.82258064516129 25.67 1.29 
1 2 -0.0 0.0 0.39 0.62 0.6935483870967744 0.6935483870967744 0.693548387096774 62.0 2.6 
0 10 0.5297061990576545 0.795281573107838 0.01 0.32 1.0 1.0 1.0 5.14 0.13 
1 122 0.04915006684960595 0.024575033424803 0.0 0.01 0.868995633187773 0.9956331877729256 0.932314410480349 13.32 0.14 
0 21 0.1262292684225393 0.0631146342112696 -0.01 0.02 0.5925110132158591 0.9779735682819384 0.785242290748899 14.87 0.25 
1 2 0.6846162778013049 0.342308138900652 0.15 0.36 0.8846153846153846 0.8846153846153846 0.884615384615385 26.0 0.82 
0 461 0.7065442778104265 0.439552755486544 -0.08 0.05 1.0 0.9578947368421052 0.978947368421053 37.31 0.0 
1 2 0.06894930739780505 0.15777508018186 0.26 0.3 0.9182389937106918 0.9266247379454928 0.922431865828092 1350.0 2.0 
0 49 0.5456891633476865 0.272844581673843 0.03 0.34 0.6774193548387096 0.8870967741935483 0.782258064516129 38.05 2.05 
1 6 0.08958725315521794 0.073993126337245 0.0 0.0 1.0 1.0 1.0 0.04 0.01 
0 283 0.3724807184521906 0.186240359226095 -0.11 0.2 0.7580645161290323 0.919354838709677 0.838709677419355 26.67 1.48 
1 6 -0.0 0.0 -0.0 -0.0 1.0 1.0 1.0 0.0 0.0 
0 174 -0.0 0.0 -0.0 0.0 1.0 0.7580645161290323 0.879032258064516 0.0 0.0 
1 154 0.7244657079537894 0.362232853976895 0.0 -0.0 1.0 0.3264462809917356 0.663223140495868 0.0 0.0 
0 39 0.30463609734923813 0.152318048674619 0.23 0.42 0.3076923076923077 0.42307692307692313 0.365384615384615 18.49 0.95 
1 3 -0.0 0.0 0.0 0.0 1.0 1.0 1.0 0.0 0.0 
0 300 -0.0 0.0 -0.0 -0.0 1.0 1.0 1.0 0.0 0.0 
1 14 -0.0 0.0 0.33 0.55 0.6774193548387096 0.6935483870967744 0.685483870967742 57.53 2.59 
0 54 0.015244213031655377 0.00762210651582769 -0.0 -0.0 1.0 1.0 1.0 0.0 0.0 
1 3 -0.0 0.0 0.0 0.0 1.0 1.0 1.0 0.0 0.0 
0 186 0.08415278012328664 0.216004591937496 0.0 0.06 0.8581560283687942 0.975177304964539 0.916666666666667 43.76 0.6 
1 75 0.09699169411326156 0.0765719468209323 -0.0 0.0 1.0 0.9972972972972972 0.998648648648649 0.07 0.01 
0 1013 0.25230867170216453 0.13460323293395 -0.01 0.0 1.0 0.97423887587822 0.98711943793911 0.67 0.05 
1 8 -0.0 0.0 0.12 0.12 0.9568034557235422 0.9676025917926566 0.962203023758099 343.37 1.04 
0 5 0.7569669131450216 0.687055870701412 0.19 0.46 1.0 1.0 1.0 410.04 2.72 
1 43 -0.0 0.0 0.0 0.0 1.0 1.0 1.0 0.0 0.0 
0 56 0.34883209584303193 0.348832095843032 0.22 0.35 1.0 1.0 1.0 9.0 2.55 
1 1 0.05839899951927197 0.0572107346922477 0.0 0.0 1.0 1.0 1.0 0.02 0.0 
0 9 0.6090372974721847 0.526765097493693 -0.06 0.01 1.0 1.0 1.0 2.84 0.15 
1 7 0.01652368182171168 0.00826184091085584 0.08 0.08 0.9838709677419354 0.9838709677419354 0.983870967741935 434.0 0.72 
0 626 -0.0 0.0 0.0 -0.0 1.0 0.984126984126984 0.992063492063492 0.0 0.0 
1 5 0.04131357294242817 0.0206567864712141 0.29 0.33 0.886153846153846 0.8892307692307693 0.887692307692308 315.12 2.04 
0 337 0.027778358172627568 0.0654593294632587 -0.0 0.0 1.0 0.9893390191897654 0.994669509594883 0.15 0.01 
1 8 0.022727473318271005 0.022727473318271 -0.0 0.0 1.0 1.0 1.0 0.0 0.0 
0 361 0.10579937550123852 0.0528996877506193 -0.0 -0.0 1.0 0.9872068230277184 0.993603411513859 0.0 0.0 
1 4 0.7865364435085352 0.393268221754268 0.09 0.12 0.9728506787330315 0.9728506787330315 0.972850678733032 442.0 0.36 
0 188 0.06219281179296066 0.0310964058964803 -0.0 0.0 1.0 0.6703786191536748 0.835189309576837 0.0 0.0 
1 226 0.6171448282578021 0.580437337832493 0.03 0.32 1.0 0.8835227272727273 0.941761363636364 378.52 1.7 
0 23 0.36421465730196667 0.323881275136501 0.04 0.26 0.9516129032258066 0.9838709677419354 0.967741935483871 62.63 1.66 
1 31 -0.0 0.0 0.0 0.0 1.0 1.0 1.0 0.0 0.0 
0 479 1.3523028118749807 0.67615140593749 -0.01 0.0 0.9959183673469388 0.9979591836734693 0.996938775510204 1.17 0.02 
1 49 -0.0 0.0 0.0 0.0 1.0 1.0 1.0 0.0 0.0 
0 131 -0.0 0.0 0.0 0.0 1.0 1.0 1.0 0.0 0.0 
1 3 0.0740225961475812 0.128824279468757 0.41 0.69 0.5590551181102362 0.5748031496062993 0.566929133858268 381.05 2.38 
0 366 -0.0 0.0 -0.0 0.0 0.9932885906040269 0.9966442953020132 0.99496644295302 0.01 0.0 
1 362 -0.0 0.0 -0.06 0.16 0.6774193548387096 0.7580645161290323 0.717741935483871 20.64 1.46 
0 33 0.4835521377786173 0.241776068889309 0.37 0.54 0.6502590673575128 0.6761658031088082 0.663212435233161 343.71 1.82 
1 13 0.05839899951927197 0.0572755995239375 -0.0 0.0 1.0 0.9972972972972972 0.998648648648649 0.03 0.0 
0 17 0.057146758033893234 0.0285733790169466 0.08 0.09 0.9782082324455202 0.9806295399515738 0.979418886198547 366.2 0.78 
1 5 0.020830638321723566 0.0104153191608618 0.04 0.04 0.9850746268656718 0.9914712153518124 0.988272921108742 266.27 0.43 
0 180 0.03555142101850777 0.0267246730976157 -0.0 0.0 1.0 0.8894601542416452 0.944730077120823 0.13 0.01 
1 19 0.08958725315521794 0.0728697263419105 -0.0 0.0 1.0 0.9972972972972972 0.998648648648649 0.06 0.01 
0 49 0.937464383416628 0.490388727315298 -0.02 0.11 0.96 0.9726315789473684 0.966315789473684 324.29 0.26 
1 265 0.3742549310896416 0.187127465544821 -0.03 0.02 0.7660668380462725 0.9974293059125964 0.881748071979434 15.62 0.69 
0 61 0.05662157828350273 0.151365393003385 -0.0 0.0 1.0 0.9932885906040269 0.996644295302013 0.37 0.04 
1 12 -0.0 0.0 0.3 0.36 0.8846153846153846 0.8846153846153846 0.884615384615385 26.0 2.14 
0 184 0.666278442414676 0.333139221207338 -0.1 0.06 1.0 0.8846153846153846 0.942307692307692 2.12 0.4 
1 240 0.8547011249697178 0.427350562484859 -0.02 0.0 0.9795918367346939 0.982142857142857 0.980867346938775 1.6 0.02 
0 816 0.9569181480647492 1.13441033088423 -0.09 0.26 0.40408163265306124 0.9979591836734693 0.701020408163265 203.56 0.06 
1 4 0.5297061990576545 0.439269147450343 -0.1 0.03 1.0 1.0 1.0 0.32 0.45 
0 255 0.06480483800330761 0.931568228063712 -0.01 0.02 0.9628099173553722 0.9938016528925618 0.978305785123967 18.48 0.01 
1 3 0.6601647680850746 0.591011175434611 0.13 0.3 0.8594470046082949 0.919354838709677 0.889400921658986 970.62 1.21 
0 5 0.04708051459985158 0.228465142986332 0.45 0.65 0.6400911161731208 0.6423690205011389 0.64123006833713 439.19 2.16 
1 11 0.02133050528737909 0.0106652526436895 0.1 0.1 0.980392156862745 0.980392156862745 0.980392156862745 459.0 0.82 
0 238 0.6799529039485162 0.888455209379932 0.03 0.29 0.8475177304964538 0.99645390070922 0.921985815602837 217.79 0.59 
1 9 0.05602246986522343 0.0541490991069533 0.0 0.0 1.0 1.0 1.0 0.02 0.0 
0 267 0.09425882789422867 0.222767721617823 0.0 0.02 0.8045267489711933 0.9938271604938274 0.89917695473251 40.53 0.12 
1 20 0.8156295932307395 0.487087993037894 -0.0 0.08 0.7484662576687117 0.9785276073619632 0.863496932515337 53.37 0.31 
0 260 1.0340971938342765 0.517048596917138 0.0 -0.0 1.0 0.6774193548387096 0.838709677419355 0.0 0.0 
1 3 -0.0 0.0 0.0 0.0 1.0 1.0 1.0 0.0 0.0 
0 70 0.9027866888675216 0.471829180640488 -0.05 0.08 0.724233983286908 0.927576601671309 0.825905292479109 82.64 0.17 
1 1 0.4811067080592432 0.300596867788392 0.04 0.05 0.9954853273137698 0.9954853273137698 0.99548532731377 895.47 0.16 
0 6 0.9556998911125344 0.819303997906503 0.06 0.68 1.0 1.0 1.0 7.0 0.78 
1 65 -0.0 0.0 -0.0 -0.0 1.0 0.9958677685950412 0.997933884297521 0.0 0.0 
0 55 0.25230867170216453 0.126154335851082 0.0 -0.0 1.0 1.0 1.0 0.0 0.0 
1 86 0.022727473318271005 0.0113637366591355 -0.0 -0.0 1.0 1.0 1.0 0.0 0.0 
0 115 0.7461036199447514 0.382775677234307 -0.0 0.12 0.7624190064794816 0.9935205183585314 0.877969762419006 125.73 1.03 
1 336 -0.0 0.0 -0.1 0.14 0.6774193548387096 0.8064516129032256 0.741935483870968 17.76 1.34 
0 13 0.03946489920438848 0.0274971120134072 0.11 0.14 0.9642105263157896 0.9663157894736842 0.965263157894737 409.57 1.25 
1 16 -0.0 0.0 0.33 0.55 0.6774193548387096 0.6935483870967744 0.685483870967742 57.53 2.39 
0 166 0.36829683274766406 0.364918155321064 0.0 0.21 1.0 0.9354838709677415 0.967741935483871 42.83 1.35 
1 1 -0.0 0.0 0.39 0.62 0.6935483870967744 0.6935483870967744 0.693548387096774 62.0 2.6 
0 2 0.4905286033068502 0.308378935864695 0.42 0.53 0.5814977973568282 0.5925110132158591 0.587004405286344 392.32 1.54 
1 94 0.09165764788996307 0.0699766348366203 -0.0 0.0 1.0 0.9818181818181818 0.990909090909091 0.1 0.01 
0 373 0.7843037925952074 0.392151896297604 -0.02 0.02 0.4700460829493088 0.9838709677419354 0.726958525345622 12.06 0.16 
1 3 -0.0 0.0 -0.0 -0.0 1.0 1.0 1.0 0.0 0.0 
0 15 -0.0 0.0 0.33 0.55 0.6774193548387096 0.6935483870967744 0.685483870967742 57.53 2.39 
1 9 0.05602246986522343 0.0448156896337921 0.0 0.0 1.0 1.0 1.0 0.02 0.0 
0 78 -0.0 0.0 -0.0 -0.0 1.0 0.9966442953020132 0.998322147651007 0.0 0.0 
1 5 0.052275728348683194 0.0522757283486832 -0.0 0.0 1.0 1.0 1.0 0.02 0.0 
0 51 0.36829683274766406 0.184148416373832 -0.03 0.26 0.6935483870967744 0.9354838709677415 0.814516129032258 30.26 1.81 
1 614 0.042617471413436414 0.0310799043211172 0.0 0.01 0.837708830548926 0.9928400954653938 0.91527446300716 10.42 0.09 
0 670 0.3269974743901718 0.163498737195086 -0.03 0.0 0.9342403628117912 0.984126984126984 0.959183673469388 1.06 0.06 
1 316 -0.0 0.0 0.0 0.0 1.0 0.982142857142857 0.991071428571429 0.0 0.0 
0 12 -0.0 0.0 0.33 0.55 0.6774193548387096 0.6935483870967744 0.685483870967742 57.53 2.49 
1 10 -0.0 0.0 0.33 0.55 0.6774193548387096 0.6935483870967744 0.685483870967742 57.53 2.49 
0 62 0.015617095429556123 0.015573210125991 0.07 0.09 0.96 0.9663157894736842 0.963157894736842 282.74 0.97 
1 68 0.3269547847215813 0.163477392360791 -0.01 0.01 0.9481865284974093 0.9870466321243522 0.967616580310881 3.79 0.05 
0 43 0.10314030075388984 0.0515701503769449 -0.0 -0.0 1.0 1.0 1.0 0.0 0.0 
1 148 0.8156295932307395 0.74694740234885 0.07 0.48 0.7484662576687117 0.8558282208588956 0.802147239263804 285.8 0.83 
0 2 0.19643645103383003 0.098218225516915 -0.0 -0.0 1.0 1.0 1.0 0.0 0.0 
1 8 0.0947607483566568 0.232756230915289 0.02 0.03 0.9678111587982832 0.9806866952789698 0.974248927038627 84.69 0.27 
0 420 0.24610920772326714 0.134353030144868 -0.01 0.0 1.0 0.9932885906040269 0.996644295302013 0.22 0.03 
1 179 1.7983316181241153 0.899165809062058 0.0 -0.0 1.0 0.9628099173553722 0.981404958677686 0.0 0.0 
0 752 -0.0 0.0 -0.15 0.04 0.625 0.9166666666666664 0.770833333333333 1.31 0.49 
1 4 0.01475818629482802 0.00737909314741401 0.01 0.01 1.0 0.9979466119096508 0.998973305954825 487.0 0.19 
0 327 -0.0 0.0 -0.1 0.15 0.6935483870967744 0.8064516129032256 0.75 19.44 1.42 
1 3 0.43686973210547814 0.270464027731018 0.04 0.05 1.0 0.940936863543788 0.970468431771894 144.91 0.55 
0 91 0.0870788436768375 0.320732950320014 -0.05 0.05 0.6975169300225733 0.945823927765237 0.821670428893905 39.72 0.64 
1 42 0.017626642729371575 0.00881332136468579 0.18 0.25 0.9252336448598132 0.9275700934579442 0.926401869158878 413.58 1.81 
0 69 0.5297061990576545 0.439269147450343 -0.1 0.03 1.0 1.0 1.0 0.32 0.53 
1 28 0.6822056867479602 0.602052179998817 0.05 0.2 0.9222462203023758 0.9546436285097192 0.938444924406048 472.98 0.93 
0 30 0.6829081047004717 0.341454052350236 0.25 0.68 1.0 0.4285714285714285 0.714285714285714 7.0 0.76 
1 4 0.6895519477750732 0.344775973887537 0.0 -0.0 1.0 1.0 1.0 0.0 0.0 
0 267 0.015105805330763613 0.00755290266538181 -0.01 0.0 0.837448559670782 0.9753086419753086 0.906378600823045 6.02 0.18 
1 33 0.030372534777978206 0.0228364363705995 -0.0 0.0 0.9894067796610168 0.9978813559322034 0.99364406779661 0.04 0.0 
0 282 0.4459524223135379 0.222976211156769 -0.13 0.2 0.7580645161290323 0.919354838709677 0.838709677419355 26.67 1.44 
1 4 0.09503011725564632 0.189490815924107 0.0 0.0 1.0 1.0 1.0 0.06 0.04 
0 40 0.34883209584303193 0.348832095843032 0.22 0.35 1.0 1.0 1.0 9.0 2.29 
1 4 -0.0 0.0 0.0 0.0 1.0 1.0 1.0 0.0 0.0 
0 0 -0.0 0.0 -0.0 0.0 0.9677419354838708 0.9677419354838708 0.967741935483871 0.0 1.16 
1 22 -0.0 0.0 0.31 0.55 0.7580645161290323 0.7580645161290323 0.758064516129032 62.0 2.49 
0 321 0.9242647281309502 0.482673424863059 -0.09 0.03 0.8607954545454547 0.940340909090909 0.900568181818182 93.23 0.21 
1 1 -0.0 0.0 0.19 0.69 0.5555555555555555 0.5555555555555555 0.555555555555556 9.0 1.98 
0 395 -0.0 0.0 0.0 0.0 1.0 1.0 1.0 0.0 0.0 
1 25 0.8720635602136072 0.444515665699525 -0.01 0.0 0.2385542168674699 0.9975903614457832 0.618072289156626 0.63 0.0 
0 24 0.016359415015602636 0.00817970750780132 0.04 0.04 0.9621380846325168 0.9888641425389754 0.975501113585746 128.49 0.51 
1 723 0.1725612331626618 0.0862806165813309 -0.07 0.05 0.4568421052631578 0.9578947368421052 0.707368421052632 33.9 0.06 
0 53 -0.0 0.0 0.0 0.0 1.0 0.375 0.6875 0.0 0.0 
1 35 1.6284102630552857 1.62546092371276 -0.02 0.51 0.7700348432055749 0.9895470383275262 0.879790940766551 325.24 0.19 
0 53 0.6791932659915256 0.339596632995763 0.03 0.22 0.8846153846153846 0.9230769230769232 0.903846153846154 16.9 0.47 
1 23 0.056152199528602974 0.0560873346969132 -0.0 0.0 1.0 0.9972972972972972 0.998648648648649 0.03 0.0 
0 685 0.016897794165734926 0.00844889708286746 -0.0 -0.0 1.0 0.97423887587822 0.98711943793911 0.0 0.0 
1 2 0.09699169411326156 0.0746337112309724 -0.0 0.0 1.0 1.0 1.0 0.05 0.01 
0 140 0.6365141682948128 0.857753188086198 -0.11 0.48 1.0 0.4285714285714285 0.714285714285714 6.12 0.27 
1 6 -0.0 0.0 -0.0 -0.0 1.0 0.9936034115138594 0.99680170575693 0.0 0.0 
0 337 0.5906061822440456 0.544914490107065 -0.08 0.27 0.877840909090909 0.9602272727272728 0.919034090909091 317.98 1.29 
1 24 0.030372534777978206 0.0658985378330168 -0.0 0.0 0.972457627118644 0.9978813559322034 0.985169491525424 0.13 0.01 
0 210 0.5022052464597919 0.2623686951903 -0.05 0.04 0.7156626506024096 0.9710843373493978 0.843373493975904 31.95 0.29 
1 345 -0.0 0.0 -0.06 0.16 0.6774193548387096 0.7580645161290323 0.717741935483871 20.64 1.46 
0 47 -0.0 0.0 0.04 0.1 0.6935483870967744 0.919354838709677 0.806451612903226 12.31 0.96 
1 24 0.16245281571443987 0.14550577947865 -0.01 0.02 0.916083916083916 0.9976689976689976 0.956876456876457 46.4 0.05 
0 137 0.08864403483661465 0.162607197780136 -0.0 0.01 0.9225352112676058 0.9976525821596244 0.960093896713615 2.94 0.15 
1 2 0.666278442414676 0.666278442414676 0.25 0.67 1.0 1.0 1.0 26.0 0.9 
0 638 0.022083380117043378 0.0110416900585217 0.0 -0.0 1.0 0.981859410430839 0.99092970521542 0.0 0.0 
1 8 0.016424701198958662 0.00821235059947933 0.12 0.12 0.9728506787330315 0.9728506787330315 0.972850678733032 442.0 1.0 
0 4 -0.0 0.0 0.42 0.63 0.6774193548387096 0.6774193548387096 0.67741935483871 62.0 2.56 
1 47 -0.0 0.0 -0.0 0.0 1.0 0.6153846153846154 0.807692307692308 0.0 0.0 
0 187 -0.0 0.0 -0.0 0.0 1.0 0.7580645161290323 0.879032258064516 0.0 0.0 
1 14 0.08958725315521794 0.0709314907519506 0.0 0.0 1.0 1.0 1.0 0.04 0.01 
0 6 0.9556998911125344 0.819303997906503 0.06 0.68 1.0 1.0 1.0 7.0 0.78 
1 4 0.0947607483566568 0.0769695270739669 0.09 0.1 0.9806866952789698 0.982832618025751 0.981759656652361 445.71 0.81 
0 254 0.6127954659992856 0.318848590514558 -0.04 0.02 1.0 0.5628997867803837 0.781449893390192 21.46 0.41 
1 5 -0.0 0.0 0.06 0.41 0.8571428571428571 0.8571428571428571 0.857142857142857 7.0 2.49 
0 4 -0.0 0.0 -0.0 -0.0 1.0 1.0 1.0 0.0 0.0 
1 4 0.8127245415610106 0.428086422879458 0.41 0.59 0.3391521197007481 0.3640897755610973 0.351620947630923 772.17 0.33 
0 29 -0.0 0.0 0.0 0.0 1.0 1.0 1.0 0.0 0.0 
1 1 0.07093518297335139 0.0616054556610173 0.0 0.0 1.0 1.0 1.0 0.03 0.0 
0 273 -0.0 0.0 -0.0 -0.0 1.0 1.0 1.0 0.0 0.0 
1 34 0.6171448282578021 0.308572414128901 -0.01 0.0 1.0 0.9886363636363636 0.994318181818182 0.88 0.06 
0 227 0.2365703607236565 0.118285180361828 -0.0 -0.0 1.0 0.9976525821596244 0.998826291079812 0.0 0.0 
1 29 0.02253214392080778 0.0197499575531257 -0.0 0.01 0.7156626506024096 0.9975903614457832 0.856626506024096 5.06 0.1 
0 191 0.905891303418349 0.4764859090091 -0.12 0.01 0.6423690205011389 0.990888382687927 0.816628701594533 10.83 0.12 
1 1 0.9277980308365658 1.27664305854078 0.26 0.8 0.7871396895787139 0.7871396895787139 0.787139689578714 1253.58 1.13 
0 102 1.0662173706881086 0.533108685344054 0.0 0.01 0.989795918367347 0.9979591836734693 0.993877551020408 97.2 0.03 
1 270 0.08807751896196665 0.451853556096353 -0.01 0.04 0.7484662576687117 0.9846625766871167 0.866564417177914 30.7 0.2 
0 370 0.4895100028856609 0.24475500144283 -0.01 0.0 0.982142857142857 0.997448979591837 0.989795918367347 3.52 0.02 
1 182 -0.0 0.0 -0.0 0.0 1.0 0.7580645161290323 0.879032258064516 0.0 0.0 
0 298 -0.0 0.0 -0.0 -0.0 1.0 0.9966442953020132 0.998322147651007 0.0 0.0 
1 61 0.0707680768797802 0.351225226630238 -0.0 0.0 1.0 0.997695852534562 0.998847926267281 3.17 0.0 
0 176 0.01475818629482802 0.00737909314741401 -0.0 0.0 1.0 0.9917864476386036 0.995893223819302 0.01 0.0 
1 5 -0.0 0.0 0.3 0.5 0.8008658008658008 0.8008658008658008 0.800865800865801 462.0 2.56 
0 23 -0.0 0.0 0.28 0.38 0.125 0.125 0.125 8.0 0.04 
1 1 -0.0 0.0 0.37 0.44 0.16 0.16 0.16 25.0 0.2 
0 281 0.3941117760992487 0.208829171598854 -0.01 0.0 1.0 0.9078014184397164 0.953900709219858 0.2 0.02 
1 5 -0.0 0.0 0.07 0.08 0.9854771784232365 0.9854771784232365 0.985477178423237 482.0 0.65 
0 220 1.3523028118749807 0.67615140593749 0.0 -0.0 1.0 0.9959183673469388 0.997959183673469 0.0 0.0 
1 127 -0.0 0.0 0.11 0.46 0.5384615384615384 0.6153846153846154 0.576923076923077 18.96 1.68 
0 73 0.3565581205895817 0.178279060294791 -0.01 0.0 1.0 0.9966442953020132 0.998322147651007 0.08 0.01 
1 218 0.20297324940653716 0.101486624703269 0.0 -0.0 1.0 1.0 1.0 0.0 0.0 
0 34 -0.0 0.0 -0.0 -0.0 1.0 0.9914712153518124 0.995735607675906 0.0 0.0 
1 18 0.5235346720440665 0.340972621087929 0.32 0.39 0.8666666666666668 0.9 0.883333333333333 30.0 1.75 
0 166 0.7453785846192588 0.372689292309629 0.0 -0.0 1.0 0.7270788912579956 0.863539445628998 0.0 0.0 
1 3 -0.0 0.0 -0.0 -0.0 1.0 1.0 1.0 0.0 0.0 
0 27 0.7843037925952074 0.392151896297604 -0.05 0.01 0.4700460829493088 0.9585253456221196 0.714285714285714 7.23 0.11 
