1 4 0.01475818629482802 0.00737909314741401 0.01 0.01 1.0 0.9979466119096508 0.998973305954825 487.0 0.19 
0 495 0.25230867170216453 0.126154335851082 0.0 -0.0 1.0 1.0 1.0 0.0 0.0 
1 345 -0.0 0.0 -0.06 0.16 0.6774193548387096 0.7580645161290323 0.717741935483871 20.64 1.46 
0 85 -0.0 0.0 0.0 0.0 1.0 0.75 0.875 0.0 0.0 
1 1 -0.0 0.0 0.39 0.62 0.6935483870967744 0.6935483870967744 0.693548387096774 62.0 2.6 
0 194 1.351783994289646 0.675891997144823 -0.11 0.6 1.0 0.28571428571428564 0.642857142857143 7.0 0.01 
1 1 -0.0 0.0 0.19 0.69 0.5555555555555555 0.5555555555555555 0.555555555555556 9.0 1.98 
0 68 0.09503011725564632 0.0475150586278232 0.0 -0.0 1.0 1.0 1.0 0.0 0.0 
1 43 -0.0 0.0 0.0 0.0 1.0 1.0 1.0 0.0 0.0 
0 68 0.4459524223135379 0.222976211156769 -0.03 0.27 0.6774193548387096 0.919354838709677 0.798387096774194 31.25 1.77 
1 16 -0.0 0.0 0.33 0.55 0.6774193548387096 0.6935483870967744 0.685483870967742 57.53 2.39 
0 368 -0.0 0.0 -0.0 -0.0 1.0 1.0 1.0 0.0 0.0 
1 5 0.04131357294242817 0.0206567864712141 0.29 0.33 0.886153846153846 0.8892307692307693 0.887692307692308 315.12 2.04 
0 299 -0.0 0.0 -0.04 0.03 0.7580645161290323 0.919354838709677 0.838709677419355 3.8 0.54 
1 1 0.07093518297335139 0.0616054556610173 0.0 0.0 1.0 1.0 1.0 0.03 0.0 
0 151 0.02899603938988425 0.0144980196949421 -0.0 0.0 1.0 0.9977324263038548 0.998866213151927 0.0 0.0 
1 9 0.05602246986522343 0.0541490991069533 0.0 0.0 1.0 1.0 1.0 0.02 0.0 
0 46 0.6473026055487068 1.07700830052628 0.01 0.35 0.6825053995680346 0.9136069114470842 0.798056155507559 705.05 0.7 
1 6 -0.0 0.0 -0.0 -0.0 1.0 0.9936034115138594 0.99680170575693 0.0 0.0 
0 87 0.05541603260088809 0.043381785713003 -0.0 0.0 1.0 1.0 1.0 0.02 0.0 
1 4 0.8127245415610106 0.428086422879458 0.41 0.59 0.3391521197007481 0.3640897755610973 0.351620947630923 772.17 0.33 
0 52 0.36829683274766406 0.184148416373832 -0.03 0.26 0.6935483870967744 0.9354838709677415 0.814516129032258 30.26 1.81 
1 94 0.09165764788996307 0.0699766348366203 -0.0 0.0 1.0 0.9818181818181818 0.990909090909091 0.1 0.01 
0 45 0.09187703676356046 0.0459385183817802 0.06 0.07 0.981859410430839 0.984126984126984 0.982993197278912 384.99 0.68 
1 3 0.43686973210547814 0.270464027731018 0.04 0.05 1.0 0.940936863543788 0.970468431771894 144.91 0.55 
0 417 0.04829562178327756 0.0241478108916388 -0.0 0.0 1.0 0.9886363636363636 0.994318181818182 0.03 0.01 
1 13 0.05839899951927197 0.0572755995239375 -0.0 0.0 1.0 0.9972972972972972 0.998648648648649 0.03 0.0 
0 341 0.01652368182171168 0.0164415484186572 -0.0 0.0 0.9838709677419354 0.9953917050691244 0.98963133640553 0.06 0.01 
1 9 0.09503011725564632 0.0475150586278232 0.0 -0.0 1.0 1.0 1.0 0.0 0.0 
0 129 -0.0 0.0 0.0 0.0 1.0 1.0 1.0 0.0 0.0 
1 14 0.5235346720440665 0.340972621087929 0.32 0.39 0.8666666666666668 0.9 0.883333333333333 30.0 1.75 
0 54 0.15864788105525998 0.07932394052763 0.06 0.1 0.7908163265306124 0.9413265306122448 0.866071428571429 92.37 0.92 
1 12 -0.0 0.0 0.3 0.36 0.8846153846153846 0.8846153846153846 0.884615384615385 26.0 2.14 
0 1 0.3724807184521906 0.370388775599927 0.15 0.54 0.919354838709677 0.9354838709677415 0.92741935483871 110.63 2.46 
1 614 0.042617471413436414 0.0310799043211172 0.0 0.01 0.837708830548926 0.9928400954653938 0.91527446300716 10.42 0.09 
0 87 -0.0 0.0 0.04 0.1 0.6774193548387096 0.919354838709677 0.798387096774194 11.42 0.92 
1 18 0.5235346720440665 0.340972621087929 0.32 0.39 0.8666666666666668 0.9 0.883333333333333 30.0 1.75 
0 232 -0.0 0.0 -0.02 0.04 0.625 0.9583333333333331 0.791666666666667 1.74 0.51 
1 47 -0.0 0.0 -0.0 0.0 1.0 0.6153846153846154 0.807692307692308 0.0 0.0 
0 22 -0.0 0.0 0.0 0.0 1.0 1.0 1.0 0.0 0.0 
1 723 0.1725612331626618 0.0862806165813309 -0.07 0.05 0.4568421052631578 0.9578947368421052 0.707368421052632 33.9 0.06 
0 288 0.023546567098459075 0.0827743993317621 -0.0 0.0 1.0 0.7730496453900709 0.886524822695036 0.34 0.03 
1 148 0.8156295932307395 0.74694740234885 0.07 0.48 0.7484662576687117 0.8558282208588956 0.802147239263804 285.8 0.83 
0 129 0.9428478132784428 0.716178908082052 0.04 0.12 0.9795918367346939 0.997448979591837 0.988520408163265 485.64 0.19 
1 2 -0.0 0.0 0.39 0.62 0.6935483870967744 0.6935483870967744 0.693548387096774 62.0 2.6 
0 18 0.5456891633476865 0.272844581673843 0.03 0.13 0.8870967741935483 0.919354838709677 0.903225806451613 25.68 0.93 
1 3 0.6601647680850746 0.591011175434611 0.13 0.3 0.8594470046082949 0.919354838709677 0.889400921658986 970.62 1.21 
0 306 0.6829081047004717 0.979971182083305 0.03 0.68 1.0 1.0 1.0 7.0 0.39 
1 362 -0.0 0.0 -0.06 0.16 0.6774193548387096 0.7580645161290323 0.717741935483871 20.64 1.46 
0 382 0.06586093594147825 0.0913833318369381 -0.01 0.0 1.0 0.9624413145539906 0.981220657276995 0.48 0.04 
1 232 0.08627855491407438 0.0975485355458968 0.0 0.02 0.7084337349397591 0.9927710843373492 0.850602409638554 81.26 0.09 
0 155 0.3525425103487513 0.252273910592477 -0.05 0.08 1.0 0.919354838709677 0.959677419354839 16.98 0.8 
1 2 0.6846162778013049 0.342308138900652 0.15 0.36 0.8846153846153846 0.8846153846153846 0.884615384615385 26.0 0.82 
0 27 0.7843037925952074 0.392151896297604 -0.05 0.01 0.4700460829493088 0.9585253456221196 0.714285714285714 7.23 0.11 
1 5 0.052275728348683194 0.0522757283486832 -0.0 0.0 1.0 1.0 1.0 0.02 0.0 
0 324 0.3805338924281298 0.190266946214065 0.0 -0.0 1.0 0.9922879177377892 0.996143958868895 0.0 0.0 
1 14 -0.0 0.0 0.33 0.55 0.6774193548387096 0.6935483870967744 0.685483870967742 57.53 2.59 
0 34 0.8465160453282295 0.801165454305246 -0.02 0.09 0.9897330595482546 0.9979466119096508 0.993839835728953 189.63 0.46 
1 3 -0.0 0.0 0.0 0.0 1.0 1.0 1.0 0.0 0.0 
0 343 0.15377968767542066 0.0768898438377103 -0.0 -0.0 1.0 1.0 1.0 0.0 0.0 
1 3 0.0740225961475812 0.128824279468757 0.41 0.69 0.5590551181102362 0.5748031496062993 0.566929133858268 381.05 2.38 
0 677 0.27384907245785556 0.147966226287449 -0.04 0.0 0.9229024943310656 0.981859410430839 0.952380952380952 1.36 0.08 
1 8 -0.0 0.0 0.12 0.12 0.9568034557235422 0.9676025917926566 0.962203023758099 343.37 1.04 
0 670 0.3269974743901718 0.163498737195086 -0.03 0.0 0.9342403628117912 0.984126984126984 0.959183673469388 1.06 0.06 
1 316 -0.0 0.0 0.0 0.0 1.0 0.982142857142857 0.991071428571429 0.0 0.0 
0 100 0.022596852566469688 0.0112984262832349 -0.0 -0.0 1.0 0.9932885906040269 0.996644295302013 0.0 0.0 
1 24 0.030372534777978206 0.0658985378330168 -0.0 0.0 0.972457627118644 0.9978813559322034 0.985169491525424 0.13 0.01 
0 295 0.09962338946616205 0.049811694733081 -0.12 0.11 0.6935483870967744 0.7903225806451613 0.741935483870968 14.57 1.25 
1 270 0.08807751896196665 0.451853556096353 -0.01 0.04 0.7484662576687117 0.9846625766871167 0.866564417177914 30.7 0.2 
0 31 -0.0 0.0 -0.0 -0.0 1.0 0.9936034115138594 0.99680170575693 0.0 0.0 
1 6 -0.0 0.0 -0.0 -0.0 1.0 1.0 1.0 0.0 0.0 
0 53 0.9569181480647492 0.825546336375745 0.2 0.69 0.989795918367347 0.9979591836734693 0.993877551020408 587.62 0.26 
1 182 -0.0 0.0 -0.0 0.0 1.0 0.7580645161290323 0.879032258064516 0.0 0.0 
0 388 0.5982695885852573 0.818995179712588 -0.0 0.33 1.0 0.5714285714285713 0.785714285714286 3.73 0.67 
1 31 -0.0 0.0 0.0 0.0 1.0 1.0 1.0 0.0 0.0 
0 48 0.6941745246867409 0.347087262343371 0.0 0.01 0.989795918367347 0.9979591836734693 0.993877551020408 97.2 0.04 
1 28 0.6822056867479602 0.602052179998817 0.05 0.2 0.9222462203023758 0.9546436285097192 0.938444924406048 472.98 0.93 
0 74 0.0 0.0 0.0 0.0 0.0 0.0 0.0 0.0 0.0 
1 1 0.9277980308365658 1.27664305854078 0.26 0.8 0.7871396895787139 0.7871396895787139 0.787139689578714 1253.58 1.13 
0 21 -0.0 0.0 -0.0 -0.0 1.0 1.0 1.0 0.0 0.0 
1 3 -0.0 0.0 -0.0 -0.0 1.0 1.0 1.0 0.0 0.0 
0 2 -0.0 0.0 -0.0 -0.0 1.0 1.0 1.0 0.0 0.0 
1 20 0.8156295932307395 0.487087993037894 -0.0 0.08 0.7484662576687117 0.9785276073619632 0.863496932515337 53.37 0.31 
0 259 0.09650896073594732 0.271230691524743 -0.09 0.29 0.8225806451612901 0.919354838709677 0.870967741935484 49.01 1.82 
1 5 -0.0 0.0 0.06 0.41 0.8571428571428571 0.8571428571428571 0.857142857142857 7.0 2.49 
0 978 0.27737437324620146 0.138687186623101 0.0 -0.0 1.0 1.0 1.0 0.0 0.0 
1 4 -0.0 0.0 0.31 0.55 0.7580645161290323 0.7580645161290323 0.758064516129032 62.0 2.49 
0 272 -0.0 0.0 -0.16 0.04 0.8008658008658008 0.8311688311688312 0.816017316017316 23.33 0.59 
1 34 0.6171448282578021 0.308572414128901 -0.01 0.0 1.0 0.9886363636363636 0.994318181818182 0.88 0.06 
0 320 0.01652368182171168 0.00826184091085584 -0.0 0.0 0.9838709677419354 0.9930875576036866 0.988479262672811 0.06 0.01 
1 127 -0.0 0.0 0.11 0.46 0.5384615384615384 0.6153846153846154 0.576923076923077 18.96 1.68 
0 113 0.01623049214816835 0.0161358092033641 -0.0 0.0 1.0 0.986425339366516 0.993212669683258 0.02 0.0 
1 1 0.05839899951927197 0.0572107346922477 0.0 0.0 1.0 1.0 1.0 0.02 0.0 
0 100 -0.0 0.0 -0.02 0.01 0.28 0.96 0.62 0.41 0.12 
1 8 0.016424701198958662 0.00821235059947933 0.12 0.12 0.9728506787330315 0.9728506787330315 0.972850678733032 442.0 1.0 
0 91 -0.0 0.0 -0.0 -0.0 1.0 1.0 1.0 0.0 0.0 
1 154 0.7244657079537894 0.362232853976895 0.0 -0.0 1.0 0.3264462809917356 0.663223140495868 0.0 0.0 
0 22 0.17449997006024281 0.0872499850301214 0.02 0.02 0.9876796714579056 0.9897330595482546 0.98870636550308 159.82 0.24 
1 68 0.3269547847215813 0.163477392360791 -0.01 0.01 0.9481865284974093 0.9870466321243522 0.967616580310881 3.79 0.05 
0 92 0.24605944064634394 0.123029720323172 -0.01 0.0 1.0 0.07611548556430446 0.538057742782152 1.83 0.0 
1 7 0.09908391604753189 0.0495419580237659 0.04 0.04 0.9850746268656718 0.9914712153518124 0.988272921108742 266.27 0.37 
0 9 0.08256493803586597 0.222052207965165 -0.0 0.0 1.0 1.0 1.0 0.11 0.05 
1 19 0.08958725315521794 0.0728697263419105 -0.0 0.0 1.0 0.9972972972972972 0.998648648648649 0.06 0.01 
0 428 0.4391877418106727 0.219593870905336 0.0 -0.0 1.0 1.0 1.0 0.0 0.0 
1 3 -0.0 0.0 0.0 0.0 1.0 1.0 1.0 0.0 0.0 
0 7 -0.0 0.0 0.0 0.0 1.0 1.0 1.0 0.0 0.0 
1 5 -0.0 0.0 0.07 0.08 0.9854771784232365 0.9854771784232365 0.985477178423237 482.0 0.65 
0 252 0.024901715029831017 0.0124508575149155 0.0 -0.0 1.0 0.5628997867803837 0.781449893390192 0.0 0.0 
1 10 -0.0 0.0 0.33 0.55 0.6774193548387096 0.6935483870967744 0.685483870967742 57.53 2.49 
0 434 0.022596852566469688 0.0112984262832349 -0.01 0.0 0.959731543624161 0.9932885906040269 0.976510067114094 0.13 0.02 
1 336 -0.0 0.0 -0.1 0.14 0.6774193548387096 0.8064516129032256 0.741935483870968 17.76 1.34 
0 532 0.9517673227869262 0.475883661393463 0.0 -0.0 1.0 0.9886621315192744 0.994331065759637 0.0 0.0 
1 1 -0.0 0.0 0.37 0.44 0.16 0.16 0.16 25.0 0.2 
0 130 0.7569669131450216 0.71189401992966 0.0 0.48 1.0 0.8835227272727273 0.941761363636364 1125.7 1.87 
1 22 -0.0 0.0 0.31 0.55 0.7580645161290323 0.7580645161290323 0.758064516129032 62.0 2.49 
0 162 -0.0 0.0 -0.0 -0.0 1.0 0.9966442953020132 0.998322147651007 0.0 0.0 
1 65 -0.0 0.0 -0.0 -0.0 1.0 0.9958677685950412 0.997933884297521 0.0 0.0 
0 74 0.9556998911125344 0.819303997906503 0.06 0.68 1.0 1.0 1.0 7.0 0.87 
1 8 0.022727473318271005 0.022727473318271 -0.0 0.0 1.0 1.0 1.0 0.0 0.0 
0 257 0.666278442414676 0.333139221207338 -0.15 0.02 1.0 0.8076923076923077 0.903846153846154 0.89 0.25 
1 179 1.7983316181241153 0.899165809062058 0.0 -0.0 1.0 0.9628099173553722 0.981404958677686 0.0 0.0 
0 18 0.05602246986522343 0.0898861315298285 0.01 0.01 1.0 1.0 1.0 73.23 0.12 
1 265 0.3742549310896416 0.187127465544821 -0.03 0.02 0.7660668380462725 0.9974293059125964 0.881748071979434 15.62 0.69 
0 200 0.928529239598717 0.464264619799359 -0.01 0.0 0.7114093959731543 0.9966442953020132 0.854026845637584 1.16 0.03 
1 4 0.5297061990576545 0.439269147450343 -0.1 0.03 1.0 1.0 1.0 0.32 0.45 
0 62 0.015617095429556123 0.015573210125991 0.07 0.09 0.96 0.9663157894736842 0.963157894736842 282.74 0.97 
1 35 1.6284102630552857 1.62546092371276 -0.02 0.51 0.7700348432055749 0.9895470383275262 0.879790940766551 325.24 0.19 
0 269 0.40067165339847227 0.200335826699236 -0.04 0.01 0.9346590909090908 0.9914772727272728 0.963068181818182 2.38 0.16 
1 2 0.0251440699125892 0.0125720349562946 0.53 0.63 0.6761658031088082 0.6761658031088082 0.676165803108808 386.0 2.33 
0 246 0.8277870412500516 0.70097855204774 -0.19 0.07 0.839506172839506 0.9938271604938274 0.916666666666667 322.27 0.1 
1 7 0.01652368182171168 0.00826184091085584 0.08 0.08 0.9838709677419354 0.9838709677419354 0.983870967741935 434.0 0.72 
0 442 0.9423399854873624 0.824442131648895 0.05 0.64 1.0 0.9663157894736842 0.983157894736842 455.34 0.03 
1 86 0.022727473318271005 0.0113637366591355 -0.0 -0.0 1.0 1.0 1.0 0.0 0.0 
0 266 -0.0 0.0 -0.0 -0.0 1.0 0.9953161592505854 0.997658079625293 0.0 0.0 
1 3 -0.0 0.0 -0.0 -0.0 1.0 1.0 1.0 0.0 0.0 
0 376 0.821654712766377 0.418206449530602 -0.0 0.0 1.0 0.9917864476386036 0.995893223819302 0.45 0.02 
1 4 0.6895519477750732 0.344775973887537 0.0 -0.0 1.0 1.0 1.0 0.0 0.0 
0 232 0.3525425103487513 0.176271255174376 -0.08 0.14 1.0 0.6774193548387096 0.838709677419355 16.57 1.2 
1 75 0.09699169411326156 0.0765719468209323 -0.0 0.0 1.0 0.9972972972972972 0.998648648648649 0.07 0.01 
0 8 0.20691673784894696 0.158085668992692 0.14 0.45 0.5249343832020997 0.5721784776902888 0.548556430446194 276.57 1.63 
1 61 0.0707680768797802 0.351225226630238 -0.0 0.0 1.0 0.997695852534562 0.998847926267281 3.17 0.0 
0 331 0.6730116670092564 0.635640627797257 0.31 0.6 1.0 0.7142857142857143 0.857142857142857 7.0 1.04 
1 218 0.20297324940653716 0.101486624703269 0.0 -0.0 1.0 1.0 1.0 0.0 0.0 
0 280 0.3563409206018685 0.178170460300934 -0.1 0.15 0.6774193548387096 0.9838709677419354 0.830645161290323 16.83 1.12 
1 3 -0.0 0.0 0.0 0.0 1.0 1.0 1.0 0.0 0.0 
0 327 1.0042424730540764 0.502121236527038 -0.0 0.0 1.0 1.0 1.0 0.0 0.0 
1 5 -0.0 0.0 0.3 0.5 0.8008658008658008 0.8008658008658008 0.800865800865801 462.0 2.56 
0 105 0.6265544985250644 0.313277249262532 -0.01 0.0 0.8409090909090908 0.9886363636363636 0.914772727272727 1.61 0.11 
1 4 -0.0 0.0 0.0 0.0 1.0 1.0 1.0 0.0 0.0 
0 244 1.078992207877583 0.539496103938792 -0.0 0.0 1.0 1.0 1.0 0.0 0.0 
1 4 0.0947607483566568 0.0769695270739669 0.09 0.1 0.9806866952789698 0.982832618025751 0.981759656652361 445.71 0.81 
0 149 0.08962131424171335 0.146564829324435 -0.02 0.01 1.0 0.7206823027718549 0.860341151385927 8.44 0.25 
1 49 -0.0 0.0 0.0 0.0 1.0 1.0 1.0 0.0 0.0 
0 294 0.666278442414676 0.333139221207338 -0.1 0.19 1.0 0.3076923076923077 0.653846153846154 7.22 0.33 
1 23 0.056152199528602974 0.0560873346969132 -0.0 0.0 1.0 0.9972972972972972 0.998648648648649 0.03 0.0 
0 132 -0.0 0.0 -0.0 0.0 1.0 0.6774193548387096 0.838709677419355 0.0 0.0 
1 24 0.16245281571443987 0.14550577947865 -0.01 0.02 0.916083916083916 0.9976689976689976 0.956876456876457 46.4 0.05 
0 66 0.016556959431630658 0.514193793957205 -0.0 0.0 1.0 0.9976525821596244 0.998826291079812 0.75 0.02 
1 29 0.02253214392080778 0.0197499575531257 -0.0 0.01 0.7156626506024096 0.9975903614457832 0.856626506024096 5.06 0.1 
0 109 -0.0 0.0 0.0 0.0 1.0 1.0 1.0 0.0 0.0 
1 2 0.06894930739780505 0.15777508018186 0.26 0.3 0.9182389937106918 0.9266247379454928 0.922431865828092 1350.0 2.0 
0 273 0.6730116670092564 0.336505833504628 -0.2 0.33 0.28571428571428564 0.7142857142857143 0.5 3.73 0.47 
1 4 0.09503011725564632 0.189490815924107 0.0 0.0 1.0 1.0 1.0 0.06 0.04 
0 136 0.34883209584303193 0.834860219496177 -0.09 0.35 1.0 0.8888888888888888 0.944444444444444 9.0 0.39 
1 226 0.6171448282578021 0.580437337832493 0.03 0.32 1.0 0.8835227272727273 0.941761363636364 378.52 1.7 
0 33 0.6941745246867409 0.46910936936507 0.02 0.09 0.989795918367347 0.989795918367347 0.989795918367347 519.12 0.27 
1 9 0.05602246986522343 0.0448156896337921 0.0 0.0 1.0 1.0 1.0 0.02 0.0 
0 21 -0.0 0.0 0.0 0.0 1.0 1.0 1.0 0.0 0.0 
1 8 0.0947607483566568 0.232756230915289 0.02 0.03 0.9678111587982832 0.9806866952789698 0.974248927038627 84.69 0.27 
0 85 -0.0 0.0 0.0 0.0 1.0 1.0 1.0 0.0 0.0 
1 240 0.8547011249697178 0.427350562484859 -0.02 0.0 0.9795918367346939 0.982142857142857 0.980867346938775 1.6 0.02 
0 167 0.3742549310896416 0.187127465544821 -0.0 0.0 0.9922879177377892 0.9974293059125964 0.994858611825193 1.24 0.07 
1 2 -0.0 0.0 0.47 0.64 0.33333333333333326 0.33333333333333326 0.333333333333333 30.0 0.94 
0 189 0.4459524223135379 0.222976211156769 -0.02 0.0 0.919354838709677 0.9838709677419354 0.951612903225806 0.24 0.09 
1 1 0.4811067080592432 0.300596867788392 0.04 0.05 0.9954853273137698 0.9954853273137698 0.99548532731377 895.47 0.16 
0 201 0.016424701198958662 0.00821235059947933 -0.0 0.0 0.9576837416481068 0.9977728285077953 0.977728285077951 0.05 0.0 
1 11 0.02133050528737909 0.0106652526436895 0.1 0.1 0.980392156862745 0.980392156862745 0.980392156862745 459.0 0.82 
0 36 -0.0 0.0 -0.0 0.0 0.9829545454545452 0.9971590909090908 0.990056818181818 0.02 0.0 
1 3 -0.0 0.0 0.0 0.0 1.0 1.0 1.0 0.0 0.0 
0 202 0.08256493803586597 0.041282469017933 0.0 0.01 1.0 0.6935483870967744 0.846774193548387 0.45 0.11 
1 122 0.04915006684960595 0.024575033424803 0.0 0.01 0.868995633187773 0.9956331877729256 0.932314410480349 13.32 0.14 
0 511 -0.0 0.0 -0.0 0.0 0.984126984126984 0.9931972789115646 0.988662131519274 0.05 0.01 
1 2 0.09699169411326156 0.0746337112309724 -0.0 0.0 1.0 1.0 1.0 0.05 0.01 
0 140 0.744230088684321 0.37211504434216 0.0 -0.0 1.0 0.7505330490405117 0.875266524520256 0.0 0.0 
1 2 0.666278442414676 0.666278442414676 0.25 0.67 1.0 1.0 1.0 26.0 0.9 
0 64 0.2835478929710348 0.247617718808675 -0.03 0.05 0.8870967741935483 0.9838709677419354 0.935483870967742 8.87 0.01 
1 6 0.08958725315521794 0.073993126337245 0.0 0.0 1.0 1.0 1.0 0.04 0.01 
0 336 -0.0 0.0 0.0 0.0 1.0 1.0 1.0 0.0 0.0 
1 42 0.017626642729371575 0.00881332136468579 0.18 0.25 0.9252336448598132 0.9275700934579442 0.926401869158878 413.58 1.81 
0 142 1.1443804040343335 0.572190202017167 -0.0 0.0 0.9971590909090908 0.9971590909090908 0.997159090909091 0.46 0.03 
1 4 0.7865364435085352 0.393268221754268 0.09 0.12 0.9728506787330315 0.9728506787330315 0.972850678733032 442.0 0.36 
0 129 0.9027866888675216 0.501436543929471 -0.06 0.03 0.724233983286908 0.9498607242339832 0.837047353760446 17.92 0.09 
1 5 0.020830638321723566 0.0104153191608618 0.04 0.04 0.9850746268656718 0.9914712153518124 0.988272921108742 266.27 0.43 
0 63 0.552705677980449 0.416237222305834 -0.08 0.04 1.0 0.9485714285714286 0.974285714285714 28.06 0.22 
1 25 0.8720635602136072 0.444515665699525 -0.01 0.0 0.2385542168674699 0.9975903614457832 0.618072289156626 0.63 0.0 
0 542 0.05755265252972321 0.0287763262648616 -0.0 0.0 0.984126984126984 0.9977324263038548 0.990929705215419 0.03 0.0 
1 14 0.08958725315521794 0.0709314907519506 0.0 0.0 1.0 1.0 1.0 0.04 0.01 
0 134 0.05755265252972321 0.0287763262648616 0.0 -0.0 1.0 0.984126984126984 0.992063492063492 0.0 0.0 
1 3 0.10434878616952079 0.0521743930847604 0.01 0.01 0.9979591836734693 0.9979591836734693 0.997959183673469 490.0 0.11 
0 205 0.666278442414676 0.333139221207338 -0.1 0.06 1.0 0.8846153846153846 0.942307692307692 2.12 0.47 
