1 47 -0.0 0.0 -0.0 0.0 1.0 0.6153846153846154 0.807692307692308 0.0 0.0 
0 232 0.3525425103487513 0.176271255174376 -0.08 0.14 1.0 0.6774193548387096 0.838709677419355 16.57 1.27 
1 2 -0.0 0.0 0.39 0.62 0.6935483870967744 0.6935483870967744 0.693548387096774 62.0 2.6 
0 289 0.09962338946616205 0.049811694733081 -0.12 0.11 0.6935483870967744 0.7903225806451613 0.741935483870968 14.57 1.31 
1 12 -0.0 0.0 0.3 0.36 0.8846153846153846 0.8846153846153846 0.884615384615385 26.0 2.14 
0 107 -0.0 0.0 -0.0 -0.0 1.0 0.9402985074626864 0.970149253731343 0.0 0.0 
1 5 0.020830638321723566 0.0104153191608618 0.04 0.04 0.9850746268656718 0.9914712153518124 0.988272921108742 266.27 0.43 
0 72 -0.0 0.0 -0.0 0.0 1.0 0.7083333333333334 0.854166666666667 0.0 0.0 
1 2 0.6846162778013049 0.342308138900652 0.15 0.36 0.8846153846153846 0.8846153846153846 0.884615384615385 26.0 0.82 
0 570 0.6108643020548936 0.384637436093342 -0.07 0.11 0.6666666666666665 0.9 0.783333333333333 5.27 0.61 
1 9 0.09503011725564632 0.0475150586278232 0.0 -0.0 1.0 1.0 1.0 0.0 0.0 
0 313 -0.0 0.0 0.0 0.0 1.0 0.9583333333333331 0.979166666666667 0.0 0.0 
1 5 0.052275728348683194 0.0522757283486832 -0.0 0.0 1.0 1.0 1.0 0.02 0.0 
0 90 -0.0 0.0 0.0 0.0 1.0 0.919354838709677 0.959677419354839 0.0 0.0 
1 270 0.08807751896196665 0.451853556096353 -0.01 0.04 0.7484662576687117 0.9846625766871167 0.866564417177914 30.7 0.2 
0 91 -0.0 0.0 0.0 0.0 1.0 1.0 1.0 0.0 0.0 
1 2 0.06894930739780505 0.15777508018186 0.26 0.3 0.9182389937106918 0.9266247379454928 0.922431865828092 1350.0 2.0 
0 15 -0.0 0.0 0.33 0.55 0.6774193548387096 0.6935483870967744 0.685483870967742 57.53 2.59 
1 614 0.042617471413436414 0.0310799043211172 0.0 0.01 0.837708830548926 0.9928400954653938 0.91527446300716 10.42 0.09 
0 22 0.08392577932363239 0.14549802776864 0.0 0.01 0.9918367346938776 0.9938775510204082 0.992857142857143 39.97 0.03 
1 6 -0.0 0.0 -0.0 -0.0 1.0 1.0 1.0 0.0 0.0 
0 134 -0.0 0.0 -0.0 0.0 1.0 0.5 0.75 0.0 0.0 
1 2 0.0251440699125892 0.0125720349562946 0.53 0.63 0.6761658031088082 0.6761658031088082 0.676165803108808 386.0 2.33 
0 349 0.4227090878059909 0.211354543902995 -0.0 0.0 1.0 0.8333333333333331 0.916666666666667 0.0 0.0 
1 148 0.8156295932307395 0.74694740234885 0.07 0.48 0.7484662576687117 0.8558282208588956 0.802147239263804 285.8 0.83 
0 29 0.36829683274766406 0.366255745024815 0.06 0.42 0.9354838709677415 0.9516129032258066 0.943548387096774 80.71 2.1 
1 18 0.5235346720440665 0.340972621087929 0.32 0.39 0.8666666666666668 0.9 0.883333333333333 30.0 1.75 
0 126 0.41011631828840894 0.744554263082996 -0.11 0.14 1.0 1.0 1.0 1.56 0.54 
1 1 -0.0 0.0 0.37 0.44 0.16 0.16 0.16 25.0 0.2 
0 41 0.30463609734923813 0.152318048674619 0.23 0.42 0.3076923076923077 0.42307692307692313 0.365384615384615 18.49 0.95 
1 1 0.4811067080592432 0.300596867788392 0.04 0.05 0.9954853273137698 0.9954853273137698 0.99548532731377 895.47 0.16 
0 231 -0.0 0.0 -0.0 0.0 0.9346590909090908 0.9886363636363636 0.961647727272727 0.28 0.03 
1 9 0.05602246986522343 0.0448156896337921 0.0 0.0 1.0 1.0 1.0 0.02 0.0 
0 340 -0.0 0.0 0.0 0.0 1.0 0.75 0.875 0.0 0.0 
1 23 0.056152199528602974 0.0560873346969132 -0.0 0.0 1.0 0.9972972972972972 0.998648648648649 0.03 0.0 
0 571 -0.0 0.0 0.0 -0.0 1.0 0.5555555555555555 0.777777777777778 0.0 0.0 
1 4 -0.0 0.0 0.31 0.55 0.7580645161290323 0.7580645161290323 0.758064516129032 62.0 2.49 
0 634 0.20297324940653716 0.165763284823874 -0.01 0.0 1.0 0.9953161592505854 0.997658079625293 0.79 0.06 
1 13 0.05839899951927197 0.0572755995239375 -0.0 0.0 1.0 0.9972972972972972 0.998648648648649 0.03 0.0 
0 67 0.6846162778013049 0.681904771896415 0.15 0.82 0.8846153846153846 0.9230769230769232 0.903846153846154 42.1 0.42 
1 226 0.6171448282578021 0.580437337832493 0.03 0.32 1.0 0.8835227272727273 0.941761363636364 378.52 1.7 
0 320 0.4391877418106727 0.219593870905336 0.0 -0.0 1.0 1.0 1.0 0.0 0.0 
1 10 -0.0 0.0 0.33 0.55 0.6774193548387096 0.6935483870967744 0.685483870967742 57.53 2.49 
0 4 -0.0 0.0 -0.0 -0.0 1.0 1.0 1.0 0.0 0.0 
1 42 0.017626642729371575 0.00881332136468579 0.18 0.25 0.9252336448598132 0.9275700934579442 0.926401869158878 413.58 1.81 
0 463 0.767183707147163 0.404132914371165 -0.1 0.03 0.909090909090909 0.940340909090909 0.924715909090909 23.34 0.27 
1 1 0.05839899951927197 0.0572107346922477 0.0 0.0 1.0 1.0 1.0 0.02 0.0 
0 251 0.6265544985250644 0.374684781030915 -0.07 0.08 0.8409090909090908 0.9602272727272728 0.900568181818182 189.05 0.22 
1 3 0.43686973210547814 0.270464027731018 0.04 0.05 1.0 0.940936863543788 0.970468431771894 144.91 0.55 
0 75 0.09962338946616205 0.049811694733081 0.04 0.28 0.7580645161290323 0.7903225806451613 0.774193548387097 37.44 2.08 
1 94 0.09165764788996307 0.0699766348366203 -0.0 0.0 1.0 0.9818181818181818 0.990909090909091 0.1 0.01 
0 355 -0.0 0.0 -0.06 0.18 0.6935483870967744 0.7580645161290323 0.725806451612903 22.68 1.54 
1 218 0.20297324940653716 0.101486624703269 0.0 -0.0 1.0 1.0 1.0 0.0 0.0 
0 46 0.8605109656798593 0.440321152056319 0.02 0.12 0.7321814254859611 0.9287257019438444 0.830453563714903 108.37 0.34 
1 4 0.8127245415610106 0.428086422879458 0.41 0.59 0.3391521197007481 0.3640897755610973 0.351620947630923 772.17 0.33 
0 2 0.31633518056330406 0.158167590281652 0.07 0.11 0.968397291196388 0.9729119638826184 0.970654627539503 377.95 0.74 
1 28 0.6822056867479602 0.602052179998817 0.05 0.2 0.9222462203023758 0.9546436285097192 0.938444924406048 472.98 0.93 
0 29 0.7453785846192588 0.74480433665179 0.36 0.94 0.7270788912579956 0.7505330490405117 0.738805970149254 846.5 0.41 
1 25 0.8720635602136072 0.444515665699525 -0.01 0.0 0.2385542168674699 0.9975903614457832 0.618072289156626 0.63 0.0 
0 590 -0.0 0.0 -0.0 0.0 1.0 0.625 0.8125 0.0 0.0 
1 9 0.05602246986522343 0.0541490991069533 0.0 0.0 1.0 1.0 1.0 0.02 0.0 
0 251 0.6265544985250644 0.374684781030915 -0.07 0.08 0.8409090909090908 0.9602272727272728 0.900568181818182 189.05 0.22 
1 8 0.0947607483566568 0.232756230915289 0.02 0.03 0.9678111587982832 0.9806866952789698 0.974248927038627 84.69 0.27 
0 75 0.6829081047004717 0.341454052350236 -0.0 0.0 1.0 1.0 1.0 0.0 0.0 
1 8 -0.0 0.0 0.12 0.12 0.9568034557235422 0.9676025917926566 0.962203023758099 343.37 1.04 
0 327 -0.0 0.0 0.0 -0.0 1.0 0.959731543624161 0.97986577181208 0.0 0.0 
1 4 0.7865364435085352 0.393268221754268 0.09 0.12 0.9728506787330315 0.9728506787330315 0.972850678733032 442.0 0.36 
0 205 0.4343460036066953 0.217173001803348 0.0 -0.0 1.0 1.0 1.0 0.0 0.0 
1 29 0.02253214392080778 0.0197499575531257 -0.0 0.01 0.7156626506024096 0.9975903614457832 0.856626506024096 5.06 0.1 
0 130 0.016967771185443552 0.0169502382819502 -0.0 0.0 1.0 0.9975903614457832 0.998795180722892 0.0 0.0 
1 6 -0.0 0.0 -0.0 -0.0 1.0 0.9936034115138594 0.99680170575693 0.0 0.0 
0 241 -0.0 0.0 -0.0 0.0 1.0 0.28571428571428564 0.642857142857143 0.0 0.0 
1 362 -0.0 0.0 -0.06 0.16 0.6774193548387096 0.7580645161290323 0.717741935483871 20.64 1.46 
0 43 0.34785640375170473 0.185701485425082 0.0 0.01 1.0 0.8581560283687942 0.929078014184397 12.47 0.09 
1 1 0.9277980308365658 1.27664305854078 0.26 0.8 0.7871396895787139 0.7871396895787139 0.787139689578714 1253.58 1.13 
0 260 0.6730116670092564 0.336505833504628 -0.03 0.04 0.5769230769230769 0.9615384615384615 0.769230769230769 1.96 0.24 
1 24 0.030372534777978206 0.0658985378330168 -0.0 0.0 0.972457627118644 0.9978813559322034 0.985169491525424 0.13 0.01 
0 85 0.36139458154547405 0.190687564634918 -0.01 0.0 0.9602272727272728 0.971590909090909 0.965909090909091 1.33 0.11 
1 2 0.666278442414676 0.666278442414676 0.25 0.67 1.0 1.0 1.0 26.0 0.9 
0 298 -0.0 0.0 0.0 -0.0 1.0 0.5628997867803837 0.781449893390192 0.0 0.0 
1 336 -0.0 0.0 -0.1 0.14 0.6774193548387096 0.8064516129032256 0.741935483870968 17.76 1.34 
0 190 0.9556998911125344 0.477849945556267 -0.2 0.2 1.0 0.28571428571428564 0.642857142857143 2.1 0.35 
1 182 -0.0 0.0 -0.0 0.0 1.0 0.7580645161290323 0.879032258064516 0.0 0.0 
0 119 -0.0 0.0 0.0 0.0 1.0 0.9166666666666664 0.958333333333333 0.0 0.0 
1 34 0.6171448282578021 0.308572414128901 -0.01 0.0 1.0 0.9886363636363636 0.994318181818182 0.88 0.06 
0 29 0.36829683274766406 0.366255745024815 0.06 0.42 0.9354838709677415 0.9516129032258066 0.943548387096774 80.71 2.1 
1 14 0.08958725315521794 0.0709314907519506 0.0 0.0 1.0 1.0 1.0 0.04 0.01 
0 182 0.038691590688165765 0.0302069226835085 -0.0 0.0 1.0 0.9402985074626864 0.970149253731343 0.2 0.02 
1 5 0.04131357294242817 0.0206567864712141 0.29 0.33 0.886153846153846 0.8892307692307693 0.887692307692308 315.12 2.04 
0 29 0.015529324822425987 0.007764662411213 0.13 0.15 0.9663157894736842 0.9663157894736842 0.966315789473684 475.0 1.12 
1 7 0.01652368182171168 0.00826184091085584 0.08 0.08 0.9838709677419354 0.9838709677419354 0.983870967741935 434.0 0.72 
0 271 -0.0 0.0 0.0 0.0 1.0 0.9 0.95 0.0 0.0 
1 7 0.09908391604753189 0.0495419580237659 0.04 0.04 0.9850746268656718 0.9914712153518124 0.988272921108742 266.27 0.37 
0 21 0.03555142101850777 0.0177757105092539 0.0 -0.0 1.0 0.8894601542416452 0.944730077120823 0.0 0.0 
1 31 -0.0 0.0 0.0 0.0 1.0 1.0 1.0 0.0 0.0 
0 522 0.5982695885852573 0.560902130314662 0.02 0.22 0.7 0.8666666666666668 0.783333333333333 11.43 0.13 
1 49 -0.0 0.0 0.0 0.0 1.0 1.0 1.0 0.0 0.0 
0 526 -0.0 0.0 0.0 -0.0 1.0 0.5555555555555555 0.777777777777778 0.0 0.0 
1 127 -0.0 0.0 0.11 0.46 0.5384615384615384 0.6153846153846154 0.576923076923077 18.96 1.68 
0 51 0.3724807184521906 0.328014305711613 0.01 0.25 0.919354838709677 0.9838709677419354 0.951612903225806 54.22 1.52 
1 65 -0.0 0.0 -0.0 -0.0 1.0 0.9958677685950412 0.997933884297521 0.0 0.0 
0 312 -0.0 0.0 -0.0 -0.0 1.0 0.9922879177377892 0.996143958868895 0.0 0.0 
1 19 0.08958725315521794 0.0728697263419105 -0.0 0.0 1.0 0.9972972972972972 0.998648648648649 0.06 0.01 
0 460 -0.0 0.0 -0.0 -0.0 1.0 1.0 1.0 0.0 0.0 
1 16 -0.0 0.0 0.33 0.55 0.6774193548387096 0.6935483870967744 0.685483870967742 57.53 2.39 
0 373 0.9743147528693494 0.487157376434675 0.0 0.22 1.0 0.75 0.875 2.67 0.86 
1 86 0.022727473318271005 0.0113637366591355 -0.0 -0.0 1.0 1.0 1.0 0.0 0.0 
0 321 0.9556998911125344 0.682908104700472 0.13 0.41 1.0 1.0 1.0 7.0 1.36 
1 3 0.0740225961475812 0.128824279468757 0.41 0.69 0.5590551181102362 0.5748031496062993 0.566929133858268 381.05 2.38 
0 140 0.6365141682948128 0.857753188086198 -0.11 0.48 1.0 0.4285714285714285 0.714285714285714 6.12 0.27 
1 4 0.01475818629482802 0.00737909314741401 0.01 0.01 1.0 0.9979466119096508 0.998973305954825 487.0 0.19 
0 176 0.019980547724361777 0.00999027386218089 -0.01 0.0 0.9346590909090908 0.971590909090909 0.953125 0.79 0.07 
1 61 0.0707680768797802 0.351225226630238 -0.0 0.0 1.0 0.997695852534562 0.998847926267281 3.17 0.0 
0 47 0.26552569572288004 0.13276284786144 0.0 -0.0 1.0 1.0 1.0 0.0 0.0 
1 316 -0.0 0.0 0.0 0.0 1.0 0.982142857142857 0.991071428571429 0.0 0.0 
0 246 0.9242647281309502 0.757435455187498 -0.04 0.32 0.8607954545454547 0.9602272727272728 0.910511363636364 673.21 0.89 
1 4 0.5297061990576545 0.439269147450343 -0.1 0.03 1.0 1.0 1.0 0.32 0.45 
0 197 -0.0 0.0 -0.0 -0.0 1.0 1.0 1.0 0.0 0.0 
1 723 0.1725612331626618 0.0862806165813309 -0.07 0.05 0.4568421052631578 0.9578947368421052 0.707368421052632 33.9 0.06 
0 52 0.4459524223135379 0.222976211156769 -0.03 0.29 0.6935483870967744 0.919354838709677 0.806451612903226 33.68 1.79 
1 4 0.09503011725564632 0.189490815924107 0.0 0.0 1.0 1.0 1.0 0.06 0.04 
0 292 0.09962338946616205 0.049811694733081 -0.12 0.11 0.6935483870967744 0.7903225806451613 0.741935483870968 14.57 1.31 
1 345 -0.0 0.0 -0.06 0.16 0.6774193548387096 0.7580645161290323 0.717741935483871 20.64 1.46 
0 10 -0.0 0.0 0.33 0.55 0.6774193548387096 0.6935483870967744 0.685483870967742 57.53 2.49 
1 2 0.09699169411326156 0.0746337112309724 -0.0 0.0 1.0 1.0 1.0 0.05 0.01 
0 14 -0.0 0.0 0.14 0.16 0.919354838709677 0.919354838709677 0.919354838709677 37.96 1.52 
1 35 1.6284102630552857 1.62546092371276 -0.02 0.51 0.7700348432055749 0.9895470383275262 0.879790940766551 325.24 0.19 
0 5 -0.0 0.0 0.47 0.64 0.33333333333333326 0.33333333333333326 0.333333333333333 30.0 0.88 
1 154 0.7244657079537894 0.362232853976895 0.0 -0.0 1.0 0.3264462809917356 0.663223140495868 0.0 0.0 
0 78 0.4459524223135379 0.222976211156769 -0.03 0.27 0.6774193548387096 0.919354838709677 0.798387096774194 31.25 1.71 
1 2 -0.0 0.0 0.47 0.64 0.33333333333333326 0.33333333333333326 0.333333333333333 30.0 0.94 
0 83 0.811739998691233 0.41363466175683 -0.03 0.08 0.943157894736842 0.9663157894736842 0.954736842105263 178.19 0.26 
1 6 0.08958725315521794 0.073993126337245 0.0 0.0 1.0 1.0 1.0 0.04 0.01 
0 108 0.7086824798712817 0.354341239935641 0.0 -0.0 1.0 0.9918367346938776 0.995918367346939 0.0 0.0 
1 20 0.8156295932307395 0.487087993037894 -0.0 0.08 0.7484662576687117 0.9785276073619632 0.863496932515337 53.37 0.31 
0 76 0.09908391604753189 0.0495419580237659 -0.0 0.0 0.9850746268656718 0.9936034115138594 0.989339019189765 0.09 0.01 
1 3 0.6601647680850746 0.591011175434611 0.13 0.3 0.8594470046082949 0.919354838709677 0.889400921658986 970.62 1.21 
0 294 -0.0 0.0 -0.0 -0.0 1.0 0.9948586118251928 0.997429305912596 0.0 0.0 
1 14 -0.0 0.0 0.33 0.55 0.6774193548387096 0.6935483870967744 0.685483870967742 57.53 2.59 
0 390 0.015979048625929488 0.00798952431296474 -0.01 0.0 0.921161825726141 0.9854771784232365 0.953319502074689 0.63 0.04 
1 265 0.3742549310896416 0.187127465544821 -0.03 0.02 0.7660668380462725 0.9974293059125964 0.881748071979434 15.62 0.69 
0 36 -0.0 0.0 0.0 -0.0 1.0 0.959731543624161 0.97986577181208 0.0 0.0 
1 14 0.5235346720440665 0.340972621087929 0.32 0.39 0.8666666666666668 0.9 0.883333333333333 30.0 1.75 
0 414 0.5437298474071837 0.271864923703592 -0.07 0.01 0.8835227272727273 0.9573863636363636 0.920454545454545 5.63 0.25 
1 3 -0.0 0.0 0.0 0.0 1.0 1.0 1.0 0.0 0.0 
0 163 0.3525425103487513 0.176271255174376 -0.06 0.19 1.0 0.7580645161290323 0.879032258064516 24.72 1.44 
1 5 -0.0 0.0 0.06 0.41 0.8571428571428571 0.8571428571428571 0.857142857142857 7.0 2.49 
0 963 -0.0 0.0 0.0 -0.0 1.0 0.5555555555555555 0.777777777777778 0.0 0.0 
1 1 -0.0 0.0 0.39 0.62 0.6935483870967744 0.6935483870967744 0.693548387096774 62.0 2.6 
0 303 0.20161353588532901 0.100806767942664 -0.01 0.0 1.0 0.959731543624161 0.97986577181208 0.62 0.06 
1 8 0.016424701198958662 0.00821235059947933 0.12 0.12 0.9728506787330315 0.9728506787330315 0.972850678733032 442.0 1.0 
0 251 0.2489102793527851 0.134445413538573 -0.0 0.02 0.875 0.971590909090909 0.923295454545455 22.07 0.15 
1 3 -0.0 0.0 0.0 0.0 1.0 1.0 1.0 0.0 0.0 
0 18 0.18260975257337433 0.153179772883904 0.01 0.01 1.0 1.0 1.0 17.11 0.09 
1 3 -0.0 0.0 0.0 0.0 1.0 1.0 1.0 0.0 0.0 
0 144 0.3912841618051373 0.297128705605837 0.08 0.11 1.0 0.9976580796252928 0.998829039812646 249.26 0.95 
1 4 0.7865364435085352 0.401480572353747 0.08 0.13 0.9728506787330315 0.9728506787330315 0.972850678733032 442.51 0.33 
0 379 0.22339584570806661 0.865054920605965 -0.1 0.15 0.9136069114470842 0.9676025917926566 0.94060475161987 588.39 0.33 
1 1 -0.0 0.0 0.19 0.69 0.5555555555555555 0.5555555555555555 0.555555555555556 9.0 1.98 
0 270 0.6829081047004717 0.341454052350236 -0.1 0.33 1.0 0.28571428571428564 0.642857142857143 3.73 0.59 
1 24 0.16245281571443987 0.14550577947865 -0.01 0.02 0.916083916083916 0.9976689976689976 0.956876456876457 46.4 0.05 
0 115 -0.0 0.0 -0.0 0.0 1.0 0.8311688311688312 0.915584415584416 0.0 0.0 
1 3 -0.0 0.0 -0.0 -0.0 1.0 1.0 1.0 0.0 0.0 
0 72 0.9556998911125344 0.776984739848896 -0.13 0.2 1.0 1.0 1.0 2.1 0.88 
1 232 0.08627855491407438 0.0975485355458968 0.0 0.02 0.7084337349397591 0.9927710843373492 0.850602409638554 81.26 0.09 
0 190 0.3525425103487513 0.176271255174376 -0.08 0.15 1.0 0.6935483870967744 0.846774193548387 17.86 1.26 
1 33 0.030372534777978206 0.0228364363705995 -0.0 0.0 0.9894067796610168 0.9978813559322034 0.99364406779661 0.04 0.0 
0 151 0.08256493803586597 0.264258680174702 -0.0 0.0 1.0 0.919354838709677 0.959677419354839 0.24 0.08 
1 3 -0.0 0.0 0.0 0.0 1.0 1.0 1.0 0.0 0.0 
0 2 0.4905286033068502 0.308378935864695 0.42 0.53 0.5814977973568282 0.5925110132158591 0.587004405286344 392.32 1.54 
1 4 0.0947607483566568 0.0769695270739669 0.09 0.1 0.9806866952789698 0.982832618025751 0.981759656652361 445.71 0.81 
0 104 0.09651393728015299 0.0482569686400765 -0.0 -0.0 1.0 1.0 1.0 0.0 0.0 
1 22 -0.0 0.0 0.31 0.55 0.7580645161290323 0.7580645161290323 0.758064516129032 62.0 2.49 
0 405 0.5906061822440456 0.567168014825615 -0.06 0.27 0.8835227272727273 0.9602272727272728 0.921875 350.94 1.21 
1 240 0.8547011249697178 0.427350562484859 -0.02 0.0 0.9795918367346939 0.982142857142857 0.980867346938775 1.6 0.02 
0 15 0.3563409206018685 0.319944406786452 0.09 0.29 0.9838709677419354 0.9838709677419354 0.983870967741935 104.7 1.89 
1 1 0.07093518297335139 0.0616054556610173 0.0 0.0 1.0 1.0 1.0 0.03 0.0 
0 5 -0.0 0.0 0.39 0.62 0.6935483870967744 0.6935483870967744 0.693548387096774 62.0 2.5 
1 122 0.04915006684960595 0.024575033424803 0.0 0.01 0.868995633187773 0.9956331877729256 0.932314410480349 13.32 0.14 
0 83 0.05541603260088809 0.027708016300444 -0.0 -0.0 1.0 1.0 1.0 0.0 0.0 
1 3 -0.0 0.0 -0.0 -0.0 1.0 1.0 1.0 0.0 0.0 
0 50 0.24610920772326714 0.123054603861634 -0.0 0.0 1.0 0.9966442953020132 0.998322147651007 0.07 0.01 
1 68 0.3269547847215813 0.163477392360791 -0.01 0.01 0.9481865284974093 0.9870466321243522 0.967616580310881 3.79 0.05 
0 22 0.5543870569631909 0.300165181340744 -0.02 0.03 0.945823927765237 0.9729119638826184 0.959367945823928 68.3 0.28 
1 3 0.10434878616952079 0.0521743930847604 0.01 0.01 0.9979591836734693 0.9979591836734693 0.997959183673469 490.0 0.11 
0 159 0.7558148632822626 0.377907431641131 -0.0 0.0 0.9897330595482546 0.9979466119096508 0.993839835728953 0.33 0.02 
1 8 0.022727473318271005 0.022727473318271 -0.0 0.0 1.0 1.0 1.0 0.0 0.0 
0 45 0.2429149548905317 0.23801582662383 -0.14 0.01 0.7720090293453724 0.8871331828442438 0.829571106094808 11.63 0.08 
1 5 -0.0 0.0 0.3 0.5 0.8008658008658008 0.8008658008658008 0.800865800865801 462.0 2.56 
0 57 0.4459524223135379 0.222976211156769 -0.03 0.29 0.6935483870967744 0.919354838709677 0.806451612903226 33.68 1.86 
1 4 -0.0 0.0 0.0 0.0 1.0 1.0 1.0 0.0 0.0 
0 223 0.34883209584303193 0.174416047921516 0.07 0.19 1.0 0.7777777777777779 0.888888888888889 3.94 1.6 
1 11 0.02133050528737909 0.0106652526436895 0.1 0.1 0.980392156862745 0.980392156862745 0.980392156862745 459.0 0.82 
0 433 0.7530888342556183 0.526384968733881 -0.01 0.18 0.5183585313174947 0.9330453563714904 0.725701943844492 361.17 0.03 
1 5 -0.0 0.0 0.07 0.08 0.9854771784232365 0.9854771784232365 0.985477178423237 482.0 0.65 
0 49 0.9556998911125344 0.477849945556267 -0.0 0.0 1.0 1.0 1.0 0.0 0.0 
1 179 1.7983316181241153 0.899165809062058 0.0 -0.0 1.0 0.9628099173553722 0.981404958677686 0.0 0.0 
0 5 0.20297324940653716 0.101486624703269 0.0 -0.0 1.0 1.0 1.0 0.0 0.0 
1 43 -0.0 0.0 0.0 0.0 1.0 1.0 1.0 0.0 0.0 
0 124 0.9632492517543758 0.481624625877188 -0.08 0.12 1.0 0.846153846153846 0.923076923076923 4.73 0.6 
