1 4 -0.0 0.0 0.31 0.55 0.7580645161290323 0.7580645161290323 0.758064516129032 62.0 2.49 
0 90 1.266536818067726 0.633268409033863 0.0 -0.0 1.0 0.9953051643192488 0.997652582159624 0.0 0.0 
1 16 -0.0 0.0 0.33 0.55 0.6774193548387096 0.6935483870967744 0.685483870967742 57.53 2.39 
0 192 0.40067165339847227 0.200335826699236 -0.04 0.0 0.9573863636363636 0.9914772727272728 0.974431818181818 1.51 0.11 
1 4 0.0947607483566568 0.0769695270739669 0.09 0.1 0.9806866952789698 0.982832618025751 0.981759656652361 445.71 0.81 
0 222 0.7065442778104265 0.361600967762635 -0.04 0.02 1.0 0.8905263157894738 0.945263157894737 14.94 0.04 
1 29 0.02253214392080778 0.0197499575531257 -0.0 0.01 0.7156626506024096 0.9975903614457832 0.856626506024096 5.06 0.1 
0 626 -0.0 0.0 0.0 -0.0 1.0 0.984126984126984 0.992063492063492 0.0 0.0 
1 2 0.666278442414676 0.666278442414676 0.25 0.67 1.0 1.0 1.0 26.0 0.9 
0 137 0.4319626568589969 0.223603434945326 0.01 0.01 1.0 0.9914712153518124 0.995735607675906 28.37 0.08 
1 5 0.04131357294242817 0.0206567864712141 0.29 0.33 0.886153846153846 0.8892307692307693 0.887692307692308 315.12 2.04 
0 72 0.4459524223135379 0.222976211156769 -0.03 0.27 0.6774193548387096 0.919354838709677 0.798387096774194 31.25 1.78 
1 22 -0.0 0.0 0.31 0.55 0.7580645161290323 0.7580645161290323 0.758064516129032 62.0 2.49 
0 93 0.5629596827693085 0.281479841384654 -0.0 0.0 1.0 0.9971590909090908 0.998579545454545 0.19 0.02 
1 232 0.08627855491407438 0.0975485355458968 0.0 0.02 0.7084337349397591 0.9927710843373492 0.850602409638554 81.26 0.09 
0 83 0.4227791099849751 0.802184676573981 0.07 0.21 0.9913606911447084 0.9956803455723539 0.993520518358531 358.01 0.53 
1 226 0.6171448282578021 0.580437337832493 0.03 0.32 1.0 0.8835227272727273 0.941761363636364 378.52 1.7 
0 48 0.8646777734057377 0.432338886702869 -0.16 0.03 0.7607223476297968 0.8893905191873588 0.825056433408578 22.43 0.23 
1 345 -0.0 0.0 -0.06 0.16 0.6774193548387096 0.7580645161290323 0.717741935483871 20.64 1.46 
0 218 -0.0 0.0 0.0 0.0 1.0 0.9978165938864628 0.998908296943231 0.0 0.0 
1 3 0.43686973210547814 0.270464027731018 0.04 0.05 1.0 0.940936863543788 0.970468431771894 144.91 0.55 
0 496 -0.0 0.0 0.0 -0.0 1.0 0.6666666666666665 0.833333333333333 0.0 0.0 
1 7 0.09908391604753189 0.0495419580237659 0.04 0.04 0.9850746268656718 0.9914712153518124 0.988272921108742 266.27 0.37 
0 368 -0.0 0.0 -0.06 0.16 0.6774193548387096 0.7580645161290323 0.717741935483871 20.64 1.57 
1 3 0.0740225961475812 0.128824279468757 0.41 0.69 0.5590551181102362 0.5748031496062993 0.566929133858268 381.05 2.38 
0 176 0.04108212159516753 0.0205410607975838 -0.0 0.0 0.940340909090909 0.9971590909090908 0.96875 0.07 0.01 
1 148 0.8156295932307395 0.74694740234885 0.07 0.48 0.7484662576687117 0.8558282208588956 0.802147239263804 285.8 0.83 
0 126 0.41011631828840894 0.744554263082996 -0.11 0.14 1.0 1.0 1.0 1.56 0.54 
1 2 0.6846162778013049 0.342308138900652 0.15 0.36 0.8846153846153846 0.8846153846153846 0.884615384615385 26.0 0.82 
0 55 0.9556998911125344 0.979971182083305 -0.04 0.41 1.0 1.0 1.0 4.67 0.35 
1 8 0.0947607483566568 0.232756230915289 0.02 0.03 0.9678111587982832 0.9806866952789698 0.974248927038627 84.69 0.27 
0 69 0.09908391604753189 0.0837791814182332 -0.0 0.0 1.0 0.9850746268656718 0.992537313432836 0.17 0.01 
1 362 -0.0 0.0 -0.06 0.16 0.6774193548387096 0.7580645161290323 0.717741935483871 20.64 1.46 
0 386 0.27384907245785556 0.213814380066638 -0.01 0.0 1.0 0.9229024943310656 0.961451247165533 2.15 0.11 
1 3 -0.0 0.0 0.0 0.0 1.0 1.0 1.0 0.0 0.0 
0 766 0.3912841618051373 0.204090977985436 -0.01 0.0 0.97423887587822 0.9976580796252928 0.985948477751756 1.93 0.01 
1 3 -0.0 0.0 0.0 0.0 1.0 1.0 1.0 0.0 0.0 
0 5 -0.0 0.0 0.33 0.55 0.6774193548387096 0.6935483870967744 0.685483870967742 57.53 2.59 
1 122 0.04915006684960595 0.024575033424803 0.0 0.01 0.868995633187773 0.9956331877729256 0.932314410480349 13.32 0.14 
0 60 0.40067165339847227 0.200335826699236 -0.01 0.0 0.9829545454545452 0.9914772727272728 0.987215909090909 0.59 0.05 
1 75 0.09699169411326156 0.0765719468209323 -0.0 0.0 1.0 0.9972972972972972 0.998648648648649 0.07 0.01 
0 20 -0.0 0.0 -0.0 -0.0 1.0 1.0 1.0 0.0 0.0 
1 5 0.052275728348683194 0.0522757283486832 -0.0 0.0 1.0 1.0 1.0 0.02 0.0 
0 222 0.08256493803586597 0.041282469017933 0.0 0.01 1.0 0.6774193548387096 0.838709677419355 0.48 0.12 
1 316 -0.0 0.0 0.0 0.0 1.0 0.982142857142857 0.991071428571429 0.0 0.0 
0 231 -0.0 0.0 -0.0 -0.0 1.0 1.0 1.0 0.0 0.0 
1 6 0.08958725315521794 0.073993126337245 0.0 0.0 1.0 1.0 1.0 0.04 0.01 
0 304 0.664316082500306 0.463886034414157 0.0 0.04 0.938496583143508 0.9817767653758542 0.960136674259681 86.45 0.0 
1 182 -0.0 0.0 -0.0 0.0 1.0 0.7580645161290323 0.879032258064516 0.0 0.0 
0 284 0.7558148632822626 0.415531586697501 0.01 0.01 1.0 0.9897330595482546 0.994866529774127 31.29 0.06 
1 61 0.0707680768797802 0.351225226630238 -0.0 0.0 1.0 0.997695852534562 0.998847926267281 3.17 0.0 
0 284 -0.0 0.0 0.0 -0.0 1.0 0.984126984126984 0.992063492063492 0.0 0.0 
1 3 0.10434878616952079 0.0521743930847604 0.01 0.01 0.9979591836734693 0.9979591836734693 0.997959183673469 490.0 0.11 
0 123 0.5906061822440456 0.295303091122023 -0.02 0.0 0.9602272727272728 0.9829545454545452 0.971590909090909 1.23 0.09 
1 2 -0.0 0.0 0.47 0.64 0.33333333333333326 0.33333333333333326 0.333333333333333 30.0 0.94 
0 90 -0.0 0.0 -0.0 -0.0 1.0 1.0 1.0 0.0 0.0 
1 4 0.5297061990576545 0.439269147450343 -0.1 0.03 1.0 1.0 1.0 0.32 0.45 
0 4 0.09650896073594732 0.0482544803679737 0.0 -0.0 1.0 0.9807692307692306 0.990384615384615 0.0 0.0 
1 2 0.09699169411326156 0.0746337112309724 -0.0 0.0 1.0 1.0 1.0 0.05 0.01 
0 143 0.3894087389731746 0.194704369486587 -0.0 0.0 1.0 0.9966442953020132 0.998322147651007 0.12 0.01 
1 47 -0.0 0.0 -0.0 0.0 1.0 0.6153846153846154 0.807692307692308 0.0 0.0 
0 256 0.031746149071385094 0.0158730745356926 -0.0 0.0 1.0 0.9542168674698795 0.97710843373494 0.0 0.0 
1 86 0.022727473318271005 0.0113637366591355 -0.0 -0.0 1.0 1.0 1.0 0.0 0.0 
0 5 0.09425882789422867 0.46102293457214 0.03 0.07 0.9938271604938274 0.9938271604938274 0.993827160493827 895.1 0.12 
1 7 0.01652368182171168 0.00826184091085584 0.08 0.08 0.9838709677419354 0.9838709677419354 0.983870967741935 434.0 0.72 
0 109 0.0628093679942407 0.293017643289073 0.04 0.05 0.989795918367347 0.997448979591837 0.993622448979592 312.01 0.29 
1 20 0.8156295932307395 0.487087993037894 -0.0 0.08 0.7484662576687117 0.9785276073619632 0.863496932515337 53.37 0.31 
0 18 -0.0 0.0 0.03 0.04 0.9863945578231293 0.9886621315192744 0.987528344671202 233.04 0.46 
1 270 0.08807751896196665 0.451853556096353 -0.01 0.04 0.7484662576687117 0.9846625766871167 0.866564417177914 30.7 0.2 
0 267 0.09425882789422867 0.222767721617823 0.0 0.02 0.8045267489711933 0.9938271604938274 0.89917695473251 40.53 0.12 
1 2 -0.0 0.0 0.39 0.62 0.6935483870967744 0.6935483870967744 0.693548387096774 62.0 2.6 
0 363 0.113231477318365 0.0566157386591825 -0.0 -0.0 1.0 0.9938775510204082 0.996938775510204 0.0 0.0 
1 614 0.042617471413436414 0.0310799043211172 0.0 0.01 0.837708830548926 0.9928400954653938 0.91527446300716 10.42 0.09 
0 1429 -0.0 0.0 0.0 0.0 1.0 1.0 1.0 0.0 0.0 
1 240 0.8547011249697178 0.427350562484859 -0.02 0.0 0.9795918367346939 0.982142857142857 0.980867346938775 1.6 0.02 
0 94 0.32967376365612366 0.251900712954619 -0.06 0.03 0.6930022573363432 0.9751693002257336 0.834085778781038 64.22 0.09 
1 34 0.6171448282578021 0.308572414128901 -0.01 0.0 1.0 0.9886363636363636 0.994318181818182 0.88 0.06 
0 5 0.18260975257337433 0.0913048762866872 -0.0 0.0 1.0 0.9972972972972972 0.998648648648649 0.03 0.0 
1 1 -0.0 0.0 0.37 0.44 0.16 0.16 0.16 25.0 0.2 
0 375 0.627941588739906 0.313970794369953 -0.1 0.07 0.8666666666666668 0.9333333333333332 0.9 2.67 0.6 
1 3 -0.0 0.0 0.0 0.0 1.0 1.0 1.0 0.0 0.0 
0 53 0.022596852566469688 0.0112984262832349 0.02 0.02 0.9932885906040269 0.9966442953020132 0.99496644295302 148.5 0.22 
1 49 -0.0 0.0 0.0 0.0 1.0 1.0 1.0 0.0 0.0 
0 646 0.016657657714843028 0.0161373765721996 -0.01 0.01 0.8905263157894738 0.96 0.925263157894737 2.62 0.12 
1 5 0.020830638321723566 0.0104153191608618 0.04 0.04 0.9850746268656718 0.9914712153518124 0.988272921108742 266.27 0.43 
0 121 -0.0 0.0 -0.14 0.01 0.5384615384615384 0.8076923076923077 0.673076923076923 0.48 0.29 
1 1 0.05839899951927197 0.0572107346922477 0.0 0.0 1.0 1.0 1.0 0.02 0.0 
0 237 -0.0 0.0 -0.0 -0.0 1.0 0.9976580796252928 0.998829039812646 0.0 0.0 
1 19 0.08958725315521794 0.0728697263419105 -0.0 0.0 1.0 0.9972972972972972 0.998648648648649 0.06 0.01 
0 140 0.7498710324173952 0.388528303781775 -0.04 0.02 0.9834710743801652 0.9896694214876034 0.986570247933884 16.57 0.15 
1 13 0.05839899951927197 0.0572755995239375 -0.0 0.0 1.0 0.9972972972972972 0.998648648648649 0.03 0.0 
0 150 -0.0 0.0 -0.0 0.0 1.0 0.6935483870967744 0.846774193548387 0.0 0.0 
1 3 -0.0 0.0 0.0 0.0 1.0 1.0 1.0 0.0 0.0 
0 326 -0.0 0.0 0.0 -0.0 1.0 0.981859410430839 0.99092970521542 0.0 0.0 
1 4 0.7865364435085352 0.393268221754268 0.09 0.12 0.9728506787330315 0.9728506787330315 0.972850678733032 442.0 0.36 
0 40 0.021722254678851236 0.0108611273394256 -0.0 -0.0 1.0 0.9402985074626864 0.970149253731343 0.0 0.0 
1 23 0.056152199528602974 0.0560873346969132 -0.0 0.0 1.0 0.9972972972972972 0.998648648648649 0.03 0.0 
0 163 0.3767701612564368 0.362801128549734 0.17 0.35 1.0 0.8888888888888888 0.944444444444444 9.0 1.67 
1 14 0.5235346720440665 0.340972621087929 0.32 0.39 0.8666666666666668 0.9 0.883333333333333 30.0 1.75 
0 613 0.022083380117043378 0.0110416900585217 0.0 -0.0 1.0 0.981859410430839 0.99092970521542 0.0 0.0 
1 4 -0.0 0.0 0.0 0.0 1.0 1.0 1.0 0.0 0.0 
0 608 0.03555142101850777 0.0970996510368839 -0.02 0.02 0.7908163265306124 0.8826530612244897 0.836734693877551 18.58 0.15 
1 1 0.4811067080592432 0.300596867788392 0.04 0.05 0.9954853273137698 0.9954853273137698 0.99548532731377 895.47 0.16 
0 5 0.7569669131450216 0.687055870701412 0.19 0.46 1.0 1.0 1.0 410.04 2.72 
1 127 -0.0 0.0 0.11 0.46 0.5384615384615384 0.6153846153846154 0.576923076923077 18.96 1.68 
0 127 -0.0 0.0 0.01 0.4 0.625 0.7083333333333334 0.666666666666667 16.47 2.22 
1 33 0.030372534777978206 0.0228364363705995 -0.0 0.0 0.9894067796610168 0.9978813559322034 0.99364406779661 0.04 0.0 
0 30 0.4069970308852762 0.203498515442638 -0.0 0.0 1.0 0.9028571428571428 0.951428571428571 0.0 0.0 
1 42 0.017626642729371575 0.00881332136468579 0.18 0.25 0.9252336448598132 0.9275700934579442 0.926401869158878 413.58 1.81 
0 250 -0.0 0.0 -0.01 0.01 0.6774193548387096 0.9838709677419354 0.830645161290323 0.48 0.12 
1 94 0.09165764788996307 0.0699766348366203 -0.0 0.0 1.0 0.9818181818181818 0.990909090909091 0.1 0.01 
0 81 0.44207440763758493 0.758979944625378 0.05 0.24 0.929078014184397 0.9468085106382979 0.937943262411348 324.79 0.57 
1 9 0.05602246986522343 0.0448156896337921 0.0 0.0 1.0 1.0 1.0 0.02 0.0 
0 605 0.8311930354637374 0.415596517731869 -0.04 0.13 0.3136842105263158 0.9684210526315788 0.641052631578947 90.73 0.4 
1 9 0.09503011725564632 0.0475150586278232 0.0 -0.0 1.0 1.0 1.0 0.0 0.0 
0 123 -0.0 0.0 -0.0 -0.0 1.0 1.0 1.0 0.0 0.0 
1 1 -0.0 0.0 0.39 0.62 0.6935483870967744 0.6935483870967744 0.693548387096774 62.0 2.6 
0 336 0.41011631828840894 0.744554263082996 -0.12 0.14 1.0 1.0 1.0 1.56 0.55 
1 9 0.05602246986522343 0.0541490991069533 0.0 0.0 1.0 1.0 1.0 0.02 0.0 
0 134 0.05755265252972321 0.0287763262648616 0.0 -0.0 1.0 0.984126984126984 0.992063492063492 0.0 0.0 
1 8 0.016424701198958662 0.00821235059947933 0.12 0.12 0.9728506787330315 0.9728506787330315 0.972850678733032 442.0 1.0 
0 7 0.01470621533103594 0.00735310766551797 0.01 0.01 0.9979591836734693 0.9979591836734693 0.997959183673469 490.0 0.16 
1 18 0.5235346720440665 0.340972621087929 0.32 0.39 0.8666666666666668 0.9 0.883333333333333 30.0 1.75 
0 259 -0.0 0.0 -0.0 -0.0 1.0 0.9979591836734693 0.998979591836735 0.0 0.0 
1 1 -0.0 0.0 0.19 0.69 0.5555555555555555 0.5555555555555555 0.555555555555556 9.0 1.98 
0 4 0.8646777734057377 0.548897235881433 0.31 0.57 0.7607223476297968 0.7720090293453724 0.766365688487585 1010.55 1.35 
1 43 -0.0 0.0 0.0 0.0 1.0 1.0 1.0 0.0 0.0 
0 293 0.12855332024121083 0.0642766601206054 -0.0 -0.0 1.0 0.9953161592505854 0.997658079625293 0.0 0.0 
1 11 0.02133050528737909 0.0106652526436895 0.1 0.1 0.980392156862745 0.980392156862745 0.980392156862745 459.0 0.82 
0 270 0.649987881991324 0.500632248666371 -0.16 0.03 0.8045267489711933 0.9876543209876544 0.896090534979424 16.55 0.15 
1 68 0.3269547847215813 0.163477392360791 -0.01 0.01 0.9481865284974093 0.9870466321243522 0.967616580310881 3.79 0.05 
0 1 -0.0 0.0 0.02 0.02 0.9966442953020132 0.9966442953020132 0.996644295302013 298.0 0.23 
1 2 0.06894930739780505 0.15777508018186 0.26 0.3 0.9182389937106918 0.9266247379454928 0.922431865828092 1350.0 2.0 
0 53 0.21168754464631545 0.105843772323158 0.12 0.22 0.6774193548387096 0.8870967741935483 0.782258064516129 25.04 1.7 
1 14 0.08958725315521794 0.0709314907519506 0.0 0.0 1.0 1.0 1.0 0.04 0.01 
0 273 -0.0 0.0 -0.0 -0.0 1.0 1.0 1.0 0.0 0.0 
1 336 -0.0 0.0 -0.1 0.14 0.6774193548387096 0.8064516129032256 0.741935483870968 17.76 1.34 
0 71 -0.0 0.0 0.0 0.0 1.0 0.9583333333333331 0.979166666666667 0.0 0.0 
1 154 0.7244657079537894 0.362232853976895 0.0 -0.0 1.0 0.3264462809917356 0.663223140495868 0.0 0.0 
0 156 0.3525425103487513 0.176271255174376 -0.06 0.0 1.0 0.919354838709677 0.959677419354839 0.41 0.16 
1 5 -0.0 0.0 0.06 0.41 0.8571428571428571 0.8571428571428571 0.857142857142857 7.0 2.49 
0 105 0.8171336440703532 0.495604915763177 -0.01 0.07 0.976689976689977 0.9976689976689976 0.987179487179487 595.28 0.0 
1 5 -0.0 0.0 0.07 0.08 0.9854771784232365 0.9854771784232365 0.985477178423237 482.0 0.65 
0 76 -0.0 0.0 -0.0 -0.0 1.0 1.0 1.0 0.0 0.0 
1 14 -0.0 0.0 0.33 0.55 0.6774193548387096 0.6935483870967744 0.685483870967742 57.53 2.59 
0 9 -0.0 0.0 0.33 0.55 0.6774193548387096 0.6935483870967744 0.685483870967742 57.53 2.49 
1 179 1.7983316181241153 0.899165809062058 0.0 -0.0 1.0 0.9628099173553722 0.981404958677686 0.0 0.0 
0 379 0.1182332903886191 0.0591166451943096 -0.01 0.0 0.9585253456221196 0.988479262672811 0.973502304147465 0.67 0.05 
1 218 0.20297324940653716 0.101486624703269 0.0 -0.0 1.0 1.0 1.0 0.0 0.0 
0 80 0.6867648001858452 0.343382400092923 -0.0 0.0 1.0 1.0 1.0 0.0 0.0 
1 4 0.7865364435085352 0.401480572353747 0.08 0.13 0.9728506787330315 0.9728506787330315 0.972850678733032 442.51 0.33 
0 413 0.5437298474071837 0.333272455471975 -0.1 0.04 0.8835227272727273 0.9602272727272728 0.921875 44.1 0.06 
1 65 -0.0 0.0 -0.0 -0.0 1.0 0.9958677685950412 0.997933884297521 0.0 0.0 
0 237 0.4337626359979511 0.293129417913016 0.08 0.14 1.0 0.9488636363636364 0.974431818181818 704.0 0.65 
1 1 0.9277980308365658 1.27664305854078 0.26 0.8 0.7871396895787139 0.7871396895787139 0.787139689578714 1253.58 1.13 
0 125 -0.0 0.0 -0.0 -0.0 1.0 1.0 1.0 0.0 0.0 
1 723 0.1725612331626618 0.0862806165813309 -0.07 0.05 0.4568421052631578 0.9578947368421052 0.707368421052632 33.9 0.06 
0 310 0.04108212159516753 0.695540816661695 -0.02 0.09 0.8352272727272727 0.940340909090909 0.887784090909091 421.01 0.24 
1 4 0.09503011725564632 0.189490815924107 0.0 0.0 1.0 1.0 1.0 0.06 0.04 
0 242 0.04163356109268336 0.0359203557436878 -0.0 0.0 1.0 0.9793388429752063 0.989669421487603 0.08 0.01 
1 28 0.6822056867479602 0.602052179998817 0.05 0.2 0.9222462203023758 0.9546436285097192 0.938444924406048 472.98 0.93 
0 98 0.6265544985250644 0.437732388938925 -0.01 0.26 0.8409090909090908 0.875 0.857954545454545 262.57 1.84 
1 6 -0.0 0.0 -0.0 -0.0 1.0 0.9936034115138594 0.99680170575693 0.0 0.0 
0 243 0.3269974743901718 0.163498737195086 0.0 -0.0 1.0 0.9342403628117912 0.967120181405896 0.0 0.0 
1 6 -0.0 0.0 -0.0 -0.0 1.0 1.0 1.0 0.0 0.0 
0 310 0.9556998911125344 0.819303997906503 -0.13 0.29 1.0 1.0 1.0 2.92 0.12 
1 24 0.030372534777978206 0.0658985378330168 -0.0 0.0 0.972457627118644 0.9978813559322034 0.985169491525424 0.13 0.01 
0 64 -0.0 0.0 -0.0 0.0 0.959731543624161 0.9966442953020132 0.978187919463087 0.04 0.01 
1 3 0.6601647680850746 0.591011175434611 0.13 0.3 0.8594470046082949 0.919354838709677 0.889400921658986 970.62 1.21 
0 117 -0.0 0.0 -0.0 0.0 0.9402985074626864 0.9936034115138594 0.966950959488273 0.19 0.02 
1 5 -0.0 0.0 0.3 0.5 0.8008658008658008 0.8008658008658008 0.800865800865801 462.0 2.56 
0 151 0.6791932659915256 0.672735854203101 0.16 0.67 1.0 0.9230769230769232 0.961538461538462 26.0 0.38 
1 31 -0.0 0.0 0.0 0.0 1.0 1.0 1.0 0.0 0.0 
0 39 -0.0 0.0 -0.0 -0.0 1.0 1.0 1.0 0.0 0.0 
1 4 0.01475818629482802 0.00737909314741401 0.01 0.01 1.0 0.9979466119096508 0.998973305954825 487.0 0.19 
0 56 0.08256493803586597 0.041282469017933 0.0 0.0 1.0 1.0 1.0 0.0 0.0 
1 2 0.0251440699125892 0.0125720349562946 0.53 0.63 0.6761658031088082 0.6761658031088082 0.676165803108808 386.0 2.33 
0 30 0.8605109656798593 0.806799899967739 0.06 0.44 0.5183585313174947 0.9287257019438444 0.72354211663067 602.26 0.02 
1 10 -0.0 0.0 0.33 0.55 0.6774193548387096 0.6935483870967744 0.685483870967742 57.53 2.49 
0 355 0.9556998911125344 0.776984739848896 -0.2 0.2 1.0 1.0 1.0 2.1 1.32 
1 8 -0.0 0.0 0.12 0.12 0.9568034557235422 0.9676025917926566 0.962203023758099 343.37 1.04 
0 53 0.3724807184521906 0.186240359226095 -0.02 0.29 0.6935483870967744 0.919354838709677 0.806451612903226 33.68 1.92 
1 4 0.8127245415610106 0.428086422879458 0.41 0.59 0.3391521197007481 0.3640897755610973 0.351620947630923 772.17 0.33 
0 83 0.05541603260088809 0.027708016300444 -0.0 -0.0 1.0 1.0 1.0 0.0 0.0 
1 12 -0.0 0.0 0.3 0.36 0.8846153846153846 0.8846153846153846 0.884615384615385 26.0 2.14 
0 187 0.3525425103487513 0.176271255174376 -0.08 0.15 1.0 0.6935483870967744 0.846774193548387 17.86 1.26 
1 3 -0.0 0.0 -0.0 -0.0 1.0 1.0 1.0 0.0 0.0 
0 368 -0.0 0.0 -0.06 0.16 0.6774193548387096 0.7580645161290323 0.717741935483871 20.64 1.57 
1 4 0.6895519477750732 0.344775973887537 0.0 -0.0 1.0 1.0 1.0 0.0 0.0 
0 76 0.40067165339847227 0.200335826699236 -0.01 0.0 0.9829545454545452 0.9914772727272728 0.987215909090909 0.59 0.05 
1 1 0.07093518297335139 0.0616054556610173 0.0 0.0 1.0 1.0 1.0 0.03 0.0 
0 348 -0.0 0.0 0.0 -0.0 1.0 0.7777777777777779 0.888888888888889 0.0 0.0 
1 3 -0.0 0.0 -0.0 -0.0 1.0 1.0 1.0 0.0 0.0 
0 131 0.019980547724361777 0.684990029726292 -0.02 0.01 0.8352272727272727 0.971590909090909 0.903409090909091 10.18 0.03 
1 25 0.8720635602136072 0.444515665699525 -0.01 0.0 0.2385542168674699 0.9975903614457832 0.618072289156626 0.63 0.0 
0 30 0.9556998911125344 0.955699891112534 -0.03 0.56 1.0 1.0 1.0 8.75 0.2 
1 265 0.3742549310896416 0.187127465544821 -0.03 0.02 0.7660668380462725 0.9974293059125964 0.881748071979434 15.62 0.69 
0 180 0.20297324940653716 0.101486624703269 0.0 -0.0 1.0 1.0 1.0 0.0 0.0 
1 24 0.16245281571443987 0.14550577947865 -0.01 0.02 0.916083916083916 0.9976689976689976 0.956876456876457 46.4 0.05 
0 669 0.15642858719077946 0.149215409377922 -0.06 0.04 0.7730496453900709 0.9113475177304966 0.842198581560284 48.17 0.37 
