1 47 -0.0 0.0 -0.0 0.0 1.0 0.6153846153846154 0.807692307692308 0.0 0.0 
0 214 0.3724807184521906 0.364410819527029 0.01 0.35 0.919354838709677 0.9838709677419354 0.951612903225806 62.11 1.59 
1 23 0.056152199528602974 0.0560873346969132 -0.0 0.0 1.0 0.9972972972972972 0.998648648648649 0.03 0.0 
0 184 0.3525425103487513 0.282115027497533 -0.08 0.02 1.0 0.8870967741935483 0.943548387096774 1.52 0.38 
1 12 -0.0 0.0 0.3 0.36 0.8846153846153846 0.8846153846153846 0.884615384615385 26.0 2.14 
0 103 0.6316823763806962 0.315841188190348 0.0 -0.0 1.0 1.0 1.0 0.0 0.0 
1 122 0.04915006684960595 0.024575033424803 0.0 0.01 0.868995633187773 0.9956331877729256 0.932314410480349 13.32 0.14 
0 66 0.026573282312620263 0.13530874817801 0.01 0.01 0.989795918367347 0.9979591836734693 0.993877551020408 97.31 0.08 
1 5 -0.0 0.0 0.06 0.41 0.8571428571428571 0.8571428571428571 0.857142857142857 7.0 2.49 
0 246 -0.0 0.0 -0.01 0.01 0.6935483870967744 0.9838709677419354 0.838709677419355 0.45 0.13 
1 31 -0.0 0.0 0.0 0.0 1.0 1.0 1.0 0.0 0.0 
0 224 -0.0 0.0 -0.0 -0.0 1.0 1.0 1.0 0.0 0.0 
1 3 -0.0 0.0 0.0 0.0 1.0 1.0 1.0 0.0 0.0 
0 405 0.6791932659915256 0.339596632995763 -0.11 0.25 0.3076923076923077 0.9230769230769232 0.615384615384615 9.9 0.09 
1 86 0.022727473318271005 0.0113637366591355 -0.0 -0.0 1.0 1.0 1.0 0.0 0.0 
0 48 0.26345598632800776 0.662156011338378 0.0 0.08 0.9817767653758542 0.988610478359909 0.985193621867882 286.97 0.23 
1 1 -0.0 0.0 0.37 0.44 0.16 0.16 0.16 25.0 0.2 
0 260 0.6730116670092564 0.336505833504628 -0.03 0.04 0.5769230769230769 0.9615384615384615 0.769230769230769 1.96 0.24 
1 14 0.5235346720440665 0.340972621087929 0.32 0.39 0.8666666666666668 0.9 0.883333333333333 30.0 1.75 
0 48 0.0251440699125892 0.0125720349562946 -0.01 0.01 0.6761658031088082 0.981865284974093 0.829015544041451 3.45 0.13 
1 362 -0.0 0.0 -0.06 0.16 0.6774193548387096 0.7580645161290323 0.717741935483871 20.64 1.46 
0 254 0.2213830099155629 0.186939604871822 0.02 0.05 1.0 0.9488636363636364 0.974431818181818 417.54 0.38 
1 13 0.05839899951927197 0.0572755995239375 -0.0 0.0 1.0 0.9972972972972972 0.998648648648649 0.03 0.0 
0 78 0.5623351446188082 0.281167572309404 0.14 0.32 1.0 0.375 0.6875 4.44 1.06 
1 5 0.04131357294242817 0.0206567864712141 0.29 0.33 0.886153846153846 0.8892307692307693 0.887692307692308 315.12 2.04 
0 539 0.015529324822425987 0.575439919518157 -0.07 0.03 0.9494736842105264 0.9663157894736842 0.957894736842105 20.79 0.21 
1 94 0.09165764788996307 0.0699766348366203 -0.0 0.0 1.0 0.9818181818181818 0.990909090909091 0.1 0.01 
0 419 0.33711620194815384 0.29459026216778 -0.04 0.03 0.9049676025917927 0.937365010799136 0.921166306695464 50.55 0.16 
1 3 -0.0 0.0 0.0 0.0 1.0 1.0 1.0 0.0 0.0 
0 307 1.078992207877583 0.539496103938792 -0.0 0.0 1.0 1.0 1.0 0.0 0.0 
1 2 0.0251440699125892 0.0125720349562946 0.53 0.63 0.6761658031088082 0.6761658031088082 0.676165803108808 386.0 2.33 
0 68 0.9556998911125344 0.682908104700472 0.13 0.41 1.0 1.0 1.0 7.0 0.99 
1 265 0.3742549310896416 0.187127465544821 -0.03 0.02 0.7660668380462725 0.9974293059125964 0.881748071979434 15.62 0.69 
0 0 -0.0 0.0 -0.23 0.0 0.6935483870967744 0.6935483870967744 0.693548387096774 0.0 2.6 
1 20 0.8156295932307395 0.487087993037894 -0.0 0.08 0.7484662576687117 0.9785276073619632 0.863496932515337 53.37 0.31 
0 18 0.5982695885852573 0.598269588585257 -0.11 0.12 1.0 1.0 1.0 1.12 0.87 
1 4 0.0947607483566568 0.0769695270739669 0.09 0.1 0.9806866952789698 0.982832618025751 0.981759656652361 445.71 0.81 
0 589 0.16403524764720048 0.138633362482783 -0.0 0.0 0.9938775510204082 0.9959183673469388 0.994897959183674 0.51 0.03 
1 3 -0.0 0.0 -0.0 -0.0 1.0 1.0 1.0 0.0 0.0 
0 6 0.01718147225922012 0.00859073612961006 0.36 0.43 0.837448559670782 0.839506172839506 0.838477366255144 478.67 2.42 
1 35 1.6284102630552857 1.62546092371276 -0.02 0.51 0.7700348432055749 0.9895470383275262 0.879790940766551 325.24 0.19 
0 167 -0.0 0.0 -0.0 0.0 1.0 0.6774193548387096 0.838709677419355 0.0 0.0 
1 75 0.09699169411326156 0.0765719468209323 -0.0 0.0 1.0 0.9972972972972972 0.998648648648649 0.07 0.01 
0 172 0.5254674820821779 0.27091344854889 -0.01 0.01 1.0 0.9621380846325168 0.981069042316258 4.7 0.18 
1 49 -0.0 0.0 0.0 0.0 1.0 1.0 1.0 0.0 0.0 
0 115 0.023453143960222942 0.0117265719801115 -0.0 -0.0 1.0 0.9806295399515738 0.990314769975787 0.0 0.0 
1 345 -0.0 0.0 -0.06 0.16 0.6774193548387096 0.7580645161290323 0.717741935483871 20.64 1.46 
0 365 0.045763284360939335 0.0228816421804697 0.0 -0.0 1.0 0.981859410430839 0.99092970521542 0.0 0.0 
1 14 0.08958725315521794 0.0709314907519506 0.0 0.0 1.0 1.0 1.0 0.04 0.01 
0 220 0.4227090878059909 0.211354543902995 -0.0 0.4 0.625 0.8333333333333331 0.729166666666667 16.47 2.15 
1 723 0.1725612331626618 0.0862806165813309 -0.07 0.05 0.4568421052631578 0.9578947368421052 0.707368421052632 33.9 0.06 
0 3 -0.0 0.0 0.39 0.62 0.6935483870967744 0.6935483870967744 0.693548387096774 62.0 2.5 
1 5 -0.0 0.0 0.3 0.5 0.8008658008658008 0.8008658008658008 0.800865800865801 462.0 2.56 
0 133 -0.0 0.0 0.0 0.0 1.0 1.0 1.0 0.0 0.0 
1 182 -0.0 0.0 -0.0 0.0 1.0 0.7580645161290323 0.879032258064516 0.0 0.0 
0 15 0.016326979454093383 0.00816348972704669 0.06 0.07 0.981859410430839 0.984126984126984 0.982993197278912 384.99 0.75 
1 11 0.02133050528737909 0.0106652526436895 0.1 0.1 0.980392156862745 0.980392156862745 0.980392156862745 459.0 0.82 
0 320 0.14689728110576386 0.0734486405528819 -0.01 0.0 1.0 0.959731543624161 0.97986577181208 0.43 0.05 
1 614 0.042617471413436414 0.0310799043211172 0.0 0.01 0.837708830548926 0.9928400954653938 0.91527446300716 10.42 0.09 
0 101 0.019980547724361777 0.566809166834616 -0.01 0.03 0.971590909090909 0.9943181818181815 0.982954545454545 45.25 0.05 
1 2 -0.0 0.0 0.47 0.64 0.33333333333333326 0.33333333333333326 0.333333333333333 30.0 0.94 
0 55 -0.0 0.0 -0.0 -0.0 1.0 0.9936034115138594 0.99680170575693 0.0 0.0 
1 8 0.016424701198958662 0.00821235059947933 0.12 0.12 0.9728506787330315 0.9728506787330315 0.972850678733032 442.0 1.0 
0 63 0.9242647281309502 0.662468190764711 -0.04 0.17 0.8607954545454547 0.9914772727272728 0.926136363636364 387.92 0.64 
1 336 -0.0 0.0 -0.1 0.14 0.6774193548387096 0.8064516129032256 0.741935483870968 17.76 1.34 
0 296 -0.0 0.0 0.0 -0.0 1.0 0.984126984126984 0.992063492063492 0.0 0.0 
1 8 0.0947607483566568 0.232756230915289 0.02 0.03 0.9678111587982832 0.9806866952789698 0.974248927038627 84.69 0.27 
0 40 0.19643645103383003 0.098218225516915 -0.0 -0.0 1.0 1.0 1.0 0.0 0.0 
1 28 0.6822056867479602 0.602052179998817 0.05 0.2 0.9222462203023758 0.9546436285097192 0.938444924406048 472.98 0.93 
0 102 0.6533741452692534 0.424629282912941 0.02 0.04 0.9948979591836736 0.9948979591836736 0.994897959183674 95.15 0.12 
1 4 0.5297061990576545 0.439269147450343 -0.1 0.03 1.0 1.0 1.0 0.32 0.45 
0 41 0.6171448282578021 0.308572414128901 -0.01 0.0 1.0 0.9886363636363636 0.994318181818182 0.88 0.07 
1 4 0.09503011725564632 0.189490815924107 0.0 0.0 1.0 1.0 1.0 0.06 0.04 
0 148 0.6878717657035625 0.354797010191207 -0.03 0.0 0.9402985074626864 0.997867803837953 0.96908315565032 4.29 0.1 
1 8 0.022727473318271005 0.022727473318271 -0.0 0.0 1.0 1.0 1.0 0.0 0.0 
0 30 0.9556998911125344 0.955699891112534 -0.03 0.56 1.0 1.0 1.0 8.75 0.2 
1 3 0.0740225961475812 0.128824279468757 0.41 0.69 0.5590551181102362 0.5748031496062993 0.566929133858268 381.05 2.38 
0 264 0.3563409206018685 0.178170460300934 -0.1 0.15 0.6935483870967744 0.9838709677419354 0.838709677419355 18.09 1.14 
1 6 0.08958725315521794 0.073993126337245 0.0 0.0 1.0 1.0 1.0 0.04 0.01 
0 260 -0.0 0.0 -0.0 -0.0 1.0 0.9966442953020132 0.998322147651007 0.0 0.0 
1 34 0.6171448282578021 0.308572414128901 -0.01 0.0 1.0 0.9886363636363636 0.994318181818182 0.88 0.06 
0 420 0.6090372974721847 1.0454637318615 -0.01 0.25 1.0 0.7846153846153846 0.892307692307692 292.83 0.44 
1 4 -0.0 0.0 0.0 0.0 1.0 1.0 1.0 0.0 0.0 
0 311 0.3724807184521906 0.186240359226095 -0.11 0.2 0.7580645161290323 0.919354838709677 0.838709677419355 26.67 1.48 
1 4 0.6895519477750732 0.344775973887537 0.0 -0.0 1.0 1.0 1.0 0.0 0.0 
0 95 0.6791932659915256 0.672735854203101 0.16 0.67 1.0 0.9230769230769232 0.961538461538462 26.0 0.52 
1 3 0.43686973210547814 0.270464027731018 0.04 0.05 1.0 0.940936863543788 0.970468431771894 144.91 0.55 
0 56 0.08256493803586597 0.041282469017933 0.0 0.0 1.0 1.0 1.0 0.0 0.0 
1 8 -0.0 0.0 0.12 0.12 0.9568034557235422 0.9676025917926566 0.962203023758099 343.37 1.04 
0 44 0.4459524223135379 0.364750157642286 0.07 0.32 0.919354838709677 0.9838709677419354 0.951612903225806 73.51 1.46 
1 148 0.8156295932307395 0.74694740234885 0.07 0.48 0.7484662576687117 0.8558282208588956 0.802147239263804 285.8 0.83 
0 56 0.11535314284078033 0.559690197624456 -0.06 0.04 0.7535211267605633 0.8920187793427231 0.822769953051643 40.45 0.05 
1 3 0.10434878616952079 0.0521743930847604 0.01 0.01 0.9979591836734693 0.9979591836734693 0.997959183673469 490.0 0.11 
0 171 -0.0 0.0 -0.0 0.0 1.0 0.6774193548387096 0.838709677419355 0.0 0.0 
1 316 -0.0 0.0 0.0 0.0 1.0 0.982142857142857 0.991071428571429 0.0 0.0 
0 232 0.3525425103487513 0.176271255174376 -0.08 0.14 1.0 0.6774193548387096 0.838709677419355 16.57 1.27 
1 10 -0.0 0.0 0.33 0.55 0.6774193548387096 0.6935483870967744 0.685483870967742 57.53 2.49 
0 380 0.7843037925952074 0.40041373720846 -0.01 0.02 0.4700460829493088 0.9838709677419354 0.726958525345622 13.82 0.18 
1 4 0.7865364435085352 0.393268221754268 0.09 0.12 0.9728506787330315 0.9728506787330315 0.972850678733032 442.0 0.36 
0 13 0.020953288812648903 0.631676298668164 -0.01 0.01 0.4427645788336933 0.9913606911447084 0.717062634989201 5.63 0.01 
1 61 0.0707680768797802 0.351225226630238 -0.0 0.0 1.0 0.997695852534562 0.998847926267281 3.17 0.0 
0 218 0.8720635602136072 0.463918178212725 -0.04 0.01 0.2385542168674699 0.9686746987951808 0.603614457831325 10.16 0.01 
1 1 0.4811067080592432 0.300596867788392 0.04 0.05 0.9954853273137698 0.9954853273137698 0.99548532731377 895.47 0.16 
0 237 0.031216774035490776 0.0240922726104672 -0.0 0.0 0.9734939759036146 0.9975903614457832 0.985542168674699 0.06 0.01 
1 65 -0.0 0.0 -0.0 -0.0 1.0 0.9958677685950412 0.997933884297521 0.0 0.0 
0 157 -0.0 0.0 -0.0 0.0 1.0 0.8008658008658008 0.9004329004329 0.0 0.0 
1 19 0.08958725315521794 0.0728697263419105 -0.0 0.0 1.0 0.9972972972972972 0.998648648648649 0.06 0.01 
0 55 -0.0 0.0 -0.0 -0.0 1.0 0.9977324263038548 0.998866213151927 0.0 0.0 
1 127 -0.0 0.0 0.11 0.46 0.5384615384615384 0.6153846153846154 0.576923076923077 18.96 1.68 
0 244 -0.0 0.0 -0.01 0.01 0.6935483870967744 0.9838709677419354 0.838709677419355 0.45 0.13 
1 3 -0.0 0.0 0.0 0.0 1.0 1.0 1.0 0.0 0.0 
0 62 0.4459524223135379 0.222976211156769 -0.03 0.29 0.6935483870967744 0.919354838709677 0.806451612903226 33.68 1.94 
1 43 -0.0 0.0 0.0 0.0 1.0 1.0 1.0 0.0 0.0 
0 25 0.1896831364389792 0.0948415682194896 0.0 -0.0 1.0 1.0 1.0 0.0 0.0 
1 42 0.017626642729371575 0.00881332136468579 0.18 0.25 0.9252336448598132 0.9275700934579442 0.926401869158878 413.58 1.81 
0 243 -0.0 0.0 -0.0 -0.0 1.0 1.0 1.0 0.0 0.0 
1 68 0.3269547847215813 0.163477392360791 -0.01 0.01 0.9481865284974093 0.9870466321243522 0.967616580310881 3.79 0.05 
0 18 0.6615632381579821 0.330781619078991 0.0 0.0 1.0 1.0 1.0 0.0 0.0 
1 7 0.09908391604753189 0.0495419580237659 0.04 0.04 0.9850746268656718 0.9914712153518124 0.988272921108742 266.27 0.37 
0 95 0.29170992255894307 0.811430349358108 -0.02 0.08 1.0 0.9930313588850174 0.996515679442509 103.98 0.11 
1 5 0.052275728348683194 0.0522757283486832 -0.0 0.0 1.0 1.0 1.0 0.02 0.0 
0 200 0.3912841618051373 0.195642080902569 -0.0 0.0 0.9976580796252928 0.9976580796252928 0.997658079625293 0.1 0.01 
1 226 0.6171448282578021 0.580437337832493 0.03 0.32 1.0 0.8835227272727273 0.941761363636364 378.52 1.7 
0 294 0.3586144090481995 0.19275682977134 -0.13 0.07 0.6807909604519775 0.7175141242937852 0.699152542372881 51.22 0.71 
1 1 0.07093518297335139 0.0616054556610173 0.0 0.0 1.0 1.0 1.0 0.03 0.0 
0 97 -0.0 0.0 0.27 0.41 0.2666666666666666 0.33333333333333326 0.3 21.82 0.59 
1 1 -0.0 0.0 0.39 0.62 0.6935483870967744 0.6935483870967744 0.693548387096774 62.0 2.6 
0 66 -0.0 0.0 0.0 0.0 1.0 1.0 1.0 0.0 0.0 
1 232 0.08627855491407438 0.0975485355458968 0.0 0.02 0.7084337349397591 0.9927710843373492 0.850602409638554 81.26 0.09 
0 66 0.016556959431630658 0.514193793957205 -0.0 0.0 1.0 0.9976525821596244 0.998826291079812 0.75 0.02 
1 3 -0.0 0.0 -0.0 -0.0 1.0 1.0 1.0 0.0 0.0 
0 11 -0.0 0.0 0.33 0.55 0.6774193548387096 0.6935483870967744 0.685483870967742 57.53 2.49 
1 6 -0.0 0.0 -0.0 -0.0 1.0 0.9936034115138594 0.99680170575693 0.0 0.0 
0 193 0.5858113340839818 0.292905667041991 -0.05 0.01 1.0 0.9573863636363636 0.978693181818182 2.72 0.16 
1 2 0.6846162778013049 0.342308138900652 0.15 0.36 0.8846153846153846 0.8846153846153846 0.884615384615385 26.0 0.82 
0 210 0.6799529039485162 0.663264267564924 -0.04 0.14 0.929078014184397 0.99645390070922 0.962765957446809 140.43 0.43 
1 33 0.030372534777978206 0.0228364363705995 -0.0 0.0 0.9894067796610168 0.9978813559322034 0.99364406779661 0.04 0.0 
0 32 0.13371483312373358 0.0668574165618668 -0.0 0.0 1.0 0.9966442953020132 0.998322147651007 0.03 0.0 
1 2 0.06894930739780505 0.15777508018186 0.26 0.3 0.9182389937106918 0.9266247379454928 0.922431865828092 1350.0 2.0 
0 724 -0.0 0.0 -0.05 0.01 0.33333333333333326 0.8666666666666668 0.6 0.58 0.2 
1 4 0.7865364435085352 0.401480572353747 0.08 0.13 0.9728506787330315 0.9728506787330315 0.972850678733032 442.51 0.33 
0 44 0.09503011725564632 0.0475150586278232 0.0 -0.0 1.0 1.0 1.0 0.0 0.0 
1 16 -0.0 0.0 0.33 0.55 0.6774193548387096 0.6935483870967744 0.685483870967742 57.53 2.39 
0 499 -0.0 0.0 -0.0 0.0 1.0 0.625 0.8125 0.0 0.0 
1 29 0.02253214392080778 0.0197499575531257 -0.0 0.01 0.7156626506024096 0.9975903614457832 0.856626506024096 5.06 0.1 
0 189 0.01607235879964646 0.00803617939982323 -0.0 0.0 1.0 0.9954648526077096 0.997732426303855 0.0 0.0 
1 154 0.7244657079537894 0.362232853976895 0.0 -0.0 1.0 0.3264462809917356 0.663223140495868 0.0 0.0 
0 2 -0.0 0.0 0.39 0.62 0.6935483870967744 0.6935483870967744 0.693548387096774 62.0 2.5 
1 25 0.8720635602136072 0.444515665699525 -0.01 0.0 0.2385542168674699 0.9975903614457832 0.618072289156626 0.63 0.0 
0 288 0.3565581205895817 0.178279060294791 0.0 -0.0 1.0 1.0 1.0 0.0 0.0 
1 1 -0.0 0.0 0.19 0.69 0.5555555555555555 0.5555555555555555 0.555555555555556 9.0 1.98 
0 421 0.22339584570806661 0.121763592070423 -0.03 0.01 0.7321814254859611 0.9676025917926566 0.849892008639309 6.37 0.03 
1 18 0.5235346720440665 0.340972621087929 0.32 0.39 0.8666666666666668 0.9 0.883333333333333 30.0 1.75 
0 1314 -0.0 0.0 -0.0 -0.0 1.0 1.0 1.0 0.0 0.0 
1 270 0.08807751896196665 0.451853556096353 -0.01 0.04 0.7484662576687117 0.9846625766871167 0.866564417177914 30.7 0.2 
0 410 0.2489102793527851 0.235146644634174 -0.03 0.08 0.875 0.9488636363636364 0.911931818181818 104.4 0.51 
1 1 0.9277980308365658 1.27664305854078 0.26 0.8 0.7871396895787139 0.7871396895787139 0.787139689578714 1253.58 1.13 
0 168 0.6730116670092564 0.510921881426144 -0.2 0.1 1.0 0.5555555555555555 0.777777777777778 1.41 0.54 
1 4 0.01475818629482802 0.00737909314741401 0.01 0.01 1.0 0.9979466119096508 0.998973305954825 487.0 0.19 
0 355 -0.0 0.0 -0.06 0.16 0.6774193548387096 0.7580645161290323 0.717741935483871 20.64 1.4 
1 5 0.020830638321723566 0.0104153191608618 0.04 0.04 0.9850746268656718 0.9914712153518124 0.988272921108742 266.27 0.43 
0 281 0.04108212159516753 0.592731262814751 -0.05 0.04 0.940340909090909 0.9971590909090908 0.96875 364.2 0.12 
1 24 0.16245281571443987 0.14550577947865 -0.01 0.02 0.916083916083916 0.9976689976689976 0.956876456876457 46.4 0.05 
0 344 -0.0 0.0 0.0 0.0 1.0 0.9907192575406036 0.995359628770302 0.0 0.0 
1 3 -0.0 0.0 0.0 0.0 1.0 1.0 1.0 0.0 0.0 
0 13 0.08256493803586597 0.041282469017933 -0.0 0.0 1.0 0.9838709677419354 0.991935483870968 0.02 0.01 
1 1 0.05839899951927197 0.0572107346922477 0.0 0.0 1.0 1.0 1.0 0.02 0.0 
0 67 -0.0 0.0 0.22 0.29 0.9166666666666664 0.9166666666666664 0.916666666666667 24.0 1.86 
1 9 0.05602246986522343 0.0448156896337921 0.0 0.0 1.0 1.0 1.0 0.02 0.0 
0 201 0.016424701198958662 0.00821235059947933 -0.0 0.0 0.9576837416481068 0.9977728285077953 0.977728285077951 0.05 0.0 
1 14 -0.0 0.0 0.33 0.55 0.6774193548387096 0.6935483870967744 0.685483870967742 57.53 2.59 
0 22 0.015244213031655377 0.00762210651582769 -0.0 -0.0 1.0 1.0 1.0 0.0 0.0 
1 2 -0.0 0.0 0.39 0.62 0.6935483870967744 0.6935483870967744 0.693548387096774 62.0 2.6 
0 3 0.07647209071966711 0.0637350763545173 -0.0 0.0 1.0 1.0 1.0 0.04 0.01 
1 4 0.8127245415610106 0.428086422879458 0.41 0.59 0.3391521197007481 0.3640897755610973 0.351620947630923 772.17 0.33 
0 428 0.026573282312620263 0.689438047093801 -0.02 0.0 0.9959183673469388 0.9979591836734693 0.996938775510204 3.53 0.05 
1 9 0.05602246986522343 0.0541490991069533 0.0 0.0 1.0 1.0 1.0 0.02 0.0 
0 97 0.6791932659915256 0.672735854203101 0.16 0.67 1.0 0.9230769230769232 0.961538461538462 26.0 0.44 
1 7 0.01652368182171168 0.00826184091085584 0.08 0.08 0.9838709677419354 0.9838709677419354 0.983870967741935 434.0 0.72 
0 166 0.7453785846192588 0.372689292309629 0.0 -0.0 1.0 0.7270788912579956 0.863539445628998 0.0 0.0 
1 2 0.666278442414676 0.666278442414676 0.25 0.67 1.0 1.0 1.0 26.0 0.9 
0 40 0.3269974743901718 0.163498737195086 0.0 -0.0 1.0 0.9342403628117912 0.967120181405896 0.0 0.0 
1 24 0.030372534777978206 0.0658985378330168 -0.0 0.0 0.972457627118644 0.9978813559322034 0.985169491525424 0.13 0.01 
0 190 0.9556998911125344 0.477849945556267 -0.2 0.2 1.0 0.28571428571428564 0.642857142857143 2.1 0.35 
1 179 1.7983316181241153 0.899165809062058 0.0 -0.0 1.0 0.9628099173553722 0.981404958677686 0.0 0.0 
0 211 0.3894087389731746 0.194704369486587 -0.02 0.0 1.0 0.959731543624161 0.97986577181208 1.45 0.12 
1 9 0.09503011725564632 0.0475150586278232 0.0 -0.0 1.0 1.0 1.0 0.0 0.0 
0 114 -0.0 0.0 0.0 0.0 1.0 1.0 1.0 0.0 0.0 
1 4 -0.0 0.0 0.31 0.55 0.7580645161290323 0.7580645161290323 0.758064516129032 62.0 2.49 
0 73 0.4459524223135379 0.222976211156769 -0.03 0.27 0.6774193548387096 0.919354838709677 0.798387096774194 31.25 1.77 
1 6 -0.0 0.0 -0.0 -0.0 1.0 1.0 1.0 0.0 0.0 
0 247 0.1156185975922761 0.0578092987961381 -0.0 -0.0 1.0 1.0 1.0 0.0 0.0 
1 3 0.6601647680850746 0.591011175434611 0.13 0.3 0.8594470046082949 0.919354838709677 0.889400921658986 970.62 1.21 
0 106 1.2455950154829072 0.622797507741454 -0.02 0.02 0.6580310880829016 0.9481865284974093 0.803108808290155 15.68 0.08 
1 2 0.09699169411326156 0.0746337112309724 -0.0 0.0 1.0 1.0 1.0 0.05 0.01 
0 740 -0.0 0.0 -0.0 -0.0 1.0 1.0 1.0 0.0 0.0 
1 240 0.8547011249697178 0.427350562484859 -0.02 0.0 0.9795918367346939 0.982142857142857 0.980867346938775 1.6 0.02 
0 14 -0.0 0.0 0.14 0.16 0.919354838709677 0.919354838709677 0.919354838709677 37.96 1.52 
1 5 -0.0 0.0 0.07 0.08 0.9854771784232365 0.9854771784232365 0.985477178423237 482.0 0.65 
0 223 -0.0 0.0 0.0 0.0 1.0 0.125 0.5625 0.0 0.0 
