1 49 -0.0 0.0 0.0 0.0 1.0 1.0 1.0 0.0 0.0 
0 382 -0.0 0.0 0.0 0.05 0.3076923076923077 0.9615384615384615 0.634615384615385 2.34 0.31 
1 3 0.6601647680850746 0.591011175434611 0.13 0.3 0.8594470046082949 0.919354838709677 0.889400921658986 970.62 1.21 
0 115 0.6171448282578021 0.308572414128901 -0.0 0.0 1.0 0.9971590909090908 0.998579545454545 0.22 0.02 
1 2 0.6846162778013049 0.342308138900652 0.15 0.36 0.8846153846153846 0.8846153846153846 0.884615384615385 26.0 0.82 
0 162 -0.0 0.0 -0.0 0.0 1.0 0.6935483870967744 0.846774193548387 0.0 0.0 
1 226 0.6171448282578021 0.580437337832493 0.03 0.32 1.0 0.8835227272727273 0.941761363636364 378.52 1.7 
0 433 -0.0 0.0 -0.01 0.0 0.959731543624161 0.9932885906040269 0.976510067114094 0.08 0.01 
1 7 0.01652368182171168 0.00826184091085584 0.08 0.08 0.9838709677419354 0.9838709677419354 0.983870967741935 434.0 0.72 
0 118 0.07647209071966711 0.141694414284307 -0.01 0.0 1.0 0.5249343832020997 0.76246719160105 1.08 0.02 
1 31 -0.0 0.0 0.0 0.0 1.0 1.0 1.0 0.0 0.0 
0 295 -0.0 0.0 -0.0 -0.0 1.0 1.0 1.0 0.0 0.0 
1 14 0.08958725315521794 0.0709314907519506 0.0 0.0 1.0 1.0 1.0 0.04 0.01 
0 142 -0.0 0.0 -0.0 0.0 0.984126984126984 0.9977324263038548 0.990929705215419 0.02 0.0 
1 5 0.052275728348683194 0.0522757283486832 -0.0 0.0 1.0 1.0 1.0 0.02 0.0 
0 186 0.532506047065826 0.266253023532913 -0.0 0.0 1.0 0.6703786191536748 0.835189309576837 0.0 0.0 
1 270 0.08807751896196665 0.451853556096353 -0.01 0.04 0.7484662576687117 0.9846625766871167 0.866564417177914 30.7 0.2 
0 316 0.09650896073594732 0.0482544803679737 -0.12 0.15 0.6935483870967744 0.8225806451612901 0.758064516129032 19.58 1.46 
1 232 0.08627855491407438 0.0975485355458968 0.0 0.02 0.7084337349397591 0.9927710843373492 0.850602409638554 81.26 0.09 
0 215 1.1443804040343335 0.572190202017167 -0.05 0.02 0.9573863636363636 0.9971590909090908 0.977272727272727 15.53 0.15 
1 2 0.06894930739780505 0.15777508018186 0.26 0.3 0.9182389937106918 0.9266247379454928 0.922431865828092 1350.0 2.0 
0 373 -0.0 0.0 0.0 0.0 1.0 1.0 1.0 0.0 0.0 
1 14 -0.0 0.0 0.33 0.55 0.6774193548387096 0.6935483870967744 0.685483870967742 57.53 2.59 
0 244 0.24610920772326714 0.123054603861634 0.0 -0.0 1.0 1.0 1.0 0.0 0.0 
1 179 1.7983316181241153 0.899165809062058 0.0 -0.0 1.0 0.9628099173553722 0.981404958677686 0.0 0.0 
0 101 0.022083380117043378 0.0110416900585217 -0.0 0.0 0.981859410430839 0.9954648526077096 0.988662131519274 0.04 0.01 
1 9 0.05602246986522343 0.0448156896337921 0.0 0.0 1.0 1.0 1.0 0.02 0.0 
0 12 0.16403524764720048 0.0820176238236002 0.01 0.01 0.9959183673469388 0.9979591836734693 0.996938775510204 244.5 0.1 
1 29 0.02253214392080778 0.0197499575531257 -0.0 0.01 0.7156626506024096 0.9975903614457832 0.856626506024096 5.06 0.1 
0 248 0.04824430334970792 0.024122151674854 0.0 -0.0 1.0 0.843076923076923 0.921538461538462 0.0 0.0 
1 127 -0.0 0.0 0.11 0.46 0.5384615384615384 0.6153846153846154 0.576923076923077 18.96 1.68 
0 135 0.3525425103487513 0.176271255174376 -0.06 0.19 1.0 0.7580645161290323 0.879032258064516 24.72 1.53 
1 3 -0.0 0.0 0.0 0.0 1.0 1.0 1.0 0.0 0.0 
0 54 0.015244213031655377 0.00762210651582769 -0.0 -0.0 1.0 1.0 1.0 0.0 0.0 
1 7 0.09908391604753189 0.0495419580237659 0.04 0.04 0.9850746268656718 0.9914712153518124 0.988272921108742 266.27 0.37 
0 271 0.3563409206018685 0.178170460300934 -0.1 0.15 0.6935483870967744 0.9838709677419354 0.838709677419355 18.09 1.17 
1 336 -0.0 0.0 -0.1 0.14 0.6774193548387096 0.8064516129032256 0.741935483870968 17.76 1.34 
0 160 -0.0 0.0 -0.0 -0.0 1.0 1.0 1.0 0.0 0.0 
1 3 -0.0 0.0 -0.0 -0.0 1.0 1.0 1.0 0.0 0.0 
0 4 0.09908391604753189 0.0943526151446226 -0.01 0.01 0.7206823027718549 0.9850746268656718 0.852878464818763 6.07 0.11 
1 34 0.6171448282578021 0.308572414128901 -0.01 0.0 1.0 0.9886363636363636 0.994318181818182 0.88 0.06 
0 191 0.36421465730196667 0.360277788951918 0.05 0.35 0.9516129032258066 0.9838709677419354 0.967741935483871 62.07 1.81 
1 18 0.5235346720440665 0.340972621087929 0.32 0.39 0.8666666666666668 0.9 0.883333333333333 30.0 1.75 
0 100 0.01652368182171168 0.00826184091085584 -0.0 -0.0 1.0 0.9838709677419354 0.991935483870968 0.0 0.0 
1 3 0.10434878616952079 0.0521743930847604 0.01 0.01 0.9979591836734693 0.9979591836734693 0.997959183673469 490.0 0.11 
0 216 0.25095480435761963 0.12547740217881 -0.03 0.01 0.9346590909090908 0.9886363636363636 0.961647727272727 2.13 0.14 
1 23 0.056152199528602974 0.0560873346969132 -0.0 0.0 1.0 0.9972972972972972 0.998648648648649 0.03 0.0 
0 16 0.42803573449734306 0.214017867248672 -0.0 0.0 1.0 0.9966442953020132 0.998322147651007 0.14 0.02 
1 8 0.022727473318271005 0.022727473318271 -0.0 0.0 1.0 1.0 1.0 0.0 0.0 
0 150 0.3615394778944647 0.180769738947232 -0.04 0.01 1.0 0.919354838709677 0.959677419354839 1.11 0.22 
1 182 -0.0 0.0 -0.0 0.0 1.0 0.7580645161290323 0.879032258064516 0.0 0.0 
0 4 0.4811067080592432 0.33886176389392 -0.02 0.1 0.26636568848758463 0.9954853273137698 0.630925507900677 100.18 0.35 
1 614 0.042617471413436414 0.0310799043211172 0.0 0.01 0.837708830548926 0.9928400954653938 0.91527446300716 10.42 0.09 
0 584 0.13339348333086204 0.066696741665431 -0.0 -0.0 1.0 0.9954648526077096 0.997732426303855 0.0 0.0 
1 148 0.8156295932307395 0.74694740234885 0.07 0.48 0.7484662576687117 0.8558282208588956 0.802147239263804 285.8 0.83 
0 41 0.6791932659915256 0.339596632995763 0.03 0.11 0.9230769230769232 0.9615384615384615 0.942307692307692 12.48 0.38 
1 1 -0.0 0.0 0.39 0.62 0.6935483870967744 0.6935483870967744 0.693548387096774 62.0 2.6 
0 130 -0.0 0.0 -0.0 -0.0 1.0 0.9672131147540984 0.983606557377049 0.0 0.0 
1 68 0.3269547847215813 0.163477392360791 -0.01 0.01 0.9481865284974093 0.9870466321243522 0.967616580310881 3.79 0.05 
0 224 0.3525425103487513 0.176271255174376 -0.08 0.15 1.0 0.6935483870967744 0.846774193548387 17.86 1.26 
1 24 0.030372534777978206 0.0658985378330168 -0.0 0.0 0.972457627118644 0.9978813559322034 0.985169491525424 0.13 0.01 
0 18 0.6615632381579821 0.330781619078991 0.0 0.0 1.0 1.0 1.0 0.0 0.0 
1 5 -0.0 0.0 0.07 0.08 0.9854771784232365 0.9854771784232365 0.985477178423237 482.0 0.65 
0 33 0.0324357255404604 0.0162178627702302 0.03 0.03 0.9922879177377892 0.9948586118251928 0.993573264781491 258.66 0.28 
1 723 0.1725612331626618 0.0862806165813309 -0.07 0.05 0.4568421052631578 0.9578947368421052 0.707368421052632 33.9 0.06 
0 178 -0.0 0.0 -0.0 -0.0 1.0 1.0 1.0 0.0 0.0 
1 3 -0.0 0.0 0.0 0.0 1.0 1.0 1.0 0.0 0.0 
0 168 -0.0 0.0 -0.0 0.0 0.940340909090909 0.9971590909090908 0.96875 0.06 0.01 
1 3 -0.0 0.0 -0.0 -0.0 1.0 1.0 1.0 0.0 0.0 
0 332 -0.0 0.0 -0.0 0.0 1.0 0.625 0.8125 0.0 0.0 
1 42 0.017626642729371575 0.00881332136468579 0.18 0.25 0.9252336448598132 0.9275700934579442 0.926401869158878 413.58 1.81 
0 28 0.16403524764720048 0.134192016908361 0.01 0.01 0.9959183673469388 0.9979591836734693 0.996938775510204 244.82 0.05 
1 2 0.0251440699125892 0.0125720349562946 0.53 0.63 0.6761658031088082 0.6761658031088082 0.676165803108808 386.0 2.33 
0 0 -0.0 0.0 -0.0 0.0 0.9677419354838708 0.9677419354838708 0.967741935483871 0.0 1.16 
1 43 -0.0 0.0 0.0 0.0 1.0 1.0 1.0 0.0 0.0 
0 124 -0.0 0.0 -0.0 0.0 1.0 0.6935483870967744 0.846774193548387 0.0 0.0 
1 16 -0.0 0.0 0.33 0.55 0.6774193548387096 0.6935483870967744 0.685483870967742 57.53 2.39 
0 73 -0.0 0.0 0.04 0.1 0.6774193548387096 0.919354838709677 0.798387096774194 11.42 0.92 
1 218 0.20297324940653716 0.101486624703269 0.0 -0.0 1.0 1.0 1.0 0.0 0.0 
0 350 -0.0 0.0 0.0 0.0 1.0 0.9917864476386036 0.995893223819302 0.0 0.0 
1 24 0.16245281571443987 0.14550577947865 -0.01 0.02 0.916083916083916 0.9976689976689976 0.956876456876457 46.4 0.05 
0 268 -0.0 0.0 -0.0 -0.0 1.0 0.9922879177377892 0.996143958868895 0.0 0.0 
1 1 -0.0 0.0 0.19 0.69 0.5555555555555555 0.5555555555555555 0.555555555555556 9.0 1.98 
0 262 0.3565581205895817 0.178279060294791 -0.0 0.0 1.0 0.9966442953020132 0.998322147651007 0.08 0.01 
1 4 0.09503011725564632 0.189490815924107 0.0 0.0 1.0 1.0 1.0 0.06 0.04 
0 1292 -0.0 0.0 0.0 0.0 1.0 1.0 1.0 0.0 0.0 
1 75 0.09699169411326156 0.0765719468209323 -0.0 0.0 1.0 0.9972972972972972 0.998648648648649 0.07 0.01 
0 405 0.016424701198958662 0.00821235059947933 0.0 0.0 1.0 0.9576837416481068 0.978841870824053 0.0 0.0 
1 22 -0.0 0.0 0.31 0.55 0.7580645161290323 0.7580645161290323 0.758064516129032 62.0 2.49 
0 23 0.16764562403823993 0.0921012917349353 -0.0 0.0 1.0 1.0 1.0 0.04 0.0 
1 4 0.0947607483566568 0.0769695270739669 0.09 0.1 0.9806866952789698 0.982832618025751 0.981759656652361 445.71 0.81 
0 302 0.08864403483661465 0.102774881284506 0.02 0.02 1.0 0.9225352112676058 0.961267605633803 102.78 0.32 
1 345 -0.0 0.0 -0.06 0.16 0.6774193548387096 0.7580645161290323 0.717741935483871 20.64 1.46 
0 9 0.5982695885852573 0.299134794292629 0.0 0.0 1.0 1.0 1.0 0.0 0.0 
1 4 -0.0 0.0 0.31 0.55 0.7580645161290323 0.7580645161290323 0.758064516129032 62.0 2.49 
0 562 0.6108643020548936 0.305432151027447 -0.04 0.11 0.6666666666666665 0.8666666666666668 0.766666666666667 5.27 0.61 
1 11 0.02133050528737909 0.0106652526436895 0.1 0.1 0.980392156862745 0.980392156862745 0.980392156862745 459.0 0.82 
0 36 -0.0 0.0 -0.0 -0.0 1.0 0.9966442953020132 0.998322147651007 0.0 0.0 
1 5 -0.0 0.0 0.3 0.5 0.8008658008658008 0.8008658008658008 0.800865800865801 462.0 2.56 
0 200 0.928529239598717 0.464264619799359 -0.01 0.0 0.7114093959731543 0.9966442953020132 0.854026845637584 1.16 0.03 
1 35 1.6284102630552857 1.62546092371276 -0.02 0.51 0.7700348432055749 0.9895470383275262 0.879790940766551 325.24 0.19 
0 15 0.016326979454093383 0.00816348972704669 0.06 0.07 0.981859410430839 0.984126984126984 0.982993197278912 384.99 0.75 
1 1 0.4811067080592432 0.300596867788392 0.04 0.05 0.9954853273137698 0.9954853273137698 0.99548532731377 895.47 0.16 
0 33 0.3624983754468393 0.188829610302497 -0.0 0.0 1.0 0.9978813559322034 0.998940677966102 0.08 0.01 
1 9 0.05602246986522343 0.0541490991069533 0.0 0.0 1.0 1.0 1.0 0.02 0.0 
0 40 0.021722254678851236 0.0108611273394256 -0.0 -0.0 1.0 0.9402985074626864 0.970149253731343 0.0 0.0 
1 5 0.04131357294242817 0.0206567864712141 0.29 0.33 0.886153846153846 0.8892307692307693 0.887692307692308 315.12 2.04 
0 107 0.34883209584303193 0.174416047921516 0.07 0.19 1.0 0.7777777777777779 0.888888888888889 3.94 1.78 
1 2 -0.0 0.0 0.39 0.62 0.6935483870967744 0.6935483870967744 0.693548387096774 62.0 2.6 
0 316 0.016359415015602636 0.0672963527021109 -0.0 0.0 0.988479262672811 0.9953917050691244 0.991935483870968 0.11 0.01 
1 3 -0.0 0.0 0.0 0.0 1.0 1.0 1.0 0.0 0.0 
0 188 0.6171448282578021 0.308572414128901 -0.05 0.01 1.0 0.9573863636363636 0.978693181818182 3.42 0.18 
1 86 0.022727473318271005 0.0113637366591355 -0.0 -0.0 1.0 1.0 1.0 0.0 0.0 
0 63 0.015529324822425987 0.007764662411213 0.07 0.09 0.96 0.9663157894736842 0.963157894736842 282.74 1.01 
1 122 0.04915006684960595 0.024575033424803 0.0 0.01 0.868995633187773 0.9956331877729256 0.932314410480349 13.32 0.14 
0 375 0.054410366820546084 0.027205183410273 -0.0 -0.0 1.0 0.9893390191897654 0.994669509594883 0.0 0.0 
1 33 0.030372534777978206 0.0228364363705995 -0.0 0.0 0.9894067796610168 0.9978813559322034 0.99364406779661 0.04 0.0 
0 143 -0.0 0.0 -0.0 -0.0 1.0 0.9953917050691244 0.997695852534562 0.0 0.0 
1 12 -0.0 0.0 0.3 0.36 0.8846153846153846 0.8846153846153846 0.884615384615385 26.0 2.14 
0 247 0.19643645103383003 0.820911537282575 -0.01 0.06 1.0 0.9976525821596244 0.998826291079812 55.01 0.0 
1 6 -0.0 0.0 -0.0 -0.0 1.0 0.9936034115138594 0.99680170575693 0.0 0.0 
0 111 -0.0 0.0 0.0 0.0 1.0 0.375 0.6875 0.0 0.0 
1 2 -0.0 0.0 0.47 0.64 0.33333333333333326 0.33333333333333326 0.333333333333333 30.0 0.94 
0 142 0.4337626359979511 0.226871591861156 -0.02 0.01 0.9488636363636364 0.971590909090909 0.960227272727273 2.15 0.14 
1 4 -0.0 0.0 0.0 0.0 1.0 1.0 1.0 0.0 0.0 
0 16 0.06521436351143224 0.0326071817557161 0.0 0.0 1.0 0.9485714285714286 0.974285714285714 0.0 0.0 
1 4 0.5297061990576545 0.439269147450343 -0.1 0.03 1.0 1.0 1.0 0.32 0.45 
0 346 0.7134161640307438 0.62108936197978 0.09 0.21 0.24190064794816415 0.9913606911447084 0.616630669546436 171.03 0.14 
1 8 0.0947607483566568 0.232756230915289 0.02 0.03 0.9678111587982832 0.9806866952789698 0.974248927038627 84.69 0.27 
0 123 0.9632492517543758 0.821221258872951 0.11 0.68 1.0 0.9230769230769232 0.961538461538462 26.86 0.11 
1 316 -0.0 0.0 0.0 0.0 1.0 0.982142857142857 0.991071428571429 0.0 0.0 
0 1 0.3525425103487513 0.352542510348751 0.11 0.35 1.0 1.0 1.0 62.0 2.24 
1 1 -0.0 0.0 0.37 0.44 0.16 0.16 0.16 25.0 0.2 
0 91 0.9556998911125344 0.955699891112534 0.07 0.96 1.0 1.0 1.0 14.0 1.72 
1 3 0.0740225961475812 0.128824279468757 0.41 0.69 0.5590551181102362 0.5748031496062993 0.566929133858268 381.05 2.38 
0 377 0.7134161640307438 0.54513207402487 -0.11 0.04 0.900647948164147 0.9913606911447084 0.946004319654428 63.09 0.06 
1 265 0.3742549310896416 0.187127465544821 -0.03 0.02 0.7660668380462725 0.9974293059125964 0.881748071979434 15.62 0.69 
0 64 0.6688445335327875 0.357393919625543 -0.02 0.01 1.0 0.9729119638826184 0.986455981941309 4.01 0.17 
1 61 0.0707680768797802 0.351225226630238 -0.0 0.0 1.0 0.997695852534562 0.998847926267281 3.17 0.0 
0 74 0.09651393728015299 0.262274835888748 -0.0 0.0 1.0 1.0 1.0 0.7 0.06 
1 20 0.8156295932307395 0.487087993037894 -0.0 0.08 0.7484662576687117 0.9785276073619632 0.863496932515337 53.37 0.31 
0 292 0.1182332903886191 0.0591166451943096 -0.0 0.0 0.988479262672811 0.9930875576036866 0.990783410138249 0.11 0.01 
1 2 0.666278442414676 0.666278442414676 0.25 0.67 1.0 1.0 1.0 26.0 0.9 
0 200 -0.0 0.0 -0.0 0.0 1.0 0.7580645161290323 0.879032258064516 0.0 0.0 
1 94 0.09165764788996307 0.0699766348366203 -0.0 0.0 1.0 0.9818181818181818 0.990909090909091 0.1 0.01 
0 177 0.07915888226942422 0.244504326821118 -0.03 0.02 0.6400911161731208 0.9749430523917996 0.80751708428246 11.11 0.16 
1 10 -0.0 0.0 0.33 0.55 0.6774193548387096 0.6935483870967744 0.685483870967742 57.53 2.49 
0 215 0.016103721594124567 0.00805186079706228 0.0 0.0 1.0 0.9932279909706544 0.996613995485327 0.0 0.0 
1 4 0.7865364435085352 0.393268221754268 0.09 0.12 0.9728506787330315 0.9728506787330315 0.972850678733032 442.0 0.36 
0 589 0.16403524764720048 0.138633362482783 -0.0 0.0 0.9938775510204082 0.9959183673469388 0.994897959183674 0.51 0.03 
1 3 -0.0 0.0 0.0 0.0 1.0 1.0 1.0 0.0 0.0 
0 313 0.5456891633476865 0.272844581673843 -0.14 0.2 0.7580645161290323 0.8870967741935483 0.82258064516129 25.67 1.34 
1 47 -0.0 0.0 -0.0 0.0 1.0 0.6153846153846154 0.807692307692308 0.0 0.0 
0 26 0.9556998911125344 0.955699891112534 0.07 0.96 1.0 1.0 1.0 14.0 1.55 
1 13 0.05839899951927197 0.0572755995239375 -0.0 0.0 1.0 0.9972972972972972 0.998648648648649 0.03 0.0 
0 114 -0.0 0.0 0.0 0.0 1.0 1.0 1.0 0.0 0.0 
1 1 0.05839899951927197 0.0572107346922477 0.0 0.0 1.0 1.0 1.0 0.02 0.0 
0 54 0.13371483312373358 0.0668574165618668 -0.0 0.0 1.0 0.9966442953020132 0.998322147651007 0.03 0.0 
1 3 0.43686973210547814 0.270464027731018 0.04 0.05 1.0 0.940936863543788 0.970468431771894 144.91 0.55 
0 23 0.1502751999165481 0.146652249246758 0.0 0.02 1.0 0.9769392033542976 0.988469601677149 82.36 0.26 
1 6 0.08958725315521794 0.073993126337245 0.0 0.0 1.0 1.0 1.0 0.04 0.01 
0 71 0.018944447751738366 0.00947222387586918 0.0 0.0 1.0 0.9285714285714286 0.964285714285714 0.0 0.0 
1 5 -0.0 0.0 0.06 0.41 0.8571428571428571 0.8571428571428571 0.857142857142857 7.0 2.49 
0 45 0.6829081047004717 0.640588846642864 -0.1 0.33 1.0 1.0 1.0 3.73 0.77 
1 6 -0.0 0.0 -0.0 -0.0 1.0 1.0 1.0 0.0 0.0 
0 277 -0.0 0.0 0.0 0.0 1.0 0.9166666666666664 0.958333333333333 0.0 0.0 
1 25 0.8720635602136072 0.444515665699525 -0.01 0.0 0.2385542168674699 0.9975903614457832 0.618072289156626 0.63 0.0 
0 313 -0.0 0.0 -0.0 0.0 0.9838709677419354 0.9930875576036866 0.988479262672811 0.05 0.01 
1 28 0.6822056867479602 0.602052179998817 0.05 0.2 0.9222462203023758 0.9546436285097192 0.938444924406048 472.98 0.93 
0 331 0.5437298474071837 0.271864923703592 -0.0 0.0 0.8835227272727273 0.9971590909090908 0.940340909090909 0.36 0.03 
1 154 0.7244657079537894 0.362232853976895 0.0 -0.0 1.0 0.3264462809917356 0.663223140495868 0.0 0.0 
0 130 0.08256493803586597 0.041282469017933 0.0 0.0 1.0 0.7580645161290323 0.879032258064516 0.32 0.1 
1 8 0.016424701198958662 0.00821235059947933 0.12 0.12 0.9728506787330315 0.9728506787330315 0.972850678733032 442.0 1.0 
0 67 0.9556998911125344 1.15374194270109 -0.07 0.96 1.0 1.0 1.0 14.0 0.27 
1 19 0.08958725315521794 0.0728697263419105 -0.0 0.0 1.0 0.9972972972972972 0.998648648648649 0.06 0.01 
0 420 0.6090372974721847 1.0454637318615 -0.01 0.25 1.0 0.7846153846153846 0.892307692307692 292.83 0.44 
1 4 0.7865364435085352 0.401480572353747 0.08 0.13 0.9728506787330315 0.9728506787330315 0.972850678733032 442.51 0.33 
0 17 0.7530888342556183 0.386610086344199 -0.09 0.01 0.5183585313174947 0.7321814254859611 0.625269978401728 11.05 0.11 
1 1 0.9277980308365658 1.27664305854078 0.26 0.8 0.7871396895787139 0.7871396895787139 0.787139689578714 1253.58 1.13 
0 119 -0.0 0.0 0.0 0.0 1.0 0.9166666666666664 0.958333333333333 0.0 0.0 
1 9 0.09503011725564632 0.0475150586278232 0.0 -0.0 1.0 1.0 1.0 0.0 0.0 
0 21 0.8984583227127803 0.860056517739579 -0.01 0.17 0.9794661190965092 0.9917864476386036 0.985626283367556 306.15 0.54 
1 8 -0.0 0.0 0.12 0.12 0.9568034557235422 0.9676025917926566 0.962203023758099 343.37 1.04 
0 411 -0.0 0.0 -0.0 -0.0 1.0 0.9932885906040269 0.996644295302013 0.0 0.0 
1 362 -0.0 0.0 -0.06 0.16 0.6774193548387096 0.7580645161290323 0.717741935483871 20.64 1.46 
0 254 0.03134753882511785 0.0156737694125589 0.01 0.01 1.0 0.9779735682819384 0.988986784140969 44.52 0.11 
1 14 0.5235346720440665 0.340972621087929 0.32 0.39 0.8666666666666668 0.9 0.883333333333333 30.0 1.75 
0 68 -0.0 0.0 0.01 0.01 0.989795918367347 0.9979591836734693 0.993877551020408 97.2 0.14 
1 5 0.020830638321723566 0.0104153191608618 0.04 0.04 0.9850746268656718 0.9914712153518124 0.988272921108742 266.27 0.43 
0 364 0.07549878542345602 0.392090632647369 -0.02 0.0 0.989795918367347 0.9918367346938776 0.990816326530612 3.88 0.02 
1 4 0.01475818629482802 0.00737909314741401 0.01 0.01 1.0 0.9979466119096508 0.998973305954825 487.0 0.19 
0 157 1.3499995117282224 0.674999755864111 0.0 0.0 0.8352272727272727 0.9971590909090908 0.916193181818182 4.43 0.02 
1 1 0.07093518297335139 0.0616054556610173 0.0 0.0 1.0 1.0 1.0 0.03 0.0 
0 260 -0.0 0.0 -0.01 0.01 0.6774193548387096 0.9838709677419354 0.830645161290323 0.48 0.12 
1 4 0.6895519477750732 0.344775973887537 0.0 -0.0 1.0 1.0 1.0 0.0 0.0 
0 74 0.6829081047004717 0.640588846642864 -0.01 0.2 1.0 1.0 1.0 2.1 0.59 
1 240 0.8547011249697178 0.427350562484859 -0.02 0.0 0.9795918367346939 0.982142857142857 0.980867346938775 1.6 0.02 
0 181 0.4811067080592432 0.240553354029622 -0.01 0.0 0.9954853273137698 0.9954853273137698 0.99548532731377 3.31 0.06 
1 2 0.09699169411326156 0.0746337112309724 -0.0 0.0 1.0 1.0 1.0 0.05 0.01 
0 3 -0.0 0.0 0.0 0.0 1.0 1.0 1.0 0.0 0.0 
