1 7 0.01652368182171168 0.00826184091085584 0.08 0.08 0.9838709677419354 0.9838709677419354 0.983870967741935 434.0 0.72 
0 265 0.01497005434010946 0.00748502717005473 -0.0 0.0 0.977551020408163 0.989795918367347 0.983673469387755 0.13 0.01 
1 3 0.10434878616952079 0.0521743930847604 0.01 0.01 0.9979591836734693 0.9979591836734693 0.997959183673469 490.0 0.11 
0 11 0.1896831364389792 0.0948415682194896 0.0 -0.0 1.0 1.0 1.0 0.0 0.0 
1 9 0.05602246986522343 0.0448156896337921 0.0 0.0 1.0 1.0 1.0 0.02 0.0 
0 3 0.6829081047004717 0.682908104700472 0.25 0.68 1.0 1.0 1.0 7.0 0.46 
1 3 0.6601647680850746 0.591011175434611 0.13 0.3 0.8594470046082949 0.919354838709677 0.889400921658986 970.62 1.21 
0 468 0.6622618696488148 0.631828097907448 0.11 0.38 1.0 0.8723404255319149 0.936170212765957 257.94 1.81 
1 3 0.43686973210547814 0.270464027731018 0.04 0.05 1.0 0.940936863543788 0.970468431771894 144.91 0.55 
0 635 -0.0 0.0 -0.0 -0.0 1.0 1.0 1.0 0.0 0.0 
1 2 0.6846162778013049 0.342308138900652 0.15 0.36 0.8846153846153846 0.8846153846153846 0.884615384615385 26.0 0.82 
0 568 0.6571577614973404 0.32857888074867 -0.1 0.15 1.0 0.2666666666666666 0.633333333333333 6.32 0.42 
1 182 -0.0 0.0 -0.0 0.0 1.0 0.7580645161290323 0.879032258064516 0.0 0.0 
0 224 0.15377968767542066 0.0768898438377103 -0.0 0.0 1.0 0.9931972789115646 0.996598639455782 0.1 0.01 
1 148 0.8156295932307395 0.74694740234885 0.07 0.48 0.7484662576687117 0.8558282208588956 0.802147239263804 285.8 0.83 
0 110 -0.0 0.0 0.0 0.0 1.0 1.0 1.0 0.0 0.0 
1 29 0.02253214392080778 0.0197499575531257 -0.0 0.01 0.7156626506024096 0.9975903614457832 0.856626506024096 5.06 0.1 
0 60 -0.0 0.0 -0.0 -0.0 1.0 1.0 1.0 0.0 0.0 
1 10 -0.0 0.0 0.33 0.55 0.6774193548387096 0.6935483870967744 0.685483870967742 57.53 2.49 
0 8 -0.0 0.0 0.35 0.39 0.8666666666666668 0.8666666666666668 0.866666666666667 30.0 2.85 
1 5 0.020830638321723566 0.0104153191608618 0.04 0.04 0.9850746268656718 0.9914712153518124 0.988272921108742 266.27 0.43 
0 208 -0.0 0.0 -0.0 -0.0 1.0 1.0 1.0 0.0 0.0 
1 8 0.0947607483566568 0.232756230915289 0.02 0.03 0.9678111587982832 0.9806866952789698 0.974248927038627 84.69 0.27 
0 301 0.36829683274766406 0.184148416373832 -0.11 0.19 0.7580645161290323 0.9354838709677415 0.846774193548387 24.98 1.33 
1 24 0.16245281571443987 0.14550577947865 -0.01 0.02 0.916083916083916 0.9976689976689976 0.956876456876457 46.4 0.05 
0 3 -0.0 0.0 0.39 0.62 0.6935483870967744 0.6935483870967744 0.693548387096774 62.0 2.6 
1 35 1.6284102630552857 1.62546092371276 -0.02 0.51 0.7700348432055749 0.9895470383275262 0.879790940766551 325.24 0.19 
0 243 -0.0 0.0 -0.0 0.0 1.0 0.7580645161290323 0.879032258064516 0.0 0.0 
1 3 -0.0 0.0 0.0 0.0 1.0 1.0 1.0 0.0 0.0 
0 1090 0.8605892830185917 0.556448977360378 -0.01 0.03 1.0 0.9765807962529272 0.988290398126464 113.19 0.17 
1 2 0.666278442414676 0.666278442414676 0.25 0.67 1.0 1.0 1.0 26.0 0.9 
0 458 -0.0 0.0 -0.0 0.0 1.0 0.625 0.8125 0.0 0.0 
1 65 -0.0 0.0 -0.0 -0.0 1.0 0.9958677685950412 0.997933884297521 0.0 0.0 
0 43 0.244044214043399 0.129375214687217 0.01 0.01 0.989795918367347 0.9979591836734693 0.993877551020408 97.25 0.09 
1 316 -0.0 0.0 0.0 0.0 1.0 0.982142857142857 0.991071428571429 0.0 0.0 
0 300 0.11183270155334883 0.0559163507766744 -0.0 0.0 1.0 0.7928730512249444 0.896436525612472 0.0 0.0 
1 4 0.0947607483566568 0.0769695270739669 0.09 0.1 0.9806866952789698 0.982832618025751 0.981759656652361 445.71 0.81 
0 167 0.4319626568589969 0.226842455768924 -0.01 0.01 0.9402985074626864 0.9914712153518124 0.965884861407249 3.68 0.17 
1 16 -0.0 0.0 0.33 0.55 0.6774193548387096 0.6935483870967744 0.685483870967742 57.53 2.39 
0 25 -0.0 0.0 0.0 0.0 1.0 1.0 1.0 0.0 0.0 
1 4 0.7865364435085352 0.401480572353747 0.08 0.13 0.9728506787330315 0.9728506787330315 0.972850678733032 442.51 0.33 
0 153 0.12281506353676637 0.0614075317683832 -0.01 0.0 0.9602272727272728 0.9886363636363636 0.974431818181818 0.28 0.03 
1 49 -0.0 0.0 0.0 0.0 1.0 1.0 1.0 0.0 0.0 
0 7 -0.0 0.0 -0.0 -0.0 1.0 1.0 1.0 0.0 0.0 
1 14 -0.0 0.0 0.33 0.55 0.6774193548387096 0.6935483870967744 0.685483870967742 57.53 2.59 
0 82 0.4656872460148556 0.232843623007428 -0.01 0.01 0.8678756476683936 0.9481865284974093 0.908031088082902 9.15 0.18 
1 4 0.09503011725564632 0.189490815924107 0.0 0.0 1.0 1.0 1.0 0.06 0.04 
0 242 0.8216879017449253 0.418991291396077 -0.0 0.0 1.0 0.9815668202764976 0.990783410138249 0.41 0.02 
1 122 0.04915006684960595 0.024575033424803 0.0 0.01 0.868995633187773 0.9956331877729256 0.932314410480349 13.32 0.14 
0 99 -0.0 0.0 0.0 0.0 1.0 0.919354838709677 0.959677419354839 0.0 0.0 
1 13 0.05839899951927197 0.0572755995239375 -0.0 0.0 1.0 0.9972972972972972 0.998648648648649 0.03 0.0 
0 463 -0.0 0.0 -0.0 0.0 1.0 0.625 0.8125 0.0 0.0 
1 265 0.3742549310896416 0.187127465544821 -0.03 0.02 0.7660668380462725 0.9974293059125964 0.881748071979434 15.62 0.69 
0 909 0.29839816419932 0.14919908209966 0.0 -0.0 1.0 1.0 1.0 0.0 0.0 
1 5 -0.0 0.0 0.07 0.08 0.9854771784232365 0.9854771784232365 0.985477178423237 482.0 0.65 
0 9 0.4085789795635766 0.204289489781788 0.23 0.34 0.8893905191873588 0.9977426636568846 0.943566591422122 433.04 2.27 
1 18 0.5235346720440665 0.340972621087929 0.32 0.39 0.8666666666666668 0.9 0.883333333333333 30.0 1.75 
0 133 0.016359415015602636 0.00817970750780132 -0.0 -0.0 1.0 0.9953917050691244 0.997695852534562 0.0 0.0 
1 240 0.8547011249697178 0.427350562484859 -0.02 0.0 0.9795918367346939 0.982142857142857 0.980867346938775 1.6 0.02 
0 450 0.2996811032121433 0.159906220822462 -0.04 0.01 0.7321814254859611 0.9330453563714904 0.832613390928726 8.45 0.11 
1 4 0.01475818629482802 0.00737909314741401 0.01 0.01 1.0 0.9979466119096508 0.998973305954825 487.0 0.19 
0 28 0.033608909402360686 0.108109330987867 0.0 0.0 1.0 1.0 1.0 0.06 0.01 
1 1 -0.0 0.0 0.37 0.44 0.16 0.16 0.16 25.0 0.2 
0 74 0.19661681972859654 0.0983084098642983 -0.0 0.0 1.0 0.26636568848758463 0.633182844243792 0.0 0.0 
1 179 1.7983316181241153 0.899165809062058 0.0 -0.0 1.0 0.9628099173553722 0.981404958677686 0.0 0.0 
0 153 0.5858113340839818 0.542517066027033 -0.01 0.3 1.0 0.877840909090909 0.938920454545455 247.86 1.59 
1 154 0.7244657079537894 0.362232853976895 0.0 -0.0 1.0 0.3264462809917356 0.663223140495868 0.0 0.0 
0 230 0.6829081047004717 0.674593273557574 0.02 0.57 1.0 0.8076923076923077 0.903846153846154 22.62 0.12 
1 2 0.06894930739780505 0.15777508018186 0.26 0.3 0.9182389937106918 0.9266247379454928 0.922431865828092 1350.0 2.0 
0 426 0.06206254514673379 0.0839309603239862 -0.01 0.0 0.9402985074626864 0.9872068230277184 0.963752665245203 1.88 0.0 
1 127 -0.0 0.0 0.11 0.46 0.5384615384615384 0.6153846153846154 0.576923076923077 18.96 1.68 
0 974 -0.0 0.0 0.0 -0.0 1.0 0.5555555555555555 0.777777777777778 0.0 0.0 
1 12 -0.0 0.0 0.3 0.36 0.8846153846153846 0.8846153846153846 0.884615384615385 26.0 2.14 
0 386 0.13339348333086204 0.066696741665431 -0.0 -0.0 1.0 0.9954648526077096 0.997732426303855 0.0 0.0 
1 336 -0.0 0.0 -0.1 0.14 0.6774193548387096 0.8064516129032256 0.741935483870968 17.76 1.34 
0 50 0.08446800922974265 0.0422340046148713 -0.0 -0.0 1.0 0.9872068230277184 0.993603411513859 0.0 0.0 
1 3 -0.0 0.0 0.0 0.0 1.0 1.0 1.0 0.0 0.0 
0 172 0.04667886203059532 0.121557656532213 -0.0 0.0 1.0 0.9929577464788734 0.996478873239437 0.32 0.03 
1 1 0.4811067080592432 0.300596867788392 0.04 0.05 0.9954853273137698 0.9954853273137698 0.99548532731377 895.47 0.16 
0 555 0.20707027621364865 0.103535138106824 -0.0 0.0 0.9938775510204082 0.9979591836734693 0.995918367346939 0.06 0.01 
1 218 0.20297324940653716 0.101486624703269 0.0 -0.0 1.0 1.0 1.0 0.0 0.0 
0 188 0.04567384010078464 0.102841194746065 -0.0 0.0 1.0 0.8548387096774194 0.92741935483871 2.25 0.04 
1 68 0.3269547847215813 0.163477392360791 -0.01 0.01 0.9481865284974093 0.9870466321243522 0.967616580310881 3.79 0.05 
0 382 0.4674331568190166 0.24189628591731 -0.02 0.0 1.0 0.9621380846325168 0.981069042316258 1.61 0.12 
1 22 -0.0 0.0 0.31 0.55 0.7580645161290323 0.7580645161290323 0.758064516129032 62.0 2.49 
0 36 0.666278442414676 0.666278442414676 0.25 0.67 1.0 1.0 1.0 26.0 0.84 
1 1 0.05839899951927197 0.0572107346922477 0.0 0.0 1.0 1.0 1.0 0.02 0.0 
0 304 0.6829081047004717 0.54651221149444 -0.06 0.14 1.0 1.0 1.0 1.56 0.57 
1 8 -0.0 0.0 0.12 0.12 0.9568034557235422 0.9676025917926566 0.962203023758099 343.37 1.04 
0 81 -0.0 0.0 0.06 0.41 0.8571428571428571 0.8571428571428571 0.857142857142857 7.0 2.45 
1 3 -0.0 0.0 0.0 0.0 1.0 1.0 1.0 0.0 0.0 
0 10 -0.0 0.0 0.33 0.55 0.6774193548387096 0.6935483870967744 0.685483870967742 57.53 2.49 
1 86 0.022727473318271005 0.0113637366591355 -0.0 -0.0 1.0 1.0 1.0 0.0 0.0 
0 281 -0.0 0.0 -0.04 0.03 0.7580645161290323 0.919354838709677 0.838709677419355 3.8 0.57 
1 14 0.08958725315521794 0.0709314907519506 0.0 0.0 1.0 1.0 1.0 0.04 0.01 
0 75 0.34883209584303193 0.834860219496177 -0.09 0.35 1.0 0.8888888888888888 0.944444444444444 9.0 0.44 
1 8 0.022727473318271005 0.022727473318271 -0.0 0.0 1.0 1.0 1.0 0.0 0.0 
0 74 0.8156295932307395 0.426740566670276 -0.01 0.03 0.7484662576687117 0.9846625766871167 0.866564417177914 16.78 0.13 
1 2 0.09699169411326156 0.0746337112309724 -0.0 0.0 1.0 1.0 1.0 0.05 0.01 
0 8 0.035043395966475925 0.093769797897278 0.03 0.04 1.0 1.0 1.0 352.0 0.3 
1 5 -0.0 0.0 0.06 0.41 0.8571428571428571 0.8571428571428571 0.857142857142857 7.0 2.49 
0 227 0.08256493803586597 0.041282469017933 0.0 0.01 1.0 0.6935483870967744 0.846774193548387 0.45 0.11 
1 614 0.042617471413436414 0.0310799043211172 0.0 0.01 0.837708830548926 0.9928400954653938 0.91527446300716 10.42 0.09 
0 90 1.266536818067726 0.633268409033863 0.0 -0.0 1.0 0.9953051643192488 0.997652582159624 0.0 0.0 
1 362 -0.0 0.0 -0.06 0.16 0.6774193548387096 0.7580645161290323 0.717741935483871 20.64 1.46 
0 249 0.08718908116625151 0.368588481578788 -0.16 0.01 0.837448559670782 0.9876543209876544 0.912551440329218 4.57 0.08 
1 723 0.1725612331626618 0.0862806165813309 -0.07 0.05 0.4568421052631578 0.9578947368421052 0.707368421052632 33.9 0.06 
0 210 0.06957694070479191 0.0537204736693565 -0.0 0.0 0.9726651480637812 0.988610478359909 0.980637813211845 0.28 0.02 
1 4 0.7865364435085352 0.393268221754268 0.09 0.12 0.9728506787330315 0.9728506787330315 0.972850678733032 442.0 0.36 
0 53 0.022596852566469688 0.0112984262832349 0.02 0.02 0.9932885906040269 0.9966442953020132 0.99496644295302 148.5 0.22 
1 1 0.9277980308365658 1.27664305854078 0.26 0.8 0.7871396895787139 0.7871396895787139 0.787139689578714 1253.58 1.13 
0 396 -0.0 0.0 -0.0 0.0 1.0 0.625 0.8125 0.0 0.0 
1 20 0.8156295932307395 0.487087993037894 -0.0 0.08 0.7484662576687117 0.9785276073619632 0.863496932515337 53.37 0.31 
0 128 -0.0 0.0 0.0 0.0 1.0 1.0 1.0 0.0 0.0 
1 4 0.8127245415610106 0.428086422879458 0.41 0.59 0.3391521197007481 0.3640897755610973 0.351620947630923 772.17 0.33 
0 5 0.6829081047004717 0.341454052350236 0.26 0.49 0.8076923076923077 0.8076923076923077 0.807692307692308 26.0 1.4 
1 3 -0.0 0.0 -0.0 -0.0 1.0 1.0 1.0 0.0 0.0 
0 47 0.5218986732496746 0.770365346775896 -0.04 0.25 0.7321814254859611 0.9222462203023758 0.827213822894168 566.74 0.61 
1 28 0.6822056867479602 0.602052179998817 0.05 0.2 0.9222462203023758 0.9546436285097192 0.938444924406048 472.98 0.93 
0 194 -0.0 0.0 0.0 -0.0 1.0 0.6666666666666665 0.833333333333333 0.0 0.0 
1 3 0.0740225961475812 0.128824279468757 0.41 0.69 0.5590551181102362 0.5748031496062993 0.566929133858268 381.05 2.38 
0 162 0.3941117760992487 0.370984089925477 0.09 0.36 0.8581560283687942 0.9078014184397164 0.882978723404255 260.01 1.67 
1 1 -0.0 0.0 0.19 0.69 0.5555555555555555 0.5555555555555555 0.555555555555556 9.0 1.98 
0 25 0.25095314470125835 0.125476572350629 -0.0 -0.0 1.0 0.9966442953020132 0.998322147651007 0.0 0.0 
1 5 0.04131357294242817 0.0206567864712141 0.29 0.33 0.886153846153846 0.8892307692307693 0.887692307692308 315.12 2.04 
0 7 0.08036852866682491 0.235826345235981 0.01 0.02 0.9976580796252928 0.9976580796252928 0.997658079625293 427.6 0.03 
1 47 -0.0 0.0 -0.0 0.0 1.0 0.6153846153846154 0.807692307692308 0.0 0.0 
0 4 0.5858113340839818 0.574385508426645 0.19 0.41 1.0 1.0 1.0 610.01 2.21 
1 6 -0.0 0.0 -0.0 -0.0 1.0 0.9936034115138594 0.99680170575693 0.0 0.0 
0 16 0.014654633616741741 0.00732731680837087 -0.0 -0.0 1.0 1.0 1.0 0.0 0.0 
1 3 -0.0 0.0 0.0 0.0 1.0 1.0 1.0 0.0 0.0 
0 5 -0.0 0.0 0.39 0.62 0.6935483870967744 0.6935483870967744 0.693548387096774 62.0 2.5 
1 1 -0.0 0.0 0.39 0.62 0.6935483870967744 0.6935483870967744 0.693548387096774 62.0 2.6 
0 166 -0.0 0.0 -0.0 0.0 1.0 0.6774193548387096 0.838709677419355 0.0 0.0 
1 270 0.08807751896196665 0.451853556096353 -0.01 0.04 0.7484662576687117 0.9846625766871167 0.866564417177914 30.7 0.2 
0 43 0.34785640375170473 0.185701485425082 0.0 0.01 1.0 0.8581560283687942 0.929078014184397 12.47 0.09 
1 5 0.052275728348683194 0.0522757283486832 -0.0 0.0 1.0 1.0 1.0 0.02 0.0 
0 195 -0.0 0.0 -0.0 0.0 1.0 0.7580645161290323 0.879032258064516 0.0 0.0 
1 9 0.09503011725564632 0.0475150586278232 0.0 -0.0 1.0 1.0 1.0 0.0 0.0 
0 39 0.6730116670092564 0.336505833504628 0.09 0.16 0.9615384615384615 0.9615384615384615 0.961538461538462 26.0 0.5 
1 42 0.017626642729371575 0.00881332136468579 0.18 0.25 0.9252336448598132 0.9275700934579442 0.926401869158878 413.58 1.81 
0 247 0.698012279019083 0.349006139509542 -0.01 0.0 0.9710843373493978 0.985542168674699 0.978313253012048 2.25 0.1 
1 8 0.016424701198958662 0.00821235059947933 0.12 0.12 0.9728506787330315 0.9728506787330315 0.972850678733032 442.0 1.0 
0 100 0.01652368182171168 0.00826184091085584 -0.0 -0.0 1.0 0.9838709677419354 0.991935483870968 0.0 0.0 
1 3 -0.0 0.0 -0.0 -0.0 1.0 1.0 1.0 0.0 0.0 
0 326 -0.0 0.0 0.0 0.0 1.0 0.9583333333333331 0.979166666666667 0.0 0.0 
1 2 -0.0 0.0 0.39 0.62 0.6935483870967744 0.6935483870967744 0.693548387096774 62.0 2.6 
0 16 0.06480483800330761 0.0458050404038651 0.01 0.01 1.0 0.9938016528925618 0.996900826446281 120.0 0.11 
1 226 0.6171448282578021 0.580437337832493 0.03 0.32 1.0 0.8835227272727273 0.941761363636364 378.52 1.7 
0 37 0.13339348333086204 0.066696741665431 0.0 0.01 0.984126984126984 0.9954648526077096 0.989795918367347 30.3 0.08 
1 232 0.08627855491407438 0.0975485355458968 0.0 0.02 0.7084337349397591 0.9927710843373492 0.850602409638554 81.26 0.09 
0 123 0.2313519442560678 0.123055065275448 -0.0 0.0 1.0 1.0 1.0 0.07 0.01 
1 4 0.6895519477750732 0.344775973887537 0.0 -0.0 1.0 1.0 1.0 0.0 0.0 
0 142 0.36421465730196667 0.358378583825359 0.07 0.35 1.0 0.9516129032258066 0.975806451612903 62.0 1.98 
1 34 0.6171448282578021 0.308572414128901 -0.01 0.0 1.0 0.9886363636363636 0.994318181818182 0.88 0.06 
0 172 0.016424701198958662 0.00821235059947933 0.0 0.0 1.0 0.9576837416481068 0.978841870824053 0.0 0.0 
1 25 0.8720635602136072 0.444515665699525 -0.01 0.0 0.2385542168674699 0.9975903614457832 0.618072289156626 0.63 0.0 
0 158 0.05577279621184249 0.0278863981059212 -0.0 0.0 1.0 0.9686746987951808 0.98433734939759 0.0 0.0 
1 1 0.07093518297335139 0.0616054556610173 0.0 0.0 1.0 1.0 1.0 0.03 0.0 
0 13 0.020953288812648903 0.631676298668164 -0.01 0.01 0.4427645788336933 0.9913606911447084 0.717062634989201 5.63 0.01 
1 23 0.056152199528602974 0.0560873346969132 -0.0 0.0 1.0 0.9972972972972972 0.998648648648649 0.03 0.0 
0 33 0.25206432238740556 0.19040570330822 0.07 0.1 0.9049676025917927 0.9524838012958964 0.928725701943845 217.82 0.82 
1 75 0.09699169411326156 0.0765719468209323 -0.0 0.0 1.0 0.9972972972972972 0.998648648648649 0.07 0.01 
0 322 0.40984977137281264 0.204924885686406 0.0 0.02 0.6400911161731208 0.9863325740318906 0.813211845102506 57.27 0.02 
1 24 0.030372534777978206 0.0658985378330168 -0.0 0.0 0.972457627118644 0.9978813559322034 0.985169491525424 0.13 0.01 
0 309 -0.0 0.0 0.01 0.14 0.125 0.375 0.25 1.9 0.09 
1 14 0.5235346720440665 0.340972621087929 0.32 0.39 0.8666666666666668 0.9 0.883333333333333 30.0 1.75 
0 189 -0.0 0.0 0.0 0.0 1.0 0.8076923076923077 0.903846153846154 0.0 0.0 
1 31 -0.0 0.0 0.0 0.0 1.0 1.0 1.0 0.0 0.0 
0 231 0.3525425103487513 0.176271255174376 -0.08 0.14 1.0 0.6774193548387096 0.838709677419355 16.57 1.27 
1 4 0.5297061990576545 0.439269147450343 -0.1 0.03 1.0 1.0 1.0 0.32 0.45 
0 176 0.5254674820821779 0.270946091640568 -0.01 0.01 1.0 0.9576837416481068 0.978841870824053 5.25 0.2 
1 19 0.08958725315521794 0.0728697263419105 -0.0 0.0 1.0 0.9972972972972972 0.998648648648649 0.06 0.01 
0 335 0.9556998911125344 0.997710330976226 0.05 0.68 1.0 0.5714285714285713 0.785714285714286 10.5 0.43 
1 6 0.08958725315521794 0.073993126337245 0.0 0.0 1.0 1.0 1.0 0.04 0.01 
0 10 0.4459524223135379 0.29897886657487 0.15 0.34 0.919354838709677 0.919354838709677 0.919354838709677 102.36 1.76 
1 345 -0.0 0.0 -0.06 0.16 0.6774193548387096 0.7580645161290323 0.717741935483871 20.64 1.46 
0 183 0.3565581205895817 0.178279060294791 0.0 -0.0 1.0 1.0 1.0 0.0 0.0 
1 11 0.02133050528737909 0.0106652526436895 0.1 0.1 0.980392156862745 0.980392156862745 0.980392156862745 459.0 0.82 
0 23 -0.0 0.0 0.22 0.34 0.2333333333333333 0.33333333333333326 0.283333333333333 18.26 0.46 
1 4 -0.0 0.0 0.31 0.55 0.7580645161290323 0.7580645161290323 0.758064516129032 62.0 2.49 
0 23 0.016556959431630658 0.00827847971581533 -0.0 -0.0 1.0 1.0 1.0 0.0 0.0 
1 43 -0.0 0.0 0.0 0.0 1.0 1.0 1.0 0.0 0.0 
0 178 0.3615394778944647 0.28661351127039 -0.05 0.02 1.0 0.8870967741935483 0.943548387096774 1.28 0.36 
1 7 0.09908391604753189 0.0495419580237659 0.04 0.04 0.9850746268656718 0.9914712153518124 0.988272921108742 266.27 0.37 
0 32 0.7569669131450216 0.950673658589678 0.11 0.43 1.0 0.9971590909090908 0.998579545454545 876.42 1.94 
1 6 -0.0 0.0 -0.0 -0.0 1.0 1.0 1.0 0.0 0.0 
0 264 0.666278442414676 0.333139221207338 -0.15 0.02 1.0 0.8076923076923077 0.903846153846154 0.89 0.33 
1 94 0.09165764788996307 0.0699766348366203 -0.0 0.0 1.0 0.9818181818181818 0.990909090909091 0.1 0.01 
0 33 -0.0 0.0 0.0 -0.0 1.0 0.959731543624161 0.97986577181208 0.0 0.0 
1 61 0.0707680768797802 0.351225226630238 -0.0 0.0 1.0 0.997695852534562 0.998847926267281 3.17 0.0 
0 14 0.4319626568589969 0.235327123773581 -0.0 0.0 1.0 0.9914712153518124 0.995735607675906 5.04 0.05 
1 33 0.030372534777978206 0.0228364363705995 -0.0 0.0 0.9894067796610168 0.9978813559322034 0.99364406779661 0.04 0.0 
0 5 -0.0 0.0 0.13 0.66 0.625 0.625 0.625 24.0 2.5 
1 2 -0.0 0.0 0.47 0.64 0.33333333333333326 0.33333333333333326 0.333333333333333 30.0 0.94 
0 253 -0.0 0.0 -0.0 -0.0 1.0 1.0 1.0 0.0 0.0 
1 2 0.0251440699125892 0.0125720349562946 0.53 0.63 0.6761658031088082 0.6761658031088082 0.676165803108808 386.0 2.33 
0 216 -0.0 0.0 -0.0 -0.0 1.0 1.0 1.0 0.0 0.0 
1 5 -0.0 0.0 0.3 0.5 0.8008658008658008 0.8008658008658008 0.800865800865801 462.0 2.56 
0 69 0.5297061990576545 0.439269147450343 -0.1 0.03 1.0 1.0 1.0 0.32 0.53 
