1 94 0.09165764788996307 0.0699766348366203 -0.0 0.0 1.0 0.9818181818181818 0.990909090909091 0.1 0.01 
0 332 0.9242647281309502 0.462132364065475 -0.09 0.01 0.8607954545454547 0.9346590909090908 0.897727272727273 7.78 0.22 
1 122 0.04915006684960595 0.024575033424803 0.0 0.01 0.868995633187773 0.9956331877729256 0.932314410480349 13.32 0.14 
0 210 0.6071082391575967 0.311717609305845 0.02 0.03 0.8200455580865603 0.9863325740318906 0.903189066059225 59.16 0.19 
1 23 0.056152199528602974 0.0560873346969132 -0.0 0.0 1.0 0.9972972972972972 0.998648648648649 0.03 0.0 
0 435 0.022083380117043378 0.0110416900585217 0.0 -0.0 1.0 0.981859410430839 0.99092970521542 0.0 0.0 
1 18 0.5235346720440665 0.340972621087929 0.32 0.39 0.8666666666666668 0.9 0.883333333333333 30.0 1.75 
0 56 0.6829081047004717 0.659711136497642 -0.12 0.36 1.0 0.4285714285714285 0.714285714285714 3.94 0.31 
1 7 0.01652368182171168 0.00826184091085584 0.08 0.08 0.9838709677419354 0.9838709677419354 0.983870967741935 434.0 0.72 
0 158 0.7558148632822626 0.377907431641131 -0.0 0.0 0.9897330595482546 0.9979466119096508 0.993839835728953 0.33 0.02 
1 5 -0.0 0.0 0.3 0.5 0.8008658008658008 0.8008658008658008 0.800865800865801 462.0 2.56 
0 3 -0.0 0.0 -0.0 -0.0 1.0 1.0 1.0 0.0 0.0 
1 3 0.6601647680850746 0.591011175434611 0.13 0.3 0.8594470046082949 0.919354838709677 0.889400921658986 970.62 1.21 
0 347 0.928529239598717 0.464264619799359 0.0 -0.0 1.0 0.7114093959731543 0.855704697986577 0.0 0.0 
1 68 0.3269547847215813 0.163477392360791 -0.01 0.01 0.9481865284974093 0.9870466321243522 0.967616580310881 3.79 0.05 
0 309 0.048964887966297055 0.101372287820859 -0.01 0.0 1.0 0.981859410430839 0.99092970521542 0.37 0.03 
1 1 -0.0 0.0 0.37 0.44 0.16 0.16 0.16 25.0 0.2 
0 96 0.40067165339847227 0.200335826699236 -0.0 0.0 0.9914772727272728 0.9971590909090908 0.994318181818182 0.1 0.01 
1 4 0.09503011725564632 0.189490815924107 0.0 0.0 1.0 1.0 1.0 0.06 0.04 
0 369 0.3941117760992487 0.385022961160949 0.07 0.2 1.0 0.9078014184397164 0.953900709219858 196.73 1.22 
1 9 0.05602246986522343 0.0541490991069533 0.0 0.0 1.0 1.0 1.0 0.02 0.0 
0 199 0.19643645103383003 0.599340725116855 -0.02 0.03 1.0 0.9976525821596244 0.998826291079812 32.29 0.21 
1 2 0.06894930739780505 0.15777508018186 0.26 0.3 0.9182389937106918 0.9266247379454928 0.922431865828092 1350.0 2.0 
0 53 -0.0 0.0 0.0 0.0 1.0 0.375 0.6875 0.0 0.0 
1 240 0.8547011249697178 0.427350562484859 -0.02 0.0 0.9795918367346939 0.982142857142857 0.980867346938775 1.6 0.02 
0 33 0.6941745246867409 0.46910936936507 0.02 0.09 0.989795918367347 0.989795918367347 0.989795918367347 519.12 0.27 
1 1 -0.0 0.0 0.39 0.62 0.6935483870967744 0.6935483870967744 0.693548387096774 62.0 2.6 
0 128 0.6791932659915256 0.339596632995763 0.16 0.67 0.6153846153846154 0.9230769230769232 0.769230769230769 26.0 0.93 
1 47 -0.0 0.0 -0.0 0.0 1.0 0.6153846153846154 0.807692307692308 0.0 0.0 
0 507 -0.0 0.0 -0.0 0.0 0.984126984126984 0.9931972789115646 0.988662131519274 0.05 0.01 
1 14 0.5235346720440665 0.340972621087929 0.32 0.39 0.8666666666666668 0.9 0.883333333333333 30.0 1.75 
0 510 -0.0 0.0 -0.02 0.0 0.9166666666666664 0.9583333333333331 0.9375 0.09 0.1 
1 345 -0.0 0.0 -0.06 0.16 0.6774193548387096 0.7580645161290323 0.717741935483871 20.64 1.46 
0 220 0.3525425103487513 0.176271255174376 -0.08 0.15 1.0 0.6935483870967744 0.846774193548387 17.86 1.33 
1 4 -0.0 0.0 0.0 0.0 1.0 1.0 1.0 0.0 0.0 
0 44 -0.0 0.0 0.0 0.0 1.0 0.75 0.875 0.0 0.0 
1 3 -0.0 0.0 -0.0 -0.0 1.0 1.0 1.0 0.0 0.0 
0 4 0.6791932659915256 0.339596632995763 0.26 0.69 0.5384615384615384 0.9230769230769232 0.730769230769231 26.0 1.15 
1 20 0.8156295932307395 0.487087993037894 -0.0 0.08 0.7484662576687117 0.9785276073619632 0.863496932515337 53.37 0.31 
0 337 -0.0 0.0 -0.0 0.0 0.9672131147540984 0.9976580796252928 0.982435597189696 0.03 0.0 
1 3 0.43686973210547814 0.270464027731018 0.04 0.05 1.0 0.940936863543788 0.970468431771894 144.91 0.55 
0 220 0.05755265252972321 0.105666170102572 -0.0 0.0 1.0 0.984126984126984 0.992063492063492 0.37 0.03 
1 4 0.0947607483566568 0.0769695270739669 0.09 0.1 0.9806866952789698 0.982832618025751 0.981759656652361 445.71 0.81 
0 130 0.7569669131450216 0.71189401992966 0.0 0.48 1.0 0.8835227272727273 0.941761363636364 1125.7 1.87 
1 4 0.5297061990576545 0.439269147450343 -0.1 0.03 1.0 1.0 1.0 0.32 0.45 
0 66 -0.0 0.0 -0.0 0.0 0.959731543624161 0.9966442953020132 0.978187919463087 0.04 0.01 
1 6 -0.0 0.0 -0.0 -0.0 1.0 1.0 1.0 0.0 0.0 
0 43 0.34785640375170473 0.185701485425082 0.0 0.01 1.0 0.8581560283687942 0.929078014184397 12.47 0.09 
1 1 0.4811067080592432 0.300596867788392 0.04 0.05 0.9954853273137698 0.9954853273137698 0.99548532731377 895.47 0.16 
0 162 0.16066044793984147 0.0803302239699207 -0.0 0.0 1.0 0.8040089086859687 0.902004454342984 0.0 0.0 
1 42 0.017626642729371575 0.00881332136468579 0.18 0.25 0.9252336448598132 0.9275700934579442 0.926401869158878 413.58 1.81 
0 99 -0.0 0.0 0.0 0.0 1.0 0.919354838709677 0.959677419354839 0.0 0.0 
1 3 -0.0 0.0 0.0 0.0 1.0 1.0 1.0 0.0 0.0 
0 23 -0.0 0.0 0.0 0.0 1.0 0.75 0.875 0.0 0.0 
1 16 -0.0 0.0 0.33 0.55 0.6774193548387096 0.6935483870967744 0.685483870967742 57.53 2.39 
0 227 0.3525425103487513 0.176271255174376 -0.08 0.15 1.0 0.6935483870967744 0.846774193548387 17.86 1.39 
1 24 0.030372534777978206 0.0658985378330168 -0.0 0.0 0.972457627118644 0.9978813559322034 0.985169491525424 0.13 0.01 
0 359 0.39796547681873295 0.198982738409367 -0.0 0.0 1.0 0.9956331877729256 0.997816593886463 0.21 0.02 
1 4 0.7865364435085352 0.393268221754268 0.09 0.12 0.9728506787330315 0.9728506787330315 0.972850678733032 442.0 0.36 
0 14 0.057146758033893234 0.0402999509970581 0.08 0.09 0.9782082324455202 0.9806295399515738 0.979418886198547 366.21 0.74 
1 2 0.666278442414676 0.666278442414676 0.25 0.67 1.0 1.0 1.0 26.0 0.9 
0 306 0.7244657079537894 0.651997415007642 -0.05 0.26 0.3264462809917356 0.4359504132231405 0.381198347107438 232.45 0.21 
1 218 0.20297324940653716 0.101486624703269 0.0 -0.0 1.0 1.0 1.0 0.0 0.0 
0 175 0.6829081047004717 0.880950156289028 0.16 0.68 1.0 1.0 1.0 7.0 0.44 
1 34 0.6171448282578021 0.308572414128901 -0.01 0.0 1.0 0.9886363636363636 0.994318181818182 0.88 0.06 
0 379 0.1182332903886191 0.0591166451943096 -0.01 0.0 0.9585253456221196 0.988479262672811 0.973502304147465 0.67 0.05 
1 14 0.08958725315521794 0.0709314907519506 0.0 0.0 1.0 1.0 1.0 0.04 0.01 
0 243 0.4337626359979511 0.773700210971411 -0.07 0.21 0.9488636363636364 0.9943181818181815 0.971590909090909 374.87 0.99 
1 8 -0.0 0.0 0.12 0.12 0.9568034557235422 0.9676025917926566 0.962203023758099 343.37 1.04 
0 51 -0.0 0.0 -0.0 0.0 0.9886363636363636 0.9971590909090908 0.992897727272727 0.01 0.0 
1 9 0.09503011725564632 0.0475150586278232 0.0 -0.0 1.0 1.0 1.0 0.0 0.0 
0 90 0.016556959431630658 0.00827847971581533 -0.0 -0.0 1.0 1.0 1.0 0.0 0.0 
1 3 -0.0 0.0 0.0 0.0 1.0 1.0 1.0 0.0 0.0 
0 243 0.01607235879964646 0.00803617939982323 -0.0 -0.0 1.0 1.0 1.0 0.0 0.0 
1 11 0.02133050528737909 0.0106652526436895 0.1 0.1 0.980392156862745 0.980392156862745 0.980392156862745 459.0 0.82 
0 131 -0.0 0.0 -0.0 0.0 0.9966442953020132 0.9966442953020132 0.996644295302013 0.0 0.0 
1 49 -0.0 0.0 0.0 0.0 1.0 1.0 1.0 0.0 0.0 
0 57 0.3724807184521906 0.186240359226095 -0.02 0.29 0.6935483870967744 0.919354838709677 0.806451612903226 33.68 2.0 
1 75 0.09699169411326156 0.0765719468209323 -0.0 0.0 1.0 0.9972972972972972 0.998648648648649 0.07 0.01 
0 33 0.6829081047004717 0.341454052350236 0.25 0.68 1.0 0.4285714285714285 0.714285714285714 7.0 0.76 
1 8 0.022727473318271005 0.022727473318271 -0.0 0.0 1.0 1.0 1.0 0.0 0.0 
0 492 -0.0 0.0 -0.0 0.0 1.0 0.625 0.8125 0.0 0.0 
1 316 -0.0 0.0 0.0 0.0 1.0 0.982142857142857 0.991071428571429 0.0 0.0 
0 71 -0.0 0.0 0.19 0.69 0.5555555555555555 0.5555555555555555 0.555555555555556 9.0 2.08 
1 14 -0.0 0.0 0.33 0.55 0.6774193548387096 0.6935483870967744 0.685483870967742 57.53 2.59 
0 17 -0.0 0.0 -0.0 -0.0 1.0 1.0 1.0 0.0 0.0 
1 127 -0.0 0.0 0.11 0.46 0.5384615384615384 0.6153846153846154 0.576923076923077 18.96 1.68 
0 158 -0.0 0.0 -0.0 0.0 1.0 0.6935483870967744 0.846774193548387 0.0 0.0 
1 19 0.08958725315521794 0.0728697263419105 -0.0 0.0 1.0 0.9972972972972972 0.998648648648649 0.06 0.01 
0 1 0.20161353588532901 0.100806767942664 -0.0 0.0 1.0 0.9966442953020132 0.998322147651007 0.05 0.01 
1 232 0.08627855491407438 0.0975485355458968 0.0 0.02 0.7084337349397591 0.9927710843373492 0.850602409638554 81.26 0.09 
0 969 -0.0 0.0 0.0 -0.0 1.0 0.5555555555555555 0.777777777777778 0.0 0.0 
1 13 0.05839899951927197 0.0572755995239375 -0.0 0.0 1.0 0.9972972972972972 0.998648648648649 0.03 0.0 
0 56 -0.0 0.0 0.13 0.66 0.625 0.625 0.625 24.0 2.28 
1 61 0.0707680768797802 0.351225226630238 -0.0 0.0 1.0 0.997695852534562 0.998847926267281 3.17 0.0 
0 38 0.40067165339847227 0.875335582563347 -0.02 0.19 0.8352272727272727 0.9914772727272728 0.913352272727273 374.59 0.5 
1 7 0.09908391604753189 0.0495419580237659 0.04 0.04 0.9850746268656718 0.9914712153518124 0.988272921108742 266.27 0.37 
0 236 0.666278442414676 0.333139221207338 -0.15 0.02 1.0 0.8076923076923077 0.903846153846154 0.89 0.22 
1 614 0.042617471413436414 0.0310799043211172 0.0 0.01 0.837708830548926 0.9928400954653938 0.91527446300716 10.42 0.09 
0 148 0.1040583233565584 0.0520291616782792 -0.0 -0.0 1.0 1.0 1.0 0.0 0.0 
1 12 -0.0 0.0 0.3 0.36 0.8846153846153846 0.8846153846153846 0.884615384615385 26.0 2.14 
0 370 -0.0 0.0 -0.06 0.18 0.6935483870967744 0.7580645161290323 0.725806451612903 22.68 1.48 
1 3 -0.0 0.0 -0.0 -0.0 1.0 1.0 1.0 0.0 0.0 
0 6 -0.0 0.0 0.31 0.55 0.7580645161290323 0.7580645161290323 0.758064516129032 62.0 2.78 
1 4 0.6895519477750732 0.344775973887537 0.0 -0.0 1.0 1.0 1.0 0.0 0.0 
0 462 0.44449289751520166 0.811593843442421 -0.08 0.07 1.0 0.9138461538461538 0.956923076923077 38.08 0.26 
1 2 0.0251440699125892 0.0125720349562946 0.53 0.63 0.6761658031088082 0.6761658031088082 0.676165803108808 386.0 2.33 
0 383 0.3269974743901718 0.240388581032796 0.01 0.03 1.0 0.9342403628117912 0.967120181405896 82.51 0.14 
1 29 0.02253214392080778 0.0197499575531257 -0.0 0.01 0.7156626506024096 0.9975903614457832 0.856626506024096 5.06 0.1 
0 223 0.3615394778944647 0.180769738947232 -0.06 0.11 1.0 0.6935483870967744 0.846774193548387 12.6 0.87 
1 336 -0.0 0.0 -0.1 0.14 0.6774193548387096 0.8064516129032256 0.741935483870968 17.76 1.34 
0 479 -0.0 0.0 -0.0 0.0 1.0 0.625 0.8125 0.0 0.0 
1 3 -0.0 0.0 0.0 0.0 1.0 1.0 1.0 0.0 0.0 
0 121 0.6878717657035625 0.343935882851781 0.0 -0.0 1.0 0.997867803837953 0.998933901918976 0.0 0.0 
1 33 0.030372534777978206 0.0228364363705995 -0.0 0.0 0.9894067796610168 0.9978813559322034 0.99364406779661 0.04 0.0 
0 467 0.580651755229746 0.388268087893187 -0.01 0.02 0.9005102040816326 0.9948979591836736 0.947704081632653 25.91 0.05 
1 2 0.09699169411326156 0.0746337112309724 -0.0 0.0 1.0 1.0 1.0 0.05 0.01 
0 107 0.2035083444071568 0.101754172203578 -0.0 -0.0 1.0 1.0 1.0 0.0 0.0 
1 5 0.04131357294242817 0.0206567864712141 0.29 0.33 0.886153846153846 0.8892307692307693 0.887692307692308 315.12 2.04 
0 55 0.8194521312920207 0.668160690034292 0.09 0.27 0.9094076655052264 0.9965156794425089 0.952961672473868 299.7 1.2 
1 35 1.6284102630552857 1.62546092371276 -0.02 0.51 0.7700348432055749 0.9895470383275262 0.879790940766551 325.24 0.19 
0 752 -0.0 0.0 -0.15 0.04 0.625 0.9166666666666664 0.770833333333333 1.31 0.49 
1 8 0.016424701198958662 0.00821235059947933 0.12 0.12 0.9728506787330315 0.9728506787330315 0.972850678733032 442.0 1.0 
0 117 0.7569085521415507 0.644707299603688 0.0 0.31 1.0 0.6703786191536748 0.835189309576837 448.51 0.47 
1 182 -0.0 0.0 -0.0 0.0 1.0 0.7580645161290323 0.879032258064516 0.0 0.0 
0 215 0.21168754464631545 0.105843772323158 -0.0 0.01 0.8870967741935483 0.9677419354838708 0.92741935483871 0.4 0.14 
1 270 0.08807751896196665 0.451853556096353 -0.01 0.04 0.7484662576687117 0.9846625766871167 0.866564417177914 30.7 0.2 
0 252 0.40067165339847227 0.311027331657018 0.03 0.11 0.9488636363636364 0.9914772727272728 0.970170454545455 272.46 0.64 
1 2 -0.0 0.0 0.39 0.62 0.6935483870967744 0.6935483870967744 0.693548387096774 62.0 2.6 
0 134 -0.0 0.0 -0.0 0.0 1.0 0.5 0.75 0.0 0.0 
1 1 0.07093518297335139 0.0616054556610173 0.0 0.0 1.0 1.0 1.0 0.03 0.0 
0 162 0.7086824798712817 0.887449925279695 0.13 0.6 0.989795918367347 0.9918367346938776 0.990816326530612 493.69 0.03 
1 10 -0.0 0.0 0.33 0.55 0.6774193548387096 0.6935483870967744 0.685483870967742 57.53 2.49 
0 22 0.5623351446188082 0.795994079341691 0.23 0.28 0.10752688172043011 0.08602150537634409 0.0967741935483871 169.61 0.02 
1 2 -0.0 0.0 0.47 0.64 0.33333333333333326 0.33333333333333326 0.333333333333333 30.0 0.94 
0 154 0.3525425103487513 0.252273910592477 -0.05 0.08 1.0 0.919354838709677 0.959677419354839 16.98 0.85 
1 65 -0.0 0.0 -0.0 -0.0 1.0 0.9958677685950412 0.997933884297521 0.0 0.0 
0 152 -0.0 0.0 -0.0 0.0 1.0 0.6935483870967744 0.846774193548387 0.0 0.0 
1 4 0.7865364435085352 0.401480572353747 0.08 0.13 0.9728506787330315 0.9728506787330315 0.972850678733032 442.51 0.33 
0 42 -0.0 0.0 0.0 0.0 1.0 1.0 1.0 0.0 0.0 
1 265 0.3742549310896416 0.187127465544821 -0.03 0.02 0.7660668380462725 0.9974293059125964 0.881748071979434 15.62 0.69 
0 271 0.4959171118080685 0.247958555904034 0.0 -0.0 1.0 0.9922879177377892 0.996143958868895 0.0 0.0 
1 5 -0.0 0.0 0.06 0.41 0.8571428571428571 0.8571428571428571 0.857142857142857 7.0 2.49 
0 206 0.08256493803586597 0.041282469017933 0.0 0.01 1.0 0.6935483870967744 0.846774193548387 0.45 0.12 
1 362 -0.0 0.0 -0.06 0.16 0.6774193548387096 0.7580645161290323 0.717741935483871 20.64 1.46 
0 52 0.3724807184521906 0.186240359226095 -0.02 0.29 0.6935483870967744 0.919354838709677 0.806451612903226 33.68 1.92 
1 25 0.8720635602136072 0.444515665699525 -0.01 0.0 0.2385542168674699 0.9975903614457832 0.618072289156626 0.63 0.0 
0 186 0.3525425103487513 0.282115027497533 -0.08 0.02 1.0 0.8870967741935483 0.943548387096774 1.52 0.38 
1 22 -0.0 0.0 0.31 0.55 0.7580645161290323 0.7580645161290323 0.758064516129032 62.0 2.49 
0 417 0.031746149071385094 0.0158730745356926 -0.01 0.0 0.9542168674698795 0.9638554216867468 0.959036144578313 0.23 0.02 
1 5 -0.0 0.0 0.07 0.08 0.9854771784232365 0.9854771784232365 0.985477178423237 482.0 0.65 
0 350 0.8476223817902205 0.718224224786266 0.06 0.42 0.7607361963190185 0.9969325153374232 0.878834355828221 452.24 1.59 
1 4 0.8127245415610106 0.428086422879458 0.41 0.59 0.3391521197007481 0.3640897755610973 0.351620947630923 772.17 0.33 
0 237 0.3525425103487513 0.176271255174376 -0.08 0.14 1.0 0.6774193548387096 0.838709677419355 16.57 1.2 
1 3 0.10434878616952079 0.0521743930847604 0.01 0.01 0.9979591836734693 0.9979591836734693 0.997959183673469 490.0 0.11 
0 31 -0.0 0.0 0.13 0.66 0.625 0.625 0.625 24.0 2.44 
1 8 0.0947607483566568 0.232756230915289 0.02 0.03 0.9678111587982832 0.9806866952789698 0.974248927038627 84.69 0.27 
0 291 0.5456891633476865 0.272844581673843 -0.12 0.22 0.8064516129032256 0.8870967741935483 0.846774193548387 33.06 1.32 
1 226 0.6171448282578021 0.580437337832493 0.03 0.32 1.0 0.8835227272727273 0.941761363636364 378.52 1.7 
0 963 -0.0 0.0 0.0 -0.0 1.0 0.5555555555555555 0.777777777777778 0.0 0.0 
1 3 -0.0 0.0 0.0 0.0 1.0 1.0 1.0 0.0 0.0 
0 205 0.6128854801054902 0.557545363282641 -0.07 0.08 0.7349397590361446 0.9710843373493978 0.853012048192771 102.31 0.06 
1 31 -0.0 0.0 0.0 0.0 1.0 1.0 1.0 0.0 0.0 
0 10 0.9569181480647492 0.80208734547119 0.03 0.26 0.9979591836734693 0.9979591836734693 0.997959183673469 684.58 0.16 
1 6 -0.0 0.0 -0.0 -0.0 1.0 0.9936034115138594 0.99680170575693 0.0 0.0 
0 192 0.5858113340839818 0.354313198810374 -0.08 0.03 1.0 0.9602272727272728 0.980113636363636 52.27 0.04 
1 723 0.1725612331626618 0.0862806165813309 -0.07 0.05 0.4568421052631578 0.9578947368421052 0.707368421052632 33.9 0.06 
0 220 0.666278442414676 0.333139221207338 -0.15 0.02 1.0 0.8076923076923077 0.903846153846154 0.89 0.25 
1 4 -0.0 0.0 0.31 0.55 0.7580645161290323 0.7580645161290323 0.758064516129032 62.0 2.49 
0 61 -0.0 0.0 0.04 0.1 0.6935483870967744 0.919354838709677 0.806451612903226 12.31 0.96 
1 1 -0.0 0.0 0.19 0.69 0.5555555555555555 0.5555555555555555 0.555555555555556 9.0 1.98 
0 112 -0.0 0.0 0.0 0.02 0.7580645161290323 0.9838709677419354 0.870967741935484 3.18 0.31 
1 4 0.01475818629482802 0.00737909314741401 0.01 0.01 1.0 0.9979466119096508 0.998973305954825 487.0 0.19 
0 22 0.10434878616952079 0.0521743930847604 0.01 0.01 0.9979591836734693 0.9979591836734693 0.997959183673469 490.0 0.11 
1 6 0.08958725315521794 0.073993126337245 0.0 0.0 1.0 1.0 1.0 0.04 0.01 
0 243 1.351783994289646 0.675891997144823 -0.06 0.21 1.0 0.8571428571428571 0.928571428571429 2.92 0.01 
1 179 1.7983316181241153 0.899165809062058 0.0 -0.0 1.0 0.9628099173553722 0.981404958677686 0.0 0.0 
0 10 -0.0 0.0 0.42 0.63 0.6774193548387096 0.6774193548387096 0.67741935483871 62.0 2.46 
1 1 0.9277980308365658 1.27664305854078 0.26 0.8 0.7871396895787139 0.7871396895787139 0.787139689578714 1253.58 1.13 
0 33 0.666278442414676 0.333139221207338 0.29 0.39 0.8666666666666668 0.8666666666666668 0.866666666666667 30.0 0.98 
1 24 0.16245281571443987 0.14550577947865 -0.01 0.02 0.916083916083916 0.9976689976689976 0.956876456876457 46.4 0.05 
0 263 0.6730116670092564 0.510921881426144 -0.2 0.1 1.0 0.5555555555555555 0.777777777777778 1.41 0.42 
1 2 0.6846162778013049 0.342308138900652 0.15 0.36 0.8846153846153846 0.8846153846153846 0.884615384615385 26.0 0.82 
0 350 0.6615632381579821 0.330781619078991 0.0 0.0 1.0 1.0 1.0 0.0 0.0 
1 43 -0.0 0.0 0.0 0.0 1.0 1.0 1.0 0.0 0.0 
0 595 -0.0 0.0 0.0 -0.0 1.0 0.886153846153846 0.943076923076923 0.0 0.0 
1 5 0.020830638321723566 0.0104153191608618 0.04 0.04 0.9850746268656718 0.9914712153518124 0.988272921108742 266.27 0.43 
0 1 0.9027866888675216 0.538378037625136 0.34 0.65 0.724233983286908 0.7325905292479109 0.728412256267409 929.22 1.55 
1 148 0.8156295932307395 0.74694740234885 0.07 0.48 0.7484662576687117 0.8558282208588956 0.802147239263804 285.8 0.83 
0 115 0.6316823763806962 0.341075222759258 -0.01 0.01 1.0 0.9631336405529952 0.981566820276498 6.11 0.09 
1 28 0.6822056867479602 0.602052179998817 0.05 0.2 0.9222462203023758 0.9546436285097192 0.938444924406048 472.98 0.93 
0 324 -0.0 0.0 -0.1 0.15 0.6935483870967744 0.8064516129032256 0.75 19.44 1.42 
1 5 0.052275728348683194 0.0522757283486832 -0.0 0.0 1.0 1.0 1.0 0.02 0.0 
0 1290 -0.0 0.0 0.0 0.0 1.0 1.0 1.0 0.0 0.0 
1 3 0.0740225961475812 0.128824279468757 0.41 0.69 0.5590551181102362 0.5748031496062993 0.566929133858268 381.05 2.38 
0 194 0.9556998911125344 0.814355779060895 -0.08 0.68 1.0 0.7142857142857143 0.857142857142857 7.0 1.28 
1 1 0.05839899951927197 0.0572107346922477 0.0 0.0 1.0 1.0 1.0 0.02 0.0 
0 90 0.36421465730196667 0.182107328650983 -0.04 0.22 0.6774193548387096 0.9516129032258066 0.814516129032258 25.04 1.61 
1 86 0.022727473318271005 0.0113637366591355 -0.0 -0.0 1.0 1.0 1.0 0.0 0.0 
0 129 0.6071082391575967 0.327094376878724 -0.12 0.02 0.6423690205011389 0.8200455580865603 0.73120728929385 12.71 0.03 
