1 9 0.05602246986522343 0.0448156896337921 0.0 0.0 1.0 1.0 1.0 0.02 0.0 
0 32 0.7569669131450216 0.950673658589678 0.11 0.43 1.0 0.9971590909090908 0.998579545454545 876.42 1.94 
1 226 0.6171448282578021 0.580437337832493 0.03 0.32 1.0 0.8835227272727273 0.941761363636364 378.52 1.7 
0 396 0.6730116670092564 0.336505833504628 -0.11 0.22 0.3076923076923077 0.9615384615384615 0.634615384615385 8.47 0.18 
1 8 0.022727473318271005 0.022727473318271 -0.0 0.0 1.0 1.0 1.0 0.0 0.0 
0 255 0.9242647281309502 0.462132364065475 -0.08 0.01 0.8607954545454547 0.9573863636363636 0.909090909090909 3.38 0.15 
1 148 0.8156295932307395 0.74694740234885 0.07 0.48 0.7484662576687117 0.8558282208588956 0.802147239263804 285.8 0.83 
0 98 0.15249619982808016 0.0762480999140401 -0.0 0.0 1.0 0.9971590909090908 0.998579545454545 0.03 0.0 
1 3 -0.0 0.0 0.0 0.0 1.0 1.0 1.0 0.0 0.0 
0 129 0.038691590688165765 0.0193457953440829 -0.0 -0.0 1.0 1.0 1.0 0.0 0.0 
1 29 0.02253214392080778 0.0197499575531257 -0.0 0.01 0.7156626506024096 0.9975903614457832 0.856626506024096 5.06 0.1 
0 62 0.7569085521415507 0.378454276070775 -0.0 0.0 1.0 1.0 1.0 0.0 0.0 
1 13 0.05839899951927197 0.0572755995239375 -0.0 0.0 1.0 0.9972972972972972 0.998648648648649 0.03 0.0 
0 163 -0.0 0.0 -0.0 0.0 1.0 0.6935483870967744 0.846774193548387 0.0 0.0 
1 3 -0.0 0.0 0.0 0.0 1.0 1.0 1.0 0.0 0.0 
0 51 0.6829081047004717 1.01734604949506 -0.03 0.68 1.0 1.0 1.0 7.0 0.14 
1 2 0.06894930739780505 0.15777508018186 0.26 0.3 0.9182389937106918 0.9266247379454928 0.922431865828092 1350.0 2.0 
0 86 0.6730116670092564 0.669645054711966 0.2 0.67 1.0 0.9615384615384615 0.980769230769231 26.0 0.55 
1 3 0.43686973210547814 0.270464027731018 0.04 0.05 1.0 0.940936863543788 0.970468431771894 144.91 0.55 
0 324 0.3805338924281298 0.190266946214065 0.0 -0.0 1.0 0.9922879177377892 0.996143958868895 0.0 0.0 
1 3 -0.0 0.0 0.0 0.0 1.0 1.0 1.0 0.0 0.0 
0 32 0.13371483312373358 0.0668574165618668 -0.0 0.0 1.0 0.9966442953020132 0.998322147651007 0.03 0.0 
1 5 -0.0 0.0 0.3 0.5 0.8008658008658008 0.8008658008658008 0.800865800865801 462.0 2.56 
0 251 -0.0 0.0 -0.0 -0.0 1.0 1.0 1.0 0.0 0.0 
1 3 -0.0 0.0 -0.0 -0.0 1.0 1.0 1.0 0.0 0.0 
0 35 -0.0 0.0 -0.0 -0.0 1.0 1.0 1.0 0.0 0.0 
1 179 1.7983316181241153 0.899165809062058 0.0 -0.0 1.0 0.9628099173553722 0.981404958677686 0.0 0.0 
0 65 0.7453785846192588 0.372689292309629 0.02 0.08 0.7270788912579956 0.9402985074626864 0.833688699360341 79.33 0.35 
1 1 0.4811067080592432 0.300596867788392 0.04 0.05 0.9954853273137698 0.9954853273137698 0.99548532731377 895.47 0.16 
0 386 0.33711620194815384 0.232931643088594 -0.02 0.03 0.937365010799136 0.9524838012958964 0.944924406047516 49.5 0.07 
1 154 0.7244657079537894 0.362232853976895 0.0 -0.0 1.0 0.3264462809917356 0.663223140495868 0.0 0.0 
0 394 -0.0 0.0 -0.0 -0.0 1.0 0.16 0.58 0.0 0.0 
1 270 0.08807751896196665 0.451853556096353 -0.01 0.04 0.7484662576687117 0.9846625766871167 0.866564417177914 30.7 0.2 
0 20 0.09962338946616205 0.227982155034015 -0.02 0.24 0.7903225806451613 0.9838709677419354 0.887096774193548 34.62 1.85 
1 1 -0.0 0.0 0.19 0.69 0.5555555555555555 0.5555555555555555 0.555555555555556 9.0 1.98 
0 2 0.923936856009666 0.472034097221223 0.45 0.56 0.7278617710583153 0.7321814254859611 0.730021598272138 454.32 0.92 
1 24 0.030372534777978206 0.0658985378330168 -0.0 0.0 0.972457627118644 0.9978813559322034 0.985169491525424 0.13 0.01 
0 61 0.698012279019083 0.349006139509542 -0.0 0.0 0.9710843373493978 0.9951807228915664 0.983132530120482 0.74 0.04 
1 33 0.030372534777978206 0.0228364363705995 -0.0 0.0 0.9894067796610168 0.9978813559322034 0.99364406779661 0.04 0.0 
0 292 0.016359415015602636 0.0163270480314161 -0.0 0.0 1.0 0.9953917050691244 0.997695852534562 0.01 0.0 
1 4 0.6895519477750732 0.344775973887537 0.0 -0.0 1.0 1.0 1.0 0.0 0.0 
0 354 0.6730116670092564 0.336505833504628 -0.05 0.14 0.5769230769230769 0.8846153846153846 0.730769230769231 6.41 0.58 
1 122 0.04915006684960595 0.024575033424803 0.0 0.01 0.868995633187773 0.9956331877729256 0.932314410480349 13.32 0.14 
0 92 0.01789792517672371 0.00894896258836186 -0.0 0.0 1.0 0.5732647814910026 0.786632390745501 1.35 0.04 
1 4 0.8127245415610106 0.428086422879458 0.41 0.59 0.3391521197007481 0.3640897755610973 0.351620947630923 772.17 0.33 
0 578 -0.0 0.0 -0.0 -0.0 1.0 0.9672131147540984 0.983606557377049 0.0 0.0 
1 5 0.020830638321723566 0.0104153191608618 0.04 0.04 0.9850746268656718 0.9914712153518124 0.988272921108742 266.27 0.43 
0 1 -0.0 0.0 0.06 0.41 0.8571428571428571 0.8571428571428571 0.857142857142857 7.0 2.74 
1 20 0.8156295932307395 0.487087993037894 -0.0 0.08 0.7484662576687117 0.9785276073619632 0.863496932515337 53.37 0.31 
0 3 0.666278442414676 0.666278442414676 0.25 0.67 1.0 1.0 1.0 26.0 1.01 
1 2 -0.0 0.0 0.39 0.62 0.6935483870967744 0.6935483870967744 0.693548387096774 62.0 2.6 
0 100 0.4459524223135379 0.222976211156769 -0.0 0.0 1.0 0.919354838709677 0.959677419354839 0.0 0.0 
1 8 -0.0 0.0 0.12 0.12 0.9568034557235422 0.9676025917926566 0.962203023758099 343.37 1.04 
0 222 0.7065442778104265 0.361600967762635 -0.04 0.02 1.0 0.8905263157894738 0.945263157894737 14.94 0.04 
1 19 0.08958725315521794 0.0728697263419105 -0.0 0.0 1.0 0.9972972972972972 0.998648648648649 0.06 0.01 
0 208 0.08256493803586597 0.041282469017933 0.0 0.01 1.0 0.6935483870967744 0.846774193548387 0.45 0.12 
1 2 0.0251440699125892 0.0125720349562946 0.53 0.63 0.6761658031088082 0.6761658031088082 0.676165803108808 386.0 2.33 
0 55 -0.0 0.0 -0.0 0.0 1.0 0.7083333333333334 0.854166666666667 0.0 0.0 
1 22 -0.0 0.0 0.31 0.55 0.7580645161290323 0.7580645161290323 0.758064516129032 62.0 2.49 
0 23 0.6585232018543589 0.920056722508673 0.11 0.35 0.9913606911447084 0.9935205183585314 0.99244060475162 892.57 0.59 
1 28 0.6822056867479602 0.602052179998817 0.05 0.2 0.9222462203023758 0.9546436285097192 0.938444924406048 472.98 0.93 
0 49 -0.0 0.0 -0.0 0.0 0.959731543624161 0.9966442953020132 0.978187919463087 0.04 0.01 
1 1 0.9277980308365658 1.27664305854078 0.26 0.8 0.7871396895787139 0.7871396895787139 0.787139689578714 1253.58 1.13 
0 0 0.015617095429556123 0.0156170954295561 -0.02 0.0 0.96 0.96 0.96 0.0 1.29 
1 2 0.6846162778013049 0.342308138900652 0.15 0.36 0.8846153846153846 0.8846153846153846 0.884615384615385 26.0 0.82 
0 140 0.40067165339847227 0.210251904582381 0.01 0.03 0.9801136363636364 0.9914772727272728 0.985795454545455 77.75 0.29 
1 6 0.08958725315521794 0.073993126337245 0.0 0.0 1.0 1.0 1.0 0.04 0.01 
0 16 0.24610920772326714 0.123054603861634 -0.02 0.0 1.0 0.959731543624161 0.97986577181208 0.9 0.08 
1 5 -0.0 0.0 0.07 0.08 0.9854771784232365 0.9854771784232365 0.985477178423237 482.0 0.65 
0 89 -0.0 0.0 -0.0 -0.0 1.0 1.0 1.0 0.0 0.0 
1 47 -0.0 0.0 -0.0 0.0 1.0 0.6153846153846154 0.807692307692308 0.0 0.0 
0 273 -0.0 0.0 -0.0 -0.0 1.0 1.0 1.0 0.0 0.0 
1 7 0.09908391604753189 0.0495419580237659 0.04 0.04 0.9850746268656718 0.9914712153518124 0.988272921108742 266.27 0.37 
0 52 0.5906061822440456 0.512184409120998 0.22 0.43 0.9488636363636364 0.9602272727272728 0.954545454545455 850.62 2.35 
1 3 -0.0 0.0 -0.0 -0.0 1.0 1.0 1.0 0.0 0.0 
0 270 0.015244213031655377 0.00762210651582769 -0.0 0.0 1.0 0.5628997867803837 0.781449893390192 0.78 0.03 
1 336 -0.0 0.0 -0.1 0.14 0.6774193548387096 0.8064516129032256 0.741935483870968 17.76 1.34 
0 166 0.06957694070479191 0.0429519600794426 -0.01 0.0 0.9726651480637812 0.9863325740318906 0.979498861047836 0.29 0.02 
1 10 -0.0 0.0 0.33 0.55 0.6774193548387096 0.6935483870967744 0.685483870967742 57.53 2.49 
0 77 0.08864403483661465 0.767015329183967 -0.04 0.03 0.9225352112676058 0.9976525821596244 0.960093896713615 18.38 0.14 
1 4 -0.0 0.0 0.0 0.0 1.0 1.0 1.0 0.0 0.0 
0 233 0.05662157828350273 0.206589849436542 0.04 0.04 1.0 0.9932885906040269 0.996644295302013 298.23 0.18 
1 218 0.20297324940653716 0.101486624703269 0.0 -0.0 1.0 1.0 1.0 0.0 0.0 
0 212 0.6128854801054902 0.306442740052745 -0.06 0.02 0.7349397590361446 0.9638554216867468 0.849397590361446 9.18 0.24 
1 3 -0.0 0.0 0.0 0.0 1.0 1.0 1.0 0.0 0.0 
0 1 0.20161353588532901 0.100806767942664 -0.0 0.0 1.0 0.9966442953020132 0.998322147651007 0.05 0.01 
1 94 0.09165764788996307 0.0699766348366203 -0.0 0.0 1.0 0.9818181818181818 0.990909090909091 0.1 0.01 
0 268 0.8817153491347891 0.616495982238103 -0.16 0.05 0.8045267489711933 0.9938271604938274 0.89917695473251 37.18 0.2 
1 265 0.3742549310896416 0.187127465544821 -0.03 0.02 0.7660668380462725 0.9974293059125964 0.881748071979434 15.62 0.69 
0 93 0.6829081047004717 0.341454052350236 -0.1 0.33 1.0 0.28571428571428564 0.642857142857143 3.73 0.51 
1 25 0.8720635602136072 0.444515665699525 -0.01 0.0 0.2385542168674699 0.9975903614457832 0.618072289156626 0.63 0.0 
0 311 0.21168754464631545 0.105843772323158 -0.1 0.0 0.7580645161290323 0.8870967741935483 0.82258064516129 0.25 0.16 
1 4 -0.0 0.0 0.31 0.55 0.7580645161290323 0.7580645161290323 0.758064516129032 62.0 2.49 
0 108 0.8646777734057377 0.440534881017305 -0.06 0.03 0.7607223476297968 0.9729119638826184 0.866817155756208 18.39 0.19 
1 2 0.666278442414676 0.666278442414676 0.25 0.67 1.0 1.0 1.0 26.0 0.9 
0 85 0.6096823605541178 0.325277016483786 -0.03 0.02 0.8969359331476324 0.927576601671309 0.912256267409471 16.05 0.19 
1 43 -0.0 0.0 0.0 0.0 1.0 1.0 1.0 0.0 0.0 
0 157 -0.0 0.0 -0.0 -0.0 1.0 1.0 1.0 0.0 0.0 
1 232 0.08627855491407438 0.0975485355458968 0.0 0.02 0.7084337349397591 0.9927710843373492 0.850602409638554 81.26 0.09 
0 7 -0.0 0.0 0.39 0.62 0.6935483870967744 0.6935483870967744 0.693548387096774 62.0 2.5 
1 4 0.09503011725564632 0.189490815924107 0.0 0.0 1.0 1.0 1.0 0.06 0.04 
0 597 -0.0 0.0 0.0 -0.0 1.0 0.5555555555555555 0.777777777777778 0.0 0.0 
1 5 -0.0 0.0 0.06 0.41 0.8571428571428571 0.8571428571428571 0.857142857142857 7.0 2.49 
0 384 0.627941588739906 0.313970794369953 -0.1 0.07 0.8666666666666668 0.9333333333333332 0.9 2.67 0.58 
1 16 -0.0 0.0 0.33 0.55 0.6774193548387096 0.6935483870967744 0.685483870967742 57.53 2.39 
0 3 0.244044214043399 0.2040397308453 0.01 0.02 0.989795918367347 0.9959183673469388 0.992857142857143 195.65 0.07 
1 23 0.056152199528602974 0.0560873346969132 -0.0 0.0 1.0 0.9972972972972972 0.998648648648649 0.03 0.0 
0 762 0.9275196767172602 0.46375983835863 -0.11 0.2 0.2333333333333333 0.9333333333333332 0.583333333333333 10.27 0.1 
1 362 -0.0 0.0 -0.06 0.16 0.6774193548387096 0.7580645161290323 0.717741935483871 20.64 1.46 
0 268 -0.0 0.0 -0.0 0.0 1.0 0.7083333333333334 0.854166666666667 0.0 0.0 
1 61 0.0707680768797802 0.351225226630238 -0.0 0.0 1.0 0.997695852534562 0.998847926267281 3.17 0.0 
0 167 0.3525425103487513 0.176271255174376 -0.06 0.19 1.0 0.7580645161290323 0.879032258064516 24.72 1.56 
1 723 0.1725612331626618 0.0862806165813309 -0.07 0.05 0.4568421052631578 0.9578947368421052 0.707368421052632 33.9 0.06 
0 69 0.1520053108362029 0.0760026554181015 0.02 0.15 0.6935483870967744 0.919354838709677 0.806451612903226 17.86 1.34 
1 1 -0.0 0.0 0.39 0.62 0.6935483870967744 0.6935483870967744 0.693548387096774 62.0 2.6 
0 146 0.08446800922974265 0.14398817681845 0.0 0.01 1.0 0.9872068230277184 0.993603411513859 66.69 0.04 
1 2 -0.0 0.0 0.47 0.64 0.33333333333333326 0.33333333333333326 0.333333333333333 30.0 0.94 
0 335 0.24610920772326714 0.123054603861634 0.0 -0.0 1.0 1.0 1.0 0.0 0.0 
1 5 0.052275728348683194 0.0522757283486832 -0.0 0.0 1.0 1.0 1.0 0.02 0.0 
0 701 -0.0 0.0 -0.0 -0.0 1.0 1.0 1.0 0.0 0.0 
1 182 -0.0 0.0 -0.0 0.0 1.0 0.7580645161290323 0.879032258064516 0.0 0.0 
0 11 0.9632492517543758 0.814763847084526 0.19 0.67 1.0 1.0 1.0 26.0 0.45 
1 4 0.0947607483566568 0.0769695270739669 0.09 0.1 0.9806866952789698 0.982832618025751 0.981759656652361 445.71 0.81 
0 242 1.0040272524081315 0.502013626204066 0.0 -0.0 1.0 0.7535211267605633 0.876760563380282 0.0 0.0 
1 614 0.042617471413436414 0.0310799043211172 0.0 0.01 0.837708830548926 0.9928400954653938 0.91527446300716 10.42 0.09 
0 116 0.17449997006024281 0.0946290781775354 -0.0 0.0 1.0 0.9876796714579056 0.993839835728953 0.05 0.01 
1 3 0.6601647680850746 0.591011175434611 0.13 0.3 0.8594470046082949 0.919354838709677 0.889400921658986 970.62 1.21 
0 119 0.048964887966297055 0.0244824439831485 -0.0 0.0 0.981859410430839 0.9954648526077096 0.988662131519274 0.05 0.01 
1 18 0.5235346720440665 0.340972621087929 0.32 0.39 0.8666666666666668 0.9 0.883333333333333 30.0 1.75 
0 11 -0.0 0.0 0.01 0.19 0.16 0.36 0.26 8.47 0.25 
1 31 -0.0 0.0 0.0 0.0 1.0 1.0 1.0 0.0 0.0 
0 68 0.020830638321723566 0.0104153191608618 -0.0 -0.0 1.0 0.9850746268656718 0.992537313432836 0.0 0.0 
1 34 0.6171448282578021 0.308572414128901 -0.01 0.0 1.0 0.9886363636363636 0.994318181818182 0.88 0.06 
0 203 0.21168754464631545 0.105843772323158 -0.01 0.0 0.8870967741935483 0.9838709677419354 0.935483870967742 0.2 0.08 
1 14 0.5235346720440665 0.340972621087929 0.32 0.39 0.8666666666666668 0.9 0.883333333333333 30.0 1.75 
0 241 -0.0 0.0 -0.0 0.0 1.0 0.28571428571428564 0.642857142857143 0.0 0.0 
1 1 0.07093518297335139 0.0616054556610173 0.0 0.0 1.0 1.0 1.0 0.03 0.0 
0 271 0.01616684129705593 0.00808342064852796 -0.0 0.0 0.6400911161731208 0.9977220956719816 0.818906605922551 3.57 0.07 
1 24 0.16245281571443987 0.14550577947865 -0.01 0.02 0.916083916083916 0.9976689976689976 0.956876456876457 46.4 0.05 
0 61 0.015617095429556123 0.015573210125991 0.07 0.09 0.96 0.9663157894736842 0.963157894736842 282.74 0.92 
1 49 -0.0 0.0 0.0 0.0 1.0 1.0 1.0 0.0 0.0 
0 5 0.4459524223135379 0.222976211156769 0.19 0.28 0.919354838709677 0.919354838709677 0.919354838709677 62.0 1.32 
1 4 0.7865364435085352 0.393268221754268 0.09 0.12 0.9728506787330315 0.9728506787330315 0.972850678733032 442.0 0.36 
0 100 0.022596852566469688 0.0112984262832349 -0.0 -0.0 1.0 0.9932885906040269 0.996644295302013 0.0 0.0 
1 68 0.3269547847215813 0.163477392360791 -0.01 0.01 0.9481865284974093 0.9870466321243522 0.967616580310881 3.79 0.05 
0 272 0.04108212159516753 0.22087688749682 -0.05 0.01 0.940340909090909 0.9914772727272728 0.965909090909091 2.38 0.15 
1 316 -0.0 0.0 0.0 0.0 1.0 0.982142857142857 0.991071428571429 0.0 0.0 
0 115 0.21168754464631545 0.105843772323158 0.0 0.0 1.0 0.8870967741935483 0.943548387096774 0.0 0.0 
1 8 0.0947607483566568 0.232756230915289 0.02 0.03 0.9678111587982832 0.9806866952789698 0.974248927038627 84.69 0.27 
0 228 0.03946489920438848 0.0707864363268189 -0.0 0.0 1.0 0.9642105263157896 0.982105263157895 0.45 0.04 
1 14 0.08958725315521794 0.0709314907519506 0.0 0.0 1.0 1.0 1.0 0.04 0.01 
0 277 0.3563409206018685 0.178170460300934 -0.1 0.15 0.6935483870967744 0.9838709677419354 0.838709677419355 18.09 1.13 
1 42 0.017626642729371575 0.00881332136468579 0.18 0.25 0.9252336448598132 0.9275700934579442 0.926401869158878 413.58 1.81 
0 60 -0.0 0.0 -0.0 -0.0 1.0 1.0 1.0 0.0 0.0 
1 1 -0.0 0.0 0.37 0.44 0.16 0.16 0.16 25.0 0.2 
0 217 0.08256493803586597 0.041282469017933 0.0 0.01 1.0 0.6774193548387096 0.838709677419355 0.48 0.12 
1 4 0.7865364435085352 0.401480572353747 0.08 0.13 0.9728506787330315 0.9728506787330315 0.972850678733032 442.51 0.33 
0 162 0.016424701198958662 0.00821235059947933 0.0 0.0 1.0 0.9576837416481068 0.978841870824053 0.0 0.0 
1 6 -0.0 0.0 -0.0 -0.0 1.0 1.0 1.0 0.0 0.0 
0 50 0.16403524764720048 0.0820176238236002 0.01 0.01 0.9959183673469388 0.9979591836734693 0.996938775510204 244.5 0.1 
1 5 0.04131357294242817 0.0206567864712141 0.29 0.33 0.886153846153846 0.8892307692307693 0.887692307692308 315.12 2.04 
0 7 -0.0 0.0 -0.0 -0.0 1.0 0.9936034115138594 0.99680170575693 0.0 0.0 
1 2 0.09699169411326156 0.0746337112309724 -0.0 0.0 1.0 1.0 1.0 0.05 0.01 
0 37 0.21168754464631545 0.105843772323158 0.13 0.23 0.6935483870967744 0.8870967741935483 0.790322580645161 26.98 1.78 
1 35 1.6284102630552857 1.62546092371276 -0.02 0.51 0.7700348432055749 0.9895470383275262 0.879790940766551 325.24 0.19 
0 19 -0.0 0.0 0.31 0.55 0.7580645161290323 0.7580645161290323 0.758064516129032 62.0 2.68 
1 240 0.8547011249697178 0.427350562484859 -0.02 0.0 0.9795918367346939 0.982142857142857 0.980867346938775 1.6 0.02 
0 390 0.7065442778104265 0.361036801316426 -0.07 0.03 1.0 0.9663157894736842 0.983157894736842 18.47 0.03 
1 75 0.09699169411326156 0.0765719468209323 -0.0 0.0 1.0 0.9972972972972972 0.998648648648649 0.07 0.01 
0 9 -0.0 0.0 -0.0 -0.0 1.0 1.0 1.0 0.0 0.0 
1 9 0.09503011725564632 0.0475150586278232 0.0 -0.0 1.0 1.0 1.0 0.0 0.0 
0 403 0.06586093594147825 0.0329304679707391 0.0 -0.0 1.0 0.9624413145539906 0.981220657276995 0.0 0.0 
1 1 0.05839899951927197 0.0572107346922477 0.0 0.0 1.0 1.0 1.0 0.02 0.0 
0 262 0.9556998911125344 0.477849945556267 -0.01 0.6 1.0 0.28571428571428564 0.642857142857143 7.0 0.63 
1 7 0.01652368182171168 0.00826184091085584 0.08 0.08 0.9838709677419354 0.9838709677419354 0.983870967741935 434.0 0.72 
0 306 -0.0 0.0 -0.0 0.0 0.959731543624161 0.9966442953020132 0.978187919463087 0.04 0.01 
1 3 0.10434878616952079 0.0521743930847604 0.01 0.01 0.9979591836734693 0.9979591836734693 0.997959183673469 490.0 0.11 
0 202 0.6365141682948128 0.318257084147406 -0.13 0.39 0.3 0.6 0.45 6.43 0.23 
1 127 -0.0 0.0 0.11 0.46 0.5384615384615384 0.6153846153846154 0.576923076923077 18.96 1.68 
0 35 0.5218986732496746 0.795664311905551 -0.06 0.24 0.8250539956803455 0.9222462203023758 0.873650107991361 411.45 0.54 
1 6 -0.0 0.0 -0.0 -0.0 1.0 0.9936034115138594 0.99680170575693 0.0 0.0 
0 673 0.9012262508973272 0.450613125448664 -0.19 0.17 0.33333333333333326 0.8666666666666668 0.6 7.5 0.42 
1 8 0.016424701198958662 0.00821235059947933 0.12 0.12 0.9728506787330315 0.9728506787330315 0.972850678733032 442.0 1.0 
0 309 0.4459524223135379 0.222976211156769 -0.13 0.2 0.7580645161290323 0.919354838709677 0.838709677419355 26.67 1.44 
1 86 0.022727473318271005 0.0113637366591355 -0.0 -0.0 1.0 1.0 1.0 0.0 0.0 
0 208 0.7483338641476411 0.457025572729662 -0.03 0.03 0.980392156862745 0.9978213507625272 0.989106753812636 16.69 0.26 
1 11 0.02133050528737909 0.0106652526436895 0.1 0.1 0.980392156862745 0.980392156862745 0.980392156862745 459.0 0.82 
0 444 -0.0 0.0 -0.0 -0.0 1.0 1.0 1.0 0.0 0.0 
1 12 -0.0 0.0 0.3 0.36 0.8846153846153846 0.8846153846153846 0.884615384615385 26.0 2.14 
0 82 -0.0 0.0 -0.0 -0.0 1.0 1.0 1.0 0.0 0.0 
1 4 0.01475818629482802 0.00737909314741401 0.01 0.01 1.0 0.9979466119096508 0.998973305954825 487.0 0.19 
0 222 0.35354577145803917 0.308500878893024 -0.03 0.01 0.9498861047835992 0.9817767653758542 0.965831435079727 10.88 0.02 
1 345 -0.0 0.0 -0.06 0.16 0.6774193548387096 0.7580645161290323 0.717741935483871 20.64 1.46 
0 121 0.016556959431630658 0.0659550511362055 -0.0 0.0 1.0 0.8920187793427231 0.946009389671361 0.14 0.01 
1 3 0.0740225961475812 0.128824279468757 0.41 0.69 0.5590551181102362 0.5748031496062993 0.566929133858268 381.05 2.38 
0 211 0.01607235879964646 0.00803617939982323 -0.0 0.0 1.0 0.9863945578231293 0.993197278911565 0.01 0.0 
1 14 -0.0 0.0 0.33 0.55 0.6774193548387096 0.6935483870967744 0.685483870967742 57.53 2.59 
0 649 -0.0 0.0 0.0 0.0 1.0 1.0 1.0 0.0 0.0 
1 9 0.05602246986522343 0.0541490991069533 0.0 0.0 1.0 1.0 1.0 0.02 0.0 
0 7 0.01652368182171168 0.00826184091085584 0.08 0.08 0.9838709677419354 0.9838709677419354 0.983870967741935 434.0 0.72 
