1 7 0.01652368182171168 0.00826184091085584 0.08 0.08 0.9838709677419354 0.9838709677419354 0.983870967741935 434.0 0.72 
0 527 0.045763284360939335 0.0228816421804697 -0.0 0.0 0.981859410430839 0.9931972789115646 0.987528344671202 0.08 0.01 
1 3 -0.0 0.0 0.0 0.0 1.0 1.0 1.0 0.0 0.0 
0 450 0.5519602511937985 0.292340468650339 0.0 0.02 0.9744897959183672 0.997448979591837 0.985969387755102 19.9 0.27 
1 12 -0.0 0.0 0.3 0.36 0.8846153846153846 0.8846153846153846 0.884615384615385 26.0 2.14 
0 139 -0.0 0.0 -0.0 -0.0 1.0 1.0 1.0 0.0 0.0 
1 24 0.16245281571443987 0.14550577947865 -0.01 0.02 0.916083916083916 0.9976689976689976 0.956876456876457 46.4 0.05 
0 70 -0.0 0.0 -0.0 0.0 0.959731543624161 0.9966442953020132 0.978187919463087 0.04 0.01 
1 2 -0.0 0.0 0.47 0.64 0.33333333333333326 0.33333333333333326 0.333333333333333 30.0 0.94 
0 29 0.36829683274766406 0.366255745024815 0.06 0.42 0.9354838709677415 0.9516129032258066 0.943548387096774 80.71 2.1 
1 8 0.0947607483566568 0.232756230915289 0.02 0.03 0.9678111587982832 0.9806866952789698 0.974248927038627 84.69 0.27 
0 23 0.5310355187960252 0.265517759398013 0.04 0.06 0.9507772020725388 0.981865284974093 0.966321243523316 155.44 0.41 
1 2 0.0251440699125892 0.0125720349562946 0.53 0.63 0.6761658031088082 0.6761658031088082 0.676165803108808 386.0 2.33 
0 121 0.20707027621364865 0.110927297686002 0.01 0.01 0.9918367346938776 0.9938775510204082 0.992857142857143 44.13 0.15 
1 25 0.8720635602136072 0.444515665699525 -0.01 0.0 0.2385542168674699 0.9975903614457832 0.618072289156626 0.63 0.0 
0 68 0.09962338946616205 0.226082949907457 -0.03 0.21 1.0 0.7903225806451613 0.895161290322581 29.74 1.63 
1 8 0.016424701198958662 0.00821235059947933 0.12 0.12 0.9728506787330315 0.9728506787330315 0.972850678733032 442.0 1.0 
0 41 0.9569181480647492 0.478459074032375 0.01 0.01 0.9979591836734693 0.9979591836734693 0.997959183673469 490.0 0.03 
1 16 -0.0 0.0 0.33 0.55 0.6774193548387096 0.6935483870967744 0.685483870967742 57.53 2.39 
0 3 0.666278442414676 0.666278442414676 0.25 0.67 1.0 1.0 1.0 26.0 1.01 
1 9 0.05602246986522343 0.0448156896337921 0.0 0.0 1.0 1.0 1.0 0.02 0.0 
0 267 0.3563409206018685 0.178170460300934 -0.1 0.15 0.6935483870967744 0.9838709677419354 0.838709677419355 18.09 1.14 
1 240 0.8547011249697178 0.427350562484859 -0.02 0.0 0.9795918367346939 0.982142857142857 0.980867346938775 1.6 0.02 
0 292 0.6809411092918735 0.355574129843283 -0.04 0.01 0.9793388429752063 0.9938016528925618 0.986570247933884 8.22 0.06 
1 86 0.022727473318271005 0.0113637366591355 -0.0 -0.0 1.0 1.0 1.0 0.0 0.0 
0 293 0.6829081047004717 0.341454052350236 -0.0 0.0 1.0 1.0 1.0 0.0 0.0 
1 2 0.666278442414676 0.666278442414676 0.25 0.67 1.0 1.0 1.0 26.0 0.9 
0 332 0.07155187909197604 0.035775939545988 -0.0 0.0 1.0 0.9922879177377892 0.996143958868895 0.03 0.0 
1 2 -0.0 0.0 0.39 0.62 0.6935483870967744 0.6935483870967744 0.693548387096774 62.0 2.6 
0 95 0.5168692487765637 1.07263975591593 -0.08 0.16 0.7700348432055749 0.9965156794425089 0.883275261324042 105.52 0.24 
1 265 0.3742549310896416 0.187127465544821 -0.03 0.02 0.7660668380462725 0.9974293059125964 0.881748071979434 15.62 0.69 
0 13 -0.0 0.0 -0.0 -0.0 1.0 1.0 1.0 0.0 0.0 
1 3 -0.0 0.0 0.0 0.0 1.0 1.0 1.0 0.0 0.0 
0 67 0.3724807184521906 0.186240359226095 -0.02 0.27 0.6774193548387096 0.919354838709677 0.798387096774194 31.25 1.91 
1 1 0.4811067080592432 0.300596867788392 0.04 0.05 0.9954853273137698 0.9954853273137698 0.99548532731377 895.47 0.16 
0 465 0.16115723804813434 0.160908842993988 -0.05 0.02 0.8040089086859687 0.8819599109131404 0.842984409799555 13.59 0.45 
1 4 0.7865364435085352 0.393268221754268 0.09 0.12 0.9728506787330315 0.9728506787330315 0.972850678733032 442.0 0.36 
0 237 0.3615394778944647 0.180769738947232 -0.04 0.12 1.0 0.6774193548387096 0.838709677419355 13.95 1.09 
1 1 -0.0 0.0 0.19 0.69 0.5555555555555555 0.5555555555555555 0.555555555555556 9.0 1.98 
0 58 0.01944773452386289 0.630923521523771 -0.13 0.06 0.4427645788336933 0.7624190064794816 0.602591792656587 74.49 0.01 
1 3 0.10434878616952079 0.0521743930847604 0.01 0.01 0.9979591836734693 0.9979591836734693 0.997959183673469 490.0 0.11 
0 268 0.13339348333086204 0.066696741665431 -0.0 -0.0 1.0 0.9954648526077096 0.997732426303855 0.0 0.0 
1 19 0.08958725315521794 0.0728697263419105 -0.0 0.0 1.0 0.9972972972972972 0.998648648648649 0.06 0.01 
0 621 0.20297324940653716 0.109935521786136 -0.01 0.0 1.0 0.97423887587822 0.98711943793911 0.67 0.05 
1 614 0.042617471413436414 0.0310799043211172 0.0 0.01 0.837708830548926 0.9928400954653938 0.91527446300716 10.42 0.09 
0 20 0.4227090878059909 0.211354543902995 0.3 0.6 0.7083333333333334 0.8333333333333331 0.770833333333333 24.0 2.5 
1 65 -0.0 0.0 -0.0 -0.0 1.0 0.9958677685950412 0.997933884297521 0.0 0.0 
0 6 0.7691223805667942 0.445407391622428 0.57 0.69 0.5428571428571428 0.5857142857142859 0.564285714285714 70.59 1.62 
1 23 0.056152199528602974 0.0560873346969132 -0.0 0.0 1.0 0.9972972972972972 0.998648648648649 0.03 0.0 
0 503 -0.0 0.0 -0.0 -0.0 1.0 0.9886621315192744 0.994331065759637 0.0 0.0 
1 362 -0.0 0.0 -0.06 0.16 0.6774193548387096 0.7580645161290323 0.717741935483871 20.64 1.46 
0 4 0.7947936912599187 0.743255194602422 -0.03 0.16 0.9870410367170626 0.9892008639308858 0.988120950323974 419.23 0.28 
1 179 1.7983316181241153 0.899165809062058 0.0 -0.0 1.0 0.9628099173553722 0.981404958677686 0.0 0.0 
0 21 0.6829081047004717 0.682908104700472 0.25 0.68 1.0 1.0 1.0 7.0 0.49 
1 42 0.017626642729371575 0.00881332136468579 0.18 0.25 0.9252336448598132 0.9275700934579442 0.926401869158878 413.58 1.81 
0 546 0.113231477318365 0.0566157386591825 -0.0 0.0 0.9938775510204082 0.9979591836734693 0.995918367346939 0.03 0.0 
1 182 -0.0 0.0 -0.0 0.0 1.0 0.7580645161290323 0.879032258064516 0.0 0.0 
0 145 0.6681369026482501 0.924863572905618 -0.15 0.07 0.9676025917926566 0.9913606911447084 0.979481641468682 61.38 0.22 
1 218 0.20297324940653716 0.101486624703269 0.0 -0.0 1.0 1.0 1.0 0.0 0.0 
0 82 0.6730116670092564 0.635640627797257 0.31 0.6 1.0 0.7142857142857143 0.857142857142857 7.0 0.16 
1 14 -0.0 0.0 0.33 0.55 0.6774193548387096 0.6935483870967744 0.685483870967742 57.53 2.59 
0 536 0.20707027621364865 0.103535138106824 -0.0 0.0 0.9938775510204082 0.9979591836734693 0.995918367346939 0.06 0.01 
1 75 0.09699169411326156 0.0765719468209323 -0.0 0.0 1.0 0.9972972972972972 0.998648648648649 0.07 0.01 
0 31 -0.0 0.0 0.12 0.37 0.7580645161290323 0.8064516129032256 0.782258064516129 46.62 2.14 
1 3 -0.0 0.0 -0.0 -0.0 1.0 1.0 1.0 0.0 0.0 
0 44 -0.0 0.0 -0.0 -0.0 1.0 1.0 1.0 0.0 0.0 
1 4 0.09503011725564632 0.189490815924107 0.0 0.0 1.0 1.0 1.0 0.06 0.04 
0 301 0.18524195984329372 0.147487586289082 0.01 0.03 1.0 0.9636803874092008 0.9818401937046 206.17 0.09 
1 3 -0.0 0.0 -0.0 -0.0 1.0 1.0 1.0 0.0 0.0 
0 140 0.6365141682948128 0.857753188086198 -0.11 0.48 1.0 0.4285714285714285 0.714285714285714 6.12 0.27 
1 5 0.052275728348683194 0.0522757283486832 -0.0 0.0 1.0 1.0 1.0 0.02 0.0 
0 381 0.6365141682948128 0.617391878440035 -0.06 0.2 1.0 0.4285714285714285 0.714285714285714 2.1 0.58 
1 270 0.08807751896196665 0.451853556096353 -0.01 0.04 0.7484662576687117 0.9846625766871167 0.866564417177914 30.7 0.2 
0 168 -0.0 0.0 -0.0 -0.0 1.0 0.9979591836734693 0.998979591836735 0.0 0.0 
1 28 0.6822056867479602 0.602052179998817 0.05 0.2 0.9222462203023758 0.9546436285097192 0.938444924406048 472.98 0.93 
0 29 0.8403742290585 0.42783728351086 -0.03 0.01 0.6038135593220338 0.9894067796610168 0.796610169491525 5.53 0.06 
1 4 -0.0 0.0 0.31 0.55 0.7580645161290323 0.7580645161290323 0.758064516129032 62.0 2.49 
0 9 -0.0 0.0 0.33 0.55 0.6774193548387096 0.6935483870967744 0.685483870967742 57.53 2.49 
1 9 0.05602246986522343 0.0541490991069533 0.0 0.0 1.0 1.0 1.0 0.02 0.0 
0 264 0.666278442414676 0.333139221207338 -0.15 0.02 1.0 0.8076923076923077 0.903846153846154 0.89 0.33 
1 6 -0.0 0.0 -0.0 -0.0 1.0 1.0 1.0 0.0 0.0 
0 55 0.4459524223135379 0.222976211156769 -0.03 0.29 0.6935483870967744 0.919354838709677 0.806451612903226 33.68 1.86 
1 5 -0.0 0.0 0.07 0.08 0.9854771784232365 0.9854771784232365 0.985477178423237 482.0 0.65 
0 169 0.6829081047004717 0.341454052350236 -0.1 0.33 1.0 0.28571428571428564 0.642857142857143 3.73 0.4 
1 14 0.08958725315521794 0.0709314907519506 0.0 0.0 1.0 1.0 1.0 0.04 0.01 
0 254 0.2489102793527851 0.124455139676393 -0.0 0.0 0.875 0.9971590909090908 0.936079545454545 0.23 0.02 
1 316 -0.0 0.0 0.0 0.0 1.0 0.982142857142857 0.991071428571429 0.0 0.0 
0 48 0.6829081047004717 1.01734604949506 -0.03 0.68 1.0 1.0 1.0 7.0 0.14 
1 5 0.04131357294242817 0.0206567864712141 0.29 0.33 0.886153846153846 0.8892307692307693 0.887692307692308 315.12 2.04 
0 86 0.6941745246867409 0.347087262343371 0.0 0.01 0.989795918367347 0.9979591836734693 0.993877551020408 97.2 0.04 
1 122 0.04915006684960595 0.024575033424803 0.0 0.01 0.868995633187773 0.9956331877729256 0.932314410480349 13.32 0.14 
0 171 -0.0 0.0 -0.0 0.0 1.0 0.6774193548387096 0.838709677419355 0.0 0.0 
1 1 0.05839899951927197 0.0572107346922477 0.0 0.0 1.0 1.0 1.0 0.02 0.0 
0 1429 -0.0 0.0 0.0 0.0 1.0 1.0 1.0 0.0 0.0 
1 68 0.3269547847215813 0.163477392360791 -0.01 0.01 0.9481865284974093 0.9870466321243522 0.967616580310881 3.79 0.05 
0 221 0.6730116670092564 0.336505833504628 -0.1 0.09 0.846153846153846 0.9615384615384615 0.903846153846154 3.47 0.45 
1 34 0.6171448282578021 0.308572414128901 -0.01 0.0 1.0 0.9886363636363636 0.994318181818182 0.88 0.06 
0 214 0.08864403483661465 0.0443220174183073 -0.0 -0.0 1.0 0.9225352112676058 0.961267605633803 0.0 0.0 
1 7 0.09908391604753189 0.0495419580237659 0.04 0.04 0.9850746268656718 0.9914712153518124 0.988272921108742 266.27 0.37 
0 145 0.6791932659915256 0.339596632995763 0.16 0.67 0.6153846153846154 0.9230769230769232 0.769230769230769 26.0 0.56 
1 6 0.08958725315521794 0.073993126337245 0.0 0.0 1.0 1.0 1.0 0.04 0.01 
0 47 0.8465160453282295 0.423258022664115 0.0 0.01 0.9917864476386036 0.9979466119096508 0.994866529774127 121.85 0.0 
1 4 0.01475818629482802 0.00737909314741401 0.01 0.01 1.0 0.9979466119096508 0.998973305954825 487.0 0.19 
0 1 -0.0 0.0 0.0 0.0 1.0 1.0 1.0 0.0 0.0 
1 10 -0.0 0.0 0.33 0.55 0.6774193548387096 0.6935483870967744 0.685483870967742 57.53 2.49 
0 53 0.9556998911125344 0.776984739848896 -0.0 0.2 1.0 1.0 1.0 2.1 0.7 
1 3 -0.0 0.0 0.0 0.0 1.0 1.0 1.0 0.0 0.0 
0 908 0.26552569572288004 0.140090164669811 -0.0 0.0 1.0 1.0 1.0 0.07 0.01 
1 3 -0.0 0.0 0.0 0.0 1.0 1.0 1.0 0.0 0.0 
0 86 0.6829081047004717 0.677959885854864 0.16 0.68 1.0 0.7142857142857143 0.857142857142857 7.0 0.58 
1 226 0.6171448282578021 0.580437337832493 0.03 0.32 1.0 0.8835227272727273 0.941761363636364 378.52 1.7 
0 9 -0.0 0.0 0.33 0.55 0.6774193548387096 0.6935483870967744 0.685483870967742 57.53 2.59 
1 22 -0.0 0.0 0.31 0.55 0.7580645161290323 0.7580645161290323 0.758064516129032 62.0 2.49 
0 21 0.1262292684225393 0.0631146342112696 -0.01 0.02 0.5925110132158591 0.9779735682819384 0.785242290748899 14.87 0.25 
1 154 0.7244657079537894 0.362232853976895 0.0 -0.0 1.0 0.3264462809917356 0.663223140495868 0.0 0.0 
0 248 -0.0 0.0 0.0 0.0 1.0 0.375 0.6875 0.0 0.0 
1 1 -0.0 0.0 0.37 0.44 0.16 0.16 0.16 25.0 0.2 
0 15 0.3724807184521906 0.186240359226095 0.11 0.19 0.919354838709677 0.919354838709677 0.919354838709677 39.65 1.37 
1 2 0.09699169411326156 0.0746337112309724 -0.0 0.0 1.0 1.0 1.0 0.05 0.01 
0 341 0.5437298474071837 0.271864923703592 -0.0 0.0 0.8835227272727273 0.9971590909090908 0.940340909090909 0.36 0.03 
1 1 0.9277980308365658 1.27664305854078 0.26 0.8 0.7871396895787139 0.7871396895787139 0.787139689578714 1253.58 1.13 
0 342 -0.0 0.0 -0.06 0.18 0.6935483870967744 0.7580645161290323 0.725806451612903 22.68 1.53 
1 232 0.08627855491407438 0.0975485355458968 0.0 0.02 0.7084337349397591 0.9927710843373492 0.850602409638554 81.26 0.09 
0 31 0.0752483101127402 0.0376241550563701 0.0 0.0 1.0 1.0 1.0 0.0 0.0 
1 47 -0.0 0.0 -0.0 0.0 1.0 0.6153846153846154 0.807692307692308 0.0 0.0 
0 147 -0.0 0.0 -0.0 -0.0 1.0 0.9966442953020132 0.998322147651007 0.0 0.0 
1 148 0.8156295932307395 0.74694740234885 0.07 0.48 0.7484662576687117 0.8558282208588956 0.802147239263804 285.8 0.83 
0 86 0.7244657079537894 0.436319341881287 -0.1 0.31 0.3264462809917356 0.396694214876033 0.361570247933884 270.63 0.43 
1 6 -0.0 0.0 -0.0 -0.0 1.0 0.9936034115138594 0.99680170575693 0.0 0.0 
0 255 0.6829081047004717 0.843575288877274 0.21 0.68 1.0 1.0 1.0 7.0 0.12 
1 8 -0.0 0.0 0.12 0.12 0.9568034557235422 0.9676025917926566 0.962203023758099 343.37 1.04 
0 507 -0.0 0.0 -0.0 0.0 0.984126984126984 0.9931972789115646 0.988662131519274 0.05 0.01 
1 4 0.0947607483566568 0.0769695270739669 0.09 0.1 0.9806866952789698 0.982832618025751 0.981759656652361 445.71 0.81 
0 50 0.6473026055487068 0.584600639399191 0.1 0.25 0.6825053995680346 0.9222462203023758 0.802375809935205 852.43 1.07 
1 14 0.5235346720440665 0.340972621087929 0.32 0.39 0.8666666666666668 0.9 0.883333333333333 30.0 1.75 
0 254 0.6171448282578021 0.329113474926485 -0.06 0.01 1.0 0.940340909090909 0.970170454545455 5.36 0.26 
1 4 0.7865364435085352 0.401480572353747 0.08 0.13 0.9728506787330315 0.9728506787330315 0.972850678733032 442.51 0.33 
0 146 0.08256493803586597 0.041282469017933 0.0 0.0 1.0 0.7580645161290323 0.879032258064516 0.32 0.11 
1 1 0.07093518297335139 0.0616054556610173 0.0 0.0 1.0 1.0 1.0 0.03 0.0 
0 360 0.20707027621364865 0.103535138106824 -0.0 -0.0 1.0 0.9938775510204082 0.996938775510204 0.0 0.0 
1 35 1.6284102630552857 1.62546092371276 -0.02 0.51 0.7700348432055749 0.9895470383275262 0.879790940766551 325.24 0.19 
0 153 0.12281506353676637 0.0614075317683832 -0.01 0.0 0.9602272727272728 0.9886363636363636 0.974431818181818 0.28 0.03 
1 5 0.020830638321723566 0.0104153191608618 0.04 0.04 0.9850746268656718 0.9914712153518124 0.988272921108742 266.27 0.43 
0 272 0.6829081047004717 0.341454052350236 -0.0 0.0 1.0 1.0 1.0 0.0 0.0 
1 3 0.6601647680850746 0.591011175434611 0.13 0.3 0.8594470046082949 0.919354838709677 0.889400921658986 970.62 1.21 
0 288 0.666278442414676 0.333139221207338 -0.16 0.09 1.0 0.34615384615384615 0.673076923076923 4.35 0.32 
1 723 0.1725612331626618 0.0862806165813309 -0.07 0.05 0.4568421052631578 0.9578947368421052 0.707368421052632 33.9 0.06 
0 548 0.4227090878059909 0.211354543902995 -0.11 0.03 0.8333333333333331 0.9166666666666664 0.875 0.9 0.42 
1 336 -0.0 0.0 -0.1 0.14 0.6774193548387096 0.8064516129032256 0.741935483870968 17.76 1.34 
0 741 0.12855332024121083 0.0642766601206054 -0.0 -0.0 1.0 0.9953161592505854 0.997658079625293 0.0 0.0 
1 2 0.06894930739780505 0.15777508018186 0.26 0.3 0.9182389937106918 0.9266247379454928 0.922431865828092 1350.0 2.0 
0 144 0.16764562403823993 0.14149938343951 -0.01 0.0 1.0 0.8920187793427231 0.946009389671361 1.11 0.05 
1 49 -0.0 0.0 0.0 0.0 1.0 1.0 1.0 0.0 0.0 
0 847 0.04824430334970792 0.0447789381460681 -0.04 0.02 0.843076923076923 0.8892307692307693 0.866153846153846 8.38 0.36 
1 1 -0.0 0.0 0.39 0.62 0.6935483870967744 0.6935483870967744 0.693548387096774 62.0 2.6 
0 70 0.7569085521415507 0.378454276070775 -0.0 0.0 1.0 1.0 1.0 0.0 0.0 
1 5 -0.0 0.0 0.3 0.5 0.8008658008658008 0.8008658008658008 0.800865800865801 462.0 2.56 
0 422 -0.0 0.0 -0.0 0.0 1.0 0.625 0.8125 0.0 0.0 
1 43 -0.0 0.0 0.0 0.0 1.0 1.0 1.0 0.0 0.0 
0 37 0.1725612331626618 0.0940891642961089 0.11 0.14 0.9578947368421052 0.96 0.958947368421053 402.18 1.04 
1 18 0.5235346720440665 0.340972621087929 0.32 0.39 0.8666666666666668 0.9 0.883333333333333 30.0 1.75 
0 73 0.016556959431630658 0.00827847971581533 -0.0 -0.0 1.0 1.0 1.0 0.0 0.0 
1 2 0.6846162778013049 0.342308138900652 0.15 0.36 0.8846153846153846 0.8846153846153846 0.884615384615385 26.0 0.82 
0 134 0.3525425103487513 0.176271255174376 -0.06 0.19 1.0 0.7580645161290323 0.879032258064516 24.72 1.45 
1 4 -0.0 0.0 0.0 0.0 1.0 1.0 1.0 0.0 0.0 
0 10 -0.0 0.0 -0.0 -0.0 1.0 0.9958677685950412 0.997933884297521 0.0 0.0 
1 29 0.02253214392080778 0.0197499575531257 -0.0 0.01 0.7156626506024096 0.9975903614457832 0.856626506024096 5.06 0.1 
0 46 0.5519602511937985 0.285452349472768 -0.0 0.01 0.9285714285714286 0.997448979591837 0.963010204081633 6.23 0.26 
1 33 0.030372534777978206 0.0228364363705995 -0.0 0.0 0.9894067796610168 0.9978813559322034 0.99364406779661 0.04 0.0 
0 21 0.9556998911125344 0.819303997906503 -0.13 0.29 1.0 1.0 1.0 2.92 0.06 
1 4 0.8127245415610106 0.428086422879458 0.41 0.59 0.3391521197007481 0.3640897755610973 0.351620947630923 772.17 0.33 
0 10 0.44449289751520166 0.858497003941501 0.01 0.11 1.0 1.0 1.0 280.76 0.52 
1 20 0.8156295932307395 0.487087993037894 -0.0 0.08 0.7484662576687117 0.9785276073619632 0.863496932515337 53.37 0.31 
0 177 0.07155187909197604 0.035775939545988 -0.0 -0.0 1.0 1.0 1.0 0.0 0.0 
1 11 0.02133050528737909 0.0106652526436895 0.1 0.1 0.980392156862745 0.980392156862745 0.980392156862745 459.0 0.82 
0 142 0.5458360932286223 0.272918046614311 -0.0 0.0 0.9979466119096508 0.9979466119096508 0.997946611909651 0.24 0.01 
1 24 0.030372534777978206 0.0658985378330168 -0.0 0.0 0.972457627118644 0.9978813559322034 0.985169491525424 0.13 0.01 
0 28 0.3724807184521906 0.368347687877079 0.12 0.49 0.919354838709677 0.9516129032258066 0.935483870967742 97.77 2.29 
1 13 0.05839899951927197 0.0572755995239375 -0.0 0.0 1.0 0.9972972972972972 0.998648648648649 0.03 0.0 
0 203 -0.0 0.0 -0.0 -0.0 1.0 0.9966442953020132 0.998322147651007 0.0 0.0 
1 3 0.0740225961475812 0.128824279468757 0.41 0.69 0.5590551181102362 0.5748031496062993 0.566929133858268 381.05 2.38 
0 52 0.3724807184521906 0.186240359226095 -0.02 0.29 0.6935483870967744 0.919354838709677 0.806451612903226 33.68 1.92 
1 61 0.0707680768797802 0.351225226630238 -0.0 0.0 1.0 0.997695852534562 0.998847926267281 3.17 0.0 
0 519 0.8177953417758714 0.42667338139719 -0.01 0.02 0.8826530612244897 0.989795918367347 0.936224489795918 12.41 0.24 
1 5 -0.0 0.0 0.06 0.41 0.8571428571428571 0.8571428571428571 0.857142857142857 7.0 2.49 
0 19 -0.0 0.0 0.02 0.02 0.9966442953020132 0.9966442953020132 0.996644295302013 298.0 0.23 
1 3 0.43686973210547814 0.270464027731018 0.04 0.05 1.0 0.940936863543788 0.970468431771894 144.91 0.55 
0 252 -0.0 0.0 -0.15 0.02 0.6153846153846154 0.8076923076923077 0.711538461538462 0.89 0.45 
1 8 0.022727473318271005 0.022727473318271 -0.0 0.0 1.0 1.0 1.0 0.0 0.0 
0 15 0.3894087389731746 0.194704369486587 0.0 -0.0 1.0 1.0 1.0 0.0 0.0 
1 31 -0.0 0.0 0.0 0.0 1.0 1.0 1.0 0.0 0.0 
0 15 -0.0 0.0 0.33 0.55 0.6774193548387096 0.6935483870967744 0.685483870967742 57.53 2.48 
1 345 -0.0 0.0 -0.06 0.16 0.6774193548387096 0.7580645161290323 0.717741935483871 20.64 1.46 
0 83 0.05541603260088809 0.027708016300444 -0.0 -0.0 1.0 1.0 1.0 0.0 0.0 
1 9 0.09503011725564632 0.0475150586278232 0.0 -0.0 1.0 1.0 1.0 0.0 0.0 
0 9 0.9556998911125344 0.819303997906503 0.06 0.68 1.0 1.0 1.0 7.0 0.78 
1 4 0.6895519477750732 0.344775973887537 0.0 -0.0 1.0 1.0 1.0 0.0 0.0 
0 570 0.8519175190106516 0.425958759505326 0.0 -0.0 1.0 0.9138461538461538 0.956923076923077 0.0 0.0 
1 94 0.09165764788996307 0.0699766348366203 -0.0 0.0 1.0 0.9818181818181818 0.990909090909091 0.1 0.01 
0 53 0.811739998691233 0.405869999345617 -0.02 0.07 0.943157894736842 0.9663157894736842 0.954736842105263 177.02 0.26 
