1 3 0.6601647680850746 0.591011175434611 0.13 0.3 0.8594470046082949 0.919354838709677 0.889400921658986 970.62 1.21 
0 265 0.03578922484588708 0.0178946124229435 -0.0 0.0 1.0 0.9948586118251928 0.997429305912596 0.01 0.0 
1 25 0.8720635602136072 0.444515665699525 -0.01 0.0 0.2385542168674699 0.9975903614457832 0.618072289156626 0.63 0.0 
0 98 1.3523028118749807 0.732767144596673 0.0 0.06 0.9938775510204082 0.9959183673469388 0.994897959183674 542.5 0.12 
1 2 0.6846162778013049 0.342308138900652 0.15 0.36 0.8846153846153846 0.8846153846153846 0.884615384615385 26.0 0.82 
0 41 0.30463609734923813 0.152318048674619 0.23 0.42 0.3076923076923077 0.42307692307692313 0.365384615384615 18.49 0.95 
1 1 0.9277980308365658 1.27664305854078 0.26 0.8 0.7871396895787139 0.7871396895787139 0.787139689578714 1253.58 1.13 
0 16 -0.0 0.0 -0.0 -0.0 1.0 1.0 1.0 0.0 0.0 
1 42 0.017626642729371575 0.00881332136468579 0.18 0.25 0.9252336448598132 0.9275700934579442 0.926401869158878 413.58 1.81 
0 55 -0.0 0.0 -0.0 -0.0 1.0 0.9977324263038548 0.998866213151927 0.0 0.0 
1 2 0.06894930739780505 0.15777508018186 0.26 0.3 0.9182389937106918 0.9266247379454928 0.922431865828092 1350.0 2.0 
0 451 0.28735403618953503 0.143677018094767 0.03 0.03 0.9489795918367347 0.99234693877551 0.970663265306122 145.11 0.24 
1 218 0.20297324940653716 0.101486624703269 0.0 -0.0 1.0 1.0 1.0 0.0 0.0 
0 46 0.016556959431630658 0.513968210228459 0.0 0.0 1.0 0.9929577464788734 0.996478873239437 3.59 0.03 
1 35 1.6284102630552857 1.62546092371276 -0.02 0.51 0.7700348432055749 0.9895470383275262 0.879790940766551 325.24 0.19 
0 154 0.4629606652814273 0.231480332640714 -0.0 0.0 0.8724373576309796 0.9977220956719816 0.935079726651481 0.28 0.02 
1 362 -0.0 0.0 -0.06 0.16 0.6774193548387096 0.7580645161290323 0.717741935483871 20.64 1.46 
0 266 -0.0 0.0 -0.0 0.01 0.6774193548387096 0.9677419354838708 0.82258064516129 0.98 0.22 
1 2 -0.0 0.0 0.47 0.64 0.33333333333333326 0.33333333333333326 0.333333333333333 30.0 0.94 
0 6 0.01718147225922012 0.00859073612961006 0.36 0.43 0.837448559670782 0.839506172839506 0.838477366255144 478.67 2.42 
1 3 0.10434878616952079 0.0521743930847604 0.01 0.01 0.9979591836734693 0.9979591836734693 0.997959183673469 490.0 0.11 
0 72 0.12281506353676637 0.0614075317683832 -0.0 0.0 0.9602272727272728 0.9971590909090908 0.978693181818182 0.07 0.01 
1 4 0.01475818629482802 0.00737909314741401 0.01 0.01 1.0 0.9979466119096508 0.998973305954825 487.0 0.19 
0 241 -0.0 0.0 -0.0 0.0 1.0 0.28571428571428564 0.642857142857143 0.0 0.0 
1 65 -0.0 0.0 -0.0 -0.0 1.0 0.9958677685950412 0.997933884297521 0.0 0.0 
0 18 0.5982695885852573 0.598269588585257 -0.11 0.12 1.0 1.0 1.0 1.12 0.87 
1 240 0.8547011249697178 0.427350562484859 -0.02 0.0 0.9795918367346939 0.982142857142857 0.980867346938775 1.6 0.02 
0 363 -0.0 0.0 -0.06 0.18 0.6935483870967744 0.7580645161290323 0.725806451612903 22.68 1.48 
1 3 -0.0 0.0 0.0 0.0 1.0 1.0 1.0 0.0 0.0 
0 176 0.39796547681873295 0.198982738409367 -0.0 0.0 1.0 0.9978165938864628 0.998908296943231 0.1 0.01 
1 4 0.7865364435085352 0.401480572353747 0.08 0.13 0.9728506787330315 0.9728506787330315 0.972850678733032 442.51 0.33 
0 20 0.06619464551069208 0.118052774854586 0.06 0.08 0.944567627494457 0.9756097560975608 0.960088691796009 192.61 0.57 
1 5 -0.0 0.0 0.06 0.41 0.8571428571428571 0.8571428571428571 0.857142857142857 7.0 2.49 
0 229 -0.0 0.0 -0.02 0.04 0.625 0.9583333333333331 0.791666666666667 1.74 0.48 
1 2 -0.0 0.0 0.39 0.62 0.6935483870967744 0.6935483870967744 0.693548387096774 62.0 2.6 
0 341 -0.0 0.0 -0.0 0.0 1.0 0.7083333333333334 0.854166666666667 0.0 0.0 
1 232 0.08627855491407438 0.0975485355458968 0.0 0.02 0.7084337349397591 0.9927710843373492 0.850602409638554 81.26 0.09 
0 224 0.09962338946616205 0.049811694733081 -0.01 0.06 0.7903225806451613 0.919354838709677 0.854838709677419 13.32 0.63 
1 265 0.3742549310896416 0.187127465544821 -0.03 0.02 0.7660668380462725 0.9974293059125964 0.881748071979434 15.62 0.69 
0 24 0.900256051268537 1.32473532428805 0.07 0.28 0.8602150537634408 0.08602150537634409 0.473118279569892 124.21 0.0 
1 16 -0.0 0.0 0.33 0.55 0.6774193548387096 0.6935483870967744 0.685483870967742 57.53 2.39 
0 31 -0.0 0.0 -0.0 -0.0 1.0 0.9936034115138594 0.99680170575693 0.0 0.0 
1 33 0.030372534777978206 0.0228364363705995 -0.0 0.0 0.9894067796610168 0.9978813559322034 0.99364406779661 0.04 0.0 
0 9 0.2365703607236565 0.126563660077644 -0.0 0.0 1.0 0.9976525821596244 0.998826291079812 0.07 0.01 
1 5 0.020830638321723566 0.0104153191608618 0.04 0.04 0.9850746268656718 0.9914712153518124 0.988272921108742 266.27 0.43 
0 22 -0.0 0.0 0.03 0.03 0.9922879177377892 0.9948586118251928 0.993573264781491 258.66 0.3 
1 6 -0.0 0.0 -0.0 -0.0 1.0 1.0 1.0 0.0 0.0 
0 637 0.022083380117043378 0.0110416900585217 0.0 -0.0 1.0 0.981859410430839 0.99092970521542 0.0 0.0 
1 13 0.05839899951927197 0.0572755995239375 -0.0 0.0 1.0 0.9972972972972972 0.998648648648649 0.03 0.0 
0 268 -0.0 0.0 -0.0 0.0 1.0 0.7083333333333334 0.854166666666667 0.0 0.0 
1 29 0.02253214392080778 0.0197499575531257 -0.0 0.01 0.7156626506024096 0.9975903614457832 0.856626506024096 5.06 0.1 
0 260 0.2835478929710348 0.141773946485517 -0.06 0.13 0.7580645161290323 0.9838709677419354 0.870967741935484 17.21 1.0 
1 3 -0.0 0.0 -0.0 -0.0 1.0 1.0 1.0 0.0 0.0 
0 202 -0.0 0.0 -0.0 0.0 1.0 0.7580645161290323 0.879032258064516 0.0 0.0 
1 49 -0.0 0.0 0.0 0.0 1.0 1.0 1.0 0.0 0.0 
0 139 0.6829081047004717 0.681050685345999 0.03 0.7 0.8076923076923077 0.9230769230769232 0.865384615384615 32.09 0.44 
1 7 0.01652368182171168 0.00826184091085584 0.08 0.08 0.9838709677419354 0.9838709677419354 0.983870967741935 434.0 0.72 
0 200 -0.0 0.0 -0.0 0.0 1.0 0.7580645161290323 0.879032258064516 0.0 0.0 
1 5 -0.0 0.0 0.3 0.5 0.8008658008658008 0.8008658008658008 0.800865800865801 462.0 2.56 
0 625 0.045763284360939335 0.0228816421804697 -0.0 0.0 0.981859410430839 0.9977324263038548 0.989795918367347 0.03 0.0 
1 3 -0.0 0.0 0.0 0.0 1.0 1.0 1.0 0.0 0.0 
0 318 0.4959171118080685 0.247958555904034 0.0 -0.0 1.0 0.9922879177377892 0.996143958868895 0.0 0.0 
1 182 -0.0 0.0 -0.0 0.0 1.0 0.7580645161290323 0.879032258064516 0.0 0.0 
0 198 -0.0 0.0 -0.0 -0.0 1.0 1.0 1.0 0.0 0.0 
1 2 0.0251440699125892 0.0125720349562946 0.53 0.63 0.6761658031088082 0.6761658031088082 0.676165803108808 386.0 2.33 
0 1397 -0.0 0.0 0.0 0.0 1.0 1.0 1.0 0.0 0.0 
1 10 -0.0 0.0 0.33 0.55 0.6774193548387096 0.6935483870967744 0.685483870967742 57.53 2.49 
0 67 0.6473026055487068 0.38802484488887 0.03 0.08 0.6825053995680346 0.9524838012958964 0.817494600431965 233.6 0.44 
1 3 -0.0 0.0 -0.0 -0.0 1.0 1.0 1.0 0.0 0.0 
0 95 0.5168692487765637 1.07263975591593 -0.08 0.16 0.7700348432055749 0.9965156794425089 0.883275261324042 105.52 0.24 
1 86 0.022727473318271005 0.0113637366591355 -0.0 -0.0 1.0 1.0 1.0 0.0 0.0 
0 3 0.666278442414676 0.666278442414676 0.25 0.67 1.0 1.0 1.0 26.0 1.01 
1 8 0.016424701198958662 0.00821235059947933 0.12 0.12 0.9728506787330315 0.9728506787330315 0.972850678733032 442.0 1.0 
0 98 0.09651393728015299 0.173733540990706 -0.0 0.0 1.0 0.9966442953020132 0.998322147651007 0.37 0.04 
1 14 -0.0 0.0 0.33 0.55 0.6774193548387096 0.6935483870967744 0.685483870967742 57.53 2.59 
0 26 0.050468069137818976 0.0334137420767108 0.03 0.03 0.9631336405529952 0.9953917050691244 0.97926267281106 486.49 0.29 
1 179 1.7983316181241153 0.899165809062058 0.0 -0.0 1.0 0.9628099173553722 0.981404958677686 0.0 0.0 
0 341 0.11255306916469554 0.594219275388933 0.0 0.02 1.0 0.929078014184397 0.964539007092199 17.72 0.02 
1 8 0.022727473318271005 0.022727473318271 -0.0 0.0 1.0 1.0 1.0 0.0 0.0 
0 442 0.016897794165734926 0.00844889708286746 -0.0 -0.0 1.0 0.97423887587822 0.98711943793911 0.0 0.0 
1 2 0.09699169411326156 0.0746337112309724 -0.0 0.0 1.0 1.0 1.0 0.05 0.01 
0 182 -0.0 0.0 -0.02 0.01 0.846153846153846 0.9615384615384615 0.903846153846154 0.19 0.17 
1 3 -0.0 0.0 0.0 0.0 1.0 1.0 1.0 0.0 0.0 
0 5 0.6109007249809115 0.305450362490456 -0.0 0.0 1.0 1.0 1.0 0.0 0.0 
1 61 0.0707680768797802 0.351225226630238 -0.0 0.0 1.0 0.997695852534562 0.998847926267281 3.17 0.0 
0 82 -0.0 0.0 -0.04 0.02 0.6153846153846154 0.9615384615384615 0.788461538461539 0.65 0.26 
1 4 0.0947607483566568 0.0769695270739669 0.09 0.1 0.9806866952789698 0.982832618025751 0.981759656652361 445.71 0.81 
0 599 0.7418244740179352 0.378676899420181 -0.07 0.03 0.7726315789473683 0.9663157894736842 0.869473684210526 20.79 0.18 
1 4 0.8127245415610106 0.428086422879458 0.41 0.59 0.3391521197007481 0.3640897755610973 0.351620947630923 772.17 0.33 
0 433 0.6846162778013049 0.494626187575271 -0.19 0.17 0.42307692307692313 0.8846153846153846 0.653846153846154 7.47 0.28 
1 122 0.04915006684960595 0.024575033424803 0.0 0.01 0.868995633187773 0.9956331877729256 0.932314410480349 13.32 0.14 
0 0 -0.0 0.0 -0.01 0.0 0.9779735682819384 0.9779735682819384 0.977973568281938 0.0 0.9 
1 226 0.6171448282578021 0.580437337832493 0.03 0.32 1.0 0.8835227272727273 0.941761363636364 378.52 1.7 
0 813 0.04824430334970792 0.613469546359675 -0.16 0.05 0.843076923076923 0.9138461538461538 0.878461538461538 20.33 0.24 
1 5 -0.0 0.0 0.07 0.08 0.9854771784232365 0.9854771784232365 0.985477178423237 482.0 0.65 
0 3 0.022083380117043378 0.0192051797855684 0.09 0.11 0.981859410430839 0.981859410430839 0.981859410430839 859.9 0.92 
1 5 0.04131357294242817 0.0206567864712141 0.29 0.33 0.886153846153846 0.8892307692307693 0.887692307692308 315.12 2.04 
0 144 0.3525425103487513 0.176271255174376 -0.06 0.19 1.0 0.7580645161290323 0.879032258064516 24.72 1.53 
1 8 -0.0 0.0 0.12 0.12 0.9568034557235422 0.9676025917926566 0.962203023758099 343.37 1.04 
0 167 0.4319626568589969 0.226842455768924 -0.01 0.01 0.9402985074626864 0.9914712153518124 0.965884861407249 3.68 0.17 
1 1 0.4811067080592432 0.300596867788392 0.04 0.05 0.9954853273137698 0.9954853273137698 0.99548532731377 895.47 0.16 
0 419 0.33711620194815384 0.29459026216778 -0.04 0.03 0.9049676025917927 0.937365010799136 0.921166306695464 50.55 0.16 
1 47 -0.0 0.0 -0.0 0.0 1.0 0.6153846153846154 0.807692307692308 0.0 0.0 
0 11 -0.0 0.0 0.01 0.19 0.16 0.36 0.26 8.47 0.25 
1 18 0.5235346720440665 0.340972621087929 0.32 0.39 0.8666666666666668 0.9 0.883333333333333 30.0 1.75 
0 8 0.4085789795635766 0.325746967227054 0.25 0.38 0.8871331828442438 0.9977426636568846 0.942437923250564 1170.8 2.05 
1 3 -0.0 0.0 0.0 0.0 1.0 1.0 1.0 0.0 0.0 
0 65 0.3525425103487513 0.176271255174376 -0.0 0.0 1.0 1.0 1.0 0.0 0.0 
1 4 0.5297061990576545 0.439269147450343 -0.1 0.03 1.0 1.0 1.0 0.32 0.45 
0 182 -0.0 0.0 -0.0 0.0 1.0 0.625 0.8125 0.0 0.0 
1 14 0.08958725315521794 0.0709314907519506 0.0 0.0 1.0 1.0 1.0 0.04 0.01 
0 71 -0.0 0.0 -0.01 0.0 0.984126984126984 0.9863945578231293 0.985260770975057 0.1 0.01 
1 4 -0.0 0.0 0.0 0.0 1.0 1.0 1.0 0.0 0.0 
0 827 -0.0 0.0 0.0 -0.0 1.0 0.5555555555555555 0.777777777777778 0.0 0.0 
1 9 0.05602246986522343 0.0448156896337921 0.0 0.0 1.0 1.0 1.0 0.02 0.0 
0 1201 -0.0 0.0 0.0 -0.0 1.0 0.5555555555555555 0.777777777777778 0.0 0.0 
1 4 -0.0 0.0 0.31 0.55 0.7580645161290323 0.7580645161290323 0.758064516129032 62.0 2.49 
0 151 0.4319626568589969 0.22639664759036 -0.0 0.0 0.9850746268656718 0.9914712153518124 0.988272921108742 0.97 0.06 
1 94 0.09165764788996307 0.0699766348366203 -0.0 0.0 1.0 0.9818181818181818 0.990909090909091 0.1 0.01 
0 94 1.0662173706881086 0.533108685344054 0.0 0.01 0.989795918367347 0.9979591836734693 0.993877551020408 97.2 0.03 
1 11 0.02133050528737909 0.0106652526436895 0.1 0.1 0.980392156862745 0.980392156862745 0.980392156862745 459.0 0.82 
0 317 -0.0 0.0 -0.0 -0.0 1.0 0.9922879177377892 0.996143958868895 0.0 0.0 
1 6 -0.0 0.0 -0.0 -0.0 1.0 0.9936034115138594 0.99680170575693 0.0 0.0 
0 423 0.6791932659915256 0.339596632995763 -0.11 0.25 0.3076923076923077 0.9230769230769232 0.615384615384615 9.9 0.1 
1 316 -0.0 0.0 0.0 0.0 1.0 0.982142857142857 0.991071428571429 0.0 0.0 
0 87 1.1925287888249987 0.596264394412499 -0.04 0.01 0.9568034557235422 0.9935205183585314 0.975161987041037 9.6 0.05 
1 5 0.052275728348683194 0.0522757283486832 -0.0 0.0 1.0 1.0 1.0 0.02 0.0 
0 1 0.016359415015602636 0.0163594150156026 0.17 0.18 0.9621380846325168 0.9621380846325168 0.962138084632517 898.0 1.44 
1 614 0.042617471413436414 0.0310799043211172 0.0 0.01 0.837708830548926 0.9928400954653938 0.91527446300716 10.42 0.09 
0 224 0.7569669131450216 0.600267598779655 0.03 0.35 1.0 0.8295454545454547 0.914772727272727 773.84 1.89 
1 12 -0.0 0.0 0.3 0.36 0.8846153846153846 0.8846153846153846 0.884615384615385 26.0 2.14 
0 168 0.09962338946616205 0.049811694733081 -0.0 0.0 1.0 0.7903225806451613 0.895161290322581 0.0 0.0 
1 270 0.08807751896196665 0.451853556096353 -0.01 0.04 0.7484662576687117 0.9846625766871167 0.866564417177914 30.7 0.2 
0 23 0.5456891633476865 0.495820792830612 0.08 0.54 0.8870967741935483 0.919354838709677 0.903225806451613 149.27 2.09 
1 4 0.6895519477750732 0.344775973887537 0.0 -0.0 1.0 1.0 1.0 0.0 0.0 
0 294 0.4992227979700849 0.259527476868187 -0.03 0.02 0.877840909090909 0.9801136363636364 0.928977272727273 14.39 0.16 
1 20 0.8156295932307395 0.487087993037894 -0.0 0.08 0.7484662576687117 0.9785276073619632 0.863496932515337 53.37 0.31 
0 366 -0.0 0.0 -0.06 0.18 0.6935483870967744 0.7580645161290323 0.725806451612903 22.68 1.54 
1 336 -0.0 0.0 -0.1 0.14 0.6774193548387096 0.8064516129032256 0.741935483870968 17.76 1.34 
0 488 -0.0 0.0 0.04 0.15 0.3076923076923077 0.8846153846153846 0.596153846153846 7.63 0.74 
1 6 0.08958725315521794 0.073993126337245 0.0 0.0 1.0 1.0 1.0 0.04 0.01 
0 6 0.04108212159516753 0.131232565755365 0.13 0.18 0.940340909090909 0.9488636363636364 0.944602272727273 299.15 1.23 
1 148 0.8156295932307395 0.74694740234885 0.07 0.48 0.7484662576687117 0.8558282208588956 0.802147239263804 285.8 0.83 
0 160 0.6829081047004717 0.341454052350236 -0.01 0.07 0.8076923076923077 0.9615384615384615 0.884615384615385 4.37 0.41 
1 127 -0.0 0.0 0.11 0.46 0.5384615384615384 0.6153846153846154 0.576923076923077 18.96 1.68 
0 187 0.015529324822425987 0.0588186491358376 -0.0 0.0 1.0 0.9663157894736842 0.983157894736842 0.38 0.03 
1 9 0.09503011725564632 0.0475150586278232 0.0 -0.0 1.0 1.0 1.0 0.0 0.0 
0 214 0.05577279621184249 0.0391524700663251 -0.04 0.01 0.7156626506024096 0.9686746987951808 0.842168674698795 6.25 0.14 
1 31 -0.0 0.0 0.0 0.0 1.0 1.0 1.0 0.0 0.0 
0 114 0.6730116670092564 0.336505833504628 0.2 0.67 0.6153846153846154 0.9615384615384615 0.788461538461539 26.0 0.93 
1 3 0.43686973210547814 0.270464027731018 0.04 0.05 1.0 0.940936863543788 0.970468431771894 144.91 0.55 
0 13 -0.0 0.0 0.0 0.0 1.0 1.0 1.0 0.0 0.0 
1 7 0.09908391604753189 0.0495419580237659 0.04 0.04 0.9850746268656718 0.9914712153518124 0.988272921108742 266.27 0.37 
0 239 0.09962338946616205 0.236052053959176 -0.06 0.25 0.7903225806451613 0.919354838709677 0.854838709677419 41.76 1.68 
1 9 0.05602246986522343 0.0541490991069533 0.0 0.0 1.0 1.0 1.0 0.02 0.0 
0 697 -0.0 0.0 0.0 -0.0 1.0 0.5555555555555555 0.777777777777778 0.0 0.0 
1 8 0.0947607483566568 0.232756230915289 0.02 0.03 0.9678111587982832 0.9806866952789698 0.974248927038627 84.69 0.27 
0 153 0.6096823605541178 0.590162520616643 0.02 0.16 0.6908077994428969 0.8969359331476324 0.793871866295265 200.9 0.13 
1 4 0.09503011725564632 0.189490815924107 0.0 0.0 1.0 1.0 1.0 0.06 0.04 
0 1292 -0.0 0.0 0.0 0.0 1.0 1.0 1.0 0.0 0.0 
1 1 -0.0 0.0 0.37 0.44 0.16 0.16 0.16 25.0 0.2 
0 301 0.7244657079537894 0.581001231885178 -0.11 0.28 0.3264462809917356 0.3595041322314049 0.34297520661157 249.71 0.31 
1 14 0.5235346720440665 0.340972621087929 0.32 0.39 0.8666666666666668 0.9 0.883333333333333 30.0 1.75 
0 267 0.666278442414676 0.333139221207338 -0.1 0.19 1.0 0.3076923076923077 0.653846153846154 7.22 0.47 
1 43 -0.0 0.0 0.0 0.0 1.0 1.0 1.0 0.0 0.0 
0 424 0.6791932659915256 0.339596632995763 -0.11 0.25 0.3076923076923077 0.9230769230769232 0.615384615384615 9.9 0.0 
1 345 -0.0 0.0 -0.06 0.16 0.6774193548387096 0.7580645161290323 0.717741935483871 20.64 1.46 
0 50 0.16403524764720048 0.0820176238236002 0.01 0.01 0.9959183673469388 0.9979591836734693 0.996938775510204 244.5 0.1 
1 22 -0.0 0.0 0.31 0.55 0.7580645161290323 0.7580645161290323 0.758064516129032 62.0 2.49 
0 124 -0.0 0.0 -0.0 0.0 1.0 0.6935483870967744 0.846774193548387 0.0 0.0 
1 4 0.7865364435085352 0.393268221754268 0.09 0.12 0.9728506787330315 0.9728506787330315 0.972850678733032 442.0 0.36 
0 150 0.01789792517672371 0.00894896258836186 -0.0 0.0 1.0 0.9948586118251928 0.997429305912596 0.01 0.0 
1 28 0.6822056867479602 0.602052179998817 0.05 0.2 0.9222462203023758 0.9546436285097192 0.938444924406048 472.98 0.93 
0 17 0.2957078649273664 0.147853932463683 -0.0 -0.0 1.0 0.9958677685950412 0.997933884297521 0.0 0.0 
1 3 0.0740225961475812 0.128824279468757 0.41 0.69 0.5590551181102362 0.5748031496062993 0.566929133858268 381.05 2.38 
0 37 0.6265544985250644 0.885467451279699 0.01 0.35 0.8409090909090908 0.9971590909090908 0.919034090909091 424.58 1.44 
1 1 0.05839899951927197 0.0572107346922477 0.0 0.0 1.0 1.0 1.0 0.02 0.0 
0 72 0.1520053108362029 0.0760026554181015 0.02 0.15 0.6935483870967744 0.919354838709677 0.806451612903226 17.86 1.28 
1 1 -0.0 0.0 0.39 0.62 0.6935483870967744 0.6935483870967744 0.693548387096774 62.0 2.6 
0 411 0.7418244740179352 0.421966223733592 -0.0 0.01 1.0 0.7726315789473683 0.886315789473684 4.82 0.08 
1 75 0.09699169411326156 0.0765719468209323 -0.0 0.0 1.0 0.9972972972972972 0.998648648648649 0.07 0.01 
0 72 0.6829081047004717 0.341454052350236 -0.0 0.0 1.0 1.0 1.0 0.0 0.0 
1 1 0.07093518297335139 0.0616054556610173 0.0 0.0 1.0 1.0 1.0 0.03 0.0 
0 29 0.36829683274766406 0.366255745024815 0.06 0.42 0.9354838709677415 0.9516129032258066 0.943548387096774 80.71 2.1 
1 723 0.1725612331626618 0.0862806165813309 -0.07 0.05 0.4568421052631578 0.9578947368421052 0.707368421052632 33.9 0.06 
0 201 0.023453143960222942 0.0117265719801115 -0.01 0.0 0.9636803874092008 0.9806295399515738 0.972154963680387 1.87 0.06 
1 1 -0.0 0.0 0.19 0.69 0.5555555555555555 0.5555555555555555 0.555555555555556 9.0 1.98 
0 252 -0.0 0.0 0.0 0.0 1.0 1.0 1.0 0.0 0.0 
1 19 0.08958725315521794 0.0728697263419105 -0.0 0.0 1.0 0.9972972972972972 0.998648648648649 0.06 0.01 
0 755 -0.0 0.0 0.0 0.0 1.0 1.0 1.0 0.0 0.0 
1 24 0.030372534777978206 0.0658985378330168 -0.0 0.0 0.972457627118644 0.9978813559322034 0.985169491525424 0.13 0.01 
0 50 0.5982695885852573 0.299134794292629 0.0 0.0 1.0 1.0 1.0 0.0 0.0 
1 34 0.6171448282578021 0.308572414128901 -0.01 0.0 1.0 0.9886363636363636 0.994318181818182 0.88 0.06 
0 12 0.6799529039485162 0.351749735523488 0.02 0.02 1.0 0.99645390070922 0.99822695035461 282.0 0.1 
1 2 0.666278442414676 0.666278442414676 0.25 0.67 1.0 1.0 1.0 26.0 0.9 
0 146 0.5297061990576545 0.453238180157046 -0.11 0.06 1.0 0.8888888888888888 0.944444444444444 0.73 0.79 
1 154 0.7244657079537894 0.362232853976895 0.0 -0.0 1.0 0.3264462809917356 0.663223140495868 0.0 0.0 
0 695 0.7418244740179352 0.913034818904325 0.05 0.55 0.7726315789473683 0.9242105263157896 0.848421052631579 403.37 0.0 
1 24 0.16245281571443987 0.14550577947865 -0.01 0.02 0.916083916083916 0.9976689976689976 0.956876456876457 46.4 0.05 
0 195 0.905891303418349 0.581011221906906 -0.1 0.04 0.6400911161731208 0.990888382687927 0.815489749430524 55.95 0.14 
