1 2 0.6846162778013049 0.342308138900652 0.15 0.36 0.8846153846153846 0.8846153846153846 0.884615384615385 26.0 0.82 
0 6 0.4459524223135379 0.407124627530601 0.13 0.54 0.919354838709677 0.9354838709677415 0.92741935483871 110.63 2.38 
1 362 -0.0 0.0 -0.06 0.16 0.6774193548387096 0.7580645161290323 0.717741935483871 20.64 1.46 
0 252 0.6691066329624924 0.62163834790396 -0.04 0.07 0.17901234567901234 0.839506172839506 0.509259259259259 85.73 0.08 
1 7 0.01652368182171168 0.00826184091085584 0.08 0.08 0.9838709677419354 0.9838709677419354 0.983870967741935 434.0 0.72 
0 3 0.666278442414676 0.666278442414676 0.25 0.67 1.0 1.0 1.0 26.0 1.01 
1 316 -0.0 0.0 0.0 0.0 1.0 0.982142857142857 0.991071428571429 0.0 0.0 
0 15 0.6688445335327875 0.538711756548182 0.0 0.05 1.0 0.9977426636568846 0.998871331828442 29.92 0.57 
1 18 0.5235346720440665 0.340972621087929 0.32 0.39 0.8666666666666668 0.9 0.883333333333333 30.0 1.75 
0 453 0.01478431915835523 0.00739215957917762 -0.0 0.0 0.9918367346938776 0.9979591836734693 0.994897959183674 0.01 0.0 
1 265 0.3742549310896416 0.187127465544821 -0.03 0.02 0.7660668380462725 0.9974293059125964 0.881748071979434 15.62 0.69 
0 331 0.6730116670092564 0.635640627797257 0.31 0.6 1.0 0.7142857142857143 0.857142857142857 7.0 1.04 
1 1 -0.0 0.0 0.37 0.44 0.16 0.16 0.16 25.0 0.2 
0 172 -0.0 0.0 -0.0 0.0 0.981859410430839 0.9977324263038548 0.989795918367347 0.02 0.0 
1 47 -0.0 0.0 -0.0 0.0 1.0 0.6153846153846154 0.807692307692308 0.0 0.0 
0 68 0.4459524223135379 0.222976211156769 -0.03 0.27 0.6774193548387096 0.919354838709677 0.798387096774194 31.25 1.77 
1 2 0.06894930739780505 0.15777508018186 0.26 0.3 0.9182389937106918 0.9266247379454928 0.922431865828092 1350.0 2.0 
0 43 0.666278442414676 0.666278442414676 0.25 0.67 1.0 1.0 1.0 26.0 0.82 
1 14 -0.0 0.0 0.33 0.55 0.6774193548387096 0.6935483870967744 0.685483870967742 57.53 2.59 
0 140 0.08256493803586597 0.117285124436034 -0.0 0.0 1.0 0.919354838709677 0.959677419354839 0.13 0.06 
1 16 -0.0 0.0 0.33 0.55 0.6774193548387096 0.6935483870967744 0.685483870967742 57.53 2.39 
0 186 0.9556998911125344 0.477849945556267 -0.01 0.6 1.0 0.28571428571428564 0.642857142857143 7.0 0.69 
1 1 0.07093518297335139 0.0616054556610173 0.0 0.0 1.0 1.0 1.0 0.03 0.0 
0 42 0.02013133843277965 0.763422666968321 0.01 0.16 0.7321814254859611 0.9136069114470842 0.822894168466523 176.89 0.61 
1 9 0.05602246986522343 0.0448156896337921 0.0 0.0 1.0 1.0 1.0 0.02 0.0 
0 310 -0.0 0.0 -0.0 -0.0 1.0 1.0 1.0 0.0 0.0 
1 2 0.666278442414676 0.666278442414676 0.25 0.67 1.0 1.0 1.0 26.0 0.9 
0 41 0.01944773452386289 0.600518988843425 0.02 0.15 0.7624190064794816 0.9913606911447084 0.876889848812095 150.91 0.44 
1 2 0.09699169411326156 0.0746337112309724 -0.0 0.0 1.0 1.0 1.0 0.05 0.01 
0 225 0.6829081047004717 0.880950156289028 0.16 0.68 1.0 1.0 1.0 7.0 0.56 
1 9 0.09503011725564632 0.0475150586278232 0.0 -0.0 1.0 1.0 1.0 0.0 0.0 
0 162 0.666278442414676 0.333139221207338 -0.1 0.06 1.0 0.8846153846153846 0.942307692307692 2.12 0.3 
1 86 0.022727473318271005 0.0113637366591355 -0.0 -0.0 1.0 1.0 1.0 0.0 0.0 
0 544 0.6615632381579821 0.330781619078991 -0.16 0.06 1.0 0.125 0.5625 0.69 0.05 
1 94 0.09165764788996307 0.0699766348366203 -0.0 0.0 1.0 0.9818181818181818 0.990909090909091 0.1 0.01 
0 15 1.1443804040343335 1.1290090949896 0.18 0.55 0.9943181818181815 0.9971590909090908 0.995738636363636 1359.05 1.37 
1 1 -0.0 0.0 0.39 0.62 0.6935483870967744 0.6935483870967744 0.693548387096774 62.0 2.6 
0 194 0.3724807184521906 0.186240359226095 -0.02 0.0 0.919354838709677 0.9838709677419354 0.951612903225806 0.24 0.1 
1 68 0.3269547847215813 0.163477392360791 -0.01 0.01 0.9481865284974093 0.9870466321243522 0.967616580310881 3.79 0.05 
0 151 0.01789792517672371 0.00894896258836186 -0.0 0.0 1.0 0.9922879177377892 0.996143958868895 0.01 0.0 
1 3 -0.0 0.0 -0.0 -0.0 1.0 1.0 1.0 0.0 0.0 
0 2 -0.0 0.0 0.39 0.62 0.6935483870967744 0.6935483870967744 0.693548387096774 62.0 2.6 
1 232 0.08627855491407438 0.0975485355458968 0.0 0.02 0.7084337349397591 0.9927710843373492 0.850602409638554 81.26 0.09 
0 66 0.6829081047004717 0.341454052350236 0.02 0.23 0.8076923076923077 0.8846153846153846 0.846153846153846 14.24 0.97 
1 5 -0.0 0.0 0.07 0.08 0.9854771784232365 0.9854771784232365 0.985477178423237 482.0 0.65 
0 127 -0.0 0.0 -0.0 -0.0 1.0 1.0 1.0 0.0 0.0 
1 226 0.6171448282578021 0.580437337832493 0.03 0.32 1.0 0.8835227272727273 0.941761363636364 378.52 1.7 
0 64 0.07155187909197604 0.035775939545988 -0.0 -0.0 1.0 1.0 1.0 0.0 0.0 
1 8 0.022727473318271005 0.022727473318271 -0.0 0.0 1.0 1.0 1.0 0.0 0.0 
0 74 0.0 0.0 0.0 0.0 0.0 0.0 0.0 0.0 0.0 
1 4 0.5297061990576545 0.439269147450343 -0.1 0.03 1.0 1.0 1.0 0.32 0.45 
0 318 0.09650896073594732 0.0482544803679737 -0.12 0.15 0.6935483870967744 0.8225806451612901 0.758064516129032 19.58 1.52 
1 31 -0.0 0.0 0.0 0.0 1.0 1.0 1.0 0.0 0.0 
0 84 0.09650896073594732 0.0895369493859066 -0.0 0.0 1.0 0.8225806451612901 0.911290322580645 0.24 0.09 
1 723 0.1725612331626618 0.0862806165813309 -0.07 0.05 0.4568421052631578 0.9578947368421052 0.707368421052632 33.9 0.06 
0 570 0.6108643020548936 0.384637436093342 -0.07 0.11 0.6666666666666665 0.9 0.783333333333333 5.27 0.61 
1 122 0.04915006684960595 0.024575033424803 0.0 0.01 0.868995633187773 0.9956331877729256 0.932314410480349 13.32 0.14 
0 67 0.03578922484588708 0.0178946124229435 -0.0 -0.0 1.0 1.0 1.0 0.0 0.0 
1 5 -0.0 0.0 0.06 0.41 0.8571428571428571 0.8571428571428571 0.857142857142857 7.0 2.49 
0 19 -0.0 0.0 0.0 0.0 1.0 1.0 1.0 0.0 0.0 
1 4 0.8127245415610106 0.428086422879458 0.41 0.59 0.3391521197007481 0.3640897755610973 0.351620947630923 772.17 0.33 
0 716 -0.0 0.0 0.0 -0.0 1.0 0.5555555555555555 0.777777777777778 0.0 0.0 
1 49 -0.0 0.0 0.0 0.0 1.0 1.0 1.0 0.0 0.0 
0 34 0.04667886203059532 0.0233394310152977 -0.0 -0.0 1.0 0.9929577464788734 0.996478873239437 0.0 0.0 
1 34 0.6171448282578021 0.308572414128901 -0.01 0.0 1.0 0.9886363636363636 0.994318181818182 0.88 0.06 
0 352 -0.0 0.0 -0.06 0.18 0.6935483870967744 0.7580645161290323 0.725806451612903 22.68 1.66 
1 4 -0.0 0.0 0.31 0.55 0.7580645161290323 0.7580645161290323 0.758064516129032 62.0 2.49 
0 90 0.666278442414676 0.333139221207338 -0.09 0.08 1.0 0.846153846153846 0.923076923076923 2.95 0.6 
1 10 -0.0 0.0 0.33 0.55 0.6774193548387096 0.6935483870967744 0.685483870967742 57.53 2.49 
0 1 -0.0 0.0 0.42 0.63 0.6774193548387096 0.6774193548387096 0.67741935483871 62.0 2.67 
1 2 -0.0 0.0 0.47 0.64 0.33333333333333326 0.33333333333333326 0.333333333333333 30.0 0.94 
0 52 0.3724807184521906 0.186240359226095 -0.02 0.29 0.6935483870967744 0.919354838709677 0.806451612903226 33.68 1.92 
1 5 -0.0 0.0 0.3 0.5 0.8008658008658008 0.8008658008658008 0.800865800865801 462.0 2.56 
0 140 0.7498710324173952 0.388528303781775 -0.04 0.02 0.9834710743801652 0.9896694214876034 0.986570247933884 16.57 0.15 
1 345 -0.0 0.0 -0.06 0.16 0.6774193548387096 0.7580645161290323 0.717741935483871 20.64 1.46 
0 595 0.6622618696488148 0.40213205060694 -0.12 0.07 0.7730496453900709 0.8723404255319149 0.822695035460993 25.79 0.71 
1 4 -0.0 0.0 0.0 0.0 1.0 1.0 1.0 0.0 0.0 
0 255 0.9242647281309502 0.462132364065475 -0.08 0.01 0.8607954545454547 0.9573863636363636 0.909090909090909 3.38 0.15 
1 614 0.042617471413436414 0.0310799043211172 0.0 0.01 0.837708830548926 0.9928400954653938 0.91527446300716 10.42 0.09 
0 259 0.5858113340839818 0.313446727839575 -0.06 0.02 1.0 0.940340909090909 0.970170454545455 23.7 0.16 
1 24 0.16245281571443987 0.14550577947865 -0.01 0.02 0.916083916083916 0.9976689976689976 0.956876456876457 46.4 0.05 
0 121 0.32967376365612366 0.164836881828062 -0.05 0.01 0.6930022573363432 0.9729119638826184 0.832957110609481 3.89 0.18 
1 3 -0.0 0.0 -0.0 -0.0 1.0 1.0 1.0 0.0 0.0 
0 91 0.3565581205895817 0.178279060294791 0.0 -0.0 1.0 1.0 1.0 0.0 0.0 
1 35 1.6284102630552857 1.62546092371276 -0.02 0.51 0.7700348432055749 0.9895470383275262 0.879790940766551 325.24 0.19 
0 13 0.4069970308852762 0.343382898758248 -0.07 0.06 0.9028571428571428 0.9485714285714286 0.925714285714286 59.91 0.02 
1 3 -0.0 0.0 0.0 0.0 1.0 1.0 1.0 0.0 0.0 
0 32 0.6829081047004717 0.341454052350236 -0.02 0.14 1.0 0.8571428571428571 0.928571428571429 1.56 0.74 
1 6 0.08958725315521794 0.073993126337245 0.0 0.0 1.0 1.0 1.0 0.04 0.01 
0 262 -0.0 0.0 -0.0 0.01 0.6774193548387096 0.9677419354838708 0.82258064516129 0.98 0.22 
1 240 0.8547011249697178 0.427350562484859 -0.02 0.0 0.9795918367346939 0.982142857142857 0.980867346938775 1.6 0.02 
0 342 -0.0 0.0 0.0 0.0 1.0 0.6 0.8 0.0 0.0 
1 3 0.10434878616952079 0.0521743930847604 0.01 0.01 0.9979591836734693 0.9979591836734693 0.997959183673469 490.0 0.11 
0 4 0.3767701612564368 0.848829252202879 0.07 0.68 0.8888888888888888 0.8888888888888888 0.888888888888889 18.0 0.71 
1 8 -0.0 0.0 0.12 0.12 0.9568034557235422 0.9676025917926566 0.962203023758099 343.37 1.04 
0 178 0.34883209584303193 0.834860219496177 -0.09 0.35 1.0 0.8888888888888888 0.944444444444444 9.0 0.38 
1 1 0.9277980308365658 1.27664305854078 0.26 0.8 0.7871396895787139 0.7871396895787139 0.787139689578714 1253.58 1.13 
0 542 0.05755265252972321 0.0287763262648616 -0.0 0.0 0.984126984126984 0.9977324263038548 0.990929705215419 0.03 0.0 
1 148 0.8156295932307395 0.74694740234885 0.07 0.48 0.7484662576687117 0.8558282208588956 0.802147239263804 285.8 0.83 
0 227 0.3525425103487513 0.176271255174376 -0.08 0.15 1.0 0.6935483870967744 0.846774193548387 17.86 1.39 
1 23 0.056152199528602974 0.0560873346969132 -0.0 0.0 1.0 0.9972972972972972 0.998648648648649 0.03 0.0 
0 19 0.5982695885852573 0.580302366602033 0.25 0.28 0.07526881720430106 0.08602150537634409 0.0806451612903226 169.6 0.02 
1 3 -0.0 0.0 0.0 0.0 1.0 1.0 1.0 0.0 0.0 
0 323 0.10579937550123852 0.0528996877506193 0.01 0.01 0.9872068230277184 0.9936034115138594 0.990405117270789 155.7 0.09 
1 8 0.0947607483566568 0.232756230915289 0.02 0.03 0.9678111587982832 0.9806866952789698 0.974248927038627 84.69 0.27 
0 53 0.3724807184521906 0.186240359226095 -0.02 0.29 0.6935483870967744 0.919354838709677 0.806451612903226 33.68 1.92 
1 5 0.04131357294242817 0.0206567864712141 0.29 0.33 0.886153846153846 0.8892307692307693 0.887692307692308 315.12 2.04 
0 23 0.4695240172949409 0.23476200864747 0.0 -0.0 1.0 1.0 1.0 0.0 0.0 
1 4 0.6895519477750732 0.344775973887537 0.0 -0.0 1.0 1.0 1.0 0.0 0.0 
0 5 0.5795291220614944 0.508532938939031 0.0 0.29 0.3595041322314049 0.4359504132231405 0.397727272727273 251.15 0.39 
1 61 0.0707680768797802 0.351225226630238 -0.0 0.0 1.0 0.997695852534562 0.998847926267281 3.17 0.0 
0 397 0.020830638321723566 0.063315006911481 -0.0 0.0 0.9850746268656718 0.9872068230277184 0.986140724946695 0.25 0.02 
1 1 -0.0 0.0 0.19 0.69 0.5555555555555555 0.5555555555555555 0.555555555555556 9.0 1.98 
0 64 0.3563409206018685 0.178170460300934 -0.0 0.0 1.0 0.9838709677419354 0.991935483870968 0.0 0.0 
1 5 0.052275728348683194 0.0522757283486832 -0.0 0.0 1.0 1.0 1.0 0.02 0.0 
0 184 0.666278442414676 0.333139221207338 -0.1 0.06 1.0 0.8846153846153846 0.942307692307692 2.12 0.4 
1 3 -0.0 0.0 0.0 0.0 1.0 1.0 1.0 0.0 0.0 
0 51 1.0969575148113488 1.08642149821226 -0.02 0.31 0.8475177304964538 0.929078014184397 0.888297872340426 191.32 0.29 
1 218 0.20297324940653716 0.101486624703269 0.0 -0.0 1.0 1.0 1.0 0.0 0.0 
0 190 0.9556998911125344 0.477849945556267 -0.2 0.2 1.0 0.28571428571428564 0.642857142857143 2.1 0.35 
1 65 -0.0 0.0 -0.0 -0.0 1.0 0.9958677685950412 0.997933884297521 0.0 0.0 
0 72 0.6171448282578021 0.308572414128901 -0.01 0.0 1.0 0.9829545454545452 0.991477272727273 1.33 0.09 
1 19 0.08958725315521794 0.0728697263419105 -0.0 0.0 1.0 0.9972972972972972 0.998648648648649 0.06 0.01 
0 382 0.767183707147163 0.444999385341965 -0.11 0.07 0.909090909090909 0.9602272727272728 0.934659090909091 70.15 0.17 
1 127 -0.0 0.0 0.11 0.46 0.5384615384615384 0.6153846153846154 0.576923076923077 18.96 1.68 
0 320 0.9517673227869262 0.475883661393463 0.0 -0.0 1.0 0.9886621315192744 0.994331065759637 0.0 0.0 
1 14 0.5235346720440665 0.340972621087929 0.32 0.39 0.8666666666666668 0.9 0.883333333333333 30.0 1.75 
0 858 -0.0 0.0 0.0 -0.0 1.0 0.5555555555555555 0.777777777777778 0.0 0.0 
1 4 0.7865364435085352 0.401480572353747 0.08 0.13 0.9728506787330315 0.9728506787330315 0.972850678733032 442.51 0.33 
0 18 1.2965279137874248 0.648263956893712 -0.0 0.0 1.0 0.5223097112860893 0.761154855643045 0.0 0.0 
1 3 -0.0 0.0 0.0 0.0 1.0 1.0 1.0 0.0 0.0 
0 39 0.5858113340839818 0.292905667041991 -0.01 0.0 1.0 0.9886363636363636 0.994318181818182 0.7 0.05 
1 33 0.030372534777978206 0.0228364363705995 -0.0 0.0 0.9894067796610168 0.9978813559322034 0.99364406779661 0.04 0.0 
0 323 -0.0 0.0 -0.0 0.0 1.0 0.7083333333333334 0.854166666666667 0.0 0.0 
1 270 0.08807751896196665 0.451853556096353 -0.01 0.04 0.7484662576687117 0.9846625766871167 0.866564417177914 30.7 0.2 
0 301 0.016359415015602636 0.0672963527021109 -0.0 0.0 0.988479262672811 0.9953917050691244 0.991935483870968 0.11 0.01 
1 12 -0.0 0.0 0.3 0.36 0.8846153846153846 0.8846153846153846 0.884615384615385 26.0 2.14 
0 436 0.022596852566469688 0.0112984262832349 -0.01 0.0 0.959731543624161 0.9932885906040269 0.976510067114094 0.13 0.02 
1 1 0.4811067080592432 0.300596867788392 0.04 0.05 0.9954853273137698 0.9954853273137698 0.99548532731377 895.47 0.16 
0 15 0.08256493803586597 0.217553724192309 -0.0 0.0 1.0 1.0 1.0 0.13 0.06 
1 3 0.43686973210547814 0.270464027731018 0.04 0.05 1.0 0.940936863543788 0.970468431771894 144.91 0.55 
0 112 0.3525425103487513 0.176271255174376 -0.06 0.19 1.0 0.7580645161290323 0.879032258064516 24.72 1.45 
1 3 0.6601647680850746 0.591011175434611 0.13 0.3 0.8594470046082949 0.919354838709677 0.889400921658986 970.62 1.21 
0 43 0.016457553638951676 0.00822877681947584 -0.05 0.0 0.4568421052631578 0.903157894736842 0.68 2.77 0.11 
1 4 0.7865364435085352 0.393268221754268 0.09 0.12 0.9728506787330315 0.9728506787330315 0.972850678733032 442.0 0.36 
0 110 0.08256493803586597 0.041282469017933 0.0 0.0 1.0 1.0 1.0 0.0 0.0 
1 179 1.7983316181241153 0.899165809062058 0.0 -0.0 1.0 0.9628099173553722 0.981404958677686 0.0 0.0 
0 606 -0.0 0.0 0.0 -0.0 1.0 0.5555555555555555 0.777777777777778 0.0 0.0 
1 9 0.05602246986522343 0.0541490991069533 0.0 0.0 1.0 1.0 1.0 0.02 0.0 
0 159 0.4337626359979511 0.216881317998976 -0.01 0.0 0.9488636363636364 0.9829545454545452 0.965909090909091 1.15 0.09 
1 75 0.09699169411326156 0.0765719468209323 -0.0 0.0 1.0 0.9972972972972972 0.998648648648649 0.07 0.01 
0 307 0.8156295932307395 0.602306010499001 0.06 0.21 0.7484662576687117 0.9907975460122702 0.869631901840491 145.46 0.72 
1 6 -0.0 0.0 -0.0 -0.0 1.0 1.0 1.0 0.0 0.0 
0 272 0.6829081047004717 0.341454052350236 -0.0 0.0 1.0 1.0 1.0 0.0 0.0 
1 1 0.05839899951927197 0.0572107346922477 0.0 0.0 1.0 1.0 1.0 0.02 0.0 
0 11 0.5847161491443457 1.02909017001058 0.53 0.86 0.5571428571428572 0.5857142857142859 0.571428571428571 114.49 0.61 
1 3 0.0740225961475812 0.128824279468757 0.41 0.69 0.5590551181102362 0.5748031496062993 0.566929133858268 381.05 2.38 
0 137 0.744230088684321 0.37211504434216 0.0 -0.0 1.0 0.7505330490405117 0.875266524520256 0.0 0.0 
1 336 -0.0 0.0 -0.1 0.14 0.6774193548387096 0.8064516129032256 0.741935483870968 17.76 1.34 
0 1 0.3222971304395862 0.667063879461183 0.02 0.08 0.9859154929577466 0.9976525821596244 0.991784037558685 225.66 0.11 
1 8 0.016424701198958662 0.00821235059947933 0.12 0.12 0.9728506787330315 0.9728506787330315 0.972850678733032 442.0 1.0 
0 185 0.627941588739906 0.449565480890875 -0.06 0.1 0.43333333333333324 0.9333333333333332 0.683333333333333 5.39 0.07 
1 20 0.8156295932307395 0.487087993037894 -0.0 0.08 0.7484662576687117 0.9785276073619632 0.863496932515337 53.37 0.31 
0 294 0.4992227979700849 0.259527476868187 -0.03 0.02 0.877840909090909 0.9801136363636364 0.928977272727273 14.39 0.16 
1 2 0.0251440699125892 0.0125720349562946 0.53 0.63 0.6761658031088082 0.6761658031088082 0.676165803108808 386.0 2.33 
0 116 0.4992227979700849 0.924611154849154 -0.07 0.37 0.8352272727272727 0.877840909090909 0.856534090909091 269.03 0.79 
1 42 0.017626642729371575 0.00881332136468579 0.18 0.25 0.9252336448598132 0.9275700934579442 0.926401869158878 413.58 1.81 
0 189 0.2365703607236565 0.118285180361828 -0.0 -0.0 1.0 0.9976525821596244 0.998826291079812 0.0 0.0 
1 4 0.01475818629482802 0.00737909314741401 0.01 0.01 1.0 0.9979466119096508 0.998973305954825 487.0 0.19 
0 196 -0.0 0.0 -0.0 0.0 1.0 0.7580645161290323 0.879032258064516 0.0 0.0 
1 11 0.02133050528737909 0.0106652526436895 0.1 0.1 0.980392156862745 0.980392156862745 0.980392156862745 459.0 0.82 
0 270 0.5458360932286223 0.388594018742345 0.01 0.01 1.0 0.9979466119096508 0.998973305954825 10.14 0.16 
1 43 -0.0 0.0 0.0 0.0 1.0 1.0 1.0 0.0 0.0 
0 749 -0.0 0.0 0.0 -0.0 1.0 0.7777777777777779 0.888888888888889 0.0 0.0 
1 154 0.7244657079537894 0.362232853976895 0.0 -0.0 1.0 0.3264462809917356 0.663223140495868 0.0 0.0 
0 11 0.9556998911125344 1.01734604949506 0.14 0.68 1.0 1.0 1.0 8.17 0.14 
1 6 -0.0 0.0 -0.0 -0.0 1.0 0.9936034115138594 0.99680170575693 0.0 0.0 
0 195 0.627941588739906 0.313970794369953 -0.02 0.13 0.2333333333333333 0.9333333333333332 0.583333333333333 5.29 0.3 
1 28 0.6822056867479602 0.602052179998817 0.05 0.2 0.9222462203023758 0.9546436285097192 0.938444924406048 472.98 0.93 
0 279 0.04667886203059532 0.0233394310152977 -0.0 0.0 0.9812206572769951 0.9929577464788734 0.987089201877934 0.12 0.01 
1 5 0.020830638321723566 0.0104153191608618 0.04 0.04 0.9850746268656718 0.9914712153518124 0.988272921108742 266.27 0.43 
0 253 0.6231765258032814 0.311588262901641 -0.0 0.0 1.0 0.943231441048035 0.971615720524017 0.0 0.0 
1 4 0.0947607483566568 0.0769695270739669 0.09 0.1 0.9806866952789698 0.982832618025751 0.981759656652361 445.71 0.81 
0 194 0.01478431915835523 0.00739215957917762 -0.0 -0.0 1.0 0.9918367346938776 0.995918367346939 0.0 0.0 
1 182 -0.0 0.0 -0.0 0.0 1.0 0.7580645161290323 0.879032258064516 0.0 0.0 
0 266 0.9556998911125344 0.477849945556267 -0.0 0.0 1.0 1.0 1.0 0.0 0.0 
1 24 0.030372534777978206 0.0658985378330168 -0.0 0.0 0.972457627118644 0.9978813559322034 0.985169491525424 0.13 0.01 
0 220 -0.0 0.0 -0.0 -0.0 1.0 0.9930875576036866 0.996543778801843 0.0 0.0 
1 4 0.09503011725564632 0.189490815924107 0.0 0.0 1.0 1.0 1.0 0.06 0.04 
0 334 0.6730116670092564 0.336505833504628 -0.0 0.0 1.0 0.7142857142857143 0.857142857142857 0.0 0.0 
1 25 0.8720635602136072 0.444515665699525 -0.01 0.0 0.2385542168674699 0.9975903614457832 0.618072289156626 0.63 0.0 
0 203 0.04163356109268336 0.9199825896084 0.01 0.03 1.0 0.9628099173553722 0.981404958677686 512.89 0.03 
1 7 0.09908391604753189 0.0495419580237659 0.04 0.04 0.9850746268656718 0.9914712153518124 0.988272921108742 266.27 0.37 
0 6 0.9556998911125344 0.819303997906503 0.06 0.68 1.0 1.0 1.0 7.0 0.78 
1 22 -0.0 0.0 0.31 0.55 0.7580645161290323 0.7580645161290323 0.758064516129032 62.0 2.49 
0 62 0.015529324822425987 0.007764662411213 0.07 0.09 0.96 0.9663157894736842 0.963157894736842 282.74 0.96 
1 29 0.02253214392080778 0.0197499575531257 -0.0 0.01 0.7156626506024096 0.9975903614457832 0.856626506024096 5.06 0.1 
0 321 -0.0 0.0 -0.0 -0.0 1.0 1.0 1.0 0.0 0.0 
1 2 -0.0 0.0 0.39 0.62 0.6935483870967744 0.6935483870967744 0.693548387096774 62.0 2.6 
0 82 0.1520053108362029 0.0760026554181015 0.02 0.14 0.6774193548387096 0.919354838709677 0.798387096774194 16.57 1.28 
