1 5 0.04131357294242817 0.0206567864712141 0.29 0.33 0.886153846153846 0.8892307692307693 0.887692307692308 315.12 2.04 
0 242 0.08256493803586597 0.041282469017933 0.01 0.02 1.0 0.6774193548387096 0.838709677419355 2.13 0.25 
1 1 -0.0 0.0 0.39 0.62 0.6935483870967744 0.6935483870967744 0.693548387096774 62.0 2.6 
0 45 0.09187703676356046 0.0459385183817802 0.06 0.07 0.981859410430839 0.984126984126984 0.982993197278912 384.99 0.68 
1 49 -0.0 0.0 0.0 0.0 1.0 1.0 1.0 0.0 0.0 
0 0 -0.0 0.0 -0.0 0.0 1.0 1.0 1.0 0.0 0.0 
1 5 -0.0 0.0 0.06 0.41 0.8571428571428571 0.8571428571428571 0.857142857142857 7.0 2.49 
0 5 0.01475818629482802 0.00737909314741401 0.01 0.01 1.0 0.9979466119096508 0.998973305954825 487.0 0.19 
1 1 0.9277980308365658 1.27664305854078 0.26 0.8 0.7871396895787139 0.7871396895787139 0.787139689578714 1253.58 1.13 
0 53 0.21168754464631545 0.105843772323158 0.12 0.22 0.6774193548387096 0.8870967741935483 0.782258064516129 25.04 1.7 
1 86 0.022727473318271005 0.0113637366591355 -0.0 -0.0 1.0 1.0 1.0 0.0 0.0 
0 164 0.4459524223135379 0.399247466331145 0.02 0.35 1.0 0.919354838709677 0.959677419354839 62.0 1.64 
1 226 0.6171448282578021 0.580437337832493 0.03 0.32 1.0 0.8835227272727273 0.941761363636364 378.52 1.7 
0 48 0.6829081047004717 1.01734604949506 -0.03 0.68 1.0 1.0 1.0 7.0 0.14 
1 4 0.09503011725564632 0.189490815924107 0.0 0.0 1.0 1.0 1.0 0.06 0.04 
0 18 0.09650896073594732 0.0482544803679737 0.09 0.37 0.7580645161290323 0.8225806451612901 0.790322580645161 46.62 2.3 
1 8 0.022727473318271005 0.022727473318271 -0.0 0.0 1.0 1.0 1.0 0.0 0.0 
0 65 0.6791932659915256 0.339596632995763 0.03 0.22 0.8846153846153846 0.9230769230769232 0.903846153846154 16.9 0.47 
1 5 0.052275728348683194 0.0522757283486832 -0.0 0.0 1.0 1.0 1.0 0.02 0.0 
0 327 -0.0 0.0 0.0 -0.0 1.0 0.959731543624161 0.97986577181208 0.0 0.0 
1 12 -0.0 0.0 0.3 0.36 0.8846153846153846 0.8846153846153846 0.884615384615385 26.0 2.14 
0 21 0.9556998911125344 0.819303997906503 -0.13 0.29 1.0 1.0 1.0 2.92 0.06 
1 9 0.05602246986522343 0.0448156896337921 0.0 0.0 1.0 1.0 1.0 0.02 0.0 
0 19 0.09187703676356046 0.0459385183817802 0.07 0.08 0.984126984126984 0.984126984126984 0.984126984126984 441.0 0.69 
1 16 -0.0 0.0 0.33 0.55 0.6774193548387096 0.6935483870967744 0.685483870967742 57.53 2.39 
0 141 0.08256493803586597 0.041282469017933 0.0 0.0 1.0 0.919354838709677 0.959677419354839 0.09 0.05 
1 42 0.017626642729371575 0.00881332136468579 0.18 0.25 0.9252336448598132 0.9275700934579442 0.926401869158878 413.58 1.81 
0 239 0.804637919054263 0.402318959527131 0.0 -0.0 1.0 0.41723356009070284 0.708616780045351 0.0 0.0 
1 25 0.8720635602136072 0.444515665699525 -0.01 0.0 0.2385542168674699 0.9975903614457832 0.618072289156626 0.63 0.0 
0 19 0.04331307121396799 0.0294650833217621 0.08 0.1 0.96 0.9726315789473684 0.966315789473684 320.8 0.91 
1 68 0.3269547847215813 0.163477392360791 -0.01 0.01 0.9481865284974093 0.9870466321243522 0.967616580310881 3.79 0.05 
0 145 0.08415278012328664 0.113077505844176 -0.02 0.01 0.7730496453900709 0.975177304964539 0.874113475177305 3.85 0.21 
1 18 0.5235346720440665 0.340972621087929 0.32 0.39 0.8666666666666668 0.9 0.883333333333333 30.0 1.75 
0 227 -0.0 0.0 0.0 -0.0 1.0 0.5732647814910026 0.786632390745501 0.0 0.0 
1 1 -0.0 0.0 0.37 0.44 0.16 0.16 0.16 25.0 0.2 
0 226 -0.0 0.0 0.0 0.0 1.0 1.0 1.0 0.0 0.0 
1 3 -0.0 0.0 -0.0 -0.0 1.0 1.0 1.0 0.0 0.0 
0 392 0.027778358172627568 0.0138891790863138 -0.0 -0.0 1.0 0.9893390191897654 0.994669509594883 0.0 0.0 
1 2 -0.0 0.0 0.39 0.62 0.6935483870967744 0.6935483870967744 0.693548387096774 62.0 2.6 
0 59 0.7453785846192588 0.372689292309629 0.02 0.08 0.7270788912579956 0.9402985074626864 0.833688699360341 79.33 0.35 
1 24 0.030372534777978206 0.0658985378330168 -0.0 0.0 0.972457627118644 0.9978813559322034 0.985169491525424 0.13 0.01 
0 200 0.6265544985250644 0.323193327145677 -0.01 0.04 0.8409090909090908 0.9801136363636364 0.910511363636364 74.03 0.33 
1 232 0.08627855491407438 0.0975485355458968 0.0 0.02 0.7084337349397591 0.9927710843373492 0.850602409638554 81.26 0.09 
0 92 0.0 0.0 0.0 0.0 0.0 0.0 0.0 0.0 0.0 
1 127 -0.0 0.0 0.11 0.46 0.5384615384615384 0.6153846153846154 0.576923076923077 18.96 1.68 
0 230 -0.0 0.0 0.0 0.0 1.0 0.125 0.5625 0.0 0.0 
1 22 -0.0 0.0 0.31 0.55 0.7580645161290323 0.7580645161290323 0.758064516129032 62.0 2.49 
0 27 0.4069970308852762 0.203498515442638 -0.0 0.0 1.0 0.9028571428571428 0.951428571428571 0.0 0.0 
1 7 0.09908391604753189 0.0495419580237659 0.04 0.04 0.9850746268656718 0.9914712153518124 0.988272921108742 266.27 0.37 
0 404 0.016897794165734926 0.00844889708286746 -0.0 -0.0 1.0 0.97423887587822 0.98711943793911 0.0 0.0 
1 1 0.4811067080592432 0.300596867788392 0.04 0.05 0.9954853273137698 0.9954853273137698 0.99548532731377 895.47 0.16 
0 119 0.6730116670092564 0.336505833504628 0.2 0.67 0.6153846153846154 0.9615384615384615 0.788461538461539 26.0 0.98 
1 8 0.0947607483566568 0.232756230915289 0.02 0.03 0.9678111587982832 0.9806866952789698 0.974248927038627 84.69 0.27 
0 337 -0.0 0.0 0.0 0.0 1.0 0.9956331877729256 0.997816593886463 0.0 0.0 
1 34 0.6171448282578021 0.308572414128901 -0.01 0.0 1.0 0.9886363636363636 0.994318181818182 0.88 0.06 
0 3 0.666278442414676 0.666278442414676 0.25 0.67 1.0 1.0 1.0 26.0 1.01 
1 3 0.10434878616952079 0.0521743930847604 0.01 0.01 0.9979591836734693 0.9979591836734693 0.997959183673469 490.0 0.11 
0 349 -0.0 0.0 -0.0 -0.0 1.0 0.9922879177377892 0.996143958868895 0.0 0.0 
1 4 0.01475818629482802 0.00737909314741401 0.01 0.01 1.0 0.9979466119096508 0.998973305954825 487.0 0.19 
0 269 0.40067165339847227 0.200335826699236 -0.04 0.01 0.9346590909090908 0.9914772727272728 0.963068181818182 2.38 0.16 
1 148 0.8156295932307395 0.74694740234885 0.07 0.48 0.7484662576687117 0.8558282208588956 0.802147239263804 285.8 0.83 
0 50 0.24610920772326714 0.123054603861634 -0.0 0.0 1.0 0.9966442953020132 0.998322147651007 0.07 0.01 
1 14 0.08958725315521794 0.0709314907519506 0.0 0.0 1.0 1.0 1.0 0.04 0.01 
0 42 -0.0 0.0 -0.0 0.0 1.0 0.6153846153846154 0.807692307692308 0.0 0.0 
1 23 0.056152199528602974 0.0560873346969132 -0.0 0.0 1.0 0.9972972972972972 0.998648648648649 0.03 0.0 
0 29 0.9030752549500218 0.451537627475011 -0.04 0.05 0.7642105263157895 0.96 0.862105263157895 55.65 0.29 
1 3 -0.0 0.0 0.0 0.0 1.0 1.0 1.0 0.0 0.0 
0 197 0.016359415015602636 0.00817970750780132 -0.0 0.0 0.9621380846325168 0.9977728285077953 0.979955456570156 0.04 0.0 
1 265 0.3742549310896416 0.187127465544821 -0.03 0.02 0.7660668380462725 0.9974293059125964 0.881748071979434 15.62 0.69 
0 139 0.6829081047004717 0.681050685345999 0.03 0.7 0.8076923076923077 0.9230769230769232 0.865384615384615 32.09 0.44 
1 13 0.05839899951927197 0.0572755995239375 -0.0 0.0 1.0 0.9972972972972972 0.998648648648649 0.03 0.0 
0 28 0.08446800922974265 0.348631737614514 0.0 0.01 1.0 0.9872068230277184 0.993603411513859 4.49 0.13 
1 2 0.09699169411326156 0.0746337112309724 -0.0 0.0 1.0 1.0 1.0 0.05 0.01 
0 12 0.10314030075388984 0.0515701503769449 -0.0 0.0 1.0 0.9936034115138594 0.99680170575693 0.07 0.01 
1 3 0.6601647680850746 0.591011175434611 0.13 0.3 0.8594470046082949 0.919354838709677 0.889400921658986 970.62 1.21 
0 575 0.8933622162954412 0.446681108147721 0.0 -0.0 1.0 0.8923076923076922 0.946153846153846 0.0 0.0 
1 61 0.0707680768797802 0.351225226630238 -0.0 0.0 1.0 0.997695852534562 0.998847926267281 3.17 0.0 
0 496 -0.0 0.0 0.0 0.0 1.0 0.9166666666666664 0.958333333333333 0.0 0.0 
1 5 -0.0 0.0 0.07 0.08 0.9854771784232365 0.9854771784232365 0.985477178423237 482.0 0.65 
0 804 0.6759010305740114 0.337950515287006 -0.11 0.15 0.2333333333333333 0.9 0.566666666666667 7.06 0.02 
1 6 -0.0 0.0 -0.0 -0.0 1.0 0.9936034115138594 0.99680170575693 0.0 0.0 
0 122 0.6730116670092564 0.336505833504628 0.16 0.5 0.3076923076923077 0.5769230769230769 0.442307692307692 21.83 0.68 
1 1 -0.0 0.0 0.19 0.69 0.5555555555555555 0.5555555555555555 0.555555555555556 9.0 1.98 
0 505 -0.0 0.0 0.0 0.0 1.0 0.9166666666666664 0.958333333333333 0.0 0.0 
1 2 -0.0 0.0 0.47 0.64 0.33333333333333326 0.33333333333333326 0.333333333333333 30.0 0.94 
0 34 -0.0 0.0 0.19 0.69 0.5555555555555555 0.5555555555555555 0.555555555555556 9.0 1.98 
1 723 0.1725612331626618 0.0862806165813309 -0.07 0.05 0.4568421052631578 0.9578947368421052 0.707368421052632 33.9 0.06 
0 41 0.05662157828350273 0.0283107891417514 -0.0 -0.0 1.0 0.9932885906040269 0.996644295302013 0.0 0.0 
1 179 1.7983316181241153 0.899165809062058 0.0 -0.0 1.0 0.9628099173553722 0.981404958677686 0.0 0.0 
0 452 -0.0 0.0 -0.21 0.0 0.34615384615384615 0.5 0.423076923076923 0.17 0.09 
1 2 0.0251440699125892 0.0125720349562946 0.53 0.63 0.6761658031088082 0.6761658031088082 0.676165803108808 386.0 2.33 
0 294 0.16066044793984147 0.0803302239699207 -0.0 0.0 1.0 0.8040089086859687 0.902004454342984 0.0 0.0 
1 4 0.7865364435085352 0.393268221754268 0.09 0.12 0.9728506787330315 0.9728506787330315 0.972850678733032 442.0 0.36 
0 115 0.7498710324173952 0.374935516208698 -0.0 0.0 0.9896694214876034 0.9958677685950412 0.992768595041322 3.81 0.05 
1 2 0.666278442414676 0.666278442414676 0.25 0.67 1.0 1.0 1.0 26.0 0.9 
0 458 -0.0 0.0 -0.0 -0.0 1.0 1.0 1.0 0.0 0.0 
1 182 -0.0 0.0 -0.0 0.0 1.0 0.7580645161290323 0.879032258064516 0.0 0.0 
0 69 0.928529239598717 0.464264619799359 -0.01 0.0 0.7114093959731543 0.9966442953020132 0.854026845637584 1.16 0.03 
1 33 0.030372534777978206 0.0228364363705995 -0.0 0.0 0.9894067796610168 0.9978813559322034 0.99364406779661 0.04 0.0 
0 21 0.6829081047004717 0.682908104700472 0.25 0.68 1.0 1.0 1.0 7.0 0.49 
1 11 0.02133050528737909 0.0106652526436895 0.1 0.1 0.980392156862745 0.980392156862745 0.980392156862745 459.0 0.82 
0 14 0.8519175190106516 1.01530615419015 0.21 0.6 0.9138461538461538 0.9138461538461538 0.913846153846154 834.47 0.66 
1 3 -0.0 0.0 0.0 0.0 1.0 1.0 1.0 0.0 0.0 
0 170 0.6730116670092564 0.669645054711966 -0.1 0.39 1.0 0.5769230769230769 0.788461538461538 15.25 0.34 
1 4 -0.0 0.0 0.0 0.0 1.0 1.0 1.0 0.0 0.0 
0 148 0.17449997006024281 0.0946290781775354 -0.0 0.0 1.0 0.9876796714579056 0.993839835728953 0.05 0.01 
1 2 0.6846162778013049 0.342308138900652 0.15 0.36 0.8846153846153846 0.8846153846153846 0.884615384615385 26.0 0.82 
0 36 -0.0 0.0 -0.0 -0.0 1.0 1.0 1.0 0.0 0.0 
1 94 0.09165764788996307 0.0699766348366203 -0.0 0.0 1.0 0.9818181818181818 0.990909090909091 0.1 0.01 
0 9 0.9556998911125344 0.819303997906503 0.06 0.68 1.0 1.0 1.0 7.0 0.78 
1 29 0.02253214392080778 0.0197499575531257 -0.0 0.01 0.7156626506024096 0.9975903614457832 0.856626506024096 5.06 0.1 
0 14 0.08042971461564137 0.0488236824636348 0.27 0.34 0.8065843621399178 0.837448559670782 0.82201646090535 381.17 2.14 
1 3 0.43686973210547814 0.270464027731018 0.04 0.05 1.0 0.940936863543788 0.970468431771894 144.91 0.55 
0 59 -0.0 0.0 0.0 0.0 1.0 1.0 1.0 0.0 0.0 
1 4 0.8127245415610106 0.428086422879458 0.41 0.59 0.3391521197007481 0.3640897755610973 0.351620947630923 772.17 0.33 
0 342 -0.0 0.0 0.0 0.04 0.34615384615384615 0.9615384615384615 0.653846153846154 1.96 0.28 
1 270 0.08807751896196665 0.451853556096353 -0.01 0.04 0.7484662576687117 0.9846625766871167 0.866564417177914 30.7 0.2 
0 178 0.6829081047004717 0.880950156289028 0.16 0.68 1.0 1.0 1.0 7.0 0.44 
1 4 0.7865364435085352 0.401480572353747 0.08 0.13 0.9728506787330315 0.9728506787330315 0.972850678733032 442.51 0.33 
0 123 0.6730116670092564 0.669645054711966 0.2 0.67 1.0 0.9615384615384615 0.980769230769231 26.0 0.55 
1 8 -0.0 0.0 0.12 0.12 0.9568034557235422 0.9676025917926566 0.962203023758099 343.37 1.04 
0 78 0.41745507877164956 1.15300014072186 -0.09 0.21 0.926829268292683 0.9930313588850174 0.95993031358885 331.66 0.21 
1 20 0.8156295932307395 0.487087993037894 -0.0 0.08 0.7484662576687117 0.9785276073619632 0.863496932515337 53.37 0.31 
0 293 -0.0 0.0 0.0 0.0 1.0 0.6 0.8 0.0 0.0 
1 6 -0.0 0.0 -0.0 -0.0 1.0 1.0 1.0 0.0 0.0 
0 118 0.6524237910227594 0.397213011293912 -0.03 0.03 1.0 0.7730496453900709 0.886524822695036 10.95 0.39 
1 3 -0.0 0.0 0.0 0.0 1.0 1.0 1.0 0.0 0.0 
0 671 0.9275196767172602 0.46375983835863 -0.14 0.21 0.2666666666666666 0.9333333333333332 0.6 10.15 0.19 
1 14 -0.0 0.0 0.33 0.55 0.6774193548387096 0.6935483870967744 0.685483870967742 57.53 2.59 
0 219 0.666278442414676 0.333139221207338 -0.15 0.02 1.0 0.8076923076923077 0.903846153846154 0.89 0.25 
1 2 0.06894930739780505 0.15777508018186 0.26 0.3 0.9182389937106918 0.9266247379454928 0.922431865828092 1350.0 2.0 
0 172 0.01497005434010946 0.00748502717005473 -0.0 0.0 0.977551020408163 0.9979591836734693 0.987755102040816 0.03 0.0 
1 5 -0.0 0.0 0.3 0.5 0.8008658008658008 0.8008658008658008 0.800865800865801 462.0 2.56 
0 60 0.698012279019083 0.349006139509542 -0.0 0.0 0.9710843373493978 0.9951807228915664 0.983132530120482 0.74 0.04 
1 614 0.042617471413436414 0.0310799043211172 0.0 0.01 0.837708830548926 0.9928400954653938 0.91527446300716 10.42 0.09 
0 168 0.08446800922974265 0.0615797999589542 -0.0 0.0 1.0 0.9872068230277184 0.993603411513859 0.07 0.01 
1 19 0.08958725315521794 0.0728697263419105 -0.0 0.0 1.0 0.9972972972972972 0.998648648648649 0.06 0.01 
0 228 0.03946489920438848 0.0707864363268189 -0.0 0.0 1.0 0.9642105263157896 0.982105263157895 0.45 0.04 
1 4 0.5297061990576545 0.439269147450343 -0.1 0.03 1.0 1.0 1.0 0.32 0.45 
0 13 -0.0 0.0 0.12 0.37 0.7580645161290323 0.8064516129032256 0.782258064516129 46.62 2.14 
1 14 0.5235346720440665 0.340972621087929 0.32 0.39 0.8666666666666668 0.9 0.883333333333333 30.0 1.75 
0 104 0.905891303418349 0.471877655026135 -0.0 0.0 0.988610478359909 0.990888382687927 0.989749430523918 2.51 0.1 
1 5 0.020830638321723566 0.0104153191608618 0.04 0.04 0.9850746268656718 0.9914712153518124 0.988272921108742 266.27 0.43 
0 523 0.04915006684960595 0.024575033424803 0.0 0.0 1.0 0.868995633187773 0.934497816593886 0.0 0.0 
1 28 0.6822056867479602 0.602052179998817 0.05 0.2 0.9222462203023758 0.9546436285097192 0.938444924406048 472.98 0.93 
0 366 0.6829081047004717 0.677959885854864 0.16 0.68 1.0 0.7142857142857143 0.857142857142857 7.0 0.7 
1 9 0.05602246986522343 0.0541490991069533 0.0 0.0 1.0 1.0 1.0 0.02 0.0 
0 93 0.3682924501649143 0.849721613161094 -0.01 0.1 1.0 0.9930313588850174 0.996515679442509 130.68 0.17 
1 240 0.8547011249697178 0.427350562484859 -0.02 0.0 0.9795918367346939 0.982142857142857 0.980867346938775 1.6 0.02 
0 396 0.054410366820546084 0.027205183410273 -0.0 0.0 0.9893390191897654 0.9914712153518124 0.990405117270789 0.08 0.01 
1 31 -0.0 0.0 0.0 0.0 1.0 1.0 1.0 0.0 0.0 
0 5 0.21281101532774768 0.106405507663874 0.06 0.06 0.9886363636363636 0.9886363636363636 0.988636363636364 352.0 0.43 
1 4 0.6895519477750732 0.344775973887537 0.0 -0.0 1.0 1.0 1.0 0.0 0.0 
0 190 0.767183707147163 0.676497520615573 0.03 0.39 1.0 0.909090909090909 0.954545454545455 463.18 1.67 
1 65 -0.0 0.0 -0.0 -0.0 1.0 0.9958677685950412 0.997933884297521 0.0 0.0 
0 159 0.4337626359979511 0.216881317998976 -0.01 0.0 0.9488636363636364 0.9829545454545452 0.965909090909091 1.15 0.09 
1 47 -0.0 0.0 -0.0 0.0 1.0 0.6153846153846154 0.807692307692308 0.0 0.0 
0 563 -0.0 0.0 0.0 0.0 1.0 0.9166666666666664 0.958333333333333 0.0 0.0 
1 1 0.05839899951927197 0.0572107346922477 0.0 0.0 1.0 1.0 1.0 0.02 0.0 
0 224 0.25095480435761963 0.12547740217881 -0.03 0.01 0.940340909090909 0.9886363636363636 0.964488636363636 1.93 0.15 
1 35 1.6284102630552857 1.62546092371276 -0.02 0.51 0.7700348432055749 0.9895470383275262 0.879790940766551 325.24 0.19 
0 130 0.022596852566469688 0.0112984262832349 -0.0 0.0 0.9932885906040269 0.9966442953020132 0.99496644295302 0.01 0.0 
1 362 -0.0 0.0 -0.06 0.16 0.6774193548387096 0.7580645161290323 0.717741935483871 20.64 1.46 
0 277 0.6829081047004717 0.979971182083305 0.03 0.68 1.0 1.0 1.0 7.0 0.33 
1 218 0.20297324940653716 0.101486624703269 0.0 -0.0 1.0 1.0 1.0 0.0 0.0 
0 193 0.4459524223135379 0.222976211156769 -0.02 0.01 0.919354838709677 0.9677419354838708 0.943548387096774 0.5 0.15 
1 3 0.0740225961475812 0.128824279468757 0.41 0.69 0.5590551181102362 0.5748031496062993 0.566929133858268 381.05 2.38 
0 131 -0.0 0.0 -0.0 0.0 0.9966442953020132 0.9966442953020132 0.996644295302013 0.0 0.0 
1 122 0.04915006684960595 0.024575033424803 0.0 0.01 0.868995633187773 0.9956331877729256 0.932314410480349 13.32 0.14 
0 17 0.3525425103487513 0.176271255174376 -0.02 0.0 1.0 0.9838709677419354 0.991935483870968 0.13 0.06 
1 24 0.16245281571443987 0.14550577947865 -0.01 0.02 0.916083916083916 0.9976689976689976 0.956876456876457 46.4 0.05 
0 908 0.26552569572288004 0.140090164669811 -0.0 0.0 1.0 1.0 1.0 0.07 0.01 
1 336 -0.0 0.0 -0.1 0.14 0.6774193548387096 0.8064516129032256 0.741935483870968 17.76 1.34 
0 31 -0.0 0.0 -0.0 -0.0 1.0 0.9936034115138594 0.99680170575693 0.0 0.0 
1 8 0.016424701198958662 0.00821235059947933 0.12 0.12 0.9728506787330315 0.9728506787330315 0.972850678733032 442.0 1.0 
0 413 0.5437298474071837 0.333272455471975 -0.1 0.04 0.8835227272727273 0.9602272727272728 0.921875 44.1 0.06 
1 10 -0.0 0.0 0.33 0.55 0.6774193548387096 0.6935483870967744 0.685483870967742 57.53 2.49 
0 40 0.021722254678851236 0.0108611273394256 -0.0 -0.0 1.0 0.9402985074626864 0.970149253731343 0.0 0.0 
1 154 0.7244657079537894 0.362232853976895 0.0 -0.0 1.0 0.3264462809917356 0.663223140495868 0.0 0.0 
0 745 -0.0 0.0 0.0 -0.0 1.0 0.7777777777777779 0.888888888888889 0.0 0.0 
1 7 0.01652368182171168 0.00826184091085584 0.08 0.08 0.9838709677419354 0.9838709677419354 0.983870967741935 434.0 0.72 
0 7 0.3563409206018685 0.251242833305216 0.03 0.14 0.9677419354838708 0.9838709677419354 0.975806451612903 46.71 1.01 
1 4 -0.0 0.0 0.31 0.55 0.7580645161290323 0.7580645161290323 0.758064516129032 62.0 2.49 
0 438 0.4959171118080685 0.247958555904034 -0.15 0.04 0.7660668380462725 0.9922879177377892 0.879177377892031 18.8 0.61 
1 316 -0.0 0.0 0.0 0.0 1.0 0.982142857142857 0.991071428571429 0.0 0.0 
0 228 0.4629606652814273 0.23964382236776 -0.0 0.01 0.8724373576309796 0.9863325740318906 0.929384965831435 21.6 0.03 
1 4 0.0947607483566568 0.0769695270739669 0.09 0.1 0.9806866952789698 0.982832618025751 0.981759656652361 445.71 0.81 
0 157 -0.0 0.0 0.0 0.0 1.0 0.9979466119096508 0.998973305954825 0.0 0.0 
1 3 -0.0 0.0 0.0 0.0 1.0 1.0 1.0 0.0 0.0 
0 7 0.5254674820821779 0.262733741041089 -0.0 0.0 1.0 1.0 1.0 0.0 0.0 
1 3 -0.0 0.0 -0.0 -0.0 1.0 1.0 1.0 0.0 0.0 
0 15 0.3894087389731746 0.194704369486587 0.0 -0.0 1.0 1.0 1.0 0.0 0.0 
1 43 -0.0 0.0 0.0 0.0 1.0 1.0 1.0 0.0 0.0 
0 178 -0.0 0.0 -0.0 0.0 1.0 0.7580645161290323 0.879032258064516 0.0 0.0 
1 75 0.09699169411326156 0.0765719468209323 -0.0 0.0 1.0 0.9972972972972972 0.998648648648649 0.07 0.01 
0 106 0.08864403483661465 0.124841439646225 -0.0 0.0 1.0 0.9225352112676058 0.961267605633803 4.01 0.11 
1 345 -0.0 0.0 -0.06 0.16 0.6774193548387096 0.7580645161290323 0.717741935483871 20.64 1.46 
0 55 0.19588442055662847 0.107304595650656 0.01 0.02 0.9413265306122448 0.9948979591836736 0.968112244897959 196.58 0.01 
1 9 0.09503011725564632 0.0475150586278232 0.0 -0.0 1.0 1.0 1.0 0.0 0.0 
0 66 0.6829081047004717 0.341454052350236 -0.0 0.0 1.0 1.0 1.0 0.0 0.0 
