1 3 -0.0 0.0 0.0 0.0 1.0 1.0 1.0 0.0 0.0 
0 193 0.4459524223135379 0.222976211156769 -0.02 0.01 0.919354838709677 0.9677419354838708 0.943548387096774 0.5 0.15 
1 14 0.08958725315521794 0.0709314907519506 0.0 0.0 1.0 1.0 1.0 0.04 0.01 
0 26 0.3250829733914482 0.162541486695724 -0.0 0.0 1.0 1.0 1.0 0.0 0.0 
1 9 0.09503011725564632 0.0475150586278232 0.0 -0.0 1.0 1.0 1.0 0.0 0.0 
0 205 0.34883209584303193 0.174416047921516 0.07 0.19 1.0 0.7777777777777779 0.888888888888889 3.94 1.56 
1 3 -0.0 0.0 0.0 0.0 1.0 1.0 1.0 0.0 0.0 
0 414 0.01478431915835523 0.0664660629656923 -0.0 0.0 0.9918367346938776 0.9979591836734693 0.994897959183674 0.12 0.01 
1 24 0.030372534777978206 0.0658985378330168 -0.0 0.0 0.972457627118644 0.9978813559322034 0.985169491525424 0.13 0.01 
0 187 0.5456891633476865 0.449115836848219 0.02 0.35 1.0 0.8870967741935483 0.943548387096774 62.0 1.68 
1 31 -0.0 0.0 0.0 0.0 1.0 1.0 1.0 0.0 0.0 
0 93 -0.0 0.0 -0.0 0.0 1.0 0.3 0.65 0.0 0.0 
1 3 0.10434878616952079 0.0521743930847604 0.01 0.01 0.9979591836734693 0.9979591836734693 0.997959183673469 490.0 0.11 
0 234 0.08256493803586597 0.041282469017933 0.0 0.01 1.0 0.6935483870967744 0.846774193548387 0.45 0.12 
1 1 0.07093518297335139 0.0616054556610173 0.0 0.0 1.0 1.0 1.0 0.03 0.0 
0 229 0.3563409206018685 0.284014232624092 -0.09 0.02 0.8870967741935483 0.9838709677419354 0.935483870967742 1.77 0.42 
1 8 0.0947607483566568 0.232756230915289 0.02 0.03 0.9678111587982832 0.9806866952789698 0.974248927038627 84.69 0.27 
0 30 0.08627855491407438 0.0431392774570372 -0.0 0.0 0.9927710843373492 0.9951807228915664 0.993975903614458 0.04 0.0 
1 47 -0.0 0.0 -0.0 0.0 1.0 0.6153846153846154 0.807692307692308 0.0 0.0 
0 89 0.6878717657035625 0.351557989367609 -0.0 0.0 1.0 0.997867803837953 0.998933901918976 1.5 0.02 
1 4 0.01475818629482802 0.00737909314741401 0.01 0.01 1.0 0.9979466119096508 0.998973305954825 487.0 0.19 
0 16 0.7530888342556183 0.386610086344199 -0.09 0.01 0.5183585313174947 0.7321814254859611 0.625269978401728 11.05 0.11 
1 1 0.4811067080592432 0.300596867788392 0.04 0.05 0.9954853273137698 0.9954853273137698 0.99548532731377 895.47 0.16 
0 147 -0.0 0.0 -0.0 0.0 0.9573863636363636 0.9886363636363636 0.973011363636364 0.18 0.02 
1 3 -0.0 0.0 0.0 0.0 1.0 1.0 1.0 0.0 0.0 
0 176 0.1156185975922761 0.0578092987961381 -0.0 0.0 1.0 0.9976580796252928 0.998829039812646 0.02 0.0 
1 122 0.04915006684960595 0.024575033424803 0.0 0.01 0.868995633187773 0.9956331877729256 0.932314410480349 13.32 0.14 
0 101 0.6365141682948128 0.318257084147406 0.0 0.0 1.0 0.375 0.6875 0.0 0.0 
1 4 0.6895519477750732 0.344775973887537 0.0 -0.0 1.0 1.0 1.0 0.0 0.0 
0 197 0.3894087389731746 0.317758973348221 -0.03 0.01 1.0 1.0 1.0 2.49 0.18 
1 1 0.05839899951927197 0.0572107346922477 0.0 0.0 1.0 1.0 1.0 0.02 0.0 
0 195 0.3912841618051373 0.195642080902569 0.0 -0.0 1.0 0.9976580796252928 0.998829039812646 0.0 0.0 
1 614 0.042617471413436414 0.0310799043211172 0.0 0.01 0.837708830548926 0.9928400954653938 0.91527446300716 10.42 0.09 
0 112 -0.0 0.0 0.0 0.0 1.0 1.0 1.0 0.0 0.0 
1 23 0.056152199528602974 0.0560873346969132 -0.0 0.0 1.0 0.9972972972972972 0.998648648648649 0.03 0.0 
0 11 0.7134161640307438 0.468406004869405 -0.06 0.04 0.9676025917926566 0.9913606911447084 0.979481641468682 51.63 0.18 
1 10 -0.0 0.0 0.33 0.55 0.6774193548387096 0.6935483870967744 0.685483870967742 57.53 2.49 
0 28 0.21168754464631545 0.105843772323158 0.04 0.07 0.8870967741935483 0.919354838709677 0.903225806451613 12.94 0.82 
1 4 0.5297061990576545 0.439269147450343 -0.1 0.03 1.0 1.0 1.0 0.32 0.45 
0 291 0.666278442414676 0.333139221207338 -0.1 0.19 1.0 0.3076923076923077 0.653846153846154 7.22 0.31 
1 2 -0.0 0.0 0.39 0.62 0.6935483870967744 0.6935483870967744 0.693548387096774 62.0 2.6 
0 140 0.6365141682948128 0.857753188086198 -0.11 0.48 1.0 0.4285714285714285 0.714285714285714 6.12 0.27 
1 336 -0.0 0.0 -0.1 0.14 0.6774193548387096 0.8064516129032256 0.741935483870968 17.76 1.34 
0 383 0.8856700740385729 0.737248070910443 -0.01 0.33 0.7607361963190185 0.9263803680981594 0.843558282208589 311.91 1.25 
1 5 -0.0 0.0 0.07 0.08 0.9854771784232365 0.9854771784232365 0.985477178423237 482.0 0.65 
0 34 1.4453866235313197 0.72269331176566 0.0 -0.0 1.0 0.9976525821596244 0.998826291079812 0.0 0.0 
1 14 0.5235346720440665 0.340972621087929 0.32 0.39 0.8666666666666668 0.9 0.883333333333333 30.0 1.75 
0 133 0.666278442414676 0.333139221207338 -0.09 0.08 1.0 0.846153846153846 0.923076923076923 2.95 0.39 
1 9 0.05602246986522343 0.0541490991069533 0.0 0.0 1.0 1.0 1.0 0.02 0.0 
0 854 -0.0 0.0 0.0 -0.0 1.0 0.5555555555555555 0.777777777777778 0.0 0.0 
1 2 0.06894930739780505 0.15777508018186 0.26 0.3 0.9182389937106918 0.9266247379454928 0.922431865828092 1350.0 2.0 
0 74 0.6622618696488148 0.409345228419797 0.07 0.26 0.8723404255319149 0.9113475177304966 0.891843971631206 245.9 1.25 
1 65 -0.0 0.0 -0.0 -0.0 1.0 0.9958677685950412 0.997933884297521 0.0 0.0 
0 69 0.4459524223135379 0.222976211156769 -0.03 0.27 0.6774193548387096 0.919354838709677 0.798387096774194 31.25 1.77 
1 1 -0.0 0.0 0.39 0.62 0.6935483870967744 0.6935483870967744 0.693548387096774 62.0 2.6 
0 104 0.20297324940653716 0.101486624703269 0.0 -0.0 1.0 1.0 1.0 0.0 0.0 
1 4 0.7865364435085352 0.401480572353747 0.08 0.13 0.9728506787330315 0.9728506787330315 0.972850678733032 442.51 0.33 
0 351 -0.0 0.0 -0.06 0.18 0.6935483870967744 0.7580645161290323 0.725806451612903 22.68 1.48 
1 9 0.05602246986522343 0.0448156896337921 0.0 0.0 1.0 1.0 1.0 0.02 0.0 
0 181 0.0 0.0 0.0 0.0 0.0 0.0 0.0 0.0 0.0 
1 2 -0.0 0.0 0.47 0.64 0.33333333333333326 0.33333333333333326 0.333333333333333 30.0 0.94 
0 204 0.6730116670092564 0.669645054711966 -0.1 0.39 1.0 0.5769230769230769 0.788461538461538 15.25 0.26 
1 270 0.08807751896196665 0.451853556096353 -0.01 0.04 0.7484662576687117 0.9846625766871167 0.866564417177914 30.7 0.2 
0 308 0.4459524223135379 0.222976211156769 -0.13 0.2 0.7580645161290323 0.919354838709677 0.838709677419355 26.67 1.44 
1 24 0.16245281571443987 0.14550577947865 -0.01 0.02 0.916083916083916 0.9976689976689976 0.956876456876457 46.4 0.05 
0 815 -0.0 0.0 0.0 -0.0 1.0 0.5555555555555555 0.777777777777778 0.0 0.0 
1 218 0.20297324940653716 0.101486624703269 0.0 -0.0 1.0 1.0 1.0 0.0 0.0 
0 109 0.0628093679942407 0.293017643289073 0.04 0.05 0.989795918367347 0.997448979591837 0.993622448979592 312.01 0.29 
1 22 -0.0 0.0 0.31 0.55 0.7580645161290323 0.7580645161290323 0.758064516129032 62.0 2.49 
0 35 0.5456891633476865 0.272844581673843 0.03 0.36 0.6935483870967744 0.8870967741935483 0.790322580645161 40.98 2.15 
1 4 -0.0 0.0 0.0 0.0 1.0 1.0 1.0 0.0 0.0 
0 189 0.5629596827693085 0.281479841384654 -0.06 0.01 1.0 0.9573863636363636 0.978693181818182 2.9 0.18 
1 2 0.6846162778013049 0.342308138900652 0.15 0.36 0.8846153846153846 0.8846153846153846 0.884615384615385 26.0 0.82 
0 177 0.5706426806791686 0.386611009819312 -0.03 0.05 0.6908077994428969 0.9944289693593314 0.842618384401114 36.2 0.39 
1 3 0.6601647680850746 0.591011175434611 0.13 0.3 0.8594470046082949 0.919354838709677 0.889400921658986 970.62 1.21 
0 29 -0.0 0.0 0.0 0.0 1.0 1.0 1.0 0.0 0.0 
1 2 0.09699169411326156 0.0746337112309724 -0.0 0.0 1.0 1.0 1.0 0.05 0.01 
0 329 0.9743147528693494 0.487157376434675 0.0 0.0 1.0 1.0 1.0 0.0 0.0 
1 3 -0.0 0.0 0.0 0.0 1.0 1.0 1.0 0.0 0.0 
0 33 0.4069970308852762 0.380042126524898 0.03 0.22 0.8971428571428571 0.9028571428571428 0.9 125.26 0.64 
1 1 -0.0 0.0 0.19 0.69 0.5555555555555555 0.5555555555555555 0.555555555555556 9.0 1.98 
0 4 0.3767701612564368 0.848829252202879 0.07 0.68 0.8888888888888888 0.8888888888888888 0.888888888888889 18.0 0.71 
1 226 0.6171448282578021 0.580437337832493 0.03 0.32 1.0 0.8835227272727273 0.941761363636364 378.52 1.7 
0 449 0.2996811032121433 0.159906220822462 -0.04 0.01 0.7321814254859611 0.9330453563714904 0.832613390928726 8.45 0.11 
1 6 -0.0 0.0 -0.0 -0.0 1.0 1.0 1.0 0.0 0.0 
0 26 -0.0 0.0 0.0 0.0 1.0 1.0 1.0 0.0 0.0 
1 8 -0.0 0.0 0.12 0.12 0.9568034557235422 0.9676025917926566 0.962203023758099 343.37 1.04 
0 106 0.6730116670092564 0.336505833504628 0.16 0.5 0.3076923076923077 0.5769230769230769 0.442307692307692 21.83 0.59 
1 7 0.01652368182171168 0.00826184091085584 0.08 0.08 0.9838709677419354 0.9838709677419354 0.983870967741935 434.0 0.72 
0 272 0.36421465730196667 0.182107328650983 -0.09 0.19 0.7580645161290323 0.9516129032258066 0.854838709677419 25.34 1.42 
1 316 -0.0 0.0 0.0 0.0 1.0 0.982142857142857 0.991071428571429 0.0 0.0 
0 68 0.01475818629482802 0.00737909314741401 0.0 0.0 1.0 1.0 1.0 0.0 0.0 
1 4 0.8127245415610106 0.428086422879458 0.41 0.59 0.3391521197007481 0.3640897755610973 0.351620947630923 772.17 0.33 
0 361 0.10579937550123852 0.0528996877506193 -0.0 -0.0 1.0 0.9872068230277184 0.993603411513859 0.0 0.0 
1 1 -0.0 0.0 0.37 0.44 0.16 0.16 0.16 25.0 0.2 
0 17 0.021722254678851236 0.0108611273394256 0.22 0.23 0.9402985074626864 0.9402985074626864 0.940298507462687 469.0 1.56 
1 1 0.9277980308365658 1.27664305854078 0.26 0.8 0.7871396895787139 0.7871396895787139 0.787139689578714 1253.58 1.13 
0 16 0.08042971461564137 0.0402148573078207 0.27 0.34 0.8065843621399178 0.837448559670782 0.82201646090535 381.14 2.23 
1 34 0.6171448282578021 0.308572414128901 -0.01 0.0 1.0 0.9886363636363636 0.994318181818182 0.88 0.06 
0 131 0.6791932659915256 0.672735854203101 0.16 0.67 1.0 0.9230769230769232 0.961538461538462 26.0 0.58 
1 33 0.030372534777978206 0.0228364363705995 -0.0 0.0 0.9894067796610168 0.9978813559322034 0.99364406779661 0.04 0.0 
0 67 0.12682106225175646 0.574014615496302 -0.04 0.09 0.9164345403899722 0.927576601671309 0.922005571030641 88.81 0.29 
1 94 0.09165764788996307 0.0699766348366203 -0.0 0.0 1.0 0.9818181818181818 0.990909090909091 0.1 0.01 
0 86 0.3563409206018685 0.178170460300934 -0.08 0.18 0.6935483870967744 0.9838709677419354 0.838709677419355 20.79 1.48 
1 3 0.0740225961475812 0.128824279468757 0.41 0.69 0.5590551181102362 0.5748031496062993 0.566929133858268 381.05 2.38 
0 37 0.1725612331626618 0.0940891642961089 0.11 0.14 0.9578947368421052 0.96 0.958947368421053 402.18 1.04 
1 75 0.09699169411326156 0.0765719468209323 -0.0 0.0 1.0 0.9972972972972972 0.998648648648649 0.07 0.01 
0 1189 -0.0 0.0 0.0 -0.0 1.0 0.5555555555555555 0.777777777777778 0.0 0.0 
1 20 0.8156295932307395 0.487087993037894 -0.0 0.08 0.7484662576687117 0.9785276073619632 0.863496932515337 53.37 0.31 
0 283 0.9556998911125344 0.819303997906503 -0.13 0.29 1.0 1.0 1.0 2.92 0.07 
1 179 1.7983316181241153 0.899165809062058 0.0 -0.0 1.0 0.9628099173553722 0.981404958677686 0.0 0.0 
0 114 -0.0 0.0 0.0 0.0 1.0 1.0 1.0 0.0 0.0 
1 240 0.8547011249697178 0.427350562484859 -0.02 0.0 0.9795918367346939 0.982142857142857 0.980867346938775 1.6 0.02 
0 249 0.5629596827693085 0.392171346342436 -0.06 0.07 1.0 0.9488636363636364 0.974431818181818 143.58 0.22 
1 4 -0.0 0.0 0.31 0.55 0.7580645161290323 0.7580645161290323 0.758064516129032 62.0 2.49 
0 205 0.06586093594147825 0.534052967570679 -0.04 0.07 0.9624413145539906 0.9976525821596244 0.980046948356808 323.24 0.07 
1 14 -0.0 0.0 0.33 0.55 0.6774193548387096 0.6935483870967744 0.685483870967742 57.53 2.59 
0 6 0.666278442414676 0.666278442414676 0.25 0.67 1.0 1.0 1.0 26.0 0.54 
1 5 0.052275728348683194 0.0522757283486832 -0.0 0.0 1.0 1.0 1.0 0.02 0.0 
0 10 -0.0 0.0 0.42 0.63 0.6774193548387096 0.6774193548387096 0.67741935483871 62.0 2.46 
1 5 0.04131357294242817 0.0206567864712141 0.29 0.33 0.886153846153846 0.8892307692307693 0.887692307692308 315.12 2.04 
0 152 -0.0 0.0 -0.0 0.0 1.0 0.6935483870967744 0.846774193548387 0.0 0.0 
1 42 0.017626642729371575 0.00881332136468579 0.18 0.25 0.9252336448598132 0.9275700934579442 0.926401869158878 413.58 1.81 
0 209 -0.0 0.0 -0.0 -0.0 1.0 1.0 1.0 0.0 0.0 
1 2 0.666278442414676 0.666278442414676 0.25 0.67 1.0 1.0 1.0 26.0 0.9 
0 131 0.019980547724361777 0.684990029726292 -0.02 0.01 0.8352272727272727 0.971590909090909 0.903409090909091 10.18 0.03 
1 5 0.020830638321723566 0.0104153191608618 0.04 0.04 0.9850746268656718 0.9914712153518124 0.988272921108742 266.27 0.43 
0 82 0.7461036199447514 0.409865320158673 -0.09 0.11 0.4384449244060475 0.9935205183585314 0.715982721382289 86.79 0.71 
1 232 0.08627855491407438 0.0975485355458968 0.0 0.02 0.7084337349397591 0.9927710843373492 0.850602409638554 81.26 0.09 
0 0 -0.0 0.0 -0.0 0.0 0.9677419354838708 0.9677419354838708 0.967741935483871 0.0 1.16 
1 182 -0.0 0.0 -0.0 0.0 1.0 0.7580645161290323 0.879032258064516 0.0 0.0 
0 4 0.1896831364389792 0.0948415682194896 0.0 -0.0 1.0 1.0 1.0 0.0 0.0 
1 345 -0.0 0.0 -0.06 0.16 0.6774193548387096 0.7580645161290323 0.717741935483871 20.64 1.46 
0 246 -0.0 0.0 -0.0 -0.0 1.0 1.0 1.0 0.0 0.0 
1 3 0.43686973210547814 0.270464027731018 0.04 0.05 1.0 0.940936863543788 0.970468431771894 144.91 0.55 
0 134 0.6594925819492878 0.840350375345067 0.05 0.43 0.7381615598885793 0.9164345403899722 0.827298050139276 408.89 1.08 
1 3 -0.0 0.0 -0.0 -0.0 1.0 1.0 1.0 0.0 0.0 
0 160 0.8547011249697178 0.4367129478572 0.02 0.06 0.9413265306122448 0.9795918367346939 0.960459183673469 223.89 0.08 
1 148 0.8156295932307395 0.74694740234885 0.07 0.48 0.7484662576687117 0.8558282208588956 0.802147239263804 285.8 0.83 
0 220 0.04108212159516753 0.0205410607975838 -0.0 0.0 0.940340909090909 0.9886363636363636 0.964488636363636 0.28 0.03 
1 61 0.0707680768797802 0.351225226630238 -0.0 0.0 1.0 0.997695852534562 0.998847926267281 3.17 0.0 
0 30 -0.0 0.0 -0.0 -0.0 1.0 0.9966442953020132 0.998322147651007 0.0 0.0 
1 3 -0.0 0.0 -0.0 -0.0 1.0 1.0 1.0 0.0 0.0 
0 23 -0.0 0.0 -0.0 0.0 1.0 0.3 0.65 0.0 0.0 
1 43 -0.0 0.0 0.0 0.0 1.0 1.0 1.0 0.0 0.0 
0 31 0.5287625599288156 0.452805271973906 -0.06 0.05 0.24190064794816415 0.900647948164147 0.571274298056155 32.92 0.16 
1 265 0.3742549310896416 0.187127465544821 -0.03 0.02 0.7660668380462725 0.9974293059125964 0.881748071979434 15.62 0.69 
0 29 0.36829683274766406 0.366255745024815 0.06 0.42 0.9354838709677415 0.9516129032258066 0.943548387096774 80.71 2.1 
1 7 0.09908391604753189 0.0495419580237659 0.04 0.04 0.9850746268656718 0.9914712153518124 0.988272921108742 266.27 0.37 
0 880 -0.0 0.0 -0.02 0.03 0.2333333333333333 0.8666666666666668 0.55 1.83 0.22 
1 13 0.05839899951927197 0.0572755995239375 -0.0 0.0 1.0 0.9972972972972972 0.998648648648649 0.03 0.0 
0 30 0.9556998911125344 0.955699891112534 -0.03 0.56 1.0 1.0 1.0 8.75 0.2 
1 68 0.3269547847215813 0.163477392360791 -0.01 0.01 0.9481865284974093 0.9870466321243522 0.967616580310881 3.79 0.05 
0 359 -0.0 0.0 -0.0 -0.0 1.0 1.0 1.0 0.0 0.0 
1 86 0.022727473318271005 0.0113637366591355 -0.0 -0.0 1.0 1.0 1.0 0.0 0.0 
0 4 0.5858113340839818 0.574385508426645 0.19 0.41 1.0 1.0 1.0 610.01 2.21 
1 127 -0.0 0.0 0.11 0.46 0.5384615384615384 0.6153846153846154 0.576923076923077 18.96 1.68 
0 48 0.3222971304395862 0.794416974253656 0.05 0.13 0.9859154929577466 0.9953051643192488 0.990610328638498 471.12 0.22 
1 2 0.0251440699125892 0.0125720349562946 0.53 0.63 0.6761658031088082 0.6761658031088082 0.676165803108808 386.0 2.33 
0 35 0.16403524764720048 0.0820176238236002 0.02 0.02 0.989795918367347 0.9959183673469388 0.992857142857143 194.86 0.16 
1 6 -0.0 0.0 -0.0 -0.0 1.0 0.9936034115138594 0.99680170575693 0.0 0.0 
0 320 0.5982695885852573 0.299134794292629 -0.0 0.0 1.0 1.0 1.0 0.0 0.0 
1 6 0.08958725315521794 0.073993126337245 0.0 0.0 1.0 1.0 1.0 0.04 0.01 
0 3 0.4227090878059909 0.211354543902995 0.3 0.6 0.7083333333333334 0.8333333333333331 0.770833333333333 24.0 2.61 
1 723 0.1725612331626618 0.0862806165813309 -0.07 0.05 0.4568421052631578 0.9578947368421052 0.707368421052632 33.9 0.06 
0 44 -0.0 0.0 0.0 0.0 1.0 1.0 1.0 0.0 0.0 
1 12 -0.0 0.0 0.3 0.36 0.8846153846153846 0.8846153846153846 0.884615384615385 26.0 2.14 
0 11 -0.0 0.0 0.0 0.0 1.0 1.0 1.0 0.0 0.0 
1 49 -0.0 0.0 0.0 0.0 1.0 1.0 1.0 0.0 0.0 
0 129 -0.0 0.0 0.0 0.0 1.0 0.9932279909706544 0.996613995485327 0.0 0.0 
1 29 0.02253214392080778 0.0197499575531257 -0.0 0.01 0.7156626506024096 0.9975903614457832 0.856626506024096 5.06 0.1 
0 596 -0.0 0.0 -0.0 0.0 0.9954648526077096 0.9977324263038548 0.996598639455782 0.0 0.0 
1 16 -0.0 0.0 0.33 0.55 0.6774193548387096 0.6935483870967744 0.685483870967742 57.53 2.39 
0 15 0.6688445335327875 0.626596075672906 0.02 0.07 1.0 0.9503386004514672 0.975169300225734 101.42 0.71 
1 8 0.022727473318271005 0.022727473318271 -0.0 0.0 1.0 1.0 1.0 0.0 0.0 
0 678 0.9423399854873624 0.842082229752649 -0.03 0.58 0.7726315789473683 0.9663157894736842 0.869473684210526 430.02 0.17 
1 19 0.08958725315521794 0.0728697263419105 -0.0 0.0 1.0 0.9972972972972972 0.998648648648649 0.06 0.01 
0 386 0.5287625599288156 0.414221831570479 -0.06 0.03 0.24190064794816415 0.9330453563714904 0.587473002159827 21.41 0.11 
1 8 0.016424701198958662 0.00821235059947933 0.12 0.12 0.9728506787330315 0.9728506787330315 0.972850678733032 442.0 1.0 
0 32 -0.0 0.0 0.0 0.0 1.0 0.9977728285077953 0.998886414253898 0.0 0.0 
1 5 -0.0 0.0 0.3 0.5 0.8008658008658008 0.8008658008658008 0.800865800865801 462.0 2.56 
0 72 0.6171448282578021 0.308572414128901 -0.01 0.0 1.0 0.9829545454545452 0.991477272727273 1.33 0.09 
1 11 0.02133050528737909 0.0106652526436895 0.1 0.1 0.980392156862745 0.980392156862745 0.980392156862745 459.0 0.82 
0 213 0.4459524223135379 0.401146671457703 -0.0 0.35 0.919354838709677 0.9838709677419354 0.951612903225806 62.11 1.6 
1 362 -0.0 0.0 -0.06 0.16 0.6774193548387096 0.7580645161290323 0.717741935483871 20.64 1.46 
0 292 0.016359415015602636 0.0163270480314161 -0.0 0.0 1.0 0.9953917050691244 0.997695852534562 0.01 0.0 
1 25 0.8720635602136072 0.444515665699525 -0.01 0.0 0.2385542168674699 0.9975903614457832 0.618072289156626 0.63 0.0 
0 758 0.08036852866682491 0.0486331614162799 -0.0 0.0 0.97423887587822 0.9976580796252928 0.985948477751756 0.21 0.02 
1 4 0.7865364435085352 0.393268221754268 0.09 0.12 0.9728506787330315 0.9728506787330315 0.972850678733032 442.0 0.36 
0 482 0.09494031130388621 0.683720710835843 0.06 0.18 1.0 0.556923076923077 0.778461538461539 106.65 1.13 
1 4 0.09503011725564632 0.189490815924107 0.0 0.0 1.0 1.0 1.0 0.06 0.04 
0 128 -0.0 0.0 -0.0 0.0 1.0 0.6935483870967744 0.846774193548387 0.0 0.0 
1 4 0.0947607483566568 0.0769695270739669 0.09 0.1 0.9806866952789698 0.982832618025751 0.981759656652361 445.71 0.81 
0 231 0.3615394778944647 0.180769738947232 -0.04 0.12 1.0 0.6774193548387096 0.838709677419355 13.95 1.14 
1 18 0.5235346720440665 0.340972621087929 0.32 0.39 0.8666666666666668 0.9 0.883333333333333 30.0 1.75 
0 143 -0.0 0.0 -0.0 -0.0 1.0 0.9953917050691244 0.997695852534562 0.0 0.0 
1 154 0.7244657079537894 0.362232853976895 0.0 -0.0 1.0 0.3264462809917356 0.663223140495868 0.0 0.0 
0 197 0.41011631828840894 0.205058159144204 0.0 0.0 1.0 1.0 1.0 0.0 0.0 
1 28 0.6822056867479602 0.602052179998817 0.05 0.2 0.9222462203023758 0.9546436285097192 0.938444924406048 472.98 0.93 
0 16 0.10434878616952079 0.0521743930847604 0.01 0.01 0.9979591836734693 0.9979591836734693 0.997959183673469 490.0 0.12 
