1 33 0.030372534777978206 0.0228364363705995 -0.0 0.0 0.9894067796610168 0.9978813559322034 0.99364406779661 0.04 0.0 
0 57 -0.0 0.0 0.04 0.1 0.6935483870967744 0.919354838709677 0.806451612903226 12.31 0.96 
1 1 -0.0 0.0 0.37 0.44 0.16 0.16 0.16 25.0 0.2 
0 432 0.7530888342556183 0.545102518101886 -0.06 0.15 0.5183585313174947 0.937365010799136 0.727861771058315 408.75 0.07 
1 4 0.8127245415610106 0.428086422879458 0.41 0.59 0.3391521197007481 0.3640897755610973 0.351620947630923 772.17 0.33 
0 401 0.027778358172627568 0.0138891790863138 -0.0 0.0 0.9893390191897654 0.9914712153518124 0.990405117270789 0.06 0.01 
1 4 0.7865364435085352 0.393268221754268 0.09 0.12 0.9728506787330315 0.9728506787330315 0.972850678733032 442.0 0.36 
0 588 -0.0 0.0 -0.0 0.0 1.0 0.625 0.8125 0.0 0.0 
1 14 -0.0 0.0 0.33 0.55 0.6774193548387096 0.6935483870967744 0.685483870967742 57.53 2.59 
0 131 -0.0 0.0 -0.0 0.0 0.9966442953020132 0.9966442953020132 0.996644295302013 0.0 0.0 
1 3 -0.0 0.0 0.0 0.0 1.0 1.0 1.0 0.0 0.0 
0 456 0.928529239598717 0.475563046082593 -0.02 0.01 0.7114093959731543 0.9932885906040269 0.852348993288591 6.66 0.04 
1 12 -0.0 0.0 0.3 0.36 0.8846153846153846 0.8846153846153846 0.884615384615385 26.0 2.14 
0 49 -0.0 0.0 -0.0 -0.0 1.0 1.0 1.0 0.0 0.0 
1 8 0.0947607483566568 0.232756230915289 0.02 0.03 0.9678111587982832 0.9806866952789698 0.974248927038627 84.69 0.27 
0 23 0.36421465730196667 0.323881275136501 0.04 0.26 0.9516129032258066 0.9838709677419354 0.967741935483871 62.63 1.66 
1 154 0.7244657079537894 0.362232853976895 0.0 -0.0 1.0 0.3264462809917356 0.663223140495868 0.0 0.0 
0 95 0.15642858719077946 0.705393293099675 0.09 0.33 0.9113475177304966 0.918439716312057 0.914893617021277 409.14 0.9 
1 65 -0.0 0.0 -0.0 -0.0 1.0 0.9958677685950412 0.997933884297521 0.0 0.0 
0 503 -0.0 0.0 -0.0 0.0 0.984126984126984 0.9931972789115646 0.988662131519274 0.05 0.01 
1 2 0.06894930739780505 0.15777508018186 0.26 0.3 0.9182389937106918 0.9266247379454928 0.922431865828092 1350.0 2.0 
0 100 -0.0 0.0 0.0 0.0 1.0 0.9677419354838708 0.983870967741935 0.0 0.0 
1 2 -0.0 0.0 0.47 0.64 0.33333333333333326 0.33333333333333326 0.333333333333333 30.0 0.94 
0 3 -0.0 0.0 0.39 0.62 0.6935483870967744 0.6935483870967744 0.693548387096774 62.0 2.6 
1 14 0.08958725315521794 0.0709314907519506 0.0 0.0 1.0 1.0 1.0 0.04 0.01 
0 55 -0.0 0.0 0.27 0.41 0.2666666666666666 0.33333333333333326 0.3 21.82 0.59 
1 4 0.0947607483566568 0.0769695270739669 0.09 0.1 0.9806866952789698 0.982832618025751 0.981759656652361 445.71 0.81 
0 420 -0.0 0.0 -0.0 0.0 1.0 0.625 0.8125 0.0 0.0 
1 6 0.08958725315521794 0.073993126337245 0.0 0.0 1.0 1.0 1.0 0.04 0.01 
0 196 0.29170992255894307 0.157882144384882 0.04 0.05 1.0 0.9581881533101044 0.979094076655052 98.09 0.61 
1 6 -0.0 0.0 -0.0 -0.0 1.0 1.0 1.0 0.0 0.0 
0 61 0.09962338946616205 0.049811694733081 0.04 0.28 0.7580645161290323 0.7903225806451613 0.774193548387097 37.44 2.08 
1 1 0.4811067080592432 0.300596867788392 0.04 0.05 0.9954853273137698 0.9954853273137698 0.99548532731377 895.47 0.16 
0 236 0.3525425103487513 0.176271255174376 -0.08 0.14 1.0 0.6774193548387096 0.838709677419355 16.57 1.27 
1 4 0.01475818629482802 0.00737909314741401 0.01 0.01 1.0 0.9979466119096508 0.998973305954825 487.0 0.19 
0 86 0.8311930354637374 0.423405065446647 0.02 0.11 0.96 0.9684210526315788 0.964210526315789 323.04 0.29 
1 265 0.3742549310896416 0.187127465544821 -0.03 0.02 0.7660668380462725 0.9974293059125964 0.881748071979434 15.62 0.69 
0 105 -0.0 0.0 -0.0 -0.0 1.0 0.9812206572769951 0.990610328638498 0.0 0.0 
1 1 0.05839899951927197 0.0572107346922477 0.0 0.0 1.0 1.0 1.0 0.02 0.0 
0 215 0.016103721594124567 0.00805186079706228 0.0 0.0 1.0 0.9932279909706544 0.996613995485327 0.0 0.0 
1 232 0.08627855491407438 0.0975485355458968 0.0 0.02 0.7084337349397591 0.9927710843373492 0.850602409638554 81.26 0.09 
0 328 0.25230867170216453 0.126154335851082 0.0 -0.0 1.0 1.0 1.0 0.0 0.0 
1 34 0.6171448282578021 0.308572414128901 -0.01 0.0 1.0 0.9886363636363636 0.994318181818182 0.88 0.06 
0 0 -0.0 0.0 -0.21 0.0 0.6774193548387096 0.6774193548387096 0.67741935483871 0.0 2.56 
1 4 -0.0 0.0 0.0 0.0 1.0 1.0 1.0 0.0 0.0 
0 191 0.01475818629482802 0.00737909314741401 -0.0 0.0 1.0 0.9979466119096508 0.998973305954825 0.0 0.0 
1 1 0.9277980308365658 1.27664305854078 0.26 0.8 0.7871396895787139 0.7871396895787139 0.787139689578714 1253.58 1.13 
0 4 0.5858113340839818 0.503681139884317 0.09 0.27 1.0 0.9346590909090908 0.967329545454545 645.76 1.58 
1 31 -0.0 0.0 0.0 0.0 1.0 1.0 1.0 0.0 0.0 
0 14 -0.0 0.0 -0.0 -0.0 1.0 1.0 1.0 0.0 0.0 
1 20 0.8156295932307395 0.487087993037894 -0.0 0.08 0.7484662576687117 0.9785276073619632 0.863496932515337 53.37 0.31 
0 404 -0.0 0.0 0.0 0.0 1.0 0.9583333333333331 0.979166666666667 0.0 0.0 
1 7 0.09908391604753189 0.0495419580237659 0.04 0.04 0.9850746268656718 0.9914712153518124 0.988272921108742 266.27 0.37 
0 51 0.026573282312620263 0.0132866411563101 0.01 0.01 0.9979591836734693 0.9979591836734693 0.997959183673469 490.0 0.15 
1 16 -0.0 0.0 0.33 0.55 0.6774193548387096 0.6935483870967744 0.685483870967742 57.53 2.39 
0 556 0.113231477318365 0.0566157386591825 -0.0 0.0 0.9938775510204082 0.9979591836734693 0.995918367346939 0.03 0.0 
1 182 -0.0 0.0 -0.0 0.0 1.0 0.7580645161290323 0.879032258064516 0.0 0.0 
0 83 0.4227791099849751 0.802184676573981 0.07 0.21 0.9913606911447084 0.9956803455723539 0.993520518358531 358.01 0.53 
1 6 -0.0 0.0 -0.0 -0.0 1.0 0.9936034115138594 0.99680170575693 0.0 0.0 
0 308 0.13339348333086204 0.066696741665431 -0.0 -0.0 1.0 0.9954648526077096 0.997732426303855 0.0 0.0 
1 19 0.08958725315521794 0.0728697263419105 -0.0 0.0 1.0 0.9972972972972972 0.998648648648649 0.06 0.01 
0 150 0.3525425103487513 0.282115027497533 -0.08 0.02 1.0 0.8870967741935483 0.943548387096774 1.52 0.38 
1 5 -0.0 0.0 0.3 0.5 0.8008658008658008 0.8008658008658008 0.800865800865801 462.0 2.56 
0 170 0.01475818629482802 0.00737909314741401 -0.0 0.0 1.0 0.9897330595482546 0.994866529774127 0.01 0.0 
1 10 -0.0 0.0 0.33 0.55 0.6774193548387096 0.6935483870967744 0.685483870967742 57.53 2.49 
0 33 0.09697954377303232 0.468676886415766 -0.04 0.02 0.6038135593220338 0.9894067796610168 0.796610169491525 11.38 0.07 
1 5 -0.0 0.0 0.07 0.08 0.9854771784232365 0.9854771784232365 0.985477178423237 482.0 0.65 
0 200 0.3724807184521906 0.186240359226095 -0.02 0.01 0.919354838709677 0.9677419354838708 0.943548387096774 0.5 0.16 
1 4 0.5297061990576545 0.439269147450343 -0.1 0.03 1.0 1.0 1.0 0.32 0.45 
0 5 0.4459524223135379 0.409216570382864 0.2 0.62 0.919354838709677 0.919354838709677 0.919354838709677 124.0 2.53 
1 49 -0.0 0.0 0.0 0.0 1.0 1.0 1.0 0.0 0.0 
0 26 0.3250829733914482 0.162541486695724 -0.0 0.0 1.0 1.0 1.0 0.0 0.0 
1 3 0.10434878616952079 0.0521743930847604 0.01 0.01 0.9979591836734693 0.9979591836734693 0.997959183673469 490.0 0.11 
0 465 0.16115723804813434 0.160908842993988 -0.05 0.02 0.8040089086859687 0.8819599109131404 0.842984409799555 13.59 0.45 
1 9 0.09503011725564632 0.0475150586278232 0.0 -0.0 1.0 1.0 1.0 0.0 0.0 
0 147 0.928529239598717 0.464264619799359 0.0 -0.0 1.0 0.7114093959731543 0.855704697986577 0.0 0.0 
1 723 0.1725612331626618 0.0862806165813309 -0.07 0.05 0.4568421052631578 0.9578947368421052 0.707368421052632 33.9 0.06 
0 156 0.2213830099155629 0.110691504957782 -0.0 0.0 0.9488636363636364 0.9971590909090908 0.973011363636364 0.11 0.01 
1 3 0.43686973210547814 0.270464027731018 0.04 0.05 1.0 0.940936863543788 0.970468431771894 144.91 0.55 
0 503 -0.0 0.0 -0.0 -0.0 1.0 0.9886621315192744 0.994331065759637 0.0 0.0 
1 3 0.6601647680850746 0.591011175434611 0.13 0.3 0.8594470046082949 0.919354838709677 0.889400921658986 970.62 1.21 
0 278 0.860856141759689 0.430428070879845 -0.02 0.02 1.0 0.9785276073619632 0.989263803680982 21.52 0.18 
1 35 1.6284102630552857 1.62546092371276 -0.02 0.51 0.7700348432055749 0.9895470383275262 0.879790940766551 325.24 0.19 
0 53 0.13371483312373358 0.0668574165618668 -0.0 0.0 1.0 0.9966442953020132 0.998322147651007 0.03 0.0 
1 8 -0.0 0.0 0.12 0.12 0.9568034557235422 0.9676025917926566 0.962203023758099 343.37 1.04 
0 6 -0.0 0.0 0.33 0.55 0.6774193548387096 0.6935483870967744 0.685483870967742 57.53 2.39 
1 122 0.04915006684960595 0.024575033424803 0.0 0.01 0.868995633187773 0.9956331877729256 0.932314410480349 13.32 0.14 
0 169 0.7569669131450216 0.559180747345248 -0.0 0.21 1.0 0.9602272727272728 0.980113636363636 717.15 0.91 
1 25 0.8720635602136072 0.444515665699525 -0.01 0.0 0.2385542168674699 0.9975903614457832 0.618072289156626 0.63 0.0 
0 646 0.016657657714843028 0.0161373765721996 -0.01 0.01 0.8905263157894738 0.96 0.925263157894737 2.62 0.12 
1 226 0.6171448282578021 0.580437337832493 0.03 0.32 1.0 0.8835227272727273 0.941761363636364 378.52 1.7 
0 0 -0.0 0.0 -0.23 0.0 0.6935483870967744 0.6935483870967744 0.693548387096774 0.0 2.6 
1 270 0.08807751896196665 0.451853556096353 -0.01 0.04 0.7484662576687117 0.9846625766871167 0.866564417177914 30.7 0.2 
0 181 0.01607235879964646 0.00803617939982323 -0.0 -0.0 1.0 1.0 1.0 0.0 0.0 
1 345 -0.0 0.0 -0.06 0.16 0.6774193548387096 0.7580645161290323 0.717741935483871 20.64 1.46 
0 47 0.7947936912599187 0.988191967211453 -0.09 0.13 0.9892008639308858 0.9913606911447084 0.990280777537797 516.77 0.21 
1 1 0.07093518297335139 0.0616054556610173 0.0 0.0 1.0 1.0 1.0 0.03 0.0 
0 88 0.937464383416628 0.476496854119527 -0.03 0.09 0.96 0.9663157894736842 0.963157894736842 259.17 0.26 
1 5 0.04131357294242817 0.0206567864712141 0.29 0.33 0.886153846153846 0.8892307692307693 0.887692307692308 315.12 2.04 
0 466 0.048964887966297055 0.0325186233829717 -0.0 0.0 1.0 0.981859410430839 0.99092970521542 0.03 0.0 
1 28 0.6822056867479602 0.602052179998817 0.05 0.2 0.9222462203023758 0.9546436285097192 0.938444924406048 472.98 0.93 
0 510 -0.0 0.0 -0.02 0.0 0.9166666666666664 0.9583333333333331 0.9375 0.09 0.1 
1 68 0.3269547847215813 0.163477392360791 -0.01 0.01 0.9481865284974093 0.9870466321243522 0.967616580310881 3.79 0.05 
0 128 -0.0 0.0 0.01 0.4 0.625 0.7083333333333334 0.666666666666667 16.47 2.22 
1 42 0.017626642729371575 0.00881332136468579 0.18 0.25 0.9252336448598132 0.9275700934579442 0.926401869158878 413.58 1.81 
0 68 0.8196713351059779 0.60432688143662 0.08 0.31 0.9447852760736194 0.9907975460122702 0.967791411042945 273.65 2.09 
1 9 0.05602246986522343 0.0448156896337921 0.0 0.0 1.0 1.0 1.0 0.02 0.0 
0 65 0.016556959431630658 0.510292105919881 -0.0 0.0 1.0 0.7535211267605633 0.876760563380282 1.02 0.03 
1 14 0.5235346720440665 0.340972621087929 0.32 0.39 0.8666666666666668 0.9 0.883333333333333 30.0 1.75 
0 544 -0.0 0.0 -0.0 -0.0 1.0 0.9886621315192744 0.994331065759637 0.0 0.0 
1 94 0.09165764788996307 0.0699766348366203 -0.0 0.0 1.0 0.9818181818181818 0.990909090909091 0.1 0.01 
0 65 0.923936856009666 0.52634197011935 -0.02 0.07 0.7278617710583153 0.9524838012958964 0.840172786177106 68.29 0.25 
1 7 0.01652368182171168 0.00826184091085584 0.08 0.08 0.9838709677419354 0.9838709677419354 0.983870967741935 434.0 0.72 
0 178 0.40067165339847227 0.381033117471973 -0.02 0.09 0.9602272727272728 0.9914772727272728 0.975852272727273 423.03 0.35 
1 316 -0.0 0.0 0.0 0.0 1.0 0.982142857142857 0.991071428571429 0.0 0.0 
0 146 0.08864403483661465 0.0526004971341226 -0.0 0.0 1.0 0.9225352112676058 0.961267605633803 0.1 0.01 
1 13 0.05839899951927197 0.0572755995239375 -0.0 0.0 1.0 0.9972972972972972 0.998648648648649 0.03 0.0 
0 31 0.16103884445583505 0.586434736469308 -0.0 0.02 1.0 0.9976525821596244 0.998826291079812 12.69 0.14 
1 8 0.022727473318271005 0.022727473318271 -0.0 0.0 1.0 1.0 1.0 0.0 0.0 
0 176 0.08256493803586597 0.264258680174702 -0.0 0.0 1.0 0.919354838709677 0.959677419354839 0.24 0.08 
1 4 0.7865364435085352 0.401480572353747 0.08 0.13 0.9728506787330315 0.9728506787330315 0.972850678733032 442.51 0.33 
0 36 0.01789792517672371 0.00894896258836186 -0.0 -0.0 1.0 1.0 1.0 0.0 0.0 
1 3 -0.0 0.0 -0.0 -0.0 1.0 1.0 1.0 0.0 0.0 
0 37 -0.0 0.0 -0.0 -0.0 1.0 1.0 1.0 0.0 0.0 
1 11 0.02133050528737909 0.0106652526436895 0.1 0.1 0.980392156862745 0.980392156862745 0.980392156862745 459.0 0.82 
0 383 0.6791932659915256 0.339596632995763 -0.16 0.15 0.34615384615384615 0.9230769230769232 0.634615384615385 6.88 0.04 
1 24 0.16245281571443987 0.14550577947865 -0.01 0.02 0.916083916083916 0.9976689976689976 0.956876456876457 46.4 0.05 
0 648 0.6759010305740114 0.337950515287006 -0.12 0.2 0.33333333333333326 0.9 0.616666666666667 9.0 0.09 
1 4 -0.0 0.0 0.31 0.55 0.7580645161290323 0.7580645161290323 0.758064516129032 62.0 2.49 
0 118 -0.0 0.0 -0.0 -0.0 1.0 0.9948586118251928 0.997429305912596 0.0 0.0 
1 218 0.20297324940653716 0.101486624703269 0.0 -0.0 1.0 1.0 1.0 0.0 0.0 
0 154 0.5456891633476865 0.449115836848219 0.02 0.35 1.0 0.8870967741935483 0.943548387096774 62.0 1.58 
1 2 -0.0 0.0 0.39 0.62 0.6935483870967744 0.6935483870967744 0.693548387096774 62.0 2.6 
0 23 0.4695240172949409 0.23476200864747 0.0 -0.0 1.0 1.0 1.0 0.0 0.0 
1 9 0.05602246986522343 0.0541490991069533 0.0 0.0 1.0 1.0 1.0 0.02 0.0 
0 313 0.5456891633476865 0.272844581673843 -0.14 0.2 0.7580645161290323 0.8870967741935483 0.82258064516129 25.67 1.34 
1 362 -0.0 0.0 -0.06 0.16 0.6774193548387096 0.7580645161290323 0.717741935483871 20.64 1.46 
0 26 0.6791932659915256 0.676102466500391 0.18 0.76 0.9230769230769232 0.9615384615384615 0.942307692307692 38.13 0.44 
1 4 0.09503011725564632 0.189490815924107 0.0 0.0 1.0 1.0 1.0 0.06 0.04 
0 153 0.0752483101127402 0.0450032482037841 -0.0 0.0 1.0 1.0 1.0 0.01 0.0 
1 2 0.09699169411326156 0.0746337112309724 -0.0 0.0 1.0 1.0 1.0 0.05 0.01 
0 98 0.34883209584303193 0.348832095843032 0.22 0.35 1.0 1.0 1.0 9.0 2.55 
1 2 0.6846162778013049 0.342308138900652 0.15 0.36 0.8846153846153846 0.8846153846153846 0.884615384615385 26.0 0.82 
0 6 -0.0 0.0 0.33 0.55 0.6774193548387096 0.6935483870967744 0.685483870967742 57.53 2.39 
1 3 -0.0 0.0 0.0 0.0 1.0 1.0 1.0 0.0 0.0 
0 23 0.5310355187960252 0.265517759398013 -0.0 0.13 0.6761658031088082 0.9507772020725388 0.813471502590674 82.42 0.35 
1 3 0.0740225961475812 0.128824279468757 0.41 0.69 0.5590551181102362 0.5748031496062993 0.566929133858268 381.05 2.38 
0 570 0.8519175190106516 0.425958759505326 0.0 -0.0 1.0 0.9138461538461538 0.956923076923077 0.0 0.0 
1 61 0.0707680768797802 0.351225226630238 -0.0 0.0 1.0 0.997695852534562 0.998847926267281 3.17 0.0 
0 68 0.09503011725564632 0.0475150586278232 0.0 -0.0 1.0 1.0 1.0 0.0 0.0 
1 29 0.02253214392080778 0.0197499575531257 -0.0 0.01 0.7156626506024096 0.9975903614457832 0.856626506024096 5.06 0.1 
0 5 0.015617095429556123 0.00780854771477806 0.14 0.17 0.96 0.96 0.96 475.0 1.27 
1 75 0.09699169411326156 0.0765719468209323 -0.0 0.0 1.0 0.9972972972972972 0.998648648648649 0.07 0.01 
0 451 0.923936856009666 0.63052652897891 -0.11 0.11 0.7278617710583153 0.937365010799136 0.832613390928726 308.28 0.22 
1 4 0.6895519477750732 0.344775973887537 0.0 -0.0 1.0 1.0 1.0 0.0 0.0 
0 131 0.6791932659915256 0.672735854203101 0.16 0.67 1.0 0.9230769230769232 0.961538461538462 26.0 0.58 
1 23 0.056152199528602974 0.0560873346969132 -0.0 0.0 1.0 0.9972972972972972 0.998648648648649 0.03 0.0 
0 28 -0.0 0.0 -0.0 -0.0 1.0 1.0 1.0 0.0 0.0 
1 336 -0.0 0.0 -0.1 0.14 0.6774193548387096 0.8064516129032256 0.741935483870968 17.76 1.34 
0 24 0.01623049214816835 0.00811524607408418 0.0 0.0 1.0 0.986425339366516 0.993212669683258 0.0 0.0 
1 8 0.016424701198958662 0.00821235059947933 0.12 0.12 0.9728506787330315 0.9728506787330315 0.972850678733032 442.0 1.0 
0 61 -0.0 0.0 -0.0 -0.0 1.0 0.9966442953020132 0.998322147651007 0.0 0.0 
1 3 -0.0 0.0 0.0 0.0 1.0 1.0 1.0 0.0 0.0 
0 65 -0.0 0.0 0.04 0.1 0.6935483870967744 0.919354838709677 0.806451612903226 12.31 1.0 
1 18 0.5235346720440665 0.340972621087929 0.32 0.39 0.8666666666666668 0.9 0.883333333333333 30.0 1.75 
0 236 0.5858113340839818 0.509786985040966 -0.09 0.1 1.0 0.9488636363636364 0.974431818181818 173.44 0.6 
1 5 0.020830638321723566 0.0104153191608618 0.04 0.04 0.9850746268656718 0.9914712153518124 0.988272921108742 266.27 0.43 
0 19 0.09187703676356046 0.0459385183817802 0.07 0.08 0.984126984126984 0.984126984126984 0.984126984126984 441.0 0.69 
1 2 0.0251440699125892 0.0125720349562946 0.53 0.63 0.6761658031088082 0.6761658031088082 0.676165803108808 386.0 2.33 
0 37 0.5858113340839818 0.967905422906102 0.06 0.38 1.0 0.8352272727272727 0.917613636363636 465.33 0.69 
1 1 -0.0 0.0 0.19 0.69 0.5555555555555555 0.5555555555555555 0.555555555555556 9.0 1.98 
0 222 0.08256493803586597 0.041282469017933 0.0 0.01 1.0 0.6774193548387096 0.838709677419355 0.48 0.12 
1 2 0.666278442414676 0.666278442414676 0.25 0.67 1.0 1.0 1.0 26.0 0.9 
0 375 0.3889902731630429 0.194495136581521 0.0 -0.0 1.0 0.9346246973365616 0.967312348668281 0.0 0.0 
1 24 0.030372534777978206 0.0658985378330168 -0.0 0.0 0.972457627118644 0.9978813559322034 0.985169491525424 0.13 0.01 
0 170 0.6730116670092564 0.669645054711966 -0.1 0.39 1.0 0.5769230769230769 0.788461538461538 15.25 0.34 
1 43 -0.0 0.0 0.0 0.0 1.0 1.0 1.0 0.0 0.0 
0 135 -0.0 0.0 -0.0 -0.0 1.0 0.9672131147540984 0.983606557377049 0.0 0.0 
1 614 0.042617471413436414 0.0310799043211172 0.0 0.01 0.837708830548926 0.9928400954653938 0.91527446300716 10.42 0.09 
0 1410 0.308891104846187 0.154445552423093 0.0 -0.0 1.0 0.987780040733198 0.993890020366599 0.0 0.0 
1 1 -0.0 0.0 0.39 0.62 0.6935483870967744 0.6935483870967744 0.693548387096774 62.0 2.6 
0 317 0.10973321273486945 0.0548666063674347 0.0 -0.0 1.0 0.9636803874092008 0.9818401937046 0.0 0.0 
1 3 -0.0 0.0 0.0 0.0 1.0 1.0 1.0 0.0 0.0 
0 64 -0.0 0.0 -0.0 0.0 0.959731543624161 0.9966442953020132 0.978187919463087 0.04 0.01 
1 5 -0.0 0.0 0.06 0.41 0.8571428571428571 0.8571428571428571 0.857142857142857 7.0 2.49 
0 180 0.09651393728015299 0.0482569686400765 -0.0 -0.0 1.0 1.0 1.0 0.0 0.0 
1 5 0.052275728348683194 0.0522757283486832 -0.0 0.0 1.0 1.0 1.0 0.02 0.0 
0 716 0.6759010305740114 0.337950515287006 -0.12 0.16 0.2666666666666666 0.9 0.583333333333333 7.41 0.01 
1 148 0.8156295932307395 0.74694740234885 0.07 0.48 0.7484662576687117 0.8558282208588956 0.802147239263804 285.8 0.83 
0 89 0.6171448282578021 0.318562687991082 0.0 0.03 1.0 0.971590909090909 0.985795454545455 42.73 0.15 
1 240 0.8547011249697178 0.427350562484859 -0.02 0.0 0.9795918367346939 0.982142857142857 0.980867346938775 1.6 0.02 
0 30 0.21168754464631545 0.105843772323158 0.04 0.07 0.8870967741935483 0.919354838709677 0.903225806451613 12.94 0.82 
1 179 1.7983316181241153 0.899165809062058 0.0 -0.0 1.0 0.9628099173553722 0.981404958677686 0.0 0.0 
0 148 -0.0 0.0 -0.0 0.0 1.0 0.8311688311688312 0.915584415584416 0.0 0.0 
1 47 -0.0 0.0 -0.0 0.0 1.0 0.6153846153846154 0.807692307692308 0.0 0.0 
0 148 0.4959171118080685 0.465131557707382 0.13 0.32 1.0 0.9922879177377892 0.996143958868895 315.64 1.91 
1 3 -0.0 0.0 -0.0 -0.0 1.0 1.0 1.0 0.0 0.0 
0 75 0.09962338946616205 0.049811694733081 0.04 0.28 0.7580645161290323 0.7903225806451613 0.774193548387097 37.44 2.08 
1 86 0.022727473318271005 0.0113637366591355 -0.0 -0.0 1.0 1.0 1.0 0.0 0.0 
0 296 0.09962338946616205 0.049811694733081 -0.12 0.11 0.6935483870967744 0.7903225806451613 0.741935483870968 14.57 1.36 
