1 3 0.6601647680850746 0.591011175434611 0.13 0.3 0.8594470046082949 0.919354838709677 0.889400921658986 970.62 1.21 
0 106 -0.0 0.0 -0.0 -0.0 1.0 0.9932885906040269 0.996644295302013 0.0 0.0 
1 2 0.0251440699125892 0.0125720349562946 0.53 0.63 0.6761658031088082 0.6761658031088082 0.676165803108808 386.0 2.33 
0 45 -0.0 0.0 -0.0 -0.0 1.0 0.9966442953020132 0.998322147651007 0.0 0.0 
1 18 0.5235346720440665 0.340972621087929 0.32 0.39 0.8666666666666668 0.9 0.883333333333333 30.0 1.75 
0 143 0.36421465730196667 0.358378583825359 0.07 0.35 1.0 0.9516129032258066 0.975806451612903 62.0 1.86 
1 7 0.09908391604753189 0.0495419580237659 0.04 0.04 0.9850746268656718 0.9914712153518124 0.988272921108742 266.27 0.37 
0 39 0.4695240172949409 0.252537719156724 0.14 0.28 1.0 0.8894601542416452 0.944730077120823 284.62 2.04 
1 8 -0.0 0.0 0.12 0.12 0.9568034557235422 0.9676025917926566 0.962203023758099 343.37 1.04 
0 8 0.36421465730196667 0.360277788951918 0.1 0.4 0.9516129032258066 0.9838709677419354 0.967741935483871 81.9 2.2 
1 3 -0.0 0.0 0.0 0.0 1.0 1.0 1.0 0.0 0.0 
0 207 0.21168754464631545 0.105843772323158 -0.01 0.0 0.8870967741935483 0.9838709677419354 0.935483870967742 0.2 0.09 
1 4 0.6895519477750732 0.344775973887537 0.0 -0.0 1.0 1.0 1.0 0.0 0.0 
0 2 1.4218883985555886 0.710944199277794 0.02 0.03 0.9951807228915664 0.9951807228915664 0.995180722891566 415.0 0.06 
1 6 -0.0 0.0 -0.0 -0.0 1.0 1.0 1.0 0.0 0.0 
0 220 0.9556998911125344 0.477849945556267 -0.02 0.21 1.0 0.8571428571428571 0.928571428571429 2.92 1.02 
1 4 -0.0 0.0 0.31 0.55 0.7580645161290323 0.7580645161290323 0.758064516129032 62.0 2.49 
0 252 0.6265544985250644 0.313277249262532 -0.06 0.02 0.8409090909090908 0.9573863636363636 0.899147727272727 25.28 0.15 
1 3 -0.0 0.0 -0.0 -0.0 1.0 1.0 1.0 0.0 0.0 
0 73 0.07019220143739478 0.089505358807557 -0.0 0.02 0.7084337349397591 0.985542168674699 0.846987951807229 14.21 0.22 
1 4 0.0947607483566568 0.0769695270739669 0.09 0.1 0.9806866952789698 0.982832618025751 0.981759656652361 445.71 0.81 
0 109 0.3724807184521906 0.186240359226095 -0.0 0.0 1.0 0.919354838709677 0.959677419354839 0.0 0.0 
1 148 0.8156295932307395 0.74694740234885 0.07 0.48 0.7484662576687117 0.8558282208588956 0.802147239263804 285.8 0.83 
0 386 0.25230867170216453 0.126154335851082 0.0 -0.0 1.0 1.0 1.0 0.0 0.0 
1 240 0.8547011249697178 0.427350562484859 -0.02 0.0 0.9795918367346939 0.982142857142857 0.980867346938775 1.6 0.02 
0 170 0.6730116670092564 0.669645054711966 -0.1 0.39 1.0 0.5769230769230769 0.788461538461538 15.25 0.34 
1 4 -0.0 0.0 0.0 0.0 1.0 1.0 1.0 0.0 0.0 
0 6 0.052275728348683194 0.0261378641743416 -0.0 0.0 1.0 0.9972972972972972 0.998648648648649 0.01 0.0 
1 3 0.43686973210547814 0.270464027731018 0.04 0.05 1.0 0.940936863543788 0.970468431771894 144.91 0.55 
0 72 0.6171448282578021 0.308572414128901 -0.01 0.0 1.0 0.9829545454545452 0.991477272727273 1.33 0.09 
1 5 -0.0 0.0 0.06 0.41 0.8571428571428571 0.8571428571428571 0.857142857142857 7.0 2.49 
0 114 -0.0 0.0 -0.0 -0.0 1.0 1.0 1.0 0.0 0.0 
1 2 -0.0 0.0 0.47 0.64 0.33333333333333326 0.33333333333333326 0.333333333333333 30.0 0.94 
0 139 -0.0 0.0 -0.0 -0.0 1.0 1.0 1.0 0.0 0.0 
1 1 -0.0 0.0 0.19 0.69 0.5555555555555555 0.5555555555555555 0.555555555555556 9.0 1.98 
0 27 -0.0 0.0 0.0 0.0 1.0 0.375 0.6875 0.0 0.0 
1 5 -0.0 0.0 0.07 0.08 0.9854771784232365 0.9854771784232365 0.985477178423237 482.0 0.65 
0 173 0.023546567098459075 0.092598815885544 -0.0 0.0 1.0 1.0 1.0 0.03 0.01 
1 25 0.8720635602136072 0.444515665699525 -0.01 0.0 0.2385542168674699 0.9975903614457832 0.618072289156626 0.63 0.0 
0 729 0.3708082825784814 0.185404141289241 -0.0 0.0 1.0 0.9953161592505854 0.997658079625293 0.2 0.02 
1 226 0.6171448282578021 0.580437337832493 0.03 0.32 1.0 0.8835227272727273 0.941761363636364 378.52 1.7 
0 555 -0.0 0.0 0.0 -0.0 1.0 0.5555555555555555 0.777777777777778 0.0 0.0 
1 3 -0.0 0.0 -0.0 -0.0 1.0 1.0 1.0 0.0 0.0 
0 43 0.0628093679942407 0.0408769078729895 -0.0 0.0 0.9285714285714286 0.997448979591837 0.963010204081633 0.4 0.03 
1 154 0.7244657079537894 0.362232853976895 0.0 -0.0 1.0 0.3264462809917356 0.663223140495868 0.0 0.0 
0 123 -0.0 0.0 -0.0 -0.0 1.0 1.0 1.0 0.0 0.0 
1 22 -0.0 0.0 0.31 0.55 0.7580645161290323 0.7580645161290323 0.758064516129032 62.0 2.49 
0 77 0.8605892830185917 0.438743538592163 0.01 0.04 0.97423887587822 0.9765807962529272 0.975409836065574 78.3 0.29 
1 122 0.04915006684960595 0.024575033424803 0.0 0.01 0.868995633187773 0.9956331877729256 0.932314410480349 13.32 0.14 
0 364 -0.0 0.0 -0.06 0.18 0.6935483870967744 0.7580645161290323 0.725806451612903 22.68 1.54 
1 47 -0.0 0.0 -0.0 0.0 1.0 0.6153846153846154 0.807692307692308 0.0 0.0 
0 6 1.01183062848278 1.00792894044546 0.11 0.35 0.7535211267605633 0.9976525821596244 0.875586854460094 292.9 0.02 
1 2 0.09699169411326156 0.0746337112309724 -0.0 0.0 1.0 1.0 1.0 0.05 0.01 
0 27 0.6829081047004717 0.640588846642864 -0.01 0.2 1.0 1.0 1.0 2.1 0.75 
1 4 0.5297061990576545 0.439269147450343 -0.1 0.03 1.0 1.0 1.0 0.32 0.45 
0 255 0.9242647281309502 0.462132364065475 -0.08 0.01 0.8607954545454547 0.9573863636363636 0.909090909090909 3.38 0.15 
1 4 0.7865364435085352 0.393268221754268 0.09 0.12 0.9728506787330315 0.9728506787330315 0.972850678733032 442.0 0.36 
0 246 0.36421465730196667 0.182107328650983 -0.06 0.23 0.8064516129032256 0.9516129032258066 0.879032258064516 34.07 1.67 
1 8 0.016424701198958662 0.00821235059947933 0.12 0.12 0.9728506787330315 0.9728506787330315 0.972850678733032 442.0 1.0 
0 745 -0.0 0.0 -0.15 0.04 0.625 0.9166666666666664 0.770833333333333 1.31 0.53 
1 345 -0.0 0.0 -0.06 0.16 0.6774193548387096 0.7580645161290323 0.717741935483871 20.64 1.46 
0 130 0.08256493803586597 0.18305641550345 -0.0 0.0 1.0 0.9838709677419354 0.991935483870968 0.11 0.05 
1 1 0.07093518297335139 0.0616054556610173 0.0 0.0 1.0 1.0 1.0 0.03 0.0 
0 89 0.050468069137818976 0.0252340345689095 -0.01 0.0 0.9585253456221196 0.9631336405529952 0.960829493087558 0.31 0.02 
1 42 0.017626642729371575 0.00881332136468579 0.18 0.25 0.9252336448598132 0.9275700934579442 0.926401869158878 413.58 1.81 
0 194 0.01478431915835523 0.00739215957917762 -0.0 -0.0 1.0 0.9918367346938776 0.995918367346939 0.0 0.0 
1 362 -0.0 0.0 -0.06 0.16 0.6774193548387096 0.7580645161290323 0.717741935483871 20.64 1.46 
0 145 -0.0 0.0 0.0 0.0 1.0 0.9888641425389754 0.994432071269488 0.0 0.0 
1 3 0.0740225961475812 0.128824279468757 0.41 0.69 0.5590551181102362 0.5748031496062993 0.566929133858268 381.05 2.38 
0 24 0.8476223817902205 0.833646858448099 0.08 0.54 0.9447852760736194 0.9969325153374232 0.970858895705522 475.12 2.57 
1 3 -0.0 0.0 0.0 0.0 1.0 1.0 1.0 0.0 0.0 
0 205 0.6128854801054902 0.322315814588438 -0.04 0.02 0.7349397590361446 0.9542168674698795 0.844578313253012 13.05 0.33 
1 336 -0.0 0.0 -0.1 0.14 0.6774193548387096 0.8064516129032256 0.741935483870968 17.76 1.34 
0 131 0.7558148632822626 0.385286524788545 -0.0 0.0 1.0 0.9897330595482546 0.994866529774127 0.33 0.02 
1 16 -0.0 0.0 0.33 0.55 0.6774193548387096 0.6935483870967744 0.685483870967742 57.53 2.39 
0 85 0.1461447460085638 0.0730723730042819 -0.02 0.08 0.6935483870967744 0.9677419354838708 0.830645161290323 9.68 0.8 
1 723 0.1725612331626618 0.0862806165813309 -0.07 0.05 0.4568421052631578 0.9578947368421052 0.707368421052632 33.9 0.06 
0 500 0.01478431915835523 0.00739215957917762 -0.0 0.0 0.989795918367347 0.9918367346938776 0.990816326530612 0.05 0.01 
1 270 0.08807751896196665 0.451853556096353 -0.01 0.04 0.7484662576687117 0.9846625766871167 0.866564417177914 30.7 0.2 
0 375 0.3889902731630429 0.194495136581521 0.0 -0.0 1.0 0.9346246973365616 0.967312348668281 0.0 0.0 
1 10 -0.0 0.0 0.33 0.55 0.6774193548387096 0.6935483870967744 0.685483870967742 57.53 2.49 
0 218 -0.0 0.0 -0.0 -0.0 1.0 1.0 1.0 0.0 0.0 
1 94 0.09165764788996307 0.0699766348366203 -0.0 0.0 1.0 0.9818181818181818 0.990909090909091 0.1 0.01 
0 161 0.3767701612564368 0.362801128549734 0.17 0.35 1.0 0.8888888888888888 0.944444444444444 9.0 1.66 
1 9 0.05602246986522343 0.0541490991069533 0.0 0.0 1.0 1.0 1.0 0.02 0.0 
0 119 0.6730116670092564 0.336505833504628 0.2 0.67 0.6153846153846154 0.9615384615384615 0.788461538461539 26.0 0.98 
1 6 0.08958725315521794 0.073993126337245 0.0 0.0 1.0 1.0 1.0 0.04 0.01 
0 166 0.4459524223135379 0.399247466331145 0.02 0.35 1.0 0.919354838709677 0.959677419354839 62.0 1.65 
1 24 0.030372534777978206 0.0658985378330168 -0.0 0.0 0.972457627118644 0.9978813559322034 0.985169491525424 0.13 0.01 
0 62 0.3724807184521906 0.186240359226095 -0.02 0.27 0.6774193548387096 0.919354838709677 0.798387096774194 31.25 1.84 
1 1 0.9277980308365658 1.27664305854078 0.26 0.8 0.7871396895787139 0.7871396895787139 0.787139689578714 1253.58 1.13 
0 193 -0.0 0.0 -0.0 0.0 0.9346590909090908 0.9829545454545452 0.958806818181818 0.43 0.04 
1 31 -0.0 0.0 0.0 0.0 1.0 1.0 1.0 0.0 0.0 
0 17 0.07155187909197604 0.035775939545988 -0.0 -0.0 1.0 1.0 1.0 0.0 0.0 
1 24 0.16245281571443987 0.14550577947865 -0.01 0.02 0.916083916083916 0.9976689976689976 0.956876456876457 46.4 0.05 
0 76 0.923936856009666 0.803071271378813 -0.07 0.15 0.7278617710583153 0.9546436285097192 0.841252699784017 335.62 0.36 
1 68 0.3269547847215813 0.163477392360791 -0.01 0.01 0.9481865284974093 0.9870466321243522 0.967616580310881 3.79 0.05 
0 243 0.4337626359979511 0.773700210971411 -0.07 0.21 0.9488636363636364 0.9943181818181815 0.971590909090909 374.87 0.99 
1 4 0.8127245415610106 0.428086422879458 0.41 0.59 0.3391521197007481 0.3640897755610973 0.351620947630923 772.17 0.33 
0 27 0.09503011725564632 0.0475150586278232 0.0 -0.0 1.0 1.0 1.0 0.0 0.0 
1 182 -0.0 0.0 -0.0 0.0 1.0 0.7580645161290323 0.879032258064516 0.0 0.0 
0 59 0.36139458154547405 0.180697290772737 -0.0 0.0 0.9602272727272728 0.9971590909090908 0.978693181818182 0.12 0.01 
1 218 0.20297324940653716 0.101486624703269 0.0 -0.0 1.0 1.0 1.0 0.0 0.0 
0 186 0.532506047065826 0.266253023532913 -0.0 0.0 1.0 0.6703786191536748 0.835189309576837 0.0 0.0 
1 614 0.042617471413436414 0.0310799043211172 0.0 0.01 0.837708830548926 0.9928400954653938 0.91527446300716 10.42 0.09 
0 448 0.33711620194815384 0.178623770190467 -0.05 0.01 0.7321814254859611 0.937365010799136 0.834773218142549 5.83 0.12 
1 5 0.04131357294242817 0.0206567864712141 0.29 0.33 0.886153846153846 0.8892307692307693 0.887692307692308 315.12 2.04 
0 166 0.4343460036066953 0.217173001803348 0.0 -0.0 1.0 1.0 1.0 0.0 0.0 
1 19 0.08958725315521794 0.0728697263419105 -0.0 0.0 1.0 0.9972972972972972 0.998648648648649 0.06 0.01 
0 321 0.022083380117043378 0.0110416900585217 0.0 -0.0 1.0 0.981859410430839 0.99092970521542 0.0 0.0 
1 8 0.0947607483566568 0.232756230915289 0.02 0.03 0.9678111587982832 0.9806866952789698 0.974248927038627 84.69 0.27 
0 54 -0.0 0.0 -0.0 0.0 1.0 0.7083333333333334 0.854166666666667 0.0 0.0 
1 8 0.022727473318271005 0.022727473318271 -0.0 0.0 1.0 1.0 1.0 0.0 0.0 
0 45 0.666278442414676 0.666278442414676 0.25 0.67 1.0 1.0 1.0 26.0 0.97 
1 265 0.3742549310896416 0.187127465544821 -0.03 0.02 0.7660668380462725 0.9974293059125964 0.881748071979434 15.62 0.69 
0 232 0.3525425103487513 0.176271255174376 -0.08 0.14 1.0 0.6774193548387096 0.838709677419355 16.57 1.2 
1 75 0.09699169411326156 0.0765719468209323 -0.0 0.0 1.0 0.9972972972972972 0.998648648648649 0.07 0.01 
0 259 -0.0 0.0 -0.0 -0.0 1.0 0.9979591836734693 0.998979591836735 0.0 0.0 
1 12 -0.0 0.0 0.3 0.36 0.8846153846153846 0.8846153846153846 0.884615384615385 26.0 2.14 
0 141 -0.0 0.0 0.01 0.4 0.625 0.7083333333333334 0.666666666666667 16.47 1.91 
1 4 0.7865364435085352 0.401480572353747 0.08 0.13 0.9728506787330315 0.9728506787330315 0.972850678733032 442.51 0.33 
0 285 0.9556998911125344 0.477849945556267 -0.02 0.21 1.0 0.8571428571428571 0.928571428571429 2.92 0.87 
1 1 -0.0 0.0 0.37 0.44 0.16 0.16 0.16 25.0 0.2 
0 280 0.7843037925952074 0.392151896297604 0.0 -0.0 1.0 0.4700460829493088 0.735023041474654 0.0 0.0 
1 9 0.09503011725564632 0.0475150586278232 0.0 -0.0 1.0 1.0 1.0 0.0 0.0 
0 870 -0.0 0.0 0.0 -0.0 1.0 0.6666666666666665 0.833333333333333 0.0 0.0 
1 232 0.08627855491407438 0.0975485355458968 0.0 0.02 0.7084337349397591 0.9927710843373492 0.850602409638554 81.26 0.09 
0 223 0.34883209584303193 0.174416047921516 0.07 0.19 1.0 0.7777777777777779 0.888888888888889 3.94 1.6 
1 43 -0.0 0.0 0.0 0.0 1.0 1.0 1.0 0.0 0.0 
0 417 -0.0 0.0 0.0 0.0 1.0 0.75 0.875 0.0 0.0 
1 49 -0.0 0.0 0.0 0.0 1.0 1.0 1.0 0.0 0.0 
0 88 0.3759341462226489 0.199740356660554 -0.0 0.0 1.0 1.0 1.0 0.11 0.01 
1 23 0.056152199528602974 0.0560873346969132 -0.0 0.0 1.0 0.9972972972972972 0.998648648648649 0.03 0.0 
0 74 0.0 0.0 0.0 0.0 0.0 0.0 0.0 0.0 0.0 
1 316 -0.0 0.0 0.0 0.0 1.0 0.982142857142857 0.991071428571429 0.0 0.0 
0 344 -0.0 0.0 0.0 0.0 1.0 0.9897330595482546 0.994866529774127 0.0 0.0 
1 65 -0.0 0.0 -0.0 -0.0 1.0 0.9958677685950412 0.997933884297521 0.0 0.0 
0 156 0.9242647281309502 0.472122637927656 -0.03 0.01 0.8607954545454547 0.971590909090909 0.916193181818182 7.35 0.04 
1 6 -0.0 0.0 -0.0 -0.0 1.0 0.9936034115138594 0.99680170575693 0.0 0.0 
0 0 0.16066044793984147 0.160660447939841 -0.06 0.0 0.8040089086859687 0.8040089086859687 0.804008908685969 0.0 2.67 
1 86 0.022727473318271005 0.0113637366591355 -0.0 -0.0 1.0 1.0 1.0 0.0 0.0 
0 16 0.08256493803586597 0.222052207965165 0.08 0.08 1.0 1.0 1.0 62.0 0.5 
1 4 0.09503011725564632 0.189490815924107 0.0 0.0 1.0 1.0 1.0 0.06 0.04 
0 190 0.5623351446188082 0.281167572309404 -0.02 0.08 1.0 0.75 0.875 0.89 0.76 
1 33 0.030372534777978206 0.0228364363705995 -0.0 0.0 0.9894067796610168 0.9978813559322034 0.99364406779661 0.04 0.0 
0 219 -0.0 0.0 0.0 0.0 1.0 0.125 0.5625 0.0 0.0 
1 2 0.6846162778013049 0.342308138900652 0.15 0.36 0.8846153846153846 0.8846153846153846 0.884615384615385 26.0 0.82 
0 213 0.34883209584303193 0.174416047921516 0.07 0.19 1.0 0.7777777777777779 0.888888888888889 3.94 1.6 
1 1 0.4811067080592432 0.300596867788392 0.04 0.05 0.9954853273137698 0.9954853273137698 0.99548532731377 895.47 0.16 
0 252 0.40067165339847227 0.311027331657018 0.03 0.11 0.9488636363636364 0.9914772727272728 0.970170454545455 272.46 0.64 
1 13 0.05839899951927197 0.0572755995239375 -0.0 0.0 1.0 0.9972972972972972 0.998648648648649 0.03 0.0 
0 24 0.3222971304395862 0.666838295732437 -0.01 0.04 0.9859154929577466 0.9929577464788734 0.98943661971831 52.89 0.36 
1 2 0.666278442414676 0.666278442414676 0.25 0.67 1.0 1.0 1.0 26.0 0.9 
0 167 0.08919443275684764 0.376755257628577 -0.08 0.02 0.6423690205011389 0.938496583143508 0.790432801822323 42.71 0.11 
1 5 -0.0 0.0 0.3 0.5 0.8008658008658008 0.8008658008658008 0.800865800865801 462.0 2.56 
0 3 -0.0 0.0 -0.0 -0.0 1.0 1.0 1.0 0.0 0.0 
1 3 -0.0 0.0 0.0 0.0 1.0 1.0 1.0 0.0 0.0 
0 44 0.09962338946616205 0.049811694733081 0.04 0.28 0.7580645161290323 0.7903225806451613 0.774193548387097 37.44 2.08 
1 9 0.05602246986522343 0.0448156896337921 0.0 0.0 1.0 1.0 1.0 0.02 0.0 
0 29 0.7906389209809128 0.481655912174759 0.02 0.08 0.9559585492227975 0.9766839378238344 0.966321243523316 206.8 0.16 
1 4 0.01475818629482802 0.00737909314741401 0.01 0.01 1.0 0.9979466119096508 0.998973305954825 487.0 0.19 
0 252 -0.0 0.0 -0.15 0.02 0.6153846153846154 0.8076923076923077 0.711538461538462 0.89 0.45 
1 1 0.05839899951927197 0.0572107346922477 0.0 0.0 1.0 1.0 1.0 0.02 0.0 
0 540 0.015529324822425987 0.575439919518157 -0.07 0.03 0.9494736842105264 0.9663157894736842 0.957894736842105 20.79 0.2 
1 5 0.020830638321723566 0.0104153191608618 0.04 0.04 0.9850746268656718 0.9914712153518124 0.988272921108742 266.27 0.43 
0 209 0.08256493803586597 0.041282469017933 0.0 0.01 1.0 0.6935483870967744 0.846774193548387 0.45 0.12 
1 2 -0.0 0.0 0.39 0.62 0.6935483870967744 0.6935483870967744 0.693548387096774 62.0 2.6 
0 458 -0.0 0.0 -0.0 0.0 1.0 0.625 0.8125 0.0 0.0 
1 61 0.0707680768797802 0.351225226630238 -0.0 0.0 1.0 0.997695852534562 0.998847926267281 3.17 0.0 
0 58 0.6791932659915256 0.339596632995763 0.03 0.11 0.9230769230769232 0.9615384615384615 0.942307692307692 12.48 0.38 
1 14 0.08958725315521794 0.0709314907519506 0.0 0.0 1.0 1.0 1.0 0.04 0.01 
0 253 -0.0 0.0 -0.01 0.01 0.6935483870967744 0.9677419354838708 0.830645161290323 0.91 0.21 
1 5 0.052275728348683194 0.0522757283486832 -0.0 0.0 1.0 1.0 1.0 0.02 0.0 
0 167 -0.0 0.0 -0.0 -0.0 1.0 1.0 1.0 0.0 0.0 
1 35 1.6284102630552857 1.62546092371276 -0.02 0.51 0.7700348432055749 0.9895470383275262 0.879790940766551 325.24 0.19 
0 322 0.048964887966297055 0.0244824439831485 0.0 -0.0 1.0 0.981859410430839 0.99092970521542 0.0 0.0 
1 11 0.02133050528737909 0.0106652526436895 0.1 0.1 0.980392156862745 0.980392156862745 0.980392156862745 459.0 0.82 
0 123 0.4343460036066953 0.217173001803348 0.0 -0.0 1.0 1.0 1.0 0.0 0.0 
1 28 0.6822056867479602 0.602052179998817 0.05 0.2 0.9222462203023758 0.9546436285097192 0.938444924406048 472.98 0.93 
0 326 0.5982695885852573 0.504192953436833 -0.05 0.05 1.0 1.0 1.0 0.47 0.55 
1 14 0.5235346720440665 0.340972621087929 0.32 0.39 0.8666666666666668 0.9 0.883333333333333 30.0 1.75 
0 0 -0.0 0.0 -0.21 0.0 0.6774193548387096 0.6774193548387096 0.67741935483871 0.0 2.56 
1 1 -0.0 0.0 0.39 0.62 0.6935483870967744 0.6935483870967744 0.693548387096774 62.0 2.6 
0 153 0.016294681047229552 0.00814734052361478 -0.0 -0.0 1.0 1.0 1.0 0.0 0.0 
1 34 0.6171448282578021 0.308572414128901 -0.01 0.0 1.0 0.9886363636363636 0.994318181818182 0.88 0.06 
0 300 -0.0 0.0 -0.0 -0.0 1.0 0.9977324263038548 0.998866213151927 0.0 0.0 
1 14 -0.0 0.0 0.33 0.55 0.6774193548387096 0.6935483870967744 0.685483870967742 57.53 2.59 
0 92 -0.0 0.0 0.0 0.0 1.0 1.0 1.0 0.0 0.0 
1 7 0.01652368182171168 0.00826184091085584 0.08 0.08 0.9838709677419354 0.9838709677419354 0.983870967741935 434.0 0.72 
0 77 0.1520053108362029 0.0760026554181015 0.02 0.14 0.6774193548387096 0.919354838709677 0.798387096774194 16.57 1.28 
1 29 0.02253214392080778 0.0197499575531257 -0.0 0.01 0.7156626506024096 0.9975903614457832 0.856626506024096 5.06 0.1 
0 80 0.04567384010078464 0.0228369200503923 -0.0 -0.0 1.0 1.0 1.0 0.0 0.0 
1 3 0.10434878616952079 0.0521743930847604 0.01 0.01 0.9979591836734693 0.9979591836734693 0.997959183673469 490.0 0.11 
0 95 0.15642858719077946 0.705393293099675 0.09 0.33 0.9113475177304966 0.918439716312057 0.914893617021277 409.14 0.9 
1 3 -0.0 0.0 0.0 0.0 1.0 1.0 1.0 0.0 0.0 
0 54 0.2835478929710348 0.141773946485517 -0.0 0.0 1.0 0.9838709677419354 0.991935483870968 0.0 0.0 
1 127 -0.0 0.0 0.11 0.46 0.5384615384615384 0.6153846153846154 0.576923076923077 18.96 1.68 
0 7 0.7691223805667942 0.752159856736577 0.64 0.89 0.5428571428571428 0.5857142857142859 0.564285714285714 117.07 1.14 
1 20 0.8156295932307395 0.487087993037894 -0.0 0.08 0.7484662576687117 0.9785276073619632 0.863496932515337 53.37 0.31 
0 67 0.9556998911125344 1.15374194270109 -0.07 0.96 1.0 1.0 1.0 14.0 0.27 
