1 4 -0.0 0.0 0.31 0.55 0.7580645161290323 0.7580645161290323 0.758064516129032 62.0 2.49 
0 19 -0.0 0.0 0.0 0.0 1.0 1.0 1.0 0.0 0.0 
1 34 0.6171448282578021 0.308572414128901 -0.01 0.0 1.0 0.9886363636363636 0.994318181818182 0.88 0.06 
0 174 -0.0 0.0 -0.0 0.0 1.0 0.7580645161290323 0.879032258064516 0.0 0.0 
1 2 -0.0 0.0 0.39 0.62 0.6935483870967744 0.6935483870967744 0.693548387096774 62.0 2.6 
0 174 0.07915888226942422 0.0395794411347121 -0.0 0.0 0.9749430523917996 0.9954441913439636 0.985193621867882 0.08 0.01 
1 5 -0.0 0.0 0.06 0.41 0.8571428571428571 0.8571428571428571 0.857142857142857 7.0 2.49 
0 174 0.9556998911125344 1.01734604949506 -0.08 0.68 1.0 1.0 1.0 7.0 0.58 
1 49 -0.0 0.0 0.0 0.0 1.0 1.0 1.0 0.0 0.0 
0 386 0.33711620194815384 0.232931643088594 -0.02 0.03 0.937365010799136 0.9524838012958964 0.944924406047516 49.5 0.07 
1 4 -0.0 0.0 0.0 0.0 1.0 1.0 1.0 0.0 0.0 
0 282 0.6829081047004717 0.341454052350236 -0.1 0.33 1.0 0.28571428571428564 0.642857142857143 3.73 0.39 
1 12 -0.0 0.0 0.3 0.36 0.8846153846153846 0.8846153846153846 0.884615384615385 26.0 2.14 
0 22 0.17449997006024281 0.0872499850301214 0.02 0.02 0.9876796714579056 0.9897330595482546 0.98870636550308 159.82 0.24 
1 8 0.0947607483566568 0.232756230915289 0.02 0.03 0.9678111587982832 0.9806866952789698 0.974248927038627 84.69 0.27 
0 243 -0.0 0.0 -0.0 -0.0 1.0 1.0 1.0 0.0 0.0 
1 4 0.0947607483566568 0.0769695270739669 0.09 0.1 0.9806866952789698 0.982832618025751 0.981759656652361 445.71 0.81 
0 13 -0.0 0.0 0.12 0.37 0.7580645161290323 0.8064516129032256 0.782258064516129 46.62 2.14 
1 148 0.8156295932307395 0.74694740234885 0.07 0.48 0.7484662576687117 0.8558282208588956 0.802147239263804 285.8 0.83 
0 369 0.022596852566469688 0.0112984262832349 -0.0 0.0 0.9932885906040269 0.9966442953020132 0.99496644295302 0.01 0.0 
1 11 0.02133050528737909 0.0106652526436895 0.1 0.1 0.980392156862745 0.980392156862745 0.980392156862745 459.0 0.82 
0 503 -0.0 0.0 -0.0 0.0 0.984126984126984 0.9931972789115646 0.988662131519274 0.05 0.01 
1 13 0.05839899951927197 0.0572755995239375 -0.0 0.0 1.0 0.9972972972972972 0.998648648648649 0.03 0.0 
0 29 0.3624983754468393 0.863846053368655 -0.06 0.07 0.8538135593220338 0.9978813559322034 0.925847457627119 65.83 0.13 
1 265 0.3742549310896416 0.187127465544821 -0.03 0.02 0.7660668380462725 0.9974293059125964 0.881748071979434 15.62 0.69 
0 95 0.15642858719077946 0.705393293099675 0.09 0.33 0.9113475177304966 0.918439716312057 0.914893617021277 409.14 0.9 
1 4 0.09503011725564632 0.189490815924107 0.0 0.0 1.0 1.0 1.0 0.06 0.04 
0 27 0.021722254678851236 0.0108611273394256 -0.0 -0.0 1.0 0.9402985074626864 0.970149253731343 0.0 0.0 
1 4 0.7865364435085352 0.401480572353747 0.08 0.13 0.9728506787330315 0.9728506787330315 0.972850678733032 442.51 0.33 
0 570 0.6108643020548936 0.384637436093342 -0.07 0.11 0.6666666666666665 0.9 0.783333333333333 5.27 0.61 
1 24 0.16245281571443987 0.14550577947865 -0.01 0.02 0.916083916083916 0.9976689976689976 0.956876456876457 46.4 0.05 
0 955 -0.0 0.0 0.0 -0.0 1.0 0.5555555555555555 0.777777777777778 0.0 0.0 
1 2 0.0251440699125892 0.0125720349562946 0.53 0.63 0.6761658031088082 0.6761658031088082 0.676165803108808 386.0 2.33 
0 208 -0.0 0.0 -0.03 0.04 0.125 0.75 0.4375 0.38 0.07 
1 14 -0.0 0.0 0.33 0.55 0.6774193548387096 0.6935483870967744 0.685483870967742 57.53 2.59 
0 1 -0.0 0.0 0.0 0.0 1.0 1.0 1.0 0.0 0.0 
1 3 -0.0 0.0 0.0 0.0 1.0 1.0 1.0 0.0 0.0 
0 312 -0.0 0.0 0.0 0.0 1.0 1.0 1.0 0.0 0.0 
1 3 -0.0 0.0 0.0 0.0 1.0 1.0 1.0 0.0 0.0 
0 277 -0.0 0.0 -0.1 0.19 0.3076923076923077 0.6153846153846154 0.461538461538462 7.22 0.65 
1 5 0.04131357294242817 0.0206567864712141 0.29 0.33 0.886153846153846 0.8892307692307693 0.887692307692308 315.12 2.04 
0 142 0.0707680768797802 0.0436458793507459 -0.0 0.0 0.9838709677419354 0.997695852534562 0.990783410138249 0.11 0.01 
1 5 0.020830638321723566 0.0104153191608618 0.04 0.04 0.9850746268656718 0.9914712153518124 0.988272921108742 266.27 0.43 
0 219 1.2735191512053137 0.700170106728535 0.01 0.16 0.8997214484679666 0.927576601671309 0.913649025069638 430.33 0.24 
1 86 0.022727473318271005 0.0113637366591355 -0.0 -0.0 1.0 1.0 1.0 0.0 0.0 
0 87 0.05541603260088809 0.043381785713003 -0.0 0.0 1.0 1.0 1.0 0.02 0.0 
1 723 0.1725612331626618 0.0862806165813309 -0.07 0.05 0.4568421052631578 0.9578947368421052 0.707368421052632 33.9 0.06 
0 239 0.01607235879964646 0.00803617939982323 -0.0 0.0 0.9909706546275394 0.9954853273137698 0.993227990970655 0.03 0.0 
1 1 -0.0 0.0 0.37 0.44 0.16 0.16 0.16 25.0 0.2 
0 49 0.6010115243783676 0.585109610104457 -0.14 0.08 1.0 0.9951807228915664 0.997590361445783 42.67 0.81 
1 226 0.6171448282578021 0.580437337832493 0.03 0.32 1.0 0.8835227272727273 0.941761363636364 378.52 1.7 
0 52 0.41011631828840894 0.205058159144204 -0.14 0.05 1.0 0.28571428571428564 0.642857142857143 0.47 0.51 
1 14 0.5235346720440665 0.340972621087929 0.32 0.39 0.8666666666666668 0.9 0.883333333333333 30.0 1.75 
0 214 -0.0 0.0 -0.0 -0.0 1.0 1.0 1.0 0.0 0.0 
1 2 0.09699169411326156 0.0746337112309724 -0.0 0.0 1.0 1.0 1.0 0.05 0.01 
0 50 0.5456891633476865 0.272844581673843 0.03 0.34 0.6774193548387096 0.8870967741935483 0.782258064516129 38.05 2.13 
1 3 -0.0 0.0 0.0 0.0 1.0 1.0 1.0 0.0 0.0 
0 140 0.40067165339847227 0.210251904582381 0.01 0.03 0.9801136363636364 0.9914772727272728 0.985795454545455 77.75 0.29 
1 20 0.8156295932307395 0.487087993037894 -0.0 0.08 0.7484662576687117 0.9785276073619632 0.863496932515337 53.37 0.31 
0 67 -0.0 0.0 0.22 0.29 0.9166666666666664 0.9166666666666664 0.916666666666667 24.0 1.86 
1 3 0.0740225961475812 0.128824279468757 0.41 0.69 0.5590551181102362 0.5748031496062993 0.566929133858268 381.05 2.38 
0 9 0.0 0.0 0.0 0.0 0.0 0.0 0.0 0.0 0.0 
1 18 0.5235346720440665 0.340972621087929 0.32 0.39 0.8666666666666668 0.9 0.883333333333333 30.0 1.75 
0 749 -0.0 0.0 0.0 -0.0 1.0 0.5555555555555555 0.777777777777778 0.0 0.0 
1 127 -0.0 0.0 0.11 0.46 0.5384615384615384 0.6153846153846154 0.576923076923077 18.96 1.68 
0 1 0.7351973329063588 0.42844486779221 0.64 0.76 0.5428571428571428 0.5428571428571428 0.542857142857143 140.0 1.01 
1 47 -0.0 0.0 -0.0 0.0 1.0 0.6153846153846154 0.807692307692308 0.0 0.0 
0 102 0.4459524223135379 0.222976211156769 -0.0 0.0 1.0 0.919354838709677 0.959677419354839 0.0 0.0 
1 8 -0.0 0.0 0.12 0.12 0.9568034557235422 0.9676025917926566 0.962203023758099 343.37 1.04 
0 62 0.3724807184521906 0.186240359226095 -0.02 0.27 0.6774193548387096 0.919354838709677 0.798387096774194 31.25 1.84 
1 68 0.3269547847215813 0.163477392360791 -0.01 0.01 0.9481865284974093 0.9870466321243522 0.967616580310881 3.79 0.05 
0 356 0.1262292684225393 0.115341449653287 -0.01 0.01 0.5925110132158591 0.9977973568281938 0.795154185022027 7.43 0.19 
1 345 -0.0 0.0 -0.06 0.16 0.6774193548387096 0.7580645161290323 0.717741935483871 20.64 1.46 
0 171 -0.0 0.0 -0.0 -0.0 1.0 0.9966442953020132 0.998322147651007 0.0 0.0 
1 122 0.04915006684960595 0.024575033424803 0.0 0.01 0.868995633187773 0.9956331877729256 0.932314410480349 13.32 0.14 
0 337 -0.0 0.0 0.0 0.0 1.0 0.9956331877729256 0.997816593886463 0.0 0.0 
1 5 -0.0 0.0 0.3 0.5 0.8008658008658008 0.8008658008658008 0.800865800865801 462.0 2.56 
0 209 0.6128854801054902 0.334329138158666 -0.07 0.02 0.7349397590361446 0.9686746987951808 0.851807228915663 10.58 0.18 
1 1 -0.0 0.0 0.39 0.62 0.6935483870967744 0.6935483870967744 0.693548387096774 62.0 2.6 
0 216 0.6829081047004717 0.674593273557574 0.02 0.57 1.0 0.8076923076923077 0.903846153846154 22.62 0.11 
1 218 0.20297324940653716 0.101486624703269 0.0 -0.0 1.0 1.0 1.0 0.0 0.0 
0 124 0.6791932659915256 0.339596632995763 -0.07 0.14 0.8076923076923077 0.9230769230769232 0.865384615384615 9.17 0.4 
1 1 -0.0 0.0 0.19 0.69 0.5555555555555555 0.5555555555555555 0.555555555555556 9.0 1.98 
0 139 0.6829081047004717 0.681050685345999 0.03 0.7 0.8076923076923077 0.9230769230769232 0.865384615384615 32.09 0.44 
1 4 0.5297061990576545 0.439269147450343 -0.1 0.03 1.0 1.0 1.0 0.32 0.45 
0 166 -0.0 0.0 -0.0 0.0 1.0 0.6935483870967744 0.846774193548387 0.0 0.0 
1 5 -0.0 0.0 0.07 0.08 0.9854771784232365 0.9854771784232365 0.985477178423237 482.0 0.65 
0 383 0.6622618696488148 0.342904218373637 -0.01 0.0 1.0 0.8723404255319149 0.936170212765957 0.35 0.03 
1 65 -0.0 0.0 -0.0 -0.0 1.0 0.9958677685950412 0.997933884297521 0.0 0.0 
0 61 -0.0 0.0 0.04 0.1 0.6935483870967744 0.919354838709677 0.806451612903226 12.31 0.96 
1 614 0.042617471413436414 0.0310799043211172 0.0 0.01 0.837708830548926 0.9928400954653938 0.91527446300716 10.42 0.09 
0 507 -0.0 0.0 -0.0 0.0 0.984126984126984 0.9931972789115646 0.988662131519274 0.05 0.01 
1 3 -0.0 0.0 0.0 0.0 1.0 1.0 1.0 0.0 0.0 
0 49 0.42803573449734306 0.214017867248672 -0.0 -0.0 1.0 1.0 1.0 0.0 0.0 
1 8 0.022727473318271005 0.022727473318271 -0.0 0.0 1.0 1.0 1.0 0.0 0.0 
0 56 0.6171448282578021 0.308572414128901 -0.01 0.0 1.0 0.9829545454545452 0.991477272727273 1.33 0.09 
1 3 0.6601647680850746 0.591011175434611 0.13 0.3 0.8594470046082949 0.919354838709677 0.889400921658986 970.62 1.21 
0 301 0.36829683274766406 0.184148416373832 -0.11 0.19 0.7580645161290323 0.9354838709677415 0.846774193548387 24.98 1.33 
1 2 0.666278442414676 0.666278442414676 0.25 0.67 1.0 1.0 1.0 26.0 0.9 
0 193 0.905891303418349 0.464718935258404 -0.12 0.01 0.6423690205011389 0.990888382687927 0.816628701594533 10.5 0.13 
1 23 0.056152199528602974 0.0560873346969132 -0.0 0.0 1.0 0.9972972972972972 0.998648648648649 0.03 0.0 
0 140 -0.0 0.0 -0.0 -0.0 1.0 1.0 1.0 0.0 0.0 
1 35 1.6284102630552857 1.62546092371276 -0.02 0.51 0.7700348432055749 0.9895470383275262 0.879790940766551 325.24 0.19 
0 140 0.4319626568589969 0.215981328429498 -0.0 -0.0 1.0 0.9914712153518124 0.995735607675906 0.0 0.0 
1 7 0.09908391604753189 0.0495419580237659 0.04 0.04 0.9850746268656718 0.9914712153518124 0.988272921108742 266.27 0.37 
0 148 0.016359415015602636 0.00817970750780132 0.0 0.0 1.0 0.9621380846325168 0.981069042316258 0.0 0.0 
1 1 0.05839899951927197 0.0572107346922477 0.0 0.0 1.0 1.0 1.0 0.02 0.0 
0 1 -0.0 0.0 0.42 0.63 0.6774193548387096 0.6774193548387096 0.67741935483871 62.0 2.56 
1 43 -0.0 0.0 0.0 0.0 1.0 1.0 1.0 0.0 0.0 
0 35 0.0686896972073366 0.0430453551645044 0.07 0.09 0.9686746987951808 0.983132530120482 0.975903614457831 284.49 0.79 
1 1 0.4811067080592432 0.300596867788392 0.04 0.05 0.9954853273137698 0.9954853273137698 0.99548532731377 895.47 0.16 
0 93 1.6225115843702278 1.5615227845552 0.17 0.66 1.0 0.9895470383275262 0.994773519163763 829.59 1.01 
1 362 -0.0 0.0 -0.06 0.16 0.6774193548387096 0.7580645161290323 0.717741935483871 20.64 1.46 
0 1024 0.8605892830185917 0.649888512414632 -0.03 0.03 1.0 0.9765807962529272 0.988290398126464 21.96 0.27 
1 316 -0.0 0.0 0.0 0.0 1.0 0.982142857142857 0.991071428571429 0.0 0.0 
0 203 0.21168754464631545 0.105843772323158 -0.01 0.0 0.8870967741935483 0.9838709677419354 0.935483870967742 0.2 0.08 
1 28 0.6822056867479602 0.602052179998817 0.05 0.2 0.9222462203023758 0.9546436285097192 0.938444924406048 472.98 0.93 
0 218 0.01475818629482802 0.014758186294828 -0.0 0.0 1.0 1.0 1.0 0.0 0.0 
1 9 0.05602246986522343 0.0541490991069533 0.0 0.0 1.0 1.0 1.0 0.02 0.0 
0 57 0.3137721658384326 0.243949914045773 -0.01 0.01 1.0 0.9751693002257336 0.987584650112867 2.51 0.15 
1 14 0.08958725315521794 0.0709314907519506 0.0 0.0 1.0 1.0 1.0 0.04 0.01 
0 4 -0.0 0.0 -0.0 -0.0 1.0 1.0 1.0 0.0 0.0 
1 232 0.08627855491407438 0.0975485355458968 0.0 0.02 0.7084337349397591 0.9927710843373492 0.850602409638554 81.26 0.09 
0 276 -0.0 0.0 -0.15 0.0 0.3 0.6 0.45 0.08 0.1 
1 31 -0.0 0.0 0.0 0.0 1.0 1.0 1.0 0.0 0.0 
0 321 -0.0 0.0 0.0 0.0 1.0 1.0 1.0 0.0 0.0 
1 19 0.08958725315521794 0.0728697263419105 -0.0 0.0 1.0 0.9972972972972972 0.998648648648649 0.06 0.01 
0 4 -0.0 0.0 -0.0 -0.0 1.0 1.0 1.0 0.0 0.0 
1 6 -0.0 0.0 -0.0 -0.0 1.0 1.0 1.0 0.0 0.0 
0 23 0.04471414230227957 0.0223570711511398 -0.0 -0.0 1.0 0.9977578475336322 0.998878923766816 0.0 0.0 
1 182 -0.0 0.0 -0.0 0.0 1.0 0.7580645161290323 0.879032258064516 0.0 0.0 
0 68 0.1896831364389792 0.0948415682194896 0.0 -0.0 1.0 1.0 1.0 0.0 0.0 
1 3 0.43686973210547814 0.270464027731018 0.04 0.05 1.0 0.940936863543788 0.970468431771894 144.91 0.55 
0 211 0.11535314284078033 0.0576765714203902 0.0 -0.0 1.0 0.8920187793427231 0.946009389671361 0.0 0.0 
1 240 0.8547011249697178 0.427350562484859 -0.02 0.0 0.9795918367346939 0.982142857142857 0.980867346938775 1.6 0.02 
0 22 -0.0 0.0 -0.0 -0.0 1.0 1.0 1.0 0.0 0.0 
1 179 1.7983316181241153 0.899165809062058 0.0 -0.0 1.0 0.9628099173553722 0.981404958677686 0.0 0.0 
0 46 0.8605109656798593 0.440321152056319 0.02 0.12 0.7321814254859611 0.9287257019438444 0.830453563714903 108.37 0.34 
1 4 0.7865364435085352 0.393268221754268 0.09 0.12 0.9728506787330315 0.9728506787330315 0.972850678733032 442.0 0.36 
0 19 0.4459524223135379 0.328819983479927 -0.0 0.14 0.8870967741935483 0.919354838709677 0.903225806451613 26.41 0.6 
1 3 -0.0 0.0 -0.0 -0.0 1.0 1.0 1.0 0.0 0.0 
0 807 -0.0 0.0 0.0 -0.0 1.0 0.5555555555555555 0.777777777777778 0.0 0.0 
1 5 0.052275728348683194 0.0522757283486832 -0.0 0.0 1.0 1.0 1.0 0.02 0.0 
0 32 0.01475818629482802 0.014758186294828 0.01 0.01 1.0 1.0 1.0 487.0 0.17 
1 3 -0.0 0.0 -0.0 -0.0 1.0 1.0 1.0 0.0 0.0 
0 175 0.4337626359979511 0.216881317998976 -0.01 0.0 0.9488636363636364 0.9829545454545452 0.965909090909091 1.15 0.09 
1 33 0.030372534777978206 0.0228364363705995 -0.0 0.0 0.9894067796610168 0.9978813559322034 0.99364406779661 0.04 0.0 
0 150 0.01789792517672371 0.00894896258836186 -0.0 0.0 1.0 0.9948586118251928 0.997429305912596 0.01 0.0 
1 6 0.08958725315521794 0.073993126337245 0.0 0.0 1.0 1.0 1.0 0.04 0.01 
0 104 0.08374922647357731 0.0418746132367886 0.0 0.0 1.0 1.0 1.0 0.0 0.0 
1 42 0.017626642729371575 0.00881332136468579 0.18 0.25 0.9252336448598132 0.9275700934579442 0.926401869158878 413.58 1.81 
0 4 0.4811067080592432 0.33886176389392 -0.02 0.1 0.26636568848758463 0.9954853273137698 0.630925507900677 100.18 0.35 
1 94 0.09165764788996307 0.0699766348366203 -0.0 0.0 1.0 0.9818181818181818 0.990909090909091 0.1 0.01 
0 60 0.698012279019083 0.349006139509542 -0.0 0.0 0.9710843373493978 0.9951807228915664 0.983132530120482 0.74 0.04 
1 29 0.02253214392080778 0.0197499575531257 -0.0 0.01 0.7156626506024096 0.9975903614457832 0.856626506024096 5.06 0.1 
0 71 -0.0 0.0 0.0 0.0 1.0 0.9583333333333331 0.979166666666667 0.0 0.0 
1 4 0.6895519477750732 0.344775973887537 0.0 -0.0 1.0 1.0 1.0 0.0 0.0 
0 7 0.4459524223135379 0.409216570382864 0.2 0.62 0.919354838709677 0.919354838709677 0.919354838709677 124.0 2.52 
1 8 0.016424701198958662 0.00821235059947933 0.12 0.12 0.9728506787330315 0.9728506787330315 0.972850678733032 442.0 1.0 
0 14 0.08446800922974265 0.0530951319542969 0.01 0.02 0.9402985074626864 0.9872068230277184 0.963752665245203 40.13 0.24 
1 75 0.09699169411326156 0.0765719468209323 -0.0 0.0 1.0 0.9972972972972972 0.998648648648649 0.07 0.01 
0 8 0.5982695885852573 0.299134794292629 0.0 0.0 1.0 1.0 1.0 0.0 0.0 
1 336 -0.0 0.0 -0.1 0.14 0.6774193548387096 0.8064516129032256 0.741935483870968 17.76 1.34 
0 41 0.01944773452386289 0.600518988843425 0.02 0.15 0.7624190064794816 0.9913606911447084 0.876889848812095 150.91 0.44 
1 10 -0.0 0.0 0.33 0.55 0.6774193548387096 0.6935483870967744 0.685483870967742 57.53 2.49 
0 50 0.5982695885852573 0.299134794292629 0.0 0.0 1.0 1.0 1.0 0.0 0.0 
1 16 -0.0 0.0 0.33 0.55 0.6774193548387096 0.6935483870967744 0.685483870967742 57.53 2.39 
0 188 0.05962207336054544 0.10525161065439 -0.01 0.01 1.0 0.5704845814977972 0.785242290748899 4.29 0.01 
1 61 0.0707680768797802 0.351225226630238 -0.0 0.0 1.0 0.997695852534562 0.998847926267281 3.17 0.0 
0 77 0.0736270203725944 0.0547646224897353 -0.01 0.0 0.4384449244060475 0.9956803455723539 0.717062634989201 1.57 0.03 
1 25 0.8720635602136072 0.444515665699525 -0.01 0.0 0.2385542168674699 0.9975903614457832 0.618072289156626 0.63 0.0 
0 10 0.7569669131450216 0.671389123614502 0.1 0.39 1.0 1.0 1.0 504.85 2.44 
1 270 0.08807751896196665 0.451853556096353 -0.01 0.04 0.7484662576687117 0.9846625766871167 0.866564417177914 30.7 0.2 
0 73 0.5888260677823122 0.313338803946062 -0.02 0.02 0.7607361963190185 0.9846625766871167 0.872699386503067 17.06 0.23 
1 7 0.01652368182171168 0.00826184091085584 0.08 0.08 0.9838709677419354 0.9838709677419354 0.983870967741935 434.0 0.72 
0 107 1.351783994289646 1.21538810108361 0.2 1.08 1.0 1.0 1.0 14.0 0.11 
1 3 0.10434878616952079 0.0521743930847604 0.01 0.01 0.9979591836734693 0.9979591836734693 0.997959183673469 490.0 0.11 
0 170 0.029219653025344208 0.0226932471612001 0.01 0.01 0.9954441913439636 0.9977220956719816 0.996583143507973 219.0 0.13 
1 154 0.7244657079537894 0.362232853976895 0.0 -0.0 1.0 0.3264462809917356 0.663223140495868 0.0 0.0 
0 40 0.07155187909197604 0.270537948193458 0.0 0.02 1.0 1.0 1.0 22.61 0.28 
1 22 -0.0 0.0 0.31 0.55 0.7580645161290323 0.7580645161290323 0.758064516129032 62.0 2.49 
0 36 -0.0 0.0 -0.0 -0.0 1.0 1.0 1.0 0.0 0.0 
1 24 0.030372534777978206 0.0658985378330168 -0.0 0.0 0.972457627118644 0.9978813559322034 0.985169491525424 0.13 0.01 
0 221 0.5906061822440456 0.970302846986134 0.03 0.38 0.8352272727272727 0.9602272727272728 0.897727272727273 487.94 0.9 
1 2 0.6846162778013049 0.342308138900652 0.15 0.36 0.8846153846153846 0.8846153846153846 0.884615384615385 26.0 0.82 
0 135 0.2489102793527851 0.696645341693559 -0.02 0.2 0.875 0.9971590909090908 0.936079545454545 220.42 0.69 
1 1 0.9277980308365658 1.27664305854078 0.26 0.8 0.7871396895787139 0.7871396895787139 0.787139689578714 1253.58 1.13 
0 122 0.6681369026482501 0.663330052251304 -0.14 0.09 0.9676025917926566 0.9935205183585314 0.980561555075594 67.18 0.04 
1 1 0.07093518297335139 0.0616054556610173 0.0 0.0 1.0 1.0 1.0 0.03 0.0 
0 366 0.928529239598717 0.464264619799359 0.0 -0.0 1.0 0.7114093959731543 0.855704697986577 0.0 0.0 
1 6 -0.0 0.0 -0.0 -0.0 1.0 0.9936034115138594 0.99680170575693 0.0 0.0 
0 45 0.020953288812648903 0.0202005116682559 0.01 0.02 0.7624190064794816 0.9913606911447084 0.876889848812095 16.06 0.23 
1 4 0.8127245415610106 0.428086422879458 0.41 0.59 0.3391521197007481 0.3640897755610973 0.351620947630923 772.17 0.33 
0 331 1.2770342594661392 0.63851712973307 -0.0 0.0 1.0 1.0 1.0 0.0 0.0 
1 2 0.06894930739780505 0.15777508018186 0.26 0.3 0.9182389937106918 0.9266247379454928 0.922431865828092 1350.0 2.0 
0 100 0.7569669131450216 0.378483456572511 -0.0 0.0 1.0 0.9971590909090908 0.998579545454545 0.24 0.03 
1 2 -0.0 0.0 0.47 0.64 0.33333333333333326 0.33333333333333326 0.333333333333333 30.0 0.94 
0 163 0.7558148632822626 0.385286524788545 -0.0 0.0 1.0 0.9897330595482546 0.994866529774127 0.33 0.02 
1 9 0.09503011725564632 0.0475150586278232 0.0 -0.0 1.0 1.0 1.0 0.0 0.0 
0 39 0.666278442414676 0.666278442414676 0.25 0.67 1.0 1.0 1.0 26.0 0.9 
