1 3 0.10434878616952079 0.0521743930847604 0.01 0.01 0.9979591836734693 0.9979591836734693 0.997959183673469 490.0 0.11 
0 77 0.5858113340839818 0.292905667041991 -0.01 0.0 1.0 0.9829545454545452 0.991477272727273 1.06 0.08 
1 9 0.05602246986522343 0.0541490991069533 0.0 0.0 1.0 1.0 1.0 0.02 0.0 
0 89 0.6878717657035625 0.351557989367609 -0.0 0.0 1.0 0.997867803837953 0.998933901918976 1.5 0.02 
1 4 0.7865364435085352 0.393268221754268 0.09 0.12 0.9728506787330315 0.9728506787330315 0.972850678733032 442.0 0.36 
0 15 -0.0 0.0 0.05 0.05 0.9829545454545452 0.9886363636363636 0.985795454545455 233.32 0.64 
1 5 -0.0 0.0 0.3 0.5 0.8008658008658008 0.8008658008658008 0.800865800865801 462.0 2.56 
0 75 0.9556998911125344 0.477849945556267 -0.0 0.0 1.0 1.0 1.0 0.0 0.0 
1 2 0.666278442414676 0.666278442414676 0.25 0.67 1.0 1.0 1.0 26.0 0.9 
0 182 0.08256493803586597 0.225430885391765 -0.0 0.0 1.0 0.9354838709677415 0.967741935483871 0.22 0.08 
1 1 0.9277980308365658 1.27664305854078 0.26 0.8 0.7871396895787139 0.7871396895787139 0.787139689578714 1253.58 1.13 
0 276 0.42803573449734306 0.214017867248672 -0.0 -0.0 1.0 1.0 1.0 0.0 0.0 
1 68 0.3269547847215813 0.163477392360791 -0.01 0.01 0.9481865284974093 0.9870466321243522 0.967616580310881 3.79 0.05 
0 20 0.030372534777978206 0.0227666899680668 -0.0 0.0 1.0 0.9978813559322034 0.998940677966102 0.01 0.0 
1 8 0.016424701198958662 0.00821235059947933 0.12 0.12 0.9728506787330315 0.9728506787330315 0.972850678733032 442.0 1.0 
0 6 -0.0 0.0 0.47 0.64 0.33333333333333326 0.33333333333333326 0.333333333333333 30.0 0.94 
1 3 0.43686973210547814 0.270464027731018 0.04 0.05 1.0 0.940936863543788 0.970468431771894 144.91 0.55 
0 134 1.3499995117282224 0.674999755864111 0.0 0.0 0.8352272727272727 0.9971590909090908 0.916193181818182 4.43 0.02 
1 270 0.08807751896196665 0.451853556096353 -0.01 0.04 0.7484662576687117 0.9846625766871167 0.866564417177914 30.7 0.2 
0 460 -0.0 0.0 -0.0 -0.0 1.0 1.0 1.0 0.0 0.0 
1 3 0.0740225961475812 0.128824279468757 0.41 0.69 0.5590551181102362 0.5748031496062993 0.566929133858268 381.05 2.38 
0 349 -0.0 0.0 0.0 -0.0 1.0 0.984126984126984 0.992063492063492 0.0 0.0 
1 75 0.09699169411326156 0.0765719468209323 -0.0 0.0 1.0 0.9972972972972972 0.998648648648649 0.07 0.01 
0 244 1.078992207877583 0.539496103938792 -0.0 0.0 1.0 1.0 1.0 0.0 0.0 
1 35 1.6284102630552857 1.62546092371276 -0.02 0.51 0.7700348432055749 0.9895470383275262 0.879790940766551 325.24 0.19 
0 111 -0.0 0.0 0.0 0.0 1.0 0.9954853273137698 0.997742663656885 0.0 0.0 
1 33 0.030372534777978206 0.0228364363705995 -0.0 0.0 0.9894067796610168 0.9978813559322034 0.99364406779661 0.04 0.0 
0 162 -0.0 0.0 -0.0 0.0 1.0 0.6774193548387096 0.838709677419355 0.0 0.0 
1 1 -0.0 0.0 0.39 0.62 0.6935483870967744 0.6935483870967744 0.693548387096774 62.0 2.6 
0 310 0.666278442414676 0.333139221207338 -0.1 0.19 1.0 0.3076923076923077 0.653846153846154 7.22 0.31 
1 2 0.09699169411326156 0.0746337112309724 -0.0 0.0 1.0 1.0 1.0 0.05 0.01 
0 173 0.08962131424171335 0.47710989219233 0.0 0.17 1.0 0.7206823027718549 0.860341151385927 546.94 0.83 
1 16 -0.0 0.0 0.33 0.55 0.6774193548387096 0.6935483870967744 0.685483870967742 57.53 2.39 
0 1189 -0.0 0.0 0.0 -0.0 1.0 0.5555555555555555 0.777777777777778 0.0 0.0 
1 4 0.7865364435085352 0.401480572353747 0.08 0.13 0.9728506787330315 0.9728506787330315 0.972850678733032 442.51 0.33 
0 48 0.923936856009666 0.72291776462967 -0.04 0.24 0.7278617710583153 0.9222462203023758 0.825053995680346 484.12 0.54 
1 4 0.6895519477750732 0.344775973887537 0.0 -0.0 1.0 1.0 1.0 0.0 0.0 
0 119 0.08374922647357731 0.145332982161262 -0.01 0.01 1.0 0.5249343832020997 0.76246719160105 5.43 0.07 
1 42 0.017626642729371575 0.00881332136468579 0.18 0.25 0.9252336448598132 0.9275700934579442 0.926401869158878 413.58 1.81 
0 276 -0.0 0.0 -0.0 -0.0 1.0 1.0 1.0 0.0 0.0 
1 232 0.08627855491407438 0.0975485355458968 0.0 0.02 0.7084337349397591 0.9927710843373492 0.850602409638554 81.26 0.09 
0 352 -0.0 0.0 -0.06 0.18 0.6935483870967744 0.7580645161290323 0.725806451612903 22.68 1.66 
1 86 0.022727473318271005 0.0113637366591355 -0.0 -0.0 1.0 1.0 1.0 0.0 0.0 
0 89 -0.0 0.0 0.0 0.0 1.0 0.9838709677419354 0.991935483870968 0.0 0.0 
1 49 -0.0 0.0 0.0 0.0 1.0 1.0 1.0 0.0 0.0 
0 21 0.3563409206018685 0.178170460300934 -0.02 0.05 0.919354838709677 0.9838709677419354 0.951612903225806 12.22 0.53 
1 240 0.8547011249697178 0.427350562484859 -0.02 0.0 0.9795918367346939 0.982142857142857 0.980867346938775 1.6 0.02 
0 459 0.26345598632800776 0.259793563361735 -0.06 0.03 0.6400911161731208 0.9817767653758542 0.810933940774488 19.93 0.05 
1 2 0.0251440699125892 0.0125720349562946 0.53 0.63 0.6761658031088082 0.6761658031088082 0.676165803108808 386.0 2.33 
0 128 -0.0 0.0 -0.0 0.0 1.0 0.6935483870967744 0.846774193548387 0.0 0.0 
1 4 0.0947607483566568 0.0769695270739669 0.09 0.1 0.9806866952789698 0.982832618025751 0.981759656652361 445.71 0.81 
0 120 0.6668211267142973 0.62631623039914 0.07 0.44 1.0 0.8835227272727273 0.941761363636364 757.47 1.56 
1 4 0.09503011725564632 0.189490815924107 0.0 0.0 1.0 1.0 1.0 0.06 0.04 
0 363 -0.0 0.0 -0.06 0.16 0.6774193548387096 0.7580645161290323 0.717741935483871 20.64 1.57 
1 1 0.07093518297335139 0.0616054556610173 0.0 0.0 1.0 1.0 1.0 0.03 0.0 
0 686 0.937464383416628 0.839644428717282 0.03 0.58 0.7726315789473683 0.96 0.866315789473684 431.17 0.07 
1 14 0.5235346720440665 0.340972621087929 0.32 0.39 0.8666666666666668 0.9 0.883333333333333 30.0 1.75 
0 302 0.3724807184521906 0.186240359226095 -0.11 0.2 0.7580645161290323 0.919354838709677 0.838709677419355 26.67 1.59 
1 179 1.7983316181241153 0.899165809062058 0.0 -0.0 1.0 0.9628099173553722 0.981404958677686 0.0 0.0 
0 28 0.16403524764720048 0.134192016908361 0.01 0.01 0.9959183673469388 0.9979591836734693 0.996938775510204 244.82 0.05 
1 3 0.6601647680850746 0.591011175434611 0.13 0.3 0.8594470046082949 0.919354838709677 0.889400921658986 970.62 1.21 
0 383 0.6791932659915256 0.339596632995763 -0.16 0.15 0.34615384615384615 0.9230769230769232 0.634615384615385 6.88 0.04 
1 154 0.7244657079537894 0.362232853976895 0.0 -0.0 1.0 0.3264462809917356 0.663223140495868 0.0 0.0 
0 192 0.5858113340839818 0.354313198810374 -0.08 0.03 1.0 0.9602272727272728 0.980113636363636 52.27 0.04 
1 34 0.6171448282578021 0.308572414128901 -0.01 0.0 1.0 0.9886363636363636 0.994318181818182 0.88 0.06 
0 194 0.3724807184521906 0.186240359226095 -0.02 0.0 0.919354838709677 0.9838709677419354 0.951612903225806 0.24 0.1 
1 19 0.08958725315521794 0.0728697263419105 -0.0 0.0 1.0 0.9972972972972972 0.998648648648649 0.06 0.01 
0 1 0.08042971461564137 0.215853164978529 0.41 0.5 0.8045267489711933 0.8065843621399178 0.805555555555556 752.06 2.24 
1 218 0.20297324940653716 0.101486624703269 0.0 -0.0 1.0 1.0 1.0 0.0 0.0 
0 140 0.40067165339847227 0.210251904582381 0.01 0.03 0.9801136363636364 0.9914772727272728 0.985795454545455 77.75 0.29 
1 28 0.6822056867479602 0.602052179998817 0.05 0.2 0.9222462203023758 0.9546436285097192 0.938444924406048 472.98 0.93 
0 222 0.3615394778944647 0.180769738947232 -0.06 0.11 1.0 0.6935483870967744 0.846774193548387 12.6 0.94 
1 226 0.6171448282578021 0.580437337832493 0.03 0.32 1.0 0.8835227272727273 0.941761363636364 378.52 1.7 
0 46 0.21168754464631545 0.105843772323158 0.12 0.22 0.6774193548387096 0.8870967741935483 0.782258064516129 25.04 1.7 
1 4 -0.0 0.0 0.0 0.0 1.0 1.0 1.0 0.0 0.0 
0 381 0.6615632381579821 0.330781619078991 -0.16 0.06 1.0 0.125 0.5625 0.69 0.04 
1 9 0.09503011725564632 0.0475150586278232 0.0 -0.0 1.0 1.0 1.0 0.0 0.0 
0 11 -0.0 0.0 0.33 0.55 0.6774193548387096 0.6935483870967744 0.685483870967742 57.53 2.49 
1 8 -0.0 0.0 0.12 0.12 0.9568034557235422 0.9676025917926566 0.962203023758099 343.37 1.04 
0 262 0.2957078649273664 0.161446720036761 0.0 0.02 0.9834710743801652 0.9958677685950412 0.989669421487603 247.95 0.08 
1 2 -0.0 0.0 0.39 0.62 0.6935483870967744 0.6935483870967744 0.693548387096774 62.0 2.6 
0 107 -0.0 0.0 -0.0 0.0 0.9402985074626864 0.9936034115138594 0.966950959488273 0.19 0.02 
1 8 0.022727473318271005 0.022727473318271 -0.0 0.0 1.0 1.0 1.0 0.0 0.0 
0 101 0.0 0.0 0.0 0.0 0.0 0.0 0.0 0.0 0.0 
1 3 -0.0 0.0 0.0 0.0 1.0 1.0 1.0 0.0 0.0 
0 143 0.4959171118080685 0.247958555904034 0.0 -0.0 1.0 0.9922879177377892 0.996143958868895 0.0 0.0 
1 65 -0.0 0.0 -0.0 -0.0 1.0 0.9958677685950412 0.997933884297521 0.0 0.0 
0 313 0.17799339462467484 0.0889966973123374 0.0 0.0 0.9607438016528924 0.9958677685950412 0.978305785123967 11.32 0.08 
1 14 -0.0 0.0 0.33 0.55 0.6774193548387096 0.6935483870967744 0.685483870967742 57.53 2.59 
0 49 0.41011631828840894 0.707179395671243 -0.08 0.14 1.0 1.0 1.0 1.56 0.15 
1 1 0.05839899951927197 0.0572107346922477 0.0 0.0 1.0 1.0 1.0 0.02 0.0 
0 4 0.6791932659915256 0.339596632995763 0.26 0.69 0.5384615384615384 0.9230769230769232 0.730769230769231 26.0 1.15 
1 24 0.16245281571443987 0.14550577947865 -0.01 0.02 0.916083916083916 0.9976689976689976 0.956876456876457 46.4 0.05 
0 150 0.3615394778944647 0.180769738947232 -0.04 0.01 1.0 0.919354838709677 0.959677419354839 1.11 0.22 
1 345 -0.0 0.0 -0.06 0.16 0.6774193548387096 0.7580645161290323 0.717741935483871 20.64 1.46 
0 119 0.048964887966297055 0.0244824439831485 -0.0 0.0 0.981859410430839 0.9954648526077096 0.988662131519274 0.05 0.01 
1 5 0.020830638321723566 0.0104153191608618 0.04 0.04 0.9850746268656718 0.9914712153518124 0.988272921108742 266.27 0.43 
0 263 1.351783994289646 1.19575238256478 -0.02 1.08 1.0 0.5714285714285713 0.785714285714286 16.33 0.03 
1 4 0.01475818629482802 0.00737909314741401 0.01 0.01 1.0 0.9979466119096508 0.998973305954825 487.0 0.19 
0 58 0.9242647281309502 0.795542927422624 0.1 0.64 0.8607954545454547 0.8835227272727273 0.872159090909091 1147.69 1.79 
1 316 -0.0 0.0 0.0 0.0 1.0 0.982142857142857 0.991071428571429 0.0 0.0 
0 54 0.7537388965283442 0.538018013483965 -0.04 0.03 0.9859154929577466 0.9976525821596244 0.991784037558685 16.78 0.36 
1 13 0.05839899951927197 0.0572755995239375 -0.0 0.0 1.0 0.9972972972972972 0.998648648648649 0.03 0.0 
0 1 -0.0 0.0 0.02 0.02 0.9966442953020132 0.9966442953020132 0.996644295302013 298.0 0.23 
1 1 -0.0 0.0 0.37 0.44 0.16 0.16 0.16 25.0 0.2 
0 533 -0.0 0.0 -0.0 -0.0 1.0 0.9954648526077096 0.997732426303855 0.0 0.0 
1 3 -0.0 0.0 0.0 0.0 1.0 1.0 1.0 0.0 0.0 
0 51 0.016294681047229552 0.00814734052361478 -0.0 -0.0 1.0 1.0 1.0 0.0 0.0 
1 8 0.0947607483566568 0.232756230915289 0.02 0.03 0.9678111587982832 0.9806866952789698 0.974248927038627 84.69 0.27 
0 186 -0.0 0.0 -0.02 0.04 0.625 0.9583333333333331 0.791666666666667 1.74 0.46 
1 43 -0.0 0.0 0.0 0.0 1.0 1.0 1.0 0.0 0.0 
0 56 0.34883209584303193 0.348832095843032 0.22 0.35 1.0 1.0 1.0 9.0 2.55 
1 18 0.5235346720440665 0.340972621087929 0.32 0.39 0.8666666666666668 0.9 0.883333333333333 30.0 1.75 
0 120 0.3525425103487513 0.318045201659893 0.03 0.21 1.0 0.9838709677419354 0.991935483870968 42.74 1.52 
1 148 0.8156295932307395 0.74694740234885 0.07 0.48 0.7484662576687117 0.8558282208588956 0.802147239263804 285.8 0.83 
0 136 -0.0 0.0 -0.1 0.33 0.28571428571428564 0.4285714285714285 0.357142857142857 3.73 0.65 
1 5 -0.0 0.0 0.06 0.41 0.8571428571428571 0.8571428571428571 0.857142857142857 7.0 2.49 
0 3 -0.0 0.0 0.39 0.62 0.6935483870967744 0.6935483870967744 0.693548387096774 62.0 2.6 
1 182 -0.0 0.0 -0.0 0.0 1.0 0.7580645161290323 0.879032258064516 0.0 0.0 
0 160 0.021722254678851236 0.112615299543004 -0.01 0.0 1.0 0.9402985074626864 0.970149253731343 1.37 0.08 
1 94 0.09165764788996307 0.0699766348366203 -0.0 0.0 1.0 0.9818181818181818 0.990909090909091 0.1 0.01 
0 3 0.41963577493948573 0.843086296503606 0.11 0.2 0.9953051643192488 0.9976525821596244 0.996478873239437 357.08 0.21 
1 20 0.8156295932307395 0.487087993037894 -0.0 0.08 0.7484662576687117 0.9785276073619632 0.863496932515337 53.37 0.31 
0 621 -0.0 0.0 0.0 -0.0 1.0 0.984126984126984 0.992063492063492 0.0 0.0 
1 6 -0.0 0.0 -0.0 -0.0 1.0 1.0 1.0 0.0 0.0 
0 14 0.01607235879964646 0.00803617939982323 -0.0 -0.0 1.0 1.0 1.0 0.0 0.0 
1 336 -0.0 0.0 -0.1 0.14 0.6774193548387096 0.8064516129032256 0.741935483870968 17.76 1.34 
0 296 -0.0 0.0 0.0 -0.0 1.0 0.984126984126984 0.992063492063492 0.0 0.0 
1 4 0.5297061990576545 0.439269147450343 -0.1 0.03 1.0 1.0 1.0 0.32 0.45 
0 122 0.5456891633476865 0.272844581673843 -0.0 0.0 1.0 0.8870967741935483 0.943548387096774 0.0 0.0 
1 14 0.08958725315521794 0.0709314907519506 0.0 0.0 1.0 1.0 1.0 0.04 0.01 
0 173 0.4959171118080685 0.435086021448855 -0.02 0.02 0.9922879177377892 0.9974293059125964 0.994858611825193 9.87 0.37 
1 9 0.05602246986522343 0.0448156896337921 0.0 0.0 1.0 1.0 1.0 0.02 0.0 
0 1 0.2429149548905317 0.121457477445266 0.22 0.34 0.8871331828442438 0.8893905191873588 0.888261851015801 433.04 1.97 
1 31 -0.0 0.0 0.0 0.0 1.0 1.0 1.0 0.0 0.0 
0 170 0.6730116670092564 0.669645054711966 -0.1 0.39 1.0 0.5769230769230769 0.788461538461538 15.25 0.34 
1 23 0.056152199528602974 0.0560873346969132 -0.0 0.0 1.0 0.9972972972972972 0.998648648648649 0.03 0.0 
0 3 0.7569669131450216 0.396005154555749 0.01 0.04 1.0 1.0 1.0 352.0 0.18 
1 122 0.04915006684960595 0.024575033424803 0.0 0.01 0.868995633187773 0.9956331877729256 0.932314410480349 13.32 0.14 
0 47 0.8465160453282295 0.423258022664115 0.0 0.01 0.9917864476386036 0.9979466119096508 0.994866529774127 121.85 0.0 
1 3 -0.0 0.0 0.0 0.0 1.0 1.0 1.0 0.0 0.0 
0 160 0.9556998911125344 0.477849945556267 -0.01 0.6 1.0 0.28571428571428564 0.642857142857143 7.0 0.59 
1 1 -0.0 0.0 0.19 0.69 0.5555555555555555 0.5555555555555555 0.555555555555556 9.0 1.98 
0 57 0.6846162778013049 0.342308138900652 0.0 0.23 0.8076923076923077 0.8846153846153846 0.846153846153846 14.26 0.67 
1 6 -0.0 0.0 -0.0 -0.0 1.0 0.9936034115138594 0.99680170575693 0.0 0.0 
0 6 0.08718908116625151 0.0522033657389399 0.36 0.43 0.837448559670782 0.837448559670782 0.837448559670782 478.41 2.76 
1 723 0.1725612331626618 0.0862806165813309 -0.07 0.05 0.4568421052631578 0.9578947368421052 0.707368421052632 33.9 0.06 
0 235 0.4629606652814273 0.231480332640714 -0.01 0.0 0.8724373576309796 0.9954441913439636 0.933940774487471 0.55 0.03 
1 265 0.3742549310896416 0.187127465544821 -0.03 0.02 0.7660668380462725 0.9974293059125964 0.881748071979434 15.62 0.69 
0 231 0.7569669131450216 0.650348380276103 0.03 0.41 1.0 0.8835227272727273 0.941761363636364 367.2 2.31 
1 127 -0.0 0.0 0.11 0.46 0.5384615384615384 0.6153846153846154 0.576923076923077 18.96 1.68 
0 33 0.4215509456846521 0.885775228706437 0.04 0.3 0.8352272727272727 0.9346590909090908 0.884943181818182 363.36 0.65 
1 5 0.04131357294242817 0.0206567864712141 0.29 0.33 0.886153846153846 0.8892307692307693 0.887692307692308 315.12 2.04 
0 12 0.0736270203725944 0.0472901545926216 -0.01 0.01 0.4384449244060475 0.9913606911447084 0.714902807775378 3.91 0.08 
1 12 -0.0 0.0 0.3 0.36 0.8846153846153846 0.8846153846153846 0.884615384615385 26.0 2.14 
0 196 0.6331171997564925 0.316558599878246 -0.0 0.0 0.947608200455581 0.9977220956719816 0.972665148063781 0.24 0.02 
1 11 0.02133050528737909 0.0106652526436895 0.1 0.1 0.980392156862745 0.980392156862745 0.980392156862745 459.0 0.82 
0 24 0.7569669131450216 0.484888964236385 0.02 0.13 1.0 0.9886363636363636 0.994318181818182 187.37 0.96 
1 2 -0.0 0.0 0.47 0.64 0.33333333333333326 0.33333333333333326 0.333333333333333 30.0 0.94 
0 80 -0.0 0.0 0.01 0.03 0.8064516129032256 0.9838709677419354 0.895161290322581 4.23 0.39 
1 10 -0.0 0.0 0.33 0.55 0.6774193548387096 0.6935483870967744 0.685483870967742 57.53 2.49 
0 597 -0.0 0.0 0.0 -0.0 1.0 0.984126984126984 0.992063492063492 0.0 0.0 
1 25 0.8720635602136072 0.444515665699525 -0.01 0.0 0.2385542168674699 0.9975903614457832 0.618072289156626 0.63 0.0 
0 136 0.6171448282578021 0.318488492012046 0.01 0.04 1.0 0.9801136363636364 0.990056818181818 91.92 0.25 
1 7 0.09908391604753189 0.0495419580237659 0.04 0.04 0.9850746268656718 0.9914712153518124 0.988272921108742 266.27 0.37 
0 97 1.078992207877583 0.539496103938792 -0.0 0.0 1.0 1.0 1.0 0.0 0.0 
1 1 0.4811067080592432 0.300596867788392 0.04 0.05 0.9954853273137698 0.9954853273137698 0.99548532731377 895.47 0.16 
0 159 0.8311930354637374 0.466650504456493 -0.0 0.0 1.0 0.9684210526315788 0.984210526315789 2.69 0.1 
1 29 0.02253214392080778 0.0197499575531257 -0.0 0.01 0.7156626506024096 0.9975903614457832 0.856626506024096 5.06 0.1 
0 5 -0.0 0.0 -0.0 -0.0 1.0 1.0 1.0 0.0 0.0 
1 6 0.08958725315521794 0.073993126337245 0.0 0.0 1.0 1.0 1.0 0.04 0.01 
0 158 0.6171448282578021 0.558183813113943 0.08 0.38 1.0 0.877840909090909 0.938920454545455 293.29 1.76 
1 3 -0.0 0.0 0.0 0.0 1.0 1.0 1.0 0.0 0.0 
0 355 0.054410366820546084 0.0348272899261007 -0.0 0.0 1.0 0.9893390191897654 0.994669509594883 0.02 0.0 
1 5 -0.0 0.0 0.07 0.08 0.9854771784232365 0.9854771784232365 0.985477178423237 482.0 0.65 
0 3 0.06049829410230215 0.0302491470511511 0.0 0.0 1.0 1.0 1.0 0.0 0.0 
1 7 0.01652368182171168 0.00826184091085584 0.08 0.08 0.9838709677419354 0.9838709677419354 0.983870967741935 434.0 0.72 
0 709 -0.0 0.0 -0.15 0.04 0.625 0.9166666666666664 0.770833333333333 1.31 0.47 
1 2 0.6846162778013049 0.342308138900652 0.15 0.36 0.8846153846153846 0.8846153846153846 0.884615384615385 26.0 0.82 
0 252 0.09962338946616205 0.155655467056239 -0.03 0.07 0.7903225806451613 0.8870967741935483 0.838709677419355 10.66 0.38 
1 362 -0.0 0.0 -0.06 0.16 0.6774193548387096 0.7580645161290323 0.717741935483871 20.64 1.46 
0 20 0.811739998691233 0.405869999345617 0.01 0.12 0.943157894736842 0.96 0.951578947368421 278.06 0.36 
1 5 0.052275728348683194 0.0522757283486832 -0.0 0.0 1.0 1.0 1.0 0.02 0.0 
0 107 0.40018086939993297 0.200090434699967 0.04 0.04 1.0 0.99234693877551 0.996173469387755 392.0 0.25 
1 4 -0.0 0.0 0.31 0.55 0.7580645161290323 0.7580645161290323 0.758064516129032 62.0 2.49 
0 196 0.3525425103487513 0.176271255174376 -0.08 0.14 1.0 0.6774193548387096 0.838709677419355 16.57 1.2 
1 24 0.030372534777978206 0.0658985378330168 -0.0 0.0 0.972457627118644 0.9978813559322034 0.985169491525424 0.13 0.01 
0 152 0.08864403483661465 0.067661448433605 -0.0 0.0 0.9225352112676058 0.9929577464788734 0.957746478873239 0.6 0.04 
1 47 -0.0 0.0 -0.0 0.0 1.0 0.6153846153846154 0.807692307692308 0.0 0.0 
0 223 0.3525425103487513 0.176271255174376 -0.08 0.15 1.0 0.6935483870967744 0.846774193548387 17.86 1.26 
1 61 0.0707680768797802 0.351225226630238 -0.0 0.0 1.0 0.997695852534562 0.998847926267281 3.17 0.0 
0 64 0.6799529039485162 0.351749735523488 0.02 0.02 1.0 0.99645390070922 0.99822695035461 282.0 0.1 
1 22 -0.0 0.0 0.31 0.55 0.7580645161290323 0.7580645161290323 0.758064516129032 62.0 2.49 
0 56 -0.0 0.0 0.13 0.66 0.625 0.625 0.625 24.0 2.28 
1 4 0.8127245415610106 0.428086422879458 0.41 0.59 0.3391521197007481 0.3640897755610973 0.351620947630923 772.17 0.33 
0 536 0.20707027621364865 0.103535138106824 -0.0 0.0 0.9938775510204082 0.9979591836734693 0.995918367346939 0.06 0.01 
1 2 0.06894930739780505 0.15777508018186 0.26 0.3 0.9182389937106918 0.9266247379454928 0.922431865828092 1350.0 2.0 
0 50 0.5629596827693085 0.406957243563464 -0.0 0.1 1.0 0.9886363636363636 0.994318181818182 136.64 0.84 
1 3 -0.0 0.0 -0.0 -0.0 1.0 1.0 1.0 0.0 0.0 
0 16 -0.0 0.0 -0.0 -0.0 1.0 1.0 1.0 0.0 0.0 
