1 362 -0.0 0.0 -0.06 0.16 0.6774193548387096 0.7580645161290323 0.717741935483871 20.64 1.46 
0 234 0.4674331568190166 0.233716578409508 -0.0 0.0 1.0 1.0 1.0 0.0 0.0 
1 5 -0.0 0.0 0.07 0.08 0.9854771784232365 0.9854771784232365 0.985477178423237 482.0 0.65 
0 525 0.28735403618953503 0.153149241970637 -0.01 0.01 0.9285714285714286 0.9489795918367347 0.938775510204082 3.66 0.18 
1 7 0.09908391604753189 0.0495419580237659 0.04 0.04 0.9850746268656718 0.9914712153518124 0.988272921108742 266.27 0.37 
0 121 0.20707027621364865 0.110927297686002 0.01 0.01 0.9918367346938776 0.9938775510204082 0.992857142857143 44.13 0.15 
1 47 -0.0 0.0 -0.0 0.0 1.0 0.6153846153846154 0.807692307692308 0.0 0.0 
0 263 0.4505612088663046 0.225280604433152 0.03 0.41 0.8571428571428571 0.8571428571428571 0.857142857142857 7.0 1.83 
1 4 0.7865364435085352 0.393268221754268 0.09 0.12 0.9728506787330315 0.9728506787330315 0.972850678733032 442.0 0.36 
0 84 0.01470621533103594 0.540461793009572 -0.0 0.01 0.989795918367347 0.9979591836734693 0.993877551020408 98.79 0.03 
1 24 0.030372534777978206 0.0658985378330168 -0.0 0.0 0.972457627118644 0.9978813559322034 0.985169491525424 0.13 0.01 
0 32 -0.0 0.0 -0.0 -0.0 1.0 1.0 1.0 0.0 0.0 
1 14 -0.0 0.0 0.33 0.55 0.6774193548387096 0.6935483870967744 0.685483870967742 57.53 2.59 
0 246 0.9556998911125344 0.979971182083305 0.01 0.68 1.0 1.0 1.0 7.0 0.21 
1 8 0.022727473318271005 0.022727473318271 -0.0 0.0 1.0 1.0 1.0 0.0 0.0 
0 452 0.2278603588584882 0.113930179429244 -0.03 0.02 0.8190045248868777 0.9751131221719456 0.897058823529412 8.92 0.43 
1 3 0.43686973210547814 0.270464027731018 0.04 0.05 1.0 0.940936863543788 0.970468431771894 144.91 0.55 
0 3 0.019980547724361777 0.00999027386218089 0.02 0.02 0.971590909090909 0.9971590909090908 0.984375 352.0 0.15 
1 6 -0.0 0.0 -0.0 -0.0 1.0 1.0 1.0 0.0 0.0 
0 539 0.4391877418106727 0.295959881079807 0.01 0.02 1.0 1.0 1.0 26.4 0.3 
1 75 0.09699169411326156 0.0765719468209323 -0.0 0.0 1.0 0.9972972972972972 0.998648648648649 0.07 0.01 
0 202 0.20161353588532901 0.100806767942664 0.0 -0.0 1.0 1.0 1.0 0.0 0.0 
1 3 -0.0 0.0 0.0 0.0 1.0 1.0 1.0 0.0 0.0 
0 34 0.9030752549500218 0.459346175189789 -0.04 0.05 0.7642105263157895 0.96 0.862105263157895 56.5 0.27 
1 94 0.09165764788996307 0.0699766348366203 -0.0 0.0 1.0 0.9818181818181818 0.990909090909091 0.1 0.01 
0 163 0.3525425103487513 0.176271255174376 -0.06 0.19 1.0 0.7580645161290323 0.879032258064516 24.72 1.44 
1 182 -0.0 0.0 -0.0 0.0 1.0 0.7580645161290323 0.879032258064516 0.0 0.0 
0 47 1.4453866235313197 1.35596172079952 0.19 0.62 0.9953051643192488 0.9976525821596244 0.996478873239437 459.1 0.24 
1 265 0.3742549310896416 0.187127465544821 -0.03 0.02 0.7660668380462725 0.9974293059125964 0.881748071979434 15.62 0.69 
0 196 0.01944773452386289 0.00972386726193144 -0.01 0.0 0.7624190064794816 0.9568034557235422 0.859611231101512 1.49 0.11 
1 19 0.08958725315521794 0.0728697263419105 -0.0 0.0 1.0 0.9972972972972972 0.998648648648649 0.06 0.01 
0 493 0.3941117760992487 0.268057003832157 -0.12 0.05 0.7730496453900709 0.9078014184397164 0.840425531914894 22.09 0.48 
1 13 0.05839899951927197 0.0572755995239375 -0.0 0.0 1.0 0.9972972972972972 0.998648648648649 0.03 0.0 
0 299 0.6668211267142973 0.514107854129886 -0.07 0.19 0.8835227272727273 0.9602272727272728 0.921875 593.64 0.55 
1 218 0.20297324940653716 0.101486624703269 0.0 -0.0 1.0 1.0 1.0 0.0 0.0 
0 160 -0.0 0.0 -0.0 0.0 1.0 0.6935483870967744 0.846774193548387 0.0 0.0 
1 25 0.8720635602136072 0.444515665699525 -0.01 0.0 0.2385542168674699 0.9975903614457832 0.618072289156626 0.63 0.0 
0 112 -0.0 0.0 0.05 0.14 0.375 0.75 0.5625 1.6 0.69 
1 3 -0.0 0.0 0.0 0.0 1.0 1.0 1.0 0.0 0.0 
0 95 0.6791932659915256 0.672735854203101 0.16 0.67 1.0 0.9230769230769232 0.961538461538462 26.0 0.52 
1 2 -0.0 0.0 0.39 0.62 0.6935483870967744 0.6935483870967744 0.693548387096774 62.0 2.6 
0 18 0.7530888342556183 0.885960427278868 0.02 0.45 0.5183585313174947 0.7321814254859611 0.625269978401728 646.02 0.24 
1 2 0.09699169411326156 0.0746337112309724 -0.0 0.0 1.0 1.0 1.0 0.05 0.01 
0 268 -0.0 0.0 -0.0 -0.0 1.0 0.9922879177377892 0.996143958868895 0.0 0.0 
1 2 0.0251440699125892 0.0125720349562946 0.53 0.63 0.6761658031088082 0.6761658031088082 0.676165803108808 386.0 2.33 
0 94 0.3615394778944647 0.180769738947232 0.0 0.0 1.0 1.0 1.0 0.0 0.0 
1 240 0.8547011249697178 0.427350562484859 -0.02 0.0 0.9795918367346939 0.982142857142857 0.980867346938775 1.6 0.02 
0 201 1.024010220294295 0.512005110147147 -0.07 0.19 0.16 0.96 0.56 8.47 0.11 
1 9 0.05602246986522343 0.0541490991069533 0.0 0.0 1.0 1.0 1.0 0.02 0.0 
0 120 0.2035083444071568 0.101754172203578 -0.0 -0.0 1.0 1.0 1.0 0.0 0.0 
1 6 -0.0 0.0 -0.0 -0.0 1.0 0.9936034115138594 0.99680170575693 0.0 0.0 
0 318 0.050468069137818976 0.0334958754797653 0.01 0.01 0.9631336405529952 0.9838709677419354 0.973502304147466 30.8 0.24 
1 5 0.020830638321723566 0.0104153191608618 0.04 0.04 0.9850746268656718 0.9914712153518124 0.988272921108742 266.27 0.43 
0 292 0.1182332903886191 0.0591166451943096 -0.0 0.0 0.988479262672811 0.9930875576036866 0.990783410138249 0.11 0.01 
1 34 0.6171448282578021 0.308572414128901 -0.01 0.0 1.0 0.9886363636363636 0.994318181818182 0.88 0.06 
0 105 0.7498710324173952 0.374935516208698 0.0 -0.0 1.0 0.9896694214876034 0.994834710743802 0.0 0.0 
1 1 0.4811067080592432 0.300596867788392 0.04 0.05 0.9954853273137698 0.9954853273137698 0.99548532731377 895.47 0.16 
0 90 0.666278442414676 0.333139221207338 -0.04 0.02 1.0 0.9615384615384615 0.980769230769231 0.65 0.17 
1 14 0.08958725315521794 0.0709314907519506 0.0 0.0 1.0 1.0 1.0 0.04 0.01 
0 99 0.666278442414676 0.333139221207338 -0.04 0.02 1.0 0.9615384615384615 0.980769230769231 0.65 0.2 
1 4 0.01475818629482802 0.00737909314741401 0.01 0.01 1.0 0.9979466119096508 0.998973305954825 487.0 0.19 
0 49 0.09908391604753189 0.0495419580237659 -0.0 -0.0 1.0 0.9850746268656718 0.992537313432836 0.0 0.0 
1 8 0.016424701198958662 0.00821235059947933 0.12 0.12 0.9728506787330315 0.9728506787330315 0.972850678733032 442.0 1.0 
0 305 0.146684031871142 0.073342015935571 -0.02 0.01 0.6400911161731208 0.988610478359909 0.814350797266515 5.1 0.08 
1 8 -0.0 0.0 0.12 0.12 0.9568034557235422 0.9676025917926566 0.962203023758099 343.37 1.04 
0 20 0.928529239598717 0.464264619799359 -0.02 0.05 0.7114093959731543 0.959731543624161 0.835570469798658 30.82 0.26 
1 42 0.017626642729371575 0.00881332136468579 0.18 0.25 0.9252336448598132 0.9275700934579442 0.926401869158878 413.58 1.81 
0 152 0.3767701612564368 0.362801128549734 0.17 0.35 1.0 0.8888888888888888 0.944444444444444 9.0 1.62 
1 4 -0.0 0.0 0.31 0.55 0.7580645161290323 0.7580645161290323 0.758064516129032 62.0 2.49 
0 71 0.09650896073594732 0.0482544803679737 0.01 0.03 0.8225806451612901 0.9838709677419354 0.903225806451613 4.71 0.41 
1 5 -0.0 0.0 0.3 0.5 0.8008658008658008 0.8008658008658008 0.800865800865801 462.0 2.56 
0 36 -0.0 0.0 -0.0 -0.0 1.0 0.9966442953020132 0.998322147651007 0.0 0.0 
1 20 0.8156295932307395 0.487087993037894 -0.0 0.08 0.7484662576687117 0.9785276073619632 0.863496932515337 53.37 0.31 
0 340 0.6730116670092564 0.336505833504628 -0.0 0.0 1.0 0.7142857142857143 0.857142857142857 0.0 0.0 
1 316 -0.0 0.0 0.0 0.0 1.0 0.982142857142857 0.991071428571429 0.0 0.0 
0 191 -0.0 0.0 0.0 0.0 1.0 1.0 1.0 0.0 0.0 
1 148 0.8156295932307395 0.74694740234885 0.07 0.48 0.7484662576687117 0.8558282208588956 0.802147239263804 285.8 0.83 
0 100 0.06847444678893455 0.0342372233944673 -0.0 0.0 1.0 0.9402985074626864 0.970149253731343 0.39 0.03 
1 29 0.02253214392080778 0.0197499575531257 -0.0 0.01 0.7156626506024096 0.9975903614457832 0.856626506024096 5.06 0.1 
0 27 0.8605109656798593 0.77135832621391 -0.1 0.11 0.9287257019438444 0.9546436285097192 0.941684665226782 161.25 0.12 
1 3 -0.0 0.0 0.0 0.0 1.0 1.0 1.0 0.0 0.0 
0 581 0.9743147528693494 0.487157376434675 0.07 0.38 1.0 0.125 0.5625 8.0 0.12 
1 5 -0.0 0.0 0.06 0.41 0.8571428571428571 0.8571428571428571 0.857142857142857 7.0 2.49 
0 15 0.5543870569631909 0.351287118090559 -0.02 0.01 1.0 0.945823927765237 0.972911963882618 20.54 0.09 
1 31 -0.0 0.0 0.0 0.0 1.0 1.0 1.0 0.0 0.0 
0 5 -0.0 0.0 0.42 0.63 0.6774193548387096 0.6774193548387096 0.67741935483871 62.0 2.56 
1 2 -0.0 0.0 0.47 0.64 0.33333333333333326 0.33333333333333326 0.333333333333333 30.0 0.94 
0 246 0.6730116670092564 0.510921881426144 -0.2 0.1 1.0 0.5555555555555555 0.777777777777778 1.41 0.42 
1 4 -0.0 0.0 0.0 0.0 1.0 1.0 1.0 0.0 0.0 
0 283 0.36421465730196667 0.182107328650983 -0.09 0.19 0.7580645161290323 0.9516129032258066 0.854838709677419 25.34 1.42 
1 2 0.6846162778013049 0.342308138900652 0.15 0.36 0.8846153846153846 0.8846153846153846 0.884615384615385 26.0 0.82 
0 95 0.4459524223135379 0.222976211156769 -0.0 0.0 1.0 0.919354838709677 0.959677419354839 0.0 0.0 
1 23 0.056152199528602974 0.0560873346969132 -0.0 0.0 1.0 0.9972972972972972 0.998648648648649 0.03 0.0 
0 191 0.06586093594147825 0.0329304679707391 0.0 -0.0 1.0 0.9624413145539906 0.981220657276995 0.0 0.0 
1 35 1.6284102630552857 1.62546092371276 -0.02 0.51 0.7700348432055749 0.9895470383275262 0.879790940766551 325.24 0.19 
0 162 0.6171448282578021 0.433027553805294 -0.04 0.15 1.0 0.875 0.9375 217.24 0.79 
1 8 0.0947607483566568 0.232756230915289 0.02 0.03 0.9678111587982832 0.9806866952789698 0.974248927038627 84.69 0.27 
0 278 0.25095314470125835 0.125476572350629 -0.0 -0.0 1.0 0.9966442953020132 0.998322147651007 0.0 0.0 
1 86 0.022727473318271005 0.0113637366591355 -0.0 -0.0 1.0 1.0 1.0 0.0 0.0 
0 34 0.9632492517543758 0.814763847084526 0.19 0.67 1.0 1.0 1.0 26.0 0.59 
1 1 -0.0 0.0 0.19 0.69 0.5555555555555555 0.5555555555555555 0.555555555555556 9.0 1.98 
0 216 0.3525425103487513 0.176271255174376 -0.08 0.15 1.0 0.6935483870967744 0.846774193548387 17.86 1.28 
1 9 0.09503011725564632 0.0475150586278232 0.0 -0.0 1.0 1.0 1.0 0.0 0.0 
0 91 0.1461447460085638 0.0730723730042819 -0.02 0.08 0.6774193548387096 0.9677419354838708 0.82258064516129 8.98 0.8 
1 5 0.04131357294242817 0.0206567864712141 0.29 0.33 0.886153846153846 0.8892307692307693 0.887692307692308 315.12 2.04 
0 44 0.6822056867479602 0.467135004567683 -0.02 0.05 0.9049676025917927 0.9546436285097192 0.929805615550756 151.89 0.19 
1 4 0.6895519477750732 0.344775973887537 0.0 -0.0 1.0 1.0 1.0 0.0 0.0 
0 197 -0.0 0.0 -0.01 0.01 0.16 0.96 0.56 0.2 0.03 
1 1 0.07093518297335139 0.0616054556610173 0.0 0.0 1.0 1.0 1.0 0.03 0.0 
0 30 0.015617095429556123 0.015573210125991 0.07 0.09 0.96 0.9663157894736842 0.963157894736842 282.74 0.97 
1 3 0.10434878616952079 0.0521743930847604 0.01 0.01 0.9979591836734693 0.9979591836734693 0.997959183673469 490.0 0.11 
0 56 -0.0 0.0 0.0 0.0 1.0 1.0 1.0 0.0 0.0 
1 16 -0.0 0.0 0.33 0.55 0.6774193548387096 0.6935483870967744 0.685483870967742 57.53 2.39 
0 243 0.41963577493948573 0.209817887469743 0.0 -0.0 1.0 0.9976525821596244 0.998826291079812 0.0 0.0 
1 22 -0.0 0.0 0.31 0.55 0.7580645161290323 0.7580645161290323 0.758064516129032 62.0 2.49 
0 24 -0.0 0.0 0.31 0.55 0.7580645161290323 0.7580645161290323 0.758064516129032 62.0 2.49 
1 1 -0.0 0.0 0.39 0.62 0.6935483870967744 0.6935483870967744 0.693548387096774 62.0 2.6 
0 240 -0.0 0.0 0.0 0.0 1.0 1.0 1.0 0.0 0.0 
1 2 0.666278442414676 0.666278442414676 0.25 0.67 1.0 1.0 1.0 26.0 0.9 
0 7 -0.0 0.0 -0.0 -0.0 1.0 0.9936034115138594 0.99680170575693 0.0 0.0 
1 4 0.0947607483566568 0.0769695270739669 0.09 0.1 0.9806866952789698 0.982832618025751 0.981759656652361 445.71 0.81 
0 69 0.6791932659915256 0.339596632995763 0.13 0.55 0.5 0.9230769230769232 0.711538461538462 22.29 1.01 
1 61 0.0707680768797802 0.351225226630238 -0.0 0.0 1.0 0.997695852534562 0.998847926267281 3.17 0.0 
0 11 0.0870788436768375 0.160097771016983 0.14 0.27 0.6975169300225733 0.7720090293453724 0.734762979683973 670.31 2.57 
1 24 0.16245281571443987 0.14550577947865 -0.01 0.02 0.916083916083916 0.9976689976689976 0.956876456876457 46.4 0.05 
0 56 0.01872477074468281 0.0886863258999714 0.07 0.11 0.7908163265306124 0.9413265306122448 0.866071428571429 287.79 0.95 
1 4 0.09503011725564632 0.189490815924107 0.0 0.0 1.0 1.0 1.0 0.06 0.04 
0 565 0.08392577932363239 0.0419628896618162 -0.0 0.0 0.9918367346938776 0.9979591836734693 0.994897959183674 0.03 0.0 
1 3 -0.0 0.0 -0.0 -0.0 1.0 1.0 1.0 0.0 0.0 
0 63 0.6829081047004717 0.640588846642864 -0.03 0.2 1.0 1.0 1.0 2.1 0.52 
1 4 0.8127245415610106 0.428086422879458 0.41 0.59 0.3391521197007481 0.3640897755610973 0.351620947630923 772.17 0.33 
0 40 0.34883209584303193 0.348832095843032 0.22 0.35 1.0 1.0 1.0 9.0 2.29 
1 43 -0.0 0.0 0.0 0.0 1.0 1.0 1.0 0.0 0.0 
0 225 0.04108212159516753 0.126946568461458 -0.03 0.0 0.940340909090909 0.9886363636363636 0.964488636363636 1.56 0.12 
1 336 -0.0 0.0 -0.1 0.14 0.6774193548387096 0.8064516129032256 0.741935483870968 17.76 1.34 
0 108 0.9242647281309502 0.462132364065475 -0.01 0.0 0.8607954545454547 0.9886363636363636 0.924715909090909 1.81 0.1 
1 127 -0.0 0.0 0.11 0.46 0.5384615384615384 0.6153846153846154 0.576923076923077 18.96 1.68 
0 36 0.6472565428776306 0.336914912595125 0.01 0.02 0.9979591836734693 0.9979591836734693 0.997959183673469 493.74 0.08 
1 614 0.042617471413436414 0.0310799043211172 0.0 0.01 0.837708830548926 0.9928400954653938 0.91527446300716 10.42 0.09 
0 44 0.9517673227869262 0.498765303573933 0.0 0.06 0.981859410430839 0.9886621315192744 0.985260770975057 278.34 0.09 
1 4 0.7865364435085352 0.401480572353747 0.08 0.13 0.9728506787330315 0.9728506787330315 0.972850678733032 442.51 0.33 
0 272 -0.0 0.0 -0.0 -0.0 1.0 1.0 1.0 0.0 0.0 
1 179 1.7983316181241153 0.899165809062058 0.0 -0.0 1.0 0.9628099173553722 0.981404958677686 0.0 0.0 
0 295 0.9556998911125344 0.682908104700472 0.13 0.41 1.0 1.0 1.0 7.0 1.17 
1 65 -0.0 0.0 -0.0 -0.0 1.0 0.9958677685950412 0.997933884297521 0.0 0.0 
0 50 -0.0 0.0 0.0 0.0 1.0 0.75 0.875 0.0 0.0 
1 3 0.6601647680850746 0.591011175434611 0.13 0.3 0.8594470046082949 0.919354838709677 0.889400921658986 970.62 1.21 
0 122 -0.0 0.0 0.0 0.0 1.0 0.9615384615384615 0.980769230769231 0.0 0.0 
1 11 0.02133050528737909 0.0106652526436895 0.1 0.1 0.980392156862745 0.980392156862745 0.980392156862745 459.0 0.82 
0 116 0.6109007249809115 0.578368409104767 -0.03 0.06 1.0 0.9979466119096508 0.998973305954825 33.54 0.59 
1 68 0.3269547847215813 0.163477392360791 -0.01 0.01 0.9481865284974093 0.9870466321243522 0.967616580310881 3.79 0.05 
0 111 0.0707680768797802 0.0353840384398901 -0.0 0.0 0.988479262672811 0.997695852534562 0.993087557603687 0.07 0.01 
1 122 0.04915006684960595 0.024575033424803 0.0 0.01 0.868995633187773 0.9956331877729256 0.932314410480349 13.32 0.14 
0 116 -0.0 0.0 0.0 0.0 1.0 1.0 1.0 0.0 0.0 
1 3 0.0740225961475812 0.128824279468757 0.41 0.69 0.5590551181102362 0.5748031496062993 0.566929133858268 381.05 2.38 
0 76 0.40067165339847227 0.200335826699236 -0.01 0.0 0.9829545454545452 0.9914772727272728 0.987215909090909 0.59 0.05 
1 5 0.052275728348683194 0.0522757283486832 -0.0 0.0 1.0 1.0 1.0 0.02 0.0 
0 98 0.2994769838694316 0.202638179685335 0.01 0.02 0.9872068230277184 0.9957356076759059 0.991471215351812 65.11 0.07 
1 6 0.08958725315521794 0.073993126337245 0.0 0.0 1.0 1.0 1.0 0.04 0.01 
0 37 0.16991090419848048 0.635269290193956 -0.04 0.04 0.5365853658536585 0.9756097560975608 0.75609756097561 28.87 0.28 
1 270 0.08807751896196665 0.451853556096353 -0.01 0.04 0.7484662576687117 0.9846625766871167 0.866564417177914 30.7 0.2 
0 38 0.09908391604753189 0.0495419580237659 -0.0 -0.0 1.0 0.9850746268656718 0.992537313432836 0.0 0.0 
1 232 0.08627855491407438 0.0975485355458968 0.0 0.02 0.7084337349397591 0.9927710843373492 0.850602409638554 81.26 0.09 
0 336 -0.0 0.0 0.0 0.0 1.0 1.0 1.0 0.0 0.0 
1 1 0.05839899951927197 0.0572107346922477 0.0 0.0 1.0 1.0 1.0 0.02 0.0 
0 354 0.6615632381579821 0.330781619078991 0.0 0.0 1.0 1.0 1.0 0.0 0.0 
1 1 -0.0 0.0 0.37 0.44 0.16 0.16 0.16 25.0 0.2 
0 255 -0.0 0.0 -0.16 0.09 0.34615384615384615 0.6153846153846154 0.480769230769231 4.35 0.57 
1 10 -0.0 0.0 0.33 0.55 0.6774193548387096 0.6935483870967744 0.685483870967742 57.53 2.49 
0 465 0.016359415015602636 0.0640960582844757 -0.01 0.01 0.7928730512249444 0.9621380846325168 0.87750556792873 5.3 0.2 
1 9 0.05602246986522343 0.0448156896337921 0.0 0.0 1.0 1.0 1.0 0.02 0.0 
0 214 0.12281506353676637 0.63359773378555 -0.04 0.08 0.9602272727272728 0.9971590909090908 0.978693181818182 137.43 0.2 
1 28 0.6822056867479602 0.602052179998817 0.05 0.2 0.9222462203023758 0.9546436285097192 0.938444924406048 472.98 0.93 
0 337 0.09650896073594732 0.0482544803679737 -0.11 0.14 0.6774193548387096 0.8225806451612901 0.75 17.9 1.38 
1 7 0.01652368182171168 0.00826184091085584 0.08 0.08 0.9838709677419354 0.9838709677419354 0.983870967741935 434.0 0.72 
0 21 0.1262292684225393 0.0631146342112696 -0.01 0.02 0.5925110132158591 0.9779735682819384 0.785242290748899 14.87 0.25 
1 14 0.5235346720440665 0.340972621087929 0.32 0.39 0.8666666666666668 0.9 0.883333333333333 30.0 1.75 
0 188 -0.0 0.0 -0.1 0.06 0.6153846153846154 0.8846153846153846 0.75 2.12 0.61 
1 12 -0.0 0.0 0.3 0.36 0.8846153846153846 0.8846153846153846 0.884615384615385 26.0 2.14 
0 815 -0.0 0.0 0.0 -0.0 1.0 0.5555555555555555 0.777777777777778 0.0 0.0 
1 33 0.030372534777978206 0.0228364363705995 -0.0 0.0 0.9894067796610168 0.9978813559322034 0.99364406779661 0.04 0.0 
0 247 0.13339348333086204 0.066696741665431 -0.0 -0.0 1.0 0.9954648526077096 0.997732426303855 0.0 0.0 
1 3 -0.0 0.0 -0.0 -0.0 1.0 1.0 1.0 0.0 0.0 
0 49 0.9556998911125344 0.477849945556267 -0.0 0.0 1.0 1.0 1.0 0.0 0.0 
1 1 0.9277980308365658 1.27664305854078 0.26 0.8 0.7871396895787139 0.7871396895787139 0.787139689578714 1253.58 1.13 
0 118 0.6316823763806962 0.323988528713963 -0.0 0.0 1.0 1.0 1.0 0.45 0.01 
1 4 0.5297061990576545 0.439269147450343 -0.1 0.03 1.0 1.0 1.0 0.32 0.45 
0 140 -0.0 0.0 -0.0 -0.0 1.0 1.0 1.0 0.0 0.0 
1 345 -0.0 0.0 -0.06 0.16 0.6774193548387096 0.7580645161290323 0.717741935483871 20.64 1.46 
0 96 -0.0 0.0 0.0 0.0 1.0 1.0 1.0 0.0 0.0 
1 18 0.5235346720440665 0.340972621087929 0.32 0.39 0.8666666666666668 0.9 0.883333333333333 30.0 1.75 
0 239 0.5022052464597919 0.259586508822618 -0.0 0.0 0.9710843373493978 0.9975903614457832 0.98433734939759 0.33 0.02 
1 154 0.7244657079537894 0.362232853976895 0.0 -0.0 1.0 0.3264462809917356 0.663223140495868 0.0 0.0 
0 5 0.5629596827693085 0.357727941298694 0.03 0.1 1.0 1.0 1.0 324.39 0.64 
1 3 -0.0 0.0 0.0 0.0 1.0 1.0 1.0 0.0 0.0 
0 119 0.01789792517672371 0.00894896258836186 -0.0 0.0 1.0 0.7660668380462725 0.883033419023136 0.31 0.02 
1 2 0.06894930739780505 0.15777508018186 0.26 0.3 0.9182389937106918 0.9266247379454928 0.922431865828092 1350.0 2.0 
0 527 -0.0 0.0 0.0 0.0 1.0 1.0 1.0 0.0 0.0 
1 226 0.6171448282578021 0.580437337832493 0.03 0.32 1.0 0.8835227272727273 0.941761363636364 378.52 1.7 
0 238 0.09962338946616205 0.049811694733081 -0.03 0.04 0.7903225806451613 0.919354838709677 0.854838709677419 11.62 0.29 
