1 4 -0.0 0.0 0.31 0.55 0.7580645161290323 0.7580645161290323 0.758064516129032 62.0 2.49 
0 29 0.7453785846192588 0.74480433665179 0.36 0.94 0.7270788912579956 0.7505330490405117 0.738805970149254 846.5 0.41 
1 9 0.05602246986522343 0.0448156896337921 0.0 0.0 1.0 1.0 1.0 0.02 0.0 
0 98 0.34883209584303193 0.348832095843032 0.22 0.35 1.0 1.0 1.0 9.0 2.55 
1 8 0.0947607483566568 0.232756230915289 0.02 0.03 0.9678111587982832 0.9806866952789698 0.974248927038627 84.69 0.27 
0 287 -0.0 0.0 -0.0 0.0 0.9591836734693876 0.9977324263038548 0.978458049886621 0.04 0.0 
1 4 0.8127245415610106 0.428086422879458 0.41 0.59 0.3391521197007481 0.3640897755610973 0.351620947630923 772.17 0.33 
0 9 0.6090372974721847 0.526765097493693 -0.06 0.01 1.0 1.0 1.0 2.84 0.15 
1 94 0.09165764788996307 0.0699766348366203 -0.0 0.0 1.0 0.9818181818181818 0.990909090909091 0.1 0.01 
0 28 0.21168754464631545 0.105843772323158 0.04 0.07 0.8870967741935483 0.919354838709677 0.903225806451613 12.94 0.82 
1 3 0.6601647680850746 0.591011175434611 0.13 0.3 0.8594470046082949 0.919354838709677 0.889400921658986 970.62 1.21 
0 17 0.17267290336860602 0.086336451684303 -0.0 0.0 0.9559585492227975 0.981865284974093 0.968911917098446 1.82 0.04 
1 4 -0.0 0.0 0.0 0.0 1.0 1.0 1.0 0.0 0.0 
0 103 0.4459524223135379 0.222976211156769 -0.0 0.0 1.0 0.919354838709677 0.959677419354839 0.0 0.0 
1 127 -0.0 0.0 0.11 0.46 0.5384615384615384 0.6153846153846154 0.576923076923077 18.96 1.68 
0 56 0.21281101532774768 0.678595709681041 -0.01 0.09 0.9886363636363636 0.9971590909090908 0.992897727272727 215.35 0.43 
1 49 -0.0 0.0 0.0 0.0 1.0 1.0 1.0 0.0 0.0 
0 342 0.580651755229746 0.49041631231484 0.01 0.06 1.0 0.9005102040816326 0.950255102040816 399.3 0.14 
1 61 0.0707680768797802 0.351225226630238 -0.0 0.0 1.0 0.997695852534562 0.998847926267281 3.17 0.0 
0 172 0.36421465730196667 0.182107328650983 -0.01 0.01 0.9516129032258066 0.9677419354838708 0.959677419354839 0.4 0.14 
1 9 0.09503011725564632 0.0475150586278232 0.0 -0.0 1.0 1.0 1.0 0.0 0.0 
0 90 1.60806707347725 0.877375552674196 0.0 0.04 0.988610478359909 0.9931662870159452 0.990888382687927 33.19 0.07 
1 2 0.09699169411326156 0.0746337112309724 -0.0 0.0 1.0 1.0 1.0 0.05 0.01 
0 59 0.4459524223135379 0.222976211156769 -0.03 0.29 0.6935483870967744 0.919354838709677 0.806451612903226 33.68 1.86 
1 2 -0.0 0.0 0.39 0.62 0.6935483870967744 0.6935483870967744 0.693548387096774 62.0 2.6 
0 95 0.9556998911125344 0.955699891112534 -0.03 0.56 1.0 1.0 1.0 8.75 0.18 
1 24 0.030372534777978206 0.0658985378330168 -0.0 0.0 0.972457627118644 0.9978813559322034 0.985169491525424 0.13 0.01 
0 331 0.8476223817902205 0.503084387317635 0.0 0.1 0.9785276073619632 0.9969325153374232 0.987730061349693 155.88 0.66 
1 5 0.020830638321723566 0.0104153191608618 0.04 0.04 0.9850746268656718 0.9914712153518124 0.988272921108742 266.27 0.43 
0 25 0.1896831364389792 0.0948415682194896 0.0 -0.0 1.0 1.0 1.0 0.0 0.0 
1 2 0.0251440699125892 0.0125720349562946 0.53 0.63 0.6761658031088082 0.6761658031088082 0.676165803108808 386.0 2.33 
0 4 0.8817153491347891 0.85475119519242 0.22 0.64 0.9938271604938274 0.9938271604938274 0.993827160493827 1021.16 0.7 
1 34 0.6171448282578021 0.308572414128901 -0.01 0.0 1.0 0.9886363636363636 0.994318181818182 0.88 0.06 
0 23 0.09187703676356046 0.0569802084403019 0.06 0.07 0.981859410430839 0.984126984126984 0.982993197278912 385.01 0.68 
1 9 0.05602246986522343 0.0541490991069533 0.0 0.0 1.0 1.0 1.0 0.02 0.0 
0 196 0.01944773452386289 0.00972386726193144 -0.01 0.0 0.7624190064794816 0.9568034557235422 0.859611231101512 1.49 0.11 
1 3 -0.0 0.0 -0.0 -0.0 1.0 1.0 1.0 0.0 0.0 
0 78 0.022596852566469688 0.0112984262832349 -0.0 -0.0 1.0 0.9932885906040269 0.996644295302013 0.0 0.0 
1 3 -0.0 0.0 0.0 0.0 1.0 1.0 1.0 0.0 0.0 
0 9 0.6688445335327875 0.49130834968561 0.0 0.01 1.0 1.0 1.0 9.84 0.29 
1 316 -0.0 0.0 0.0 0.0 1.0 0.982142857142857 0.991071428571429 0.0 0.0 
0 215 0.21168754464631545 0.105843772323158 -0.0 0.01 0.8870967741935483 0.9677419354838708 0.92741935483871 0.4 0.14 
1 1 -0.0 0.0 0.39 0.62 0.6935483870967744 0.6935483870967744 0.693548387096774 62.0 2.6 
0 56 0.6829081047004717 0.659711136497642 -0.12 0.36 1.0 0.4285714285714285 0.714285714285714 3.94 0.31 
1 6 -0.0 0.0 -0.0 -0.0 1.0 1.0 1.0 0.0 0.0 
0 105 0.6171448282578021 0.308572414128901 -0.0 0.0 1.0 0.9971590909090908 0.998579545454545 0.22 0.02 
1 4 0.09503011725564632 0.189490815924107 0.0 0.0 1.0 1.0 1.0 0.06 0.04 
0 54 0.037851540109812405 0.0981989664774306 0.06 0.07 0.9785276073619632 0.9846625766871167 0.98159509202454 253.32 0.63 
1 122 0.04915006684960595 0.024575033424803 0.0 0.01 0.868995633187773 0.9956331877729256 0.932314410480349 13.32 0.14 
0 40 0.09650896073594732 0.0482544803679737 0.09 0.37 0.7580645161290323 0.8225806451612901 0.790322580645161 46.62 2.3 
1 14 -0.0 0.0 0.33 0.55 0.6774193548387096 0.6935483870967744 0.685483870967742 57.53 2.59 
0 619 -0.0 0.0 0.0 0.0 1.0 0.125 0.5625 0.0 0.0 
1 14 0.5235346720440665 0.340972621087929 0.32 0.39 0.8666666666666668 0.9 0.883333333333333 30.0 1.75 
0 384 -0.0 0.0 -0.0 0.0 0.9932885906040269 0.9966442953020132 0.99496644295302 0.01 0.0 
1 5 -0.0 0.0 0.07 0.08 0.9854771784232365 0.9854771784232365 0.985477178423237 482.0 0.65 
0 14 0.8519175190106516 1.01530615419015 0.21 0.6 0.9138461538461538 0.9138461538461538 0.913846153846154 834.47 0.66 
1 1 -0.0 0.0 0.37 0.44 0.16 0.16 0.16 25.0 0.2 
0 163 0.038691590688165765 0.0193457953440829 -0.0 0.0 1.0 0.9914712153518124 0.995735607675906 0.03 0.0 
1 20 0.8156295932307395 0.487087993037894 -0.0 0.08 0.7484662576687117 0.9785276073619632 0.863496932515337 53.37 0.31 
0 549 -0.0 0.0 0.0 0.0 1.0 1.0 1.0 0.0 0.0 
1 2 0.06894930739780505 0.15777508018186 0.26 0.3 0.9182389937106918 0.9266247379454928 0.922431865828092 1350.0 2.0 
0 397 0.016657657714843028 0.0593828155820462 0.01 0.01 1.0 0.8905263157894738 0.945263157894737 47.67 0.12 
1 28 0.6822056867479602 0.602052179998817 0.05 0.2 0.9222462203023758 0.9546436285097192 0.938444924406048 472.98 0.93 
0 5 0.06219281179296066 0.297349429429393 0.3 0.67 0.6703786191536748 0.6703786191536748 0.670378619153675 1045.66 1.85 
1 24 0.16245281571443987 0.14550577947865 -0.01 0.02 0.916083916083916 0.9976689976689976 0.956876456876457 46.4 0.05 
0 23 0.4459524223135379 0.405083539807752 0.1 0.49 0.919354838709677 0.9516129032258066 0.935483870967742 97.77 2.22 
1 4 0.7865364435085352 0.401480572353747 0.08 0.13 0.9728506787330315 0.9728506787330315 0.972850678733032 442.51 0.33 
0 206 0.15642858719077946 0.616157034401975 0.03 0.2 0.9113475177304966 0.929078014184397 0.920212765957447 190.85 0.74 
1 4 0.6895519477750732 0.344775973887537 0.0 -0.0 1.0 1.0 1.0 0.0 0.0 
0 3 0.6473026055487068 0.833067312925412 0.4 0.64 0.6825053995680346 0.7321814254859611 0.707343412526998 1107.77 0.87 
1 3 -0.0 0.0 0.0 0.0 1.0 1.0 1.0 0.0 0.0 
0 70 0.6615632381579821 0.661563238157982 0.16 0.66 1.0 1.0 1.0 8.0 0.7 
1 19 0.08958725315521794 0.0728697263419105 -0.0 0.0 1.0 0.9972972972972972 0.998648648648649 0.06 0.01 
0 261 0.6829081047004717 0.341454052350236 -0.1 0.33 1.0 0.28571428571428564 0.642857142857143 3.73 0.36 
1 4 0.5297061990576545 0.439269147450343 -0.1 0.03 1.0 1.0 1.0 0.32 0.45 
0 300 0.024901715029831017 0.0124508575149155 0.0 -0.0 1.0 0.5628997867803837 0.781449893390192 0.0 0.0 
1 8 -0.0 0.0 0.12 0.12 0.9568034557235422 0.9676025917926566 0.962203023758099 343.37 1.04 
0 180 0.07915888226942422 0.0395794411347121 -0.03 0.01 0.6400911161731208 0.9749430523917996 0.80751708428246 8.78 0.11 
1 43 -0.0 0.0 0.0 0.0 1.0 1.0 1.0 0.0 0.0 
0 116 -0.0 0.0 0.0 0.0 1.0 1.0 1.0 0.0 0.0 
1 25 0.8720635602136072 0.444515665699525 -0.01 0.0 0.2385542168674699 0.9975903614457832 0.618072289156626 0.63 0.0 
0 65 0.3269547847215813 0.316160575579856 -0.05 0.01 0.8989637305699482 0.9870466321243522 0.94300518134715 6.58 0.13 
1 47 -0.0 0.0 -0.0 0.0 1.0 0.6153846153846154 0.807692307692308 0.0 0.0 
0 1 0.1520053108362029 0.0760026554181015 0.24 0.28 0.919354838709677 0.919354838709677 0.919354838709677 62.0 1.79 
1 5 0.052275728348683194 0.0522757283486832 -0.0 0.0 1.0 1.0 1.0 0.02 0.0 
0 16 0.24610920772326714 0.123054603861634 -0.02 0.0 1.0 0.959731543624161 0.97986577181208 0.9 0.08 
1 3 -0.0 0.0 -0.0 -0.0 1.0 1.0 1.0 0.0 0.0 
0 226 0.7569669131450216 0.595364774571486 0.06 0.3 1.0 0.9488636363636364 0.974431818181818 913.68 1.38 
1 8 0.016424701198958662 0.00821235059947933 0.12 0.12 0.9728506787330315 0.9728506787330315 0.972850678733032 442.0 1.0 
0 181 0.038691590688165765 0.0302069226835085 -0.0 0.0 1.0 0.9402985074626864 0.970149253731343 0.2 0.02 
1 3 0.0740225961475812 0.128824279468757 0.41 0.69 0.5590551181102362 0.5748031496062993 0.566929133858268 381.05 2.38 
0 1466 -0.0 0.0 -0.01 0.39 0.5555555555555555 0.6666666666666665 0.611111111111111 5.62 1.73 
1 10 -0.0 0.0 0.33 0.55 0.6774193548387096 0.6935483870967744 0.685483870967742 57.53 2.49 
0 161 -0.0 0.0 -0.0 0.0 1.0 0.6774193548387096 0.838709677419355 0.0 0.0 
1 8 0.022727473318271005 0.022727473318271 -0.0 0.0 1.0 1.0 1.0 0.0 0.0 
0 75 -0.0 0.0 -0.01 0.0 0.984126984126984 0.9863945578231293 0.985260770975057 0.1 0.01 
1 4 0.01475818629482802 0.00737909314741401 0.01 0.01 1.0 0.9979466119096508 0.998973305954825 487.0 0.19 
0 151 0.038691590688165765 0.0269679018599106 -0.0 0.0 1.0 1.0 1.0 0.01 0.0 
1 16 -0.0 0.0 0.33 0.55 0.6774193548387096 0.6935483870967744 0.685483870967742 57.53 2.39 
0 5 0.7351973329063588 0.659956741025352 0.63 0.83 0.5428571428571428 0.5571428571428572 0.55 104.25 1.16 
1 614 0.042617471413436414 0.0310799043211172 0.0 0.01 0.837708830548926 0.9928400954653938 0.91527446300716 10.42 0.09 
0 915 -0.0 0.0 0.0 0.0 1.0 1.0 1.0 0.0 0.0 
1 75 0.09699169411326156 0.0765719468209323 -0.0 0.0 1.0 0.9972972972972972 0.998648648648649 0.07 0.01 
0 326 0.666278442414676 0.333139221207338 -0.1 0.19 1.0 0.3076923076923077 0.653846153846154 7.22 0.36 
1 42 0.017626642729371575 0.00881332136468579 0.18 0.25 0.9252336448598132 0.9275700934579442 0.926401869158878 413.58 1.81 
0 42 0.6171448282578021 0.983572169993012 0.07 0.38 1.0 0.8352272727272727 0.917613636363636 332.38 0.79 
1 35 1.6284102630552857 1.62546092371276 -0.02 0.51 0.7700348432055749 0.9895470383275262 0.879790940766551 325.24 0.19 
0 30 0.937464383416628 0.476540739423092 0.02 0.15 0.96 0.96 0.96 425.57 0.33 
1 4 0.7865364435085352 0.393268221754268 0.09 0.12 0.9728506787330315 0.9728506787330315 0.972850678733032 442.0 0.36 
0 231 0.3525425103487513 0.176271255174376 -0.08 0.14 1.0 0.6774193548387096 0.838709677419355 16.57 1.27 
1 31 -0.0 0.0 0.0 0.0 1.0 1.0 1.0 0.0 0.0 
0 202 1.266536818067726 0.633268409033863 0.0 -0.0 1.0 0.9953051643192488 0.997652582159624 0.0 0.0 
1 7 0.01652368182171168 0.00826184091085584 0.08 0.08 0.9838709677419354 0.9838709677419354 0.983870967741935 434.0 0.72 
0 37 0.4337626359979511 0.237422378796559 0.11 0.18 0.940340909090909 0.9488636363636364 0.944602272727273 299.34 0.98 
1 270 0.08807751896196665 0.451853556096353 -0.01 0.04 0.7484662576687117 0.9846625766871167 0.866564417177914 30.7 0.2 
0 78 0.5232259185839064 0.261612959291953 0.03 0.04 0.989795918367347 0.99234693877551 0.991071428571429 293.24 0.24 
1 4 0.0947607483566568 0.0769695270739669 0.09 0.1 0.9806866952789698 0.982832618025751 0.981759656652361 445.71 0.81 
0 263 0.7453785846192588 0.392035087653712 -0.01 0.0 1.0 0.7270788912579956 0.863539445628998 2.78 0.03 
1 6 0.08958725315521794 0.073993126337245 0.0 0.0 1.0 1.0 1.0 0.04 0.01 
0 140 0.6791932659915256 0.339596632995763 0.16 0.67 0.6153846153846154 0.9230769230769232 0.769230769230769 26.0 0.54 
1 240 0.8547011249697178 0.427350562484859 -0.02 0.0 0.9795918367346939 0.982142857142857 0.980867346938775 1.6 0.02 
0 335 -0.0 0.0 -0.0 0.0 0.9966442953020132 0.9966442953020132 0.996644295302013 0.0 0.0 
1 1 0.07093518297335139 0.0616054556610173 0.0 0.0 1.0 1.0 1.0 0.03 0.0 
0 282 0.01607235879964646 0.00803617939982323 -0.0 0.0 1.0 0.984126984126984 0.992063492063492 0.02 0.0 
1 68 0.3269547847215813 0.163477392360791 -0.01 0.01 0.9481865284974093 0.9870466321243522 0.967616580310881 3.79 0.05 
0 0 -0.0 0.0 -0.0 0.0 1.0 1.0 1.0 0.0 0.0 
1 2 0.6846162778013049 0.342308138900652 0.15 0.36 0.8846153846153846 0.8846153846153846 0.884615384615385 26.0 0.82 
0 12 0.6615632381579821 0.330781619078991 0.0 0.0 1.0 1.0 1.0 0.0 0.0 
1 2 -0.0 0.0 0.47 0.64 0.33333333333333326 0.33333333333333326 0.333333333333333 30.0 0.94 
0 21 -0.0 0.0 0.0 0.0 1.0 1.0 1.0 0.0 0.0 
1 5 -0.0 0.0 0.3 0.5 0.8008658008658008 0.8008658008658008 0.800865800865801 462.0 2.56 
0 227 0.2365703607236565 0.118285180361828 -0.0 -0.0 1.0 0.9976525821596244 0.998826291079812 0.0 0.0 
1 23 0.056152199528602974 0.0560873346969132 -0.0 0.0 1.0 0.9972972972972972 0.998648648648649 0.03 0.0 
0 178 -0.0 0.0 -0.0 -0.0 1.0 1.0 1.0 0.0 0.0 
1 148 0.8156295932307395 0.74694740234885 0.07 0.48 0.7484662576687117 0.8558282208588956 0.802147239263804 285.8 0.83 
0 176 0.7843037925952074 0.392151896297604 0.0 -0.0 1.0 0.4700460829493088 0.735023041474654 0.0 0.0 
1 22 -0.0 0.0 0.31 0.55 0.7580645161290323 0.7580645161290323 0.758064516129032 62.0 2.49 
0 100 0.4459524223135379 0.222976211156769 -0.0 0.0 1.0 0.919354838709677 0.959677419354839 0.0 0.0 
1 3 -0.0 0.0 0.0 0.0 1.0 1.0 1.0 0.0 0.0 
0 84 0.1520053108362029 0.0760026554181015 0.0 0.0 1.0 0.919354838709677 0.959677419354839 0.0 0.0 
1 2 0.666278442414676 0.666278442414676 0.25 0.67 1.0 1.0 1.0 26.0 0.9 
0 344 -0.0 0.0 0.0 0.0 1.0 0.9907192575406036 0.995359628770302 0.0 0.0 
1 345 -0.0 0.0 -0.06 0.16 0.6774193548387096 0.7580645161290323 0.717741935483871 20.64 1.46 
0 3 0.4905286033068502 0.320704875627542 0.42 0.54 0.5704845814977972 0.5814977973568282 0.575991189427313 393.81 1.5 
1 18 0.5235346720440665 0.340972621087929 0.32 0.39 0.8666666666666668 0.9 0.883333333333333 30.0 1.75 
0 11 0.09650896073594732 0.0482544803679737 0.0 -0.0 1.0 0.9807692307692306 0.990384615384615 0.0 0.0 
1 218 0.20297324940653716 0.101486624703269 0.0 -0.0 1.0 1.0 1.0 0.0 0.0 
0 37 0.13339348333086204 0.066696741665431 0.0 0.01 0.984126984126984 0.9954648526077096 0.989795918367347 30.3 0.08 
1 3 0.43686973210547814 0.270464027731018 0.04 0.05 1.0 0.940936863543788 0.970468431771894 144.91 0.55 
0 168 0.09962338946616205 0.049811694733081 -0.0 0.0 1.0 0.7903225806451613 0.895161290322581 0.0 0.0 
1 1 0.4811067080592432 0.300596867788392 0.04 0.05 0.9954853273137698 0.9954853273137698 0.99548532731377 895.47 0.16 
0 292 0.666278442414676 0.333139221207338 -0.1 0.19 1.0 0.3076923076923077 0.653846153846154 7.22 0.47 
1 3 -0.0 0.0 0.0 0.0 1.0 1.0 1.0 0.0 0.0 
0 263 -0.0 0.0 -0.0 0.0 0.9953161592505854 0.9976580796252928 0.996487119437939 0.0 0.0 
1 226 0.6171448282578021 0.580437337832493 0.03 0.32 1.0 0.8835227272727273 0.941761363636364 378.52 1.7 
0 1459 0.45110710723001 0.225553553615005 0.0 -0.0 1.0 1.0 1.0 0.0 0.0 
1 7 0.09908391604753189 0.0495419580237659 0.04 0.04 0.9850746268656718 0.9914712153518124 0.988272921108742 266.27 0.37 
0 93 0.8645984701429459 0.432299235071473 0.03 0.04 1.0 0.9936034115138594 0.99680170575693 469.0 0.1 
1 11 0.02133050528737909 0.0106652526436895 0.1 0.1 0.980392156862745 0.980392156862745 0.980392156862745 459.0 0.82 
0 341 0.5437298474071837 0.271864923703592 -0.0 0.0 0.8835227272727273 0.9971590909090908 0.940340909090909 0.36 0.03 
1 265 0.3742549310896416 0.187127465544821 -0.03 0.02 0.7660668380462725 0.9974293059125964 0.881748071979434 15.62 0.69 
0 294 0.16066044793984147 0.0803302239699207 -0.0 0.0 1.0 0.8040089086859687 0.902004454342984 0.0 0.0 
1 154 0.7244657079537894 0.362232853976895 0.0 -0.0 1.0 0.3264462809917356 0.663223140495868 0.0 0.0 
0 58 0.4459524223135379 0.222976211156769 -0.03 0.29 0.6935483870967744 0.919354838709677 0.806451612903226 33.68 1.86 
1 6 -0.0 0.0 -0.0 -0.0 1.0 0.9936034115138594 0.99680170575693 0.0 0.0 
0 298 -0.0 0.0 0.0 -0.0 1.0 0.5628997867803837 0.781449893390192 0.0 0.0 
1 5 -0.0 0.0 0.06 0.41 0.8571428571428571 0.8571428571428571 0.857142857142857 7.0 2.49 
0 69 -0.0 0.0 -0.04 0.0 0.8893905191873588 0.9729119638826184 0.931151241534989 1.53 0.09 
1 29 0.02253214392080778 0.0197499575531257 -0.0 0.01 0.7156626506024096 0.9975903614457832 0.856626506024096 5.06 0.1 
0 4 -0.0 0.0 -0.0 -0.0 1.0 1.0 1.0 0.0 0.0 
1 86 0.022727473318271005 0.0113637366591355 -0.0 -0.0 1.0 1.0 1.0 0.0 0.0 
0 37 0.21168754464631545 0.105843772323158 0.13 0.23 0.6935483870967744 0.8870967741935483 0.790322580645161 26.98 1.78 
1 3 0.10434878616952079 0.0521743930847604 0.01 0.01 0.9979591836734693 0.9979591836734693 0.997959183673469 490.0 0.11 
0 350 -0.0 0.0 0.0 0.0 1.0 0.9583333333333331 0.979166666666667 0.0 0.0 
1 12 -0.0 0.0 0.3 0.36 0.8846153846153846 0.8846153846153846 0.884615384615385 26.0 2.14 
0 34 1.0842451637907151 0.542122581895358 -0.01 0.1 0.9242105263157896 0.96 0.942105263157895 214.72 0.29 
1 1 -0.0 0.0 0.19 0.69 0.5555555555555555 0.5555555555555555 0.555555555555556 9.0 1.98 
0 90 1.0608560363487478 0.530428018174374 -0.01 0.01 0.9863325740318906 0.988610478359909 0.9874715261959 3.49 0.11 
1 182 -0.0 0.0 -0.0 0.0 1.0 0.7580645161290323 0.879032258064516 0.0 0.0 
0 109 0.08919443275684764 0.0592070428910959 -0.01 0.0 0.6423690205011389 0.9954441913439636 0.818906605922551 3.8 0.08 
1 5 0.04131357294242817 0.0206567864712141 0.29 0.33 0.886153846153846 0.8892307692307693 0.887692307692308 315.12 2.04 
0 105 -0.0 0.0 -0.0 -0.0 1.0 0.9812206572769951 0.990610328638498 0.0 0.0 
1 232 0.08627855491407438 0.0975485355458968 0.0 0.02 0.7084337349397591 0.9927710843373492 0.850602409638554 81.26 0.09 
0 12 0.2365703607236565 0.619407679961768 0.05 0.1 0.9976525821596244 0.9976525821596244 0.997652582159624 534.46 0.46 
1 723 0.1725612331626618 0.0862806165813309 -0.07 0.05 0.4568421052631578 0.9578947368421052 0.707368421052632 33.9 0.06 
0 68 0.4505612088663046 0.225280604433152 0.03 0.41 0.8571428571428571 0.8571428571428571 0.857142857142857 7.0 1.66 
1 179 1.7983316181241153 0.899165809062058 0.0 -0.0 1.0 0.9628099173553722 0.981404958677686 0.0 0.0 
0 299 0.2313519442560678 0.115675972128034 0.0 0.0 1.0 0.9917864476386036 0.995893223819302 2.48 0.07 
1 362 -0.0 0.0 -0.06 0.16 0.6774193548387096 0.7580645161290323 0.717741935483871 20.64 1.46 
0 36 -0.0 0.0 0.0 0.0 1.0 0.75 0.875 0.0 0.0 
1 1 0.05839899951927197 0.0572107346922477 0.0 0.0 1.0 1.0 1.0 0.02 0.0 
0 95 0.6791932659915256 0.672735854203101 0.16 0.67 1.0 0.9230769230769232 0.961538461538462 26.0 0.52 
1 65 -0.0 0.0 -0.0 -0.0 1.0 0.9958677685950412 0.997933884297521 0.0 0.0 
0 165 0.01789792517672371 0.0178979251767237 -0.0 0.0 1.0 1.0 1.0 0.0 0.0 
1 1 0.9277980308365658 1.27664305854078 0.26 0.8 0.7871396895787139 0.7871396895787139 0.787139689578714 1253.58 1.13 
0 106 0.6730116670092564 0.336505833504628 0.16 0.5 0.3076923076923077 0.5769230769230769 0.442307692307692 21.83 0.59 
1 33 0.030372534777978206 0.0228364363705995 -0.0 0.0 0.9894067796610168 0.9978813559322034 0.99364406779661 0.04 0.0 
0 160 0.8547011249697178 0.4367129478572 0.02 0.06 0.9413265306122448 0.9795918367346939 0.960459183673469 223.89 0.08 
1 14 0.08958725315521794 0.0709314907519506 0.0 0.0 1.0 1.0 1.0 0.04 0.01 
0 161 0.3767701612564368 0.362801128549734 0.17 0.35 1.0 0.8888888888888888 0.944444444444444 9.0 1.66 
